2893.49721 4
110.07107 4104.69
120.08057 7919.01
129.10216 1289.88
138.06581 847.677
147.11284 1858.23
159.09126 1042.03
171.14926 807.214
175.11887 2842.7
185.12772 808.818
185.16449 2214.23
199.14391 1035.2
201.12393 551.574
213.15956 2114.99
218.14964 3010.03
223.15517 6153.94
224.15887 955.324
229.11829 872.364
233.16458 2766.24
247.07390 752.475
249.12360 1293.04
251.15010 11673.1
252.15305 2170.05
255.14874 1022.05
261.15936 2754.28
272.17578 4271.34
277.11771 2643.46
288.20276 1643.88
300.17200 3633.85
348.16528 704.802
360.15659 1300.9
365.21786 3464.55
366.17734 2298.12
366.21985 964.693
389.25012 6098.28
390.20163 1045.68
390.25238 1235.51
399.22241 937.646
410.22028 1727.48
410.72119 795.398
413.25363 1226.62
419.22791 1949.94
419.72791 576.865
431.19382 1038.51
460.28732 8433.98
461.29126 1622.78
467.26572 680.681
475.76715 1180.11
476.27090 661.027
478.30170 1637.8
479.30597 925.694
484.25958 1006.3
484.76932 1884.84
513.24628 1276.84
515.23767 590.525
521.24615 1383.24
521.57715 1115.03
529.92041 644.735
530.26660 1373.62
540.80768 1186.73
541.30890 2109.73
543.32251 903.694
544.92285 2488.92
545.25574 2572.94
545.58905 873.734
549.60577 1544.67
549.94092 1481.17
550.27515 710.776
557.28552 938.665
558.27020 1520.1
558.93719 4283.38
559.27283 4314.4
559.60718 1770.62
561.33502 17959.2
562.33759 4668.23
563.34271 852.406
567.61206 630.568
567.94910 592.167
573.28558 4624.86
573.61896 5148.72
573.95313 3141.9
574.28650 618.601
576.61432 2075.35
576.94690 1920.09
577.28564 696.709
577.94543 1109.2
582.61707 14039.2
582.95129 15535.6
583.28412 6744
583.61835 1963.71
583.95642 645.887
591.38916 774.756
591.96149 1319.12
592.29346 1268.86
606.30896 1735.38
606.64203 2671.5
606.97687 831.773
608.79565 914.092
609.63910 840.866
615.64032 8375.94
615.97333 9670.47
616.30786 3552.13
616.64227 1494.83
627.33771 699.146
628.34003 1582.87
629.34528 987.081
644.31897 1127.6
648.66290 1210.4
648.99371 2079.95
649.32886 1478.95
649.67334 672.181
649.82245 633.922
658.32568 2816.9
658.82745 1178.7
667.28674 663.614
672.36884 2834.99
673.37097 878.722
690.37775 26142.3
691.38031 8115.71
692.38232 1596.62
693.85016 1526.03
694.34454 939.455
704.47156 1281.78
705.46368 849.196
707.86011 1224.69
708.35895 723.042
713.90479 1273.34
714.41199 3075.97
714.91327 1618.5
716.36304 989.149
717.38739 802.276
722.91272 28950.8
723.41455 64097.3
723.91693 32979
724.30890 1353.85
724.42383 11679.5
724.93085 2455.33
725.37543 1225.29
741.35614 1945.26
742.35754 1137.65
743.37042 735.868
757.37823 716.328
758.36627 677.16
759.36224 1355.84
759.86591 798.132
772.35242 984.232
772.85913 959.647
773.37732 1558.55
773.88007 932.91
777.46417 758.996
781.36035 4303.1
781.86194 4128.66
782.36255 2159.6
794.38123 694.213
799.90784 658.245
807.89777 1617.18
808.39264 1706.59
808.89685 1552.2
809.39789 760.487
816.88000 3906.18
817.38214 2646.97
817.88025 1710.58
819.42535 3060.57
820.41376 1536.59
823.38446 2447.32
823.90009 928.619
824.39288 1134.86
828.89819 1023.95
829.39368 1054.58
830.47498 671.456
830.89539 1593.82
831.38312 1578.95
831.89539 901.753
837.44611 47980.3
837.89679 5944.12
838.45001 20755.6
838.90808 2229.22
839.45435 5244.09
840.45795 959.723
851.41394 862.877
854.43988 1738.89
855.43713 1248.21
857.43347 969.912
857.93732 1011.89
858.46918 640.719
859.41400 1703.1
859.92285 1577.14
860.42175 956.946
864.41656 2991.69
864.91998 4130.06
865.41888 2510.99
865.92584 656.643
866.40808 1999.41
866.91693 2302.29
867.41815 905.141
872.41760 2102.62
873.42065 43990.8
873.92200 37253.5
874.42273 22375.4
874.92438 6641.26
875.42438 1763.26
887.44019 2395.72
887.93469 1940.72
888.43719 854.261
890.55280 1630.24
891.54877 811.181
894.41876 2957.78
900.43872 1287.06
900.94781 1236.96
901.43896 951.143
908.95685 2745.75
909.45721 3044.46
909.96527 1739.36
913.94830 2699.65
914.45074 2888.73
914.94604 1339.39
915.45251 1006.6
915.95361 1077.8
916.45831 985.636
922.95490 40587.2
923.45618 42598.4
923.95715 21601.4
924.45844 7774.96
924.95581 1189.89
929.96716 1042.49
930.45782 812.647
932.50928 1142.47
933.50116 776.729
933.59674 712.719
950.52966 23946.6
951.53156 12617.6
952.53998 3409.45
953.52966 818.812
958.48785 1074.9
958.99506 1212.93
963.48071 994.206
963.98395 1045.14
964.50391 939.6
964.99298 704.681
965.45258 3424.47
967.51831 2496.06
968.52777 2685.67
969.53156 1081.24
972.48956 21416.5
972.99091 21859.8
973.49188 13000.2
973.99146 5502.81
974.49939 942.151
979.50732 1152.96
980.00177 1248.39
980.50629 1125.22
987.43359 2886.93
988.44409 935.301
1029.03418 6233.64
1029.53088 6715.06
1030.03284 4845.97
1030.53613 1655.18
1031.58984 668.86
1036.49219 4681.12
1037.48779 1048.06
1049.59607 10424.1
1050.60059 6391.81
1051.60144 1871.08
1079.65015 1640.84
1080.62549 4067.67
1081.61157 3179.68
1082.64539 790.584
1103.06714 942.847
1115.51221 824.09
1148.65942 2038.75
1149.56506 6512.43
1150.55969 1290.85
1194.67761 9299.92
1195.67761 12093
1196.67969 5617.49
1197.69836 1383.54
1216.57971 926.874
1227.69861 917.769
1228.67603 1451.32
1229.67896 836.894
1262.65857 780.638
1299.72095 1127
1307.76135 2696
1308.76624 4195.05
1309.76770 2205.79
1315.66113 1438.07
1316.64941 1063.22
1446.68701 773.954
