1945.78398 2
129.10179 6886.47
130.08591 1073.65
130.10429 289.265
136.06140 402.597
147.11246 1917.26
169.09618 283.717
170.09154 398.564
186.12303 1173.46
187.10730 4111.04
199.06976 411.919
209.09132 333.48
215.10181 1126.23
215.13831 5896.8
216.14323 384.336
217.08130 384.034
226.11819 1379.39
227.06612 966.16
240.13351 1383.75
241.08029 341.41
242.07602 1292.91
243.13318 6393.82
244.12657 1043.81
245.07602 3355.86
257.19672 707.368
258.14420 448.243
258.18268 263.754
259.08954 333.289
272.12366 400.779
273.15372 419.043
275.20667 3724.25
276.20883 403.606
286.17386 408.889
298.13837 660.526
301.14993 546.388
312.04825 351.407
314.09671 595.228
316.15121 334.121
318.14804 305.126
326.13318 524.875
330.06009 304.732
333.17712 443.787
340.14868 330.341
341.14465 744.101
343.12302 451.999
344.14505 508.768
353.10675 344.535
356.10983 265.621
358.15948 12751.4
359.16263 1686.36
369.17386 507.167
370.17148 653.794
371.11874 1519.39
372.22311 1116.27
383.15176 340.552
387.18582 473.039
388.18158 1636.44
390.23303 1802.72
391.23627 249.234
429.12256 315.483
429.23761 1516.84
430.24121 263.001
456.17181 402.53
457.22556 277.17
461.26950 360.478
468.13229 325.425
470.18680 488.355
482.14835 419.671
485.19489 461.224
500.16150 1120.51
503.20813 1297.88
516.27686 1272.66
518.32782 890.438
524.20007 276.786
534.28168 280.291
557.33887 441.226
558.16656 398.507
566.75739 355.853
567.20087 565.89
575.34949 1988.74
576.35040 382.587
585.21448 380.741
597.17706 653.346
600.22705 308.452
615.18719 1134.94
616.18701 291.594
618.23438 890.93
631.30481 598.617
644.37341 742.311
649.31189 319.982
658.78424 289.109
659.27826 307.384
662.38043 4584.88
663.38464 1260.92
667.78754 687.279
673.19263 404.004
678.29010 324.176
687.29333 761.934
687.78741 603.811
696.30463 1549.78
696.79694 1167.48
712.19727 453.025
714.25562 563.538
728.31934 365.937
729.26117 430.775
730.20947 849.972
745.83105 842.537
746.32983 901.425
747.26276 468.907
759.39557 755.675
777.40778 2902.47
778.41260 795.794
799.24194 451.652
817.24872 384.551
829.28656 300.245
858.29340 349.777
858.86053 380.625
874.41919 752.841
875.35864 371.92
876.30737 625.458
892.43457 2094.04
893.44812 566.09
973.32043 323.914
985.46533 263.811
986.40820 288.801
991.34912 306.908
1002.36316 471.733
1003.47723 902.772
1004.41766 467.556
1021.47809 1851.26
1022.48529 663.203
1060.36536 438.001
1099.37683 752.754
1100.37695 345.727
1101.43750 266.33
1114.50696 427.213
1117.38770 2215.89
1118.38586 1142.54
1132.50989 1366.45
1133.50732 686.341
1150.52063 1781.01
1151.51440 769.373
1188.44312 334.111
1198.44348 289.034
1216.45483 534.093
1245.48022 1510.39
1246.47900 713.132
1247.54712 414.28
1263.48621 676.851
1264.48499 402.691
1265.53845 783.947
1316.55371 375.287
1317.54663 967.262
1318.54626 414.307
1331.47717 342.24
1334.56030 799.703
1344.54541 376.844
1345.53760 267.347
1355.56128 408.002
1356.57642 376.346
1373.57373 1889.82
1374.58105 1258.18
1391.58875 5999.04
1392.59021 3266.8
1393.57727 610.029
1460.57861 336.739
1490.64868 630.165
1491.65784 390.759
1605.69470 751
1606.69019 638.076
