2056.95220 2
110.07107 351.94
112.08675 234.709
115.08636 239.249
116.07094 206.162
126.05481 569.376
129.10205 3017.39
130.08614 857.474
136.06158 1576.06
136.07593 195.163
139.08620 258.529
147.11259 2026.79
167.08148 741.835
167.11731 558.218
169.09691 211.695
169.13330 3455.08
170.13737 208.806
175.11885 481.275
184.10672 254.502
185.09135 218.821
195.07602 505.251
195.11267 1036.59
197.12811 4969.74
198.13286 370.846
210.02493 527.58
212.10263 1384.24
213.08673 200.425
213.12253 444.266
217.08180 458.205
226.11739 224.485
227.11472 496.013
228.17027 795.315
232.08347 203.502
240.13203 304.898
241.08099 304.418
245.07642 332.945
246.18068 4603.2
247.18436 604.035
249.12260 225.491
250.09322 1317.2
252.16948 355.218
259.09192 250.163
264.06427 195.407
264.13400 1359.22
264.16931 280.239
265.13705 237.568
272.17108 421.295
281.16037 964.761
287.96838 751.88
291.14435 221.138
292.09103 408.544
294.14398 277.357
296.19626 1825.88
297.19955 261.59
304.97098 699.985
305.97830 766.692
309.15521 3868.73
310.15573 456.457
311.17062 371.992
312.04858 6462.64
313.02957 946.516
314.03751 1025.17
315.04599 966.688
318.14801 272.666
330.05911 8421.43
331.06210 337.423
335.10809 251.051
339.07745 354.138
344.99930 223.15
345.24820 484.979
346.00940 5983.15
347.01138 236.067
356.10992 238.624
359.20352 313.089
361.02496 241.619
361.18631 644.13
363.20227 304.956
378.21274 1323.12
379.21542 229.782
380.22690 362.618
388.02029 947.222
389.03027 431.806
389.17953 321.674
390.21063 396.17
391.19565 302.991
391.98444 427.061
394.00342 3948.15
395.01108 4989.35
395.98215 316.338
406.20755 4123.83
407.21005 671.887
408.22324 693.472
409.99490 753.092
412.01431 4652.04
413.02319 318.415
425.97589 8238.08
426.98236 1852.57
428.03357 248.015
434.71082 1509.19
435.21445 542.492
442.30148 6388.32
443.30457 1648.44
443.98605 3475.92
448.70807 1058.86
449.20987 457.738
455.96768 356.794
458.23883 462.699
460.21408 868.5
463.94467 1004.83
464.70203 719.727
465.20551 288.146
470.14377 947.915
473.97736 1114.7
475.26730 771.925
477.27988 1491.47
478.28479 322.899
479.02911 3023.98
480.94684 410.849
481.95547 977.171
485.01279 3980.04
486.01776 202.707
486.23328 313.914
488.20782 1817.44
489.20776 331.371
490.02707 223.645
491.98337 329.357
492.22382 215.06
497.23532 674.734
497.73700 257.991
499.21344 352.891
499.71588 263.033
499.96368 696.234
503.26013 2261.35
504.26288 618.727
505.27676 1839.43
505.94446 222.621
506.27499 554.552
507.29059 346.082
508.21805 1266.99
508.72055 656.581
533.74200 1427.3
534.24292 755.013
534.73914 368.744
541.02130 213.943
542.74744 10450.6
543.24927 5526.86
543.75049 1794.12
543.91217 529.067
544.25061 362.763
547.73944 1062.86
548.24164 646.251
548.73602 276.64
556.34961 424.329
556.74530 8095.34
557.24615 4490.23
557.74609 1315.26
558.25171 324.568
560.91205 470.77
561.25903 291.6
561.92151 419.19
571.95642 546.376
572.99799 381.66
574.33325 376.417
576.35010 640.016
585.30579 273.852
589.25610 914.81
590.24738 221.517
591.27435 1569.47
591.77539 667.19
596.26624 1041.57
596.77020 427.515
602.33032 592.316
603.33185 247.281
604.34406 1409.12
605.27277 4882.83
605.77283 2978.8
606.27826 1687.93
606.77856 218.846
607.27692 469.408
617.25012 1502.29
618.25085 266.457
622.35297 569.52
632.29797 440.314
639.79974 445.689
640.00391 220.747
640.30133 313.348
644.08789 230.763
644.79095 250.933
645.28864 235.479
651.30762 379.951
651.81207 256.541
653.39716 1733.96
653.79688 1821.42
654.30127 1081.96
654.39386 600.075
654.80396 472.842
663.98157 319.983
671.38470 361.986
673.39734 275.927
685.36780 212.618
686.26624 460.539
687.25739 368.383
699.38208 350.165
701.39832 534.078
702.32556 523.199
704.28217 4742.68
705.04688 840.384
705.28534 1521.11
706.05438 378.566
706.28601 284.124
712.32202 217.167
724.06213 322.588
730.33527 834.775
731.32666 211.956
732.43811 449.239
733.42676 752.935
734.42889 208.535
736.83252 814.323
737.01849 481.476
737.33484 638.956
737.83960 223.8
745.34595 526.823
745.85321 517.373
746.35345 215.384
750.44849 6466.76
750.82153 323.71
751.45160 2590.91
752.45850 621.711
759.34607 1492.36
759.84497 1093.27
760.34900 501.104
781.34088 276.595
798.44891 390.381
799.35706 4465.89
800.35803 1783.1
801.36493 452.807
805.32813 1084.21
806.33270 541.584
807.86505 295.293
808.37445 328.507
815.31464 583.692
816.31476 318.586
816.45142 248.861
817.38354 242.034
830.47180 239.153
833.32581 5245.56
834.32617 1849.21
835.30530 294.26
847.50238 3153.48
848.50543 1403.68
849.49530 304.738
871.95856 563.137
872.45697 681.392
872.95618 224.343
885.31305 244.654
896.40680 1283.28
897.41626 631.44
902.33936 420.675
918.41632 883.793
919.41003 466.802
928.40637 378.815
944.55353 3765.56
945.55634 1888.96
946.41364 2068.17
947.41180 841.385
948.42438 285.747
971.40332 581.894
972.40656 291.032
979.99396 768.716
980.50104 802.223
980.98853 357.268
981.50604 262.927
987.44934 242.087
988.99609 224.734
989.46997 234.261
993.45612 621.178
994.47375 271.825
997.41852 1655.25
998.42120 960.64
999.41486 691.834
1000.42426 258.48
1013.57996 208.392
1015.43103 13285.5
1016.43121 6311.82
1017.43445 1882.61
1018.43268 293.639
1033.43774 952.637
1034.43579 541.484
1068.48462 815.764
1069.49231 438.409
1070.48059 253.245
1084.49097 432.619
1094.46704 352.144
1095.46509 395.307
1112.48132 4444.37
1113.48474 2218.05
1114.48486 822.249
1130.49170 209.717
1165.51721 212.529
1181.54443 483.317
1182.53333 331.78
1191.52979 244.553
1209.53552 2408.79
1210.54419 1573.46
1211.53711 638.956
1227.54175 355.936
1228.53186 255.137
1273.62109 277.986
1274.61926 239.434
1278.58191 343.403
1301.60889 1341.68
1302.60779 837.867
1303.60730 303.107
1306.58606 406.492
1307.58215 380.305
1319.62744 232.247
1320.62671 215.105
1324.60645 224.739
1420.65918 224.326
1421.66406 229.994
1422.66528 229.832
1472.65845 266.678
1473.66028 491.971
1474.68042 272.323
1489.68848 1097.56
1490.68884 751.332
1491.69385 485.222
1499.66919 238.995
1500.68420 337.581
1501.65308 277.077
1517.68347 3128.39
1518.69043 2808.64
1519.68689 1015.78
1520.67896 431.917
1535.69470 518.299
1536.71826 363.914
1537.70679 225.279
1685.81470 595.568
1686.80823 493.958
1687.81445 262.1
1713.79297 248.951
