2466.11222 3
110.07105 2687.48
116.01609 419.811
120.08060 4467.83
121.08447 541.912
129.06567 1934.08
129.10207 3095.19
130.04993 716.703
130.08615 1651.46
133.04279 4984.44
136.07544 2077.61
143.11743 465.594
147.07629 846.947
147.11266 4249.57
159.07611 3115.43
159.09128 795.845
166.06110 1351.35
170.04434 803.56
171.11244 1218.32
175.11877 2232.09
181.06090 917.234
185.16484 1327.83
187.07114 7989.42
187.14345 1549.48
188.07518 552.761
197.12788 1111.45
199.07114 2386.99
201.12288 1263.98
205.09929 672.571
210.02567 402.408
213.08640 1316.69
213.15962 728.456
215.13876 2770.51
216.09781 464.81
225.12328 589.053
228.11026 519.384
229.11900 465.995
231.09805 1061.41
233.09494 987.886
235.10646 386.72
240.13431 713.606
241.08179 1370.54
243.13347 1970.57
244.07809 976.881
251.15016 677.428
252.10962 1642.34
258.14471 1871.78
259.09189 1906.52
262.08502 3117.13
270.10776 811.817
272.06961 3044.75
272.15762 487.244
273.05539 715.656
273.13470 1543.97
276.15375 1245.84
284.10281 1998.34
288.11743 1113.74
288.20294 394.462
290.07999 7615.52
291.08286 843.149
298.10217 1480.25
300.15405 1744.62
301.12936 6320.06
302.13239 604.328
310.10287 1224.43
315.12915 408.976
315.16516 560.482
316.11227 3146.82
317.11453 581.223
326.16953 718.425
328.11395 863.018
333.17624 8375.16
334.15225 760.864
334.17737 1088.13
344.12527 689.952
344.17807 782.463
350.21808 4860.19
351.22064 886.176
354.16464 447.257
356.69205 957.992
357.19376 420.947
367.12585 517.534
372.17523 497.477
373.11707 431.413
375.17081 592.062
381.15067 1770.37
383.19321 477.893
385.12689 409.258
391.16327 866.586
398.20905 408.777
398.70602 396.845
401.11243 4140.66
401.20193 737.972
402.11636 702.186
403.16321 1964.67
412.20975 1134.51
412.70984 613.331
416.21344 1029.7
419.12311 1924.84
421.21234 1489.13
421.71658 482.626
429.19754 1043.93
434.22385 13822.7
435.22745 2703.55
436.23163 576.866
437.20102 408.464
445.17303 624.24
454.75287 874.027
455.20987 594.588
458.13348 591.169
464.26074 3633.63
465.26315 669.497
468.75034 850.289
474.19345 419.086
476.14120 749.858
483.75748 400.526
492.20078 546.705
494.23349 806.972
497.26309 962.315
497.76242 491.164
501.23181 423.418
502.19821 726.422
506.26654 1019.01
506.76840 714.206
507.26569 457.834
514.19531 1237.51
520.21265 739.497
522.22919 548.389
528.21710 1276.57
529.24097 820.96
530.24347 811.712
532.20477 1195.15
547.24933 602.265
548.27869 511.619
561.78198 604.492
562.28412 423.027
565.26215 7705.38
565.33502 558.584
566.26459 2060.01
567.25793 592.615
570.78711 1298.35
571.28400 867.482
586.24585 420.486
587.18384 472.345
590.25555 1223.94
590.75531 514.098
593.30347 7518.76
594.30573 2492.74
599.26025 1274.46
599.75684 545.132
605.18817 732.185
611.25641 2071.64
612.25183 747.65
615.23566 443.15
626.29785 578.112
629.26501 1165.87
630.26587 454.926
633.25629 536.561
635.31311 828.419
635.80481 615.077
641.30225 1159.88
643.23193 594.245
648.30164 1368.75
649.24060 558.588
649.31268 444.861
666.31110 19443.7
667.31537 6067.81
668.31329 1910.19
669.30493 1086.81
669.81543 583.329
670.32202 581.182
673.30469 732.686
673.80890 852.808
695.35651 531.57
712.38025 1732.64
713.38269 807.653
718.26782 747.773
723.35272 773.504
724.34021 2721.86
725.33978 1240.37
730.37445 2029.41
732.82928 478.169
733.32397 616.086
734.32953 545.201
735.30365 488.223
740.37183 8809.23
741.37372 3777.38
742.35315 1821.29
743.34344 518.749
759.32739 508.008
777.34058 4621.22
778.34680 1650.67
779.35291 1013.58
780.34192 763.739
789.43781 525.005
795.35339 23292
796.35492 8296.58
797.36017 2484.18
798.37195 600.341
799.36847 998.073
806.38672 1316.22
807.38849 613.209
813.43677 882.224
822.44659 899.583
823.41638 20064.7
823.82513 463.323
824.41559 9830.8
825.40558 1579.23
826.40863 461.738
837.42200 751.109
838.42310 468.421
841.41943 11406.5
842.42151 5399.9
843.42493 1159.82
848.42670 644.198
852.38007 544.007
855.43811 958.231
859.41272 1141.28
872.41357 668.056
880.42963 782.47
881.42413 531.252
890.42731 2088.86
891.43616 739.598
898.43927 925.28
899.44971 471.923
908.43750 18479.7
909.44061 8084.5
910.44104 3146.38
911.44922 760.914
912.46454 640.831
919.47107 1392.23
920.49023 501.955
921.42786 442.178
926.51782 1230.9
928.40649 876.494
929.41492 593.187
932.50061 467.872
933.45813 474.397
936.49158 6992.17
937.49200 4226.03
938.49579 1231.97
954.50189 7276.12
955.50720 4106.13
956.50653 1058.41
970.46289 572.779
972.49530 1579.64
981.40521 530.728
986.48627 581.25
993.51727 972.07
994.51355 853.947
995.52551 478.748
1001.46796 673.871
1002.47455 853.28
1011.52728 7809.03
1012.52838 4061.87
1013.53601 1271.48
1019.46765 3624.37
1020.46875 1799.66
1021.48010 793.65
1027.48291 752.727
1037.47900 11385.7
1038.48169 5772.7
1039.48059 2461.06
1040.47864 895.89
1041.50891 491.008
1043.54089 2261.12
1057.46082 885.394
1068.43738 825.988
1070.46387 480.752
1094.49158 521.847
1095.49609 500.556
1096.52209 440.812
1101.52124 509.861
1112.57324 977.297
1113.58228 711.504
1114.55835 494.83
1118.49231 458.646
1122.55298 680.903
1123.54358 878.31
1124.53723 432.18
1140.56787 7820.33
1141.56958 4698.02
1142.57007 1987.24
1143.59729 440.996
1156.62744 2179.13
1161.49304 520.793
1179.49854 998.903
1180.49036 1452.97
1181.50500 1023.73
1182.49927 539.33
1183.54565 445.33
1197.51160 10325
1198.51111 5753.29
1199.51038 3063.39
1200.51257 1005.8
1241.60950 442.994
1251.59753 598.353
1252.58899 685.617
1253.60083 633.56
1269.60986 5297.47
1270.61182 3351.17
1271.60461 1491.91
1281.60364 3004.14
1282.60828 1743.61
1308.54224 2099.2
1309.54736 1458.54
1310.53699 833.502
1326.55371 4160.24
1327.56470 2671.18
1328.55298 1276.35
1329.58008 752.73
1338.64148 978.942
1339.63037 669.816
1345.60095 5023.08
1346.59937 3649.28
1347.60193 1135.45
1385.65393 632.553
1429.65186 520.364
1430.64832 528.422
1455.59900 737.799
1456.59985 535.983
1494.60242 762.77
1495.61694 537.371
1512.61011 2324.55
1513.62683 1575.14
1514.62622 796.866
1558.67871 1108.18
1559.68933 1017.57
1560.66516 504.392
