2563.01383 3
110.07106 9553.99
111.07453 487.738
112.08675 460.992
129.10208 3614.79
130.08617 557.549
136.06186 981.357
136.07553 2440.15
138.06593 852.95
139.08627 559.459
140.01071 765.862
147.11264 1892.33
155.09250 1900.65
167.08151 991.458
175.11874 7546.88
176.12338 442.016
182.09134 403.821
184.10776 701.297
195.07614 341.842
200.10225 810.888
207.11249 2317.8
212.10272 1001.3
213.08661 910.596
223.10751 2949.9
224.11128 316.587
226.11760 326.718
226.15451 395.37
230.11255 456.394
231.09848 382.404
235.10716 2319.74
240.13390 1095.42
241.08144 834.915
244.16545 715.742
245.07622 315.951
248.11469 566.99
249.09854 1518.54
251.10231 346.084
257.15857 401.827
258.14429 1323.15
259.09116 491.601
264.06366 364.9
264.09647 446.337
265.12030 299.176
266.12460 6335.79
267.12799 785.046
272.17215 783.276
273.11823 559.163
275.17047 601.957
276.15460 1096.14
281.12393 6459.86
282.12772 869.46
284.12299 403.583
290.14523 993.352
293.11301 685.489
299.13391 624.159
301.12848 1080.08
304.12891 2174.37
312.04996 497.901
318.14688 491.839
319.15079 852.368
329.12427 462.358
330.05887 675.276
337.16122 1232.47
340.13654 405.282
343.14389 298.319
344.17319 524.214
350.14496 494.317
352.13733 375.44
355.16217 406.826
363.16571 411.76
368.15552 939.132
369.18002 542.682
370.15015 7200.84
371.15472 1465.19
373.16995 874.299
386.20462 510.646
388.16125 13443.2
389.16376 2363.5
390.19794 2209.16
398.11304 467.128
402.10529 1188.53
403.23004 792.036
405.18787 3257.91
406.19247 695.074
421.18219 483.093
428.03058 317.612
429.18912 507.59
439.19547 451.45
453.20959 882.99
457.18143 427.108
472.18677 612.795
475.19711 316.724
488.22495 856.969
492.21201 521.625
498.20718 472.142
500.22723 975.193
504.27835 481.545
505.18881 387.722
510.23315 627.791
515.22345 509.623
516.21936 7038.11
517.22388 1867.4
521.24060 662.46
528.22272 562.415
541.75385 2013.89
542.25555 1111.91
550.76117 597.173
551.26636 359.682
559.26288 662.276
560.26404 336.905
561.26733 328.152
569.24835 502.229
570.23187 360.847
575.31482 341.822
584.25415 362.888
587.25726 4809.34
588.25995 1513.54
590.74158 1554.54
591.23969 1002.92
599.22339 531.655
600.33521 2995.21
601.27667 1184.96
602.26556 488.546
604.29578 603.892
604.62988 631.08
604.96362 482.532
606.27551 337.195
618.29083 7073.5
619.29114 2834.89
620.28296 984.742
629.26691 1227.49
630.26678 563.501
637.29297 15746.2
638.29681 5241.7
639.30170 970.184
645.74860 1042.89
646.24432 624.741
654.26074 3712.74
654.75995 2299.5
655.26184 1287.09
655.75677 506.963
656.27765 377.417
663.81427 446.339
671.24939 428.121
671.74811 396.3
673.29474 660.659
673.80316 408.562
674.29608 625.062
678.80420 579.543
679.30133 754.049
679.76501 646.912
680.26001 2354.5
680.76062 1290.39
681.25665 774.355
687.29309 453.176
687.62421 352.666
687.80701 7083.06
688.30725 4893.45
688.76819 6507.36
689.27008 4332.52
689.77240 2365.46
690.27478 669.678
695.31421 349.614
696.81378 1359.76
697.31982 752.639
697.81592 569.096
706.31531 1001.09
707.32489 424.394
708.40668 541.447
713.41168 475.983
719.32495 591.744
719.84528 340.348
719.94055 356.596
722.32477 547.048
724.32977 412.748
727.30872 2424.06
727.64087 2079.24
727.97552 1764.9
728.31189 856.928
732.98859 623.224
733.31152 1040.46
733.64807 1521.4
733.97821 550.296
734.31500 396.065
736.79468 3036.52
737.29510 2427.27
737.80023 1090.97
738.31488 952.735
738.98657 5577.39
739.32062 7034.94
739.65363 4305.24
739.98810 1867.29
740.32458 885.31
744.98981 1175.46
745.32257 2125.47
745.65723 737.52
745.98389 470.393
750.31830 2156.69
751.31708 905.688
754.30450 339.947
754.85681 421.113
756.40033 377.886
759.96954 1278.43
760.30273 1967.54
760.63330 979.315
760.97028 512.711
761.29987 755.289
762.30536 526.02
765.63892 402.763
765.98077 520.082
766.31232 471.237
771.64484 3795.13
771.97919 5254.87
772.31427 3879.01
772.64532 1351.16
772.81311 398.052
772.96985 538.075
773.31329 386.89
776.32855 373.325
778.32123 3018.56
779.32300 1018.41
780.32391 578.545
781.33252 707.066
784.83698 879.887
785.33630 1536.23
785.83844 820.53
787.66003 368.575
789.82831 1550.23
790.33551 1455.08
790.83057 844.944
791.33850 423.808
793.32928 354.149
793.68134 452.24
793.84625 9628.63
794.34821 7811.98
794.84924 3277.33
795.35278 944.926
797.29535 357.682
797.79688 341.227
798.83429 446.332
802.85193 1567.11
803.35126 1189.97
803.85840 466.17
804.28156 423.301
805.46368 656.489
805.78986 487.494
805.92053 535.942
806.29492 451.879
811.34589 365.84
816.36066 493.652
816.67712 1177.71
817.01178 1292.41
817.33752 873.533
822.35114 3206.9
822.68463 3716.38
823.01953 2920.12
823.35559 1677.63
823.68488 339.465
826.31055 391.363
828.35938 958.614
828.69031 1112.69
829.01105 680.127
829.34552 409.182
829.86359 764.957
830.11334 404.78
833.29730 374.622
833.82025 380.153
834.32642 665.781
841.33917 952.193
842.36261 457.508
842.44659 405.84
842.83405 4207.24
843.33539 3566.89
843.83630 1984.42
844.34100 642.368
849.35065 1642.05
849.67194 851.073
849.86829 1452.41
850.35736 1000.68
851.36578 446.327
854.40594 405.558
854.47852 336.086
855.01508 1829.65
855.33929 2764.88
855.67651 1820.29
856.02026 666.114
856.42297 883.828
857.41223 858.153
857.90576 409.624
858.36505 2435.98
858.86670 3297.32
859.37170 1429.47
859.88538 452.825
867.36108 387.987
867.86853 397.746
869.37787 1350.25
870.38300 770.793
879.36334 2380.44
880.36511 1368.38
881.36713 431.487
896.93213 360.908
898.34131 1038.05
898.84833 886.262
905.93878 3085.9
906.45074 2748.85
906.95319 1294.89
907.32947 696.743
907.47614 537.784
907.84998 408.075
908.36151 443.862
910.40857 502.489
914.87653 932.333
915.37720 1602.5
915.87854 836.409
921.32617 520.942
930.89191 381.96
931.39618 819.961
931.89307 468.914
938.34991 3995.99
939.35614 1673.22
939.89899 7611.64
940.40155 7694.58
940.90295 4429.64
941.40479 1422.19
941.93628 496.23
942.45972 490.613
948.90564 1480.7
949.40289 1171.04
949.90741 577.491
950.40613 1836.62
951.40887 792.529
954.40033 461.521
954.92596 620.802
955.42371 749.728
966.41565 1445.38
966.91064 1409.9
967.42065 703.719
967.91687 356.031
975.41907 15040.9
975.91919 15917.2
976.41925 8826.71
976.91949 4063.28
977.42584 1121
980.36523 384.649
980.89557 490.094
984.42236 2218.22
984.92505 2748.23
985.42120 1486.88
985.92365 503.831
987.34253 338.708
988.88678 2136.9
989.38916 2265.22
989.89246 1357.95
990.41229 574.693
993.35693 617.099
994.36774 345.744
1009.39130 3026.66
1010.39117 1675.37
1011.38409 747.816
1015.40076 777.637
1015.89709 531.708
1016.40857 468.229
1020.91052 405.971
1021.43707 518.447
1021.92938 1293.1
1022.43616 1407.05
1022.93359 467.777
1024.40540 4448.6
1024.90442 4469.14
1025.40649 2897.77
1025.90576 1152.47
1026.43237 376.238
1030.44092 2805.31
1030.93616 8121.01
1031.43628 8222.37
1031.93555 4246.89
1032.43738 1455.82
1032.94971 493.882
1039.44580 9090.49
1039.94678 11253.9
1040.44800 7578.63
1040.94910 3336.98
1041.44958 1020.39
1045.42444 359.823
1048.45239 1339.33
1048.95447 2043.24
1049.45471 1297.64
1049.94727 407.126
1065.48743 580.813
1070.91467 621.944
1071.41663 603.915
1074.43396 357.141
1078.41077 413.041
1079.42773 1634.16
1079.92554 2847.25
1080.42444 4343.73
1080.92493 1941.97
1081.44397 1098.66
1082.49731 414.252
1083.49475 459.473
1088.43127 876.371
1088.93237 758.703
1089.43311 430.673
1089.96448 344.168
1090.44238 363.83
1091.45264 692.097
1092.45068 381.472
1096.42212 7087.92
1097.42102 3839.55
1098.42273 2382.74
1099.43884 726.891
1099.98022 407.961
1107.97803 1542.63
1108.47925 2043.12
1108.98364 1023.16
1109.46667 432.113
1146.47009 391.276
1157.47852 349.723
1180.46948 352.272
1193.41943 561.081
1194.51514 400.773
1195.43945 353.251
1210.46326 1781.7
1211.51599 1023.59
1212.52100 514.396
1221.44055 420.117
1242.50171 1179.37
1243.51709 881.674
1290.48584 474.703
1307.51672 2839.32
1308.51648 1815.98
1309.51709 1475.31
1310.52405 546.132
1313.54370 1975.6
1314.54041 1437.75
1315.54224 582.283
1374.58459 378.801
1412.58447 492.854
1413.57922 402.907
1424.57068 709.921
1425.57251 593.775
1441.60925 1002.83
1442.60522 686.687
1570.65393 450.734
