2454.37090 2
129.10187 1360.36
130.08597 705.818
145.09668 986.946
147.11247 1226.08
173.09172 5010.37
175.11801 852.897
183.11292 622.059
183.14859 774.033
185.12798 1216.63
199.10698 613.279
199.18031 836.026
201.08499 439.993
201.12311 727.093
203.12111 571.909
211.14314 1030.77
226.11813 1087.18
226.15454 1327.22
227.17514 860.95
229.11784 908.379
231.11354 1203.18
241.15392 694.586
244.16496 9000.28
245.16922 830.719
254.14912 1237.21
256.12735 465.37
258.10797 1081.89
268.16510 797.01
270.10803 861.112
272.12424 640.857
272.16068 677.148
286.17563 4089.7
297.15616 549.109
298.17621 587.44
299.17166 665.378
300.15427 1697.71
311.16974 545.39
312.15445 833.024
312.19150 939.122
315.12881 899.098
324.22641 556.156
325.18518 881.147
326.16431 514.458
337.18884 475.126
341.14453 1877.13
342.20010 1755.63
343.19791 955.876
353.21066 471.431
355.19690 1533.04
357.24722 2729.47
359.15778 703.775
370.20990 488.617
371.19345 1183.66
372.19485 484.684
373.17001 616.335
382.21030 497.005
383.19037 1670.81
385.24112 630.98
386.19980 582.945
399.26169 466.295
400.22217 476.672
401.19690 592.242
410.24097 645.755
412.18069 1049.13
413.23901 892.223
414.19775 691.073
426.23260 712.48
427.21786 482.503
428.21396 553.184
428.24750 634.55
430.19153 731.402
444.24567 554.906
454.22595 1609.47
456.20737 801.514
456.28491 467.644
468.28131 1410.02
469.20068 702.743
472.23886 1962.94
473.23761 619.152
474.21793 942.389
481.28009 616.886
482.25443 516.801
486.29153 1037.11
496.27567 1311.74
499.28818 523.514
500.27148 472.285
511.24435 551.144
514.28625 1280.55
525.26447 668.041
527.27655 566.445
537.25970 670.306
539.32031 631.929
543.27258 689.58
545.29779 479.975
551.32416 822
553.29669 708.239
555.27051 1112.99
567.31042 1258.3
568.32526 491.183
569.33588 946.745
573.28394 1219.11
582.28113 921.246
585.32013 828.915
587.34473 1745.59
600.29376 824.571
622.36499 531.37
640.37000 766.661
654.34094 617.788
668.34387 525.057
672.35895 538.05
681.35260 594.502
686.40735 918.458
695.36926 1176.2
696.36713 570.102
699.36444 489.461
713.37714 823.599
751.39319 494.636
755.38434 560.611
769.40765 1023.91
770.41461 560.063
787.41559 754.249
812.45123 860.358
840.44556 718.73
841.44043 527.182
858.46210 634.547
868.48053 515.346
957.51099 589.179
976.54486 1520.4
1204.65479 609.573
1226.75098 1228.24
1227.74609 769.115
1229.70361 567.124
