3100.48166 3
110.07108 565.363
120.08054 1591.76
129.10201 1127.16
130.08630 268.375
133.04225 188.487
136.07556 1095.85
143.11771 267.38
147.11252 925.168
155.08102 397.599
157.13390 235.538
159.07558 187.129
159.09129 291.122
159.11264 325.129
169.09702 334.743
169.13327 1189.39
171.11276 361.467
173.12759 264.37
175.11890 1056.91
183.11282 223.209
183.14885 351.848
185.12807 254.91
185.16476 919.813
187.07076 426.35
187.10757 858.058
197.12790 431.904
199.10776 192.588
199.18054 264.852
200.13800 304.763
201.12314 827.059
202.08192 247.981
210.02582 246.593
211.14366 203.023
213.08733 189.578
213.15938 1030.93
215.10306 293.799
215.13832 265.729
217.08342 198.352
217.13568 350.29
226.11815 257.522
226.15384 196.311
227.17561 209.322
228.13344 333.809
229.11742 1192.19
240.13429 476.553
241.08141 590.02
242.14995 240.458
244.09270 316.38
244.16660 196.862
245.07695 267.608
245.13173 457.727
254.14810 235.387
258.14441 219.778
259.09180 629.578
262.13690 451.552
263.06934 201.347
268.16486 262.445
270.10828 201.248
270.14392 264.357
284.12430 300.48
284.16068 275.64
286.13928 416.056
292.12888 229.74
298.13467 192.925
307.14270 206.602
316.11255 473.322
318.14594 321.318
328.18649 1404.86
329.18637 320.32
334.10657 414.266
339.19891 211.586
342.20154 349.331
344.19833 252.371
349.17261 847.706
350.17484 234.322
357.18018 205.517
358.15857 222.816
369.20993 198.939
374.24921 385.446
383.19574 248.543
385.20862 277.9
389.21674 545.583
399.23181 543.218
417.21194 215.352
420.20984 1188.61
421.21222 311.937
427.25720 338.395
430.23834 546.437
454.23428 199.551
479.22903 264.25
486.74170 202.93
498.29272 524.985
501.21741 280.724
517.22546 243.882
535.23474 2017.37
536.24146 562.622
559.24719 206.239
578.76544 296.727
579.27124 426.741
587.77295 581.492
588.26764 249.111
609.27667 340.308
609.78107 231.702
630.31909 243.545
634.30487 820.798
635.30969 1483.32
635.80890 798.964
636.31018 638.099
644.31964 416.818
644.81488 376.132
645.30634 314.858
658.32428 532.367
659.32544 335.306
660.33002 307.781
661.25330 677.244
662.25629 213.308
666.32483 295.453
670.39349 437.395
705.34869 389.676
709.83569 491.29
710.33679 373.866
710.84302 242.141
715.35406 348.482
721.33508 1826.76
722.33484 722.865
724.79205 398.86
725.29755 234.286
762.33795 232.095
766.38501 387.634
797.43732 295.473
798.30438 349.106
798.82239 275.761
804.37848 281.502
816.39099 482.414
817.41217 362.805
822.38226 3201.43
823.38800 1337.5
824.38519 391.07
834.39490 468.378
854.85626 221.66
855.39343 381.292
856.41388 290.426
868.45410 244.048
873.41370 449.217
874.42242 425.729
921.45703 1360.97
922.45416 685.503
923.45917 245.705
954.45355 221.136
956.42853 247.444
958.35468 501.225
963.41895 419.807
969.42761 251.916
972.48749 490.101
973.49658 391.587
974.49640 316.533
983.45270 422.814
984.46149 318.064
990.46429 434.418
991.46606 284.308
996.46979 226.822
1002.47125 489.109
1002.80426 868.918
1003.12970 692.448
1003.47668 434.588
1004.53333 221.142
1006.48016 317.679
1008.48187 2540.33
1009.48608 1648.44
1010.49182 374.693
1012.03931 261.553
1014.49768 229.714
1025.04175 887.578
1025.54248 1186.64
1026.04382 521.706
1026.54456 277.851
1033.54919 1600.42
1034.04846 9542.92
1034.54883 5382.3
1035.04346 1793.42
1035.50183 1249.49
1035.99719 1187.09
1036.51929 2008.4
1037.49316 224.452
1040.49805 224.067
1052.51318 254.807
1065.57349 223.263
1069.50232 302.195
1087.50342 566.648
1088.49902 296.462
1092.47607 362.778
1103.52954 229.173
1116.51001 233.888
1125.51208 296.797
1126.51184 258.591
1137.54492 273.264
1155.55347 1376.07
1156.53638 1965.09
1157.53992 1131.17
1158.53552 451.171
1174.54163 1219.31
1175.54285 840.704
1176.54126 528.454
1194.55762 256.452
1207.48950 256.942
1209.53369 229.057
1212.57410 2325.94
1213.57678 1831.45
1214.57837 1008.95
1215.58142 279.141
1217.54285 237.115
1239.59998 239.598
1251.61328 342.197
1254.55615 318.187
1262.57996 231.822
1269.61169 698.432
1270.61523 651.255
1271.60791 316.498
1287.62744 740.98
1288.62354 807.693
1289.62671 444.277
1295.60901 226.843
1303.63428 278.598
1311.60400 322.855
1321.62366 237.761
1323.61719 313.795
1324.60449 248.047
1341.61768 953.842
1342.61792 676.582
1343.62366 324.659
1347.58020 255.784
1357.66882 276.076
1375.78479 301.573
1391.57129 262.708
1398.19666 306.465
1398.70471 406.929
1399.20398 237.528
1400.65198 261.577
1401.67700 242.877
1402.65503 309.45
1418.66797 591.906
1419.65796 539.834
1420.67407 443.921
1448.56506 853.549
1449.55652 385.595
1452.62170 317.204
1453.65271 280.864
1458.69116 248.761
1470.66724 1061.52
1471.66516 1008.07
1472.65674 466.89
1473.67090 255.749
1559.68140 288.055
1560.71912 270.849
1569.73328 504.648
1570.74194 541.274
1595.61755 339.443
1637.87927 248.916
