1512.74736 2
110.07112 2760.74
112.08683 609.173
115.08654 504.934
116.07049 399.928
120.08060 7263.64
121.08405 436.811
126.05534 197.871
127.08655 286.694
129.06757 432.71
129.10213 28534.7
130.06474 611.571
130.08618 820.975
130.10509 1842.43
133.04263 394.349
136.06122 286.138
136.07556 4308.63
137.07901 333.223
139.08652 637.737
141.06596 351.95
141.10194 315.914
143.08112 201.604
143.11772 484.418
145.06059 252.937
147.11275 1238.05
153.10199 241.945
155.08156 441.516
155.11774 1006.17
157.09961 442.992
157.10710 462.114
157.13319 378.963
158.09222 1616.57
159.07642 609.89
159.09137 2315.33
159.11194 209.067
160.09471 240.487
165.10205 267.319
167.08125 661.906
167.11755 206.35
169.05995 283.266
169.09666 439.961
169.13397 238.629
170.06000 274.981
170.09198 233.333
171.07550 275.673
171.11288 634.689
173.09215 259.857
173.12820 735.589
175.08301 225.353
175.11880 9243.34
176.12314 394.492
181.09718 400.149
182.12869 265.922
183.11264 1776.37
183.14925 484.21
185.09169 528.602
185.12761 208.711
185.16486 763.752
186.08775 446.358
187.07205 631.923
187.10666 215.585
189.08649 234.474
190.09776 553.078
195.08711 382.329
195.11250 752.963
197.12837 799.509
198.08673 206.995
199.18033 2234.61
200.13919 5239.56
200.18285 284.499
201.08730 296.844
201.12347 1234.24
201.14293 421.899
207.11266 237.458
209.09097 212.605
210.02551 277.881
211.14400 320.141
212.10268 611.286
213.08687 744.087
213.12332 379.219
213.16003 394.178
215.13872 903.69
216.09789 411.183
217.08456 378.538
217.13478 275.314
218.09476 219.939
218.14990 271.373
222.12224 241.133
225.09914 219.613
225.12274 315.441
226.11841 740.188
226.15494 553.791
227.17534 2753.58
228.13351 1278.6
228.17888 359.885
229.11850 849.729
230.11209 241.535
231.09772 541.649
231.14894 931.803
233.16473 1041.69
240.09712 421.616
240.13336 612.666
241.08165 658.154
242.15004 420.554
243.13278 900.057
244.09390 260.996
244.12813 352.02
245.07588 267.834
246.09070 1295.74
247.07394 488.69
249.12315 2880.34
249.15836 269.43
250.12712 345.372
256.09274 255.001
258.10889 377.165
258.16025 1400.61
259.09149 1274.47
259.14514 229.667
260.19656 234.292
261.12460 235.91
261.15906 558.628
264.13406 351.418
265.11838 419.644
266.14722 405.347
268.12820 497.93
268.16455 233.286
269.12347 245.033
275.14001 528.427
276.16922 490.942
277.11801 3587.51
278.12097 425.329
280.16589 296.902
283.14227 377.446
284.12256 308.06
284.19263 236.005
285.16061 303.198
286.13306 332.793
286.15720 702.238
288.13705 229.047
293.11282 226.343
294.14560 234.542
296.19672 237.648
297.12024 257.673
304.16483 2764.53
305.16043 2079.96
306.16449 447.595
311.17010 483.96
312.17603 217.532
313.14902 344.927
316.11212 489.242
319.21301 262.662
322.18713 1712.7
326.16882 248.659
329.19894 1379.69
330.17731 468.644
339.16580 1006.07
340.26196 220.731
341.14462 231.591
344.09222 261.278
346.10742 451.191
347.20718 2669.05
348.21207 370.7
354.16507 400.028
355.16507 234.351
357.17609 788.49
360.15814 697.539
361.11710 1951.2
372.17651 399.89
387.20480 346.626
388.15338 272.097
394.20657 283.466
400.23264 350.498
405.21405 359.448
406.16083 2762.07
407.16339 498.753
413.22073 254.065
415.19571 238.102
418.24408 951.404
433.20801 784.153
435.27094 10600.5
436.27402 2307.84
437.28250 244.778
440.21136 242.985
445.25504 307.077
446.20828 215.546
457.17535 690.206
458.23721 337.698
468.20892 374.426
470.18900 269.693
474.19955 1293.68
475.21002 324.055
476.25180 365.672
486.21759 342.483
507.22647 365.863
515.32849 399.02
519.24341 495.698
533.27130 909.751
534.25763 231.246
550.29858 1625.18
551.30243 411.76
559.29401 242.091
562.25061 280.8
566.27484 385.43
568.20746 230.269
585.23022 331.393
587.28162 309.43
588.26740 313.197
599.24890 274.888
602.36127 1098.72
603.23425 472.712
603.34009 267.272
604.24518 296.647
605.29840 269.249
616.26062 334.048
617.25787 322.662
621.33252 361.53
628.34711 332.511
633.28680 366.654
646.30225 576.187
647.29895 382.068
663.32776 3773.23
664.32996 2149.1
665.32977 579.18
681.33875 2134.39
682.34241 791.078
683.34851 302.457
715.45325 260.394
732.29059 291.843
736.32141 255.921
746.36945 363.878
747.37689 282.767
757.37006 583.02
778.35358 1586.66
779.35803 544.913
795.37964 4419.84
796.38361 1937.57
797.38141 607.191
806.33881 266.002
874.41528 233.308
875.41687 264.399
879.34729 227.547
891.43262 304.821
892.43329 242.791
908.46399 5547.44
909.46655 2995.74
910.46924 786.756
923.45557 418.192
956.55914 285.403
975.47272 632.852
976.46863 542.217
993.48291 273.65
1019.50031 1207.51
1020.49634 733.471
1021.48535 316.054
1037.50781 5295.89
1038.50977 2832.86
1039.51111 1013.48
1040.50903 286.066
1074.54700 539.223
1075.55920 519.481
1092.56531 287.79
1148.53723 1393.39
1149.53418 1001.18
1150.54260 409.716
1166.54980 5678.47
1167.55115 3384.94
1168.55554 1290.19
1169.54919 387.882
1175.68298 483.05
1176.69739 355.808
1187.61743 324.881
1277.58521 245.022
1278.59692 261.739
1295.61230 328.838
1296.60120 456.89
1297.58118 319.747
1313.61780 7001.04
1314.61853 5204.02
1315.61865 2342.64
1316.61755 588.645
