1381.59967 3
110.07082 972.23
112.08662 2845.54
115.08607 420.562
129.10197 7965.09
129.11307 812.657
130.10474 443.477
139.08627 2654.51
141.10190 6412.02
157.10776 1560.66
158.09218 564.178
167.08093 2004.4
169.09682 4448.98
175.11855 5151.44
195.07605 748.989
199.10716 1080.22
200.13861 533.003
204.13277 476.899
208.10614 454.105
210.12357 528.583
212.13914 722.198
212.61810 1666.92
214.14600 517.16
226.15469 6524.53
227.10210 1039.18
227.15965 619.944
230.14929 467.932
232.14754 1045
235.15898 620.238
236.10269 1332.73
238.11797 2050.11
240.64845 738.248
244.16470 993.005
246.14313 840.786
246.64658 742.788
247.12947 714.723
249.16295 38150.8
249.66437 9676.07
250.16634 695.369
252.12105 689.064
255.14453 6136.37
256.15002 649.116
258.15671 599.219
261.12628 4286.8
261.15656 523.645
261.62753 1205.16
265.05853 712.816
266.11160 489.774
268.14001 683.922
269.66937 985.179
270.17300 555.849
272.17120 20166.5
273.17426 2308.24
282.66943 730.934
283.16855 481.18
284.68112 2059.05
285.20032 621.884
286.15005 10288
286.64996 812.206
287.15527 1495.69
295.65518 25902.6
296.15649 8113.15
296.65634 855.835
297.17139 603.889
300.64709 1183.35
303.17715 1126.37
304.66101 4418.92
305.16104 1931.22
309.65256 11882.4
310.11453 7077.5
310.15439 3610.23
310.61627 2350.06
311.18246 1322.79
313.16949 655.493
317.19473 1269.6
318.19562 544.388
318.65829 1919.17
331.17386 2202.97
331.67667 902.766
333.15469 683.697
333.20792 10915.9
333.70859 3899.59
334.21063 539.911
335.63892 1528.58
336.13272 1401.16
337.16235 1297.59
338.14536 632.705
339.20718 749.16
344.64365 54439.1
345.14465 17795.6
345.64609 3077.54
354.17477 786.873
355.17172 24927.6
356.17456 3676.96
358.64099 9953.65
359.14191 3371.09
359.64438 580.401
359.71393 1232.44
360.20700 739.669
366.21213 600.339
367.71820 1372.59
368.72083 1366.57
369.22189 778.505
372.71112 589.585
373.18219 931.838
380.16330 1963.97
381.22498 838.224
381.71616 9988.09
382.21759 4401.1
382.71881 701.799
383.24197 478.291
385.15298 628.528
387.23087 539.572
387.56351 475.089
389.55972 1001.53
389.88553 2303.43
390.21756 2368.55
390.54813 1387.21
394.16000 2827.04
394.66299 925.245
395.23471 2444.36
395.56635 2720.66
395.88684 38437.2
396.22086 24384.5
396.55496 10161.5
396.88837 787.365
400.18869 1390.46
400.26587 8214.65
400.69049 647.922
401.23822 3895.04
401.57245 2856.12
401.89001 16074.7
402.22406 10763.9
402.55878 3784.74
408.20184 554.146
408.70190 4879.03
409.20251 2309.75
410.68164 944.97
414.22180 815.254
415.23276 540.271
416.24683 3646.3
416.74869 2034.17
417.25018 504.683
420.90063 841.152
421.23602 4065.87
421.56900 3332.68
421.90134 1343.89
422.21771 1670.59
422.55170 1943.04
422.87238 1679.02
424.23376 662.149
425.22290 676.106
425.71851 734.795
426.90848 737.416
427.24017 3529.4
427.57462 2172.66
427.89389 8554.87
428.22928 6635.49
428.54501 33029.6
428.87939 20536.2
429.21417 9250.1
429.54840 590.737
430.27505 1490.99
431.27686 681.897
433.24515 1007.28
433.57605 535.067
433.89719 3942.93
434.23236 2082.29
434.55521 779.786
436.12173 604.444
436.96320 631.218
442.24252 1318.34
442.74203 589.973
450.75562 1600.26
451.25815 604.012
452.22418 7179.18
453.14767 3561.51
453.22504 1938.62
453.89786 535.292
454.15103 565.016
454.23215 754.749
459.89526 644.539
460.23428 606.422
460.29135 476.082
460.55188 1874.73
460.75818 575.228
460.88599 1833.47
461.20929 732.563
466.27658 5580.43
467.28146 1172.39
479.30795 625.907
480.29108 3260.6
481.29340 1005.86
489.25027 510.547
491.28134 923.393
492.28629 835.826
495.25668 948.42
497.31827 104426
498.32111 27344.2
499.32312 3555.03
501.31424 2586.3
502.31482 1681.61
503.23685 834.36
504.21664 518.919
506.26920 663.116
509.24747 2027.84
509.31860 3367.11
510.32138 491.246
515.27557 781.145
520.27026 1462.36
520.76758 707.214
521.24561 15316.2
522.24847 4048
523.25525 592.977
525.31696 808.871
539.25531 3064.99
540.26221 679.15
551.32819 955.086
554.34576 577.014
556.30890 604.274
562.28558 1252.97
563.28278 593.046
567.22327 497.93
568.35559 17685.6
569.35852 5783.6
570.35999 567.552
578.34100 1858.48
580.36029 475.127
583.25427 513.136
593.22827 766.756
601.21564 495.4
602.19678 676.478
607.22461 1344.11
618.29163 690.701
619.22217 40148.7
620.22485 10534.5
621.22760 1744.19
630.35681 924.783
631.36133 616.796
637.22931 683.392
646.37030 510.456
661.34045 4794.45
662.33881 1760.5
665.40820 9094.76
666.41174 3020.63
673.31934 511.133
679.35077 1036.32
687.37720 2455.18
688.38165 2775.91
689.33191 8608.4
690.33496 3034.64
691.32794 1086.48
707.34528 2860.06
708.34906 628.025
716.26617 562.089
717.19922 497.547
734.42731 1744.62
735.43567 958.687
744.41608 1393.89
745.41766 582.765
759.31732 2849.68
760.31757 850.777
762.42432 8765.71
763.42493 3300.66
764.43060 742.355
787.31207 5847.62
788.31427 2123.96
789.43115 623.366
790.43762 472.56
857.29047 728.904
885.28442 644.768
