1314.71221 2
110.07098 2866.35
111.07404 181.018
112.08685 291.167
115.08611 398.178
116.07013 218.179
119.08080 213.373
120.08051 4869.38
121.08378 388.125
127.08660 404.4
129.06593 394.757
129.10210 2651.41
130.06456 365.194
130.08609 901.037
130.10478 212.219
132.08069 196.74
133.04269 459.668
133.08557 293.181
134.04483 392.483
136.06194 199.932
136.07552 2829.59
137.07875 227.994
141.06566 283.886
141.10205 401.133
143.08136 357.677
143.11772 379.629
147.11258 1442.07
155.08107 461.677
155.11790 264.866
157.09798 313.63
157.13319 2704.31
158.09196 685.006
158.13716 212.226
159.07628 263.802
159.09137 1659.28
159.11234 374.944
165.10181 234.719
166.06033 201.748
167.08185 223.858
169.09698 908.629
169.13284 307.395
171.07597 369.015
171.11243 756.039
173.09203 233.8
173.12810 1068.37
175.11867 2485.22
177.10211 856.924
181.06065 210.774
181.09680 758.68
183.11255 743.865
183.14886 866.684
185.09274 267.086
185.12817 2013.28
185.16498 462.926
186.12227 317.2
187.07143 364.776
187.10762 279.268
187.14371 610.87
189.08623 250.365
195.08690 374.514
195.11234 183.766
197.09186 320.871
197.12813 1402.86
198.08679 392.206
199.07193 266.875
199.10735 591.065
199.18013 1408.16
200.10202 614.082
200.13943 247.411
201.08682 458.027
201.12289 1636.49
205.09656 402.774
207.11238 647.059
209.10361 246.684
211.10696 191.729
211.14371 704.154
212.10252 351.949
213.08676 387.215
214.11855 719.906
215.09908 191.743
215.13857 5450.39
216.09737 1391.7
216.14354 307.06
217.08284 434.558
217.13486 187.106
219.14842 315.484
221.10303 205.709
223.15634 219.318
225.09746 306.257
225.12309 1164.93
226.08276 191.444
226.11760 217.9
227.17511 1316.28
228.13359 235.553
229.11719 827.552
231.09828 432.463
232.11031 208.674
232.13898 188.874
233.16502 256.005
234.14496 223.189
235.10455 313.352
237.12123 361.999
240.09883 273.253
240.13361 513.685
241.08301 281.039
242.11282 520.371
242.14990 452.32
243.13345 8233.43
244.09189 346.465
244.13770 639.825
244.16600 357.674
247.12833 3242.12
249.09949 314.955
251.15022 277.688
253.09346 267.894
256.16541 238.437
258.10678 245.148
258.14444 510.58
259.09180 335.343
259.14175 244.511
260.19751 187.557
261.15808 206.405
262.11804 241.925
267.10892 359.018
268.16562 268.026
269.12476 594.188
271.14111 424.604
280.16418 361.967
283.20020 266.462
284.15845 300.808
285.13495 200.882
287.13434 1413.18
288.13522 367.4
294.18121 449.552
295.14224 211.811
296.19742 226.914
298.17633 271.212
298.21121 217.032
300.15332 265.742
301.18747 242.723
310.21194 1193.21
311.19177 586.683
312.15167 315.079
313.15024 632.613
313.18689 196.569
314.16998 397.175
326.17249 218.025
327.12936 208.464
329.18173 551.474
330.16385 280.603
330.18414 315.722
338.20685 2693.46
339.20847 571.726
340.16193 653.143
341.21640 206.376
345.13785 298.188
353.18304 197.082
354.16342 278.972
355.19925 563.734
356.21747 4129.39
357.21954 689.054
358.17145 1744.89
359.17633 203.896
369.17532 559.757
371.22449 222.162
372.17523 974.824
372.22125 252.139
377.18140 230.974
381.72672 215.206
384.21194 226.163
385.20935 259.858
390.72867 223.618
397.24759 200.176
398.16339 250.241
400.21881 728.424
410.23529 214.454
416.18198 220.14
419.23831 334.91
425.24402 553.694
426.23349 378.438
430.23389 255.195
437.20975 286.525
439.26111 261.848
440.20880 248.069
441.30630 196.447
442.27451 1450.73
443.24612 406.418
453.24524 376.418
457.26288 483.648
458.22464 878.441
464.25198 278.025
467.24954 2935.29
468.24939 457.227
469.20251 219.341
469.30084 880.346
471.25571 697.439
482.26129 825.09
485.25949 5265.5
486.26230 838.626
487.21487 228.494
511.28110 293.357
513.30737 212.448
525.76569 240.666
529.26074 572.663
543.31561 247.324
552.33881 373.197
553.29828 331.829
570.34973 904.203
571.30402 1177.09
572.30420 483.326
580.33307 1661.42
581.33929 394.037
587.26465 259.181
598.34308 2984.9
599.34784 718.523
600.29218 372.888
611.30280 956.393
612.31061 211.932
624.33936 296.642
628.34235 851.444
629.34802 279.323
642.34406 671.421
657.37238 928.304
658.38910 426.441
659.35510 291.099
662.32391 448.136
663.32727 434.761
664.34155 235.072
667.36633 210.513
682.34271 349.416
684.39923 370.43
685.37915 407.823
693.41925 538.026
700.35022 909.963
711.42749 579.278
712.43042 284.286
724.38623 830.05
725.39832 239.489
729.33228 270.332
730.33887 364.162
730.84723 349.689
742.39813 534.355
743.38025 254.94
768.40063 356.287
771.39142 351.023
779.88220 231.167
780.35522 218.394
785.42523 214.637
795.42975 279.664
813.43713 1283.42
814.43610 457.64
819.46545 220.333
830.39557 255.93
837.47827 404.164
855.48218 505.649
878.93024 297.333
879.42438 227.924
884.46753 240.318
899.43909 297.169
926.51617 354.148
970.46692 296.471
1028.55383 208.379
1041.48816 211.22
1156.52026 300.096
