1955.62175 2
110.07084 1021.49
112.08656 1581.99
115.08595 721.033
116.07039 1558.97
120.08029 1765.94
129.10210 1646.53
130.06476 14609
130.09616 851.384
131.06795 1264.66
132.08049 13205.6
136.07503 675.249
139.05016 1001.16
143.04477 18290.2
144.04800 913.281
155.08078 765.691
157.05992 953.684
157.10834 861.509
158.08456 3707.49
159.09140 9114.62
160.09477 793.206
169.07571 4457.5
170.05966 4590.03
175.11856 31853
176.12273 1186.05
181.06042 1322
185.05518 3906.17
187.08617 13182.4
188.09006 1487.35
197.07043 962.871
199.07111 2779.72
202.08195 2332.85
211.08505 740.884
213.04970 871.16
216.10089 1252.18
217.08244 886.11
219.07782 882.108
227.06612 2912.88
228.09729 1045.19
229.09706 1030.15
230.11357 652.73
231.06055 1106.14
234.12424 1245.03
239.08125 3256.39
242.09314 676.334
245.07616 1906.57
247.07381 767.911
254.07671 670.282
255.10876 1515.54
256.10788 5651.05
257.09244 1232.46
262.11789 1210
263.10196 693.951
267.07663 1649.42
271.10992 680.554
273.11893 3446.86
274.11798 58897.4
275.12140 7077.83
284.10278 12802
285.10541 1724.09
290.14511 7153.03
296.08575 1236.58
298.11798 1604.29
299.10196 1690.53
300.08215 3897.79
302.11325 18272
303.11652 2423.18
314.09589 2601.88
316.12958 952.676
324.08203 1203.78
326.11401 1293.7
333.12204 1083.71
342.09167 3524.38
349.15060 909.226
360.10028 1143.84
393.10422 1236.71
396.11835 1165.19
397.09711 1528.34
401.12985 679.176
402.17328 905.12
411.11411 2851.85
414.12836 1332.06
415.10767 1839.25
420.18768 3009.35
429.12326 4549.45
430.13623 816.801
431.15649 2133.97
436.14758 1058.97
437.21320 9044.79
438.21793 1769.54
447.15472 1067.34
448.15277 634.188
454.15720 1747.51
457.11996 789.143
462.12659 1083.08
464.17712 729.499
480.13605 2343.66
498.14627 1954.98
508.13113 2647.85
517.20544 1370.78
526.14026 7616.53
527.14532 1756.95
534.22888 4379.71
535.23053 787.656
542.15594 655.94
544.15186 5057.31
545.15204 1127.98
551.25562 9452.9
552.25903 1946.79
595.21649 776.38
620.27502 2004.89
621.26270 2059.59
622.27063 766.402
623.15582 923.689
637.16638 845.099
638.28741 21143.3
639.28931 5951.29
640.28882 704.966
641.16650 2231.43
655.17914 1816.77
657.17871 752.142
659.18036 2364.01
734.19189 921.585
751.31525 2542.92
752.29639 2777.57
753.26978 840.797
769.32776 30712.7
770.32867 10647.1
771.32355 3116.04
779.30664 699.589
849.31842 1171.79
850.30841 710.471
866.34271 1368.04
867.33368 2075.42
868.33447 992.245
884.35504 14290.8
885.35730 5946.53
886.36151 1728.16
978.35791 705.705
995.38477 5637.15
996.38397 2972.17
997.39063 1092.33
1013.39642 12895.8
1014.39795 7021.38
1015.39563 1768.44
1111.39880 934.917
1128.42603 3519.29
1129.42175 2291.18
1179.42419 744.756
1180.43530 1338.27
1197.44666 6741.36
1198.44983 4518.26
1199.44739 1366.27
1215.44788 1513.77
1216.45581 1198.66
1294.46008 1514.21
1295.44507 1881.32
1296.44849 1656.44
1312.47339 10913.6
1313.47107 7008.87
1314.46631 2324.78
1330.48254 807.219
1331.46765 693.265
1409.50024 1434.66
1410.47986 3105.17
1411.47827 1793.35
1427.50366 7847.98
1428.50037 6445.98
1429.49426 2430.75
1445.51782 1131.8
1446.50830 1335.15
1521.51257 857.339
1538.53247 2969.72
1539.52527 2648.56
1540.51587 879.733
1556.54431 3232.41
1557.54041 2967.69
1558.54565 1172.37
