2181.10634 4
120.08062 8458
121.08354 595.625
127.08658 999.329
128.10701 1436.73
129.10217 16769.4
130.06499 9601.2
130.08647 750.154
130.10509 1134.02
131.06839 716.885
132.08058 10470.6
133.08495 1822.31
136.07559 12274.1
137.07896 1459.62
144.08029 624.224
147.11247 1978.89
159.09154 47361
160.07549 890.515
160.09492 5699.64
170.05980 26362.9
171.06316 3559.89
173.12825 5156.21
175.11864 1248.34
177.11194 667.098
184.11186 1055.52
185.09177 1034.8
185.16516 857.218
186.12767 6222.48
187.08632 6741.33
187.13162 712.273
188.09010 1000.3
192.10150 586.249
193.09657 843.834
196.11142 942.996
198.12224 908.906
201.12320 5927.8
208.10786 542.871
208.65195 1124.47
209.09181 2352.39
213.08678 4952.25
213.13831 5672.25
214.14345 664.33
219.11288 607.667
225.13425 783.689
226.11856 11842
227.12114 1059.25
228.13515 855.956
229.11874 1352.82
230.12898 817.701
234.12401 501.924
237.12326 41294.6
238.12672 5670.52
241.13319 19296.1
242.13701 3242.31
243.14502 7575.71
244.14824 610.02
245.09090 628.708
247.10786 902.352
258.12247 1233.14
258.15973 45284.8
259.16318 6677.94
260.16397 728.589
262.11813 4083.66
263.12354 558.441
264.16833 1526.69
265.11792 11378.9
266.12198 1691.66
269.12811 6065.25
270.13165 1156.86
273.17340 1329.32
283.14340 4320.84
284.14548 723.42
286.15469 9780.32
287.15796 1387.06
288.20160 2266.48
294.15079 837.901
298.15540 1460.18
303.21310 2671.91
311.13876 2111.03
324.17111 840.743
326.14767 2636.73
343.70398 521.598
344.14688 585.768
346.17572 2021.28
352.16519 2649.1
353.16721 663.173
355.17676 808.462
357.69882 2526.04
358.20303 921.102
366.21295 8477.64
366.71472 4080.61
367.21524 652.761
369.19080 792
370.17514 3101.5
371.17624 639.122
372.20410 914.677
373.18579 4784.59
374.19662 647.241
387.20105 1989.48
390.21313 3173.12
399.24130 880.078
401.73203 13952.8
402.23337 5402.07
402.73444 579.226
412.18640 2158.58
414.88687 4404.74
415.22104 3101.86
415.55780 1435.08
415.70428 650.342
416.29770 16430.9
417.24692 2583.26
417.30005 3441.37
418.30276 564.362
425.18140 1583.82
432.71567 1880.55
433.21686 1179.53
433.70773 577.099
441.19730 4326.16
442.19757 1037.62
444.20691 993.543
453.21445 1196.82
453.71716 724.284
454.26108 596.643
455.22989 608.492
457.58508 717.773
457.92169 934.34
459.24478 4670.17
459.74731 2273.52
487.23035 1194.44
489.21066 1046.63
495.60092 1589.52
495.93384 1353.59
496.25839 611.446
497.23337 930.485
505.24542 2046.7
506.25223 588.062
512.23248 1389.42
515.22913 1607.14
515.78668 5551.63
516.28473 2570.83
516.79053 1045.59
525.25195 814.126
526.22949 878.149
527.32855 2590.66
528.32385 747.235
531.02289 586.221
531.26239 867.826
532.25446 869.965
532.76593 576.572
533.01093 589.907
533.23438 2587.85
534.23883 1086.4
534.77625 1012.92
535.02649 1331.81
535.27972 761.089
535.52832 709.421
536.24982 807.078
537.27484 2712.46
537.52264 4339.22
537.77344 3928.7
538.02570 1716.58
538.27698 699.776
538.94666 1014.46
539.28229 1409.48
541.77716 12019.3
542.02753 14677
542.27802 9734.41
542.52881 5384.52
542.78174 1355.55
544.62213 6583.23
544.95813 6360.12
545.34094 28605.8
545.61639 620.797
546.25885 2658.08
546.34442 8057.93
547.28381 2027.22
547.34961 1452.57
547.76080 1199.53
548.25983 626.488
548.77020 1065.65
553.28033 970.348
557.78027 726.625
567.76685 2047.86
568.25574 684.607
569.29144 1305.67
573.30011 3121.74
573.80127 2415.51
574.30664 853.37
579.27924 583.274
587.29175 1778.97
588.29559 577.196
592.97504 751.155
593.30487 1359.77
593.63556 1404.71
598.97693 13385.1
599.31067 11082.7
599.64502 6853.57
599.98083 1531.44
602.29340 1734.2
603.32721 1278.05
604.32947 571.777
612.82190 2683.46
613.32007 2333.49
613.81982 593.992
618.31085 604.486
621.32922 664.925
621.63458 599.109
621.82672 40481.6
622.32819 29607.4
622.82849 10758.6
623.33105 3219.56
624.31030 949.955
624.80811 654.853
625.30597 627.291
626.65515 2449.07
626.98608 3065.98
627.32220 2408.75
627.65308 1271.54
632.65961 17411.5
632.99310 17374.2
633.32629 9862.52
633.65948 4540.78
633.99915 1031.21
635.98663 653.069
636.32935 1379.41
637.29694 1233.74
640.33130 1333.06
652.31171 1264.04
653.31097 600.441
654.32312 1567.83
655.33270 644.016
659.67804 1567.81
660.01105 2688.19
660.35120 1398.75
660.67639 904.171
663.38184 1679.61
664.38745 600.242
665.68127 6157.49
666.01593 5614.39
666.35315 3824.56
666.68555 1729.01
669.34277 625.684
669.84875 655.674
670.33826 659.114
672.81854 685.703
673.31793 919.684
673.81708 704.533
674.35785 1231.95
676.87213 1123.74
677.37140 997.821
677.87054 1127.63
678.34302 1005.46
678.67383 1196.36
679.01044 737.363
679.34167 1013.36
679.68262 856.457
680.30078 1824.32
681.31781 867.582
681.81989 1943.08
682.32300 2136.93
682.82513 770.564
683.33533 3263.68
684.33917 1053.2
685.87518 11369
686.37531 9659.65
686.87860 3944.13
687.38025 2042.23
698.31110 904.585
703.34338 717.222
703.84241 744.236
708.33466 903.313
708.82941 647.621
714.40631 1021.51
715.37793 1430.52
717.33862 1002.81
717.84283 1354.65
731.41943 21147
732.42279 8245.05
733.42914 2179.11
733.89185 593.298
734.39661 2796.1
734.88477 1583.56
742.89526 14111.1
743.39594 10701.5
743.89563 5055.98
744.39545 1372.98
748.38672 1144.54
748.88745 787.655
752.38147 1719.25
752.88452 834.974
753.38715 1187.07
754.37323 1575.88
755.38257 735.666
765.35443 1338.28
766.35260 954.918
789.38843 1058.71
790.39172 599.693
794.34570 1037.86
798.91876 782.754
799.41797 959.607
802.45667 14699.3
803.46033 6310.21
804.46130 1752.84
807.42615 2116.97
807.92010 5283.88
808.41797 4913.71
808.92065 1864.27
809.42523 718.804
816.42969 38111.4
816.93011 33860.1
817.43182 19398.6
817.93262 5540.79
818.43646 1215.16
821.92279 749.799
830.40399 5074.85
831.40778 2488.05
833.91290 1134.59
834.40753 716.226
863.45996 2263.58
864.44373 1531.76
865.42322 737.157
866.40186 3060.65
867.40405 1321.67
875.43616 912.354
875.93567 800.565
878.44434 995.483
879.45007 584.246
884.43524 988.505
884.94312 876.488
885.43622 724.152
888.95453 753.083
889.45654 2210.18
889.94861 2118.39
890.45062 1075.27
897.96130 14622
898.46252 16054.2
898.96326 8953.82
899.46429 3679.16
899.97577 891.698
900.45520 821.983
901.44452 2234.44
902.44916 1299.24
903.45166 685.335
904.43359 711.928
917.48352 12820.7
918.48450 6220.8
919.48901 2064.8
939.97308 1300.03
940.46924 973.951
948.48407 6413.11
948.98602 7304.04
949.48950 3963.38
949.98883 1963.21
953.47815 1057.23
953.98132 1070.09
954.47998 654.788
977.50543 1108.76
978.49298 2054.6
979.49078 2499.66
993.46649 2181.24
994.46936 1869.62
1030.56970 4924.07
1031.57239 2868.75
1032.58337 780.161
1064.50159 1617.58
1065.51184 1147.79
1094.51489 3212.19
1095.51660 2368.64
1096.53284 1771.92
1097.52905 838.36
1114.55054 2269.34
1115.55347 1451.42
1116.54236 617.595
1145.59778 3779.42
1146.59314 2288.22
1147.59705 697.382
1165.55017 2626.99
1166.55176 1983.69
1167.55701 633.003
1193.57532 918.376
1194.58118 591.725
1216.56885 754.06
1224.63843 1669.86
1225.64038 1229.59
1242.64563 28999.1
1243.64954 20105.1
1244.65430 7158.74
1245.67126 1661.84
1264.62207 696.018
1370.74707 936.278
1371.76086 674.31
