1389.66216 2
110.07113 2688.89
112.08695 685.566
113.07025 316.704
115.08652 376.842
116.07039 561.528
120.08064 14516.1
121.08387 1029.73
127.08657 339.962
129.06583 419.529
129.10220 2995.17
130.06467 745.35
130.08611 699.932
130.09827 220.668
132.08098 276.387
133.04321 252.44
133.08577 347.52
136.07561 2261.91
137.07886 198.657
139.08623 369.014
141.06598 234.968
141.10228 304.726
142.06841 3436.7
143.11780 657.732
147.07695 240.784
147.11278 904.896
155.08186 529.925
155.11798 277.79
157.06071 401.913
157.09850 272.509
157.10722 307.58
157.13344 325.583
158.09233 1561.62
159.07628 403.354
159.09128 1559.81
165.10220 513.712
167.08156 652.993
169.09595 189.577
169.13322 360.822
170.06331 511.27
171.11320 411.053
173.09209 745.966
173.12830 762.714
175.07181 428.283
175.09013 195.39
175.11884 8355.28
176.12323 416.909
181.09737 197.551
183.11272 637.66
183.14882 303.861
185.09259 369.16
185.12817 261.592
185.16479 332.983
187.08975 13777.7
187.14227 210.129
188.09334 962.224
189.08566 401.78
190.07167 2229.12
191.11765 1863.09
197.12828 442.595
199.10736 289.598
200.10104 204.347
200.13901 224.813
201.08696 256.79
201.12315 1312.82
206.10019 612.093
207.11325 218.862
209.09134 206.343
210.02567 201.198
210.08684 193.551
211.14339 197.366
212.10280 384.333
213.08655 421.569
213.15865 207.276
215.08528 413.992
215.13864 351.425
216.09853 507.421
219.08002 443.253
219.11253 2187
224.10272 200.115
225.09779 201.536
225.13693 192.935
226.11850 1511.33
227.10233 519.837
228.09769 907.149
229.11296 325.129
231.09775 658.232
233.16476 4774.62
234.16936 519.144
235.09326 18216.3
235.13271 202.308
236.09607 1538.15
237.08745 927.205
238.11914 205.474
240.09880 355.654
240.13457 290.541
241.08159 267.936
242.11392 811.723
242.14922 333.686
244.09305 250.101
244.12839 578.583
244.16565 234.245
246.06212 325.24
246.10982 388.383
251.12108 2713.55
251.14899 202.137
252.09775 312.879
252.14034 210.805
256.09290 194.516
258.14465 310.133
259.09134 270.995
259.10724 226.234
260.12354 526.881
261.15942 1949.75
262.16428 267.846
263.08786 15781.6
264.09061 1629.8
265.08267 759.458
267.10867 274.85
268.14136 941.631
269.12411 1316.84
270.14423 590.905
271.17880 272.935
272.10425 197.857
274.11993 216.498
276.13391 2058.22
277.13663 306.886
279.11600 1986.59
280.12003 219.624
285.14966 197.172
286.15091 3578.64
287.13120 237.754
287.15875 363.607
288.09967 253.561
288.20294 212.369
289.10043 287.535
290.14993 681.155
295.13849 285.272
298.14005 230.076
303.17792 1324.4
304.15775 243.659
305.09836 480.593
311.13556 640.102
313.15021 1064.9
314.15244 308.326
320.16092 358.834
329.14536 1345.84
330.18146 729.141
331.16147 546.893
337.18765 311.648
341.18024 325.974
347.15009 425.918
347.18365 242.663
348.19214 714.119
350.12100 232.924
355.16138 323.451
363.20908 223.581
364.15970 308.723
365.13391 497.098
372.19092 246.423
375.16391 226.375
378.16599 217.713
382.17126 1095.34
391.19592 288.735
392.20032 462.309
398.18042 272.519
400.18210 1963.76
401.18713 289.076
403.22964 292.259
408.22540 275.805
410.15628 3965.56
411.15945 729.278
412.14966 233.592
415.19943 219.641
416.19171 1778.49
417.19250 236.68
418.19193 732.515
424.21851 203.791
433.21918 2850.09
434.22162 628.671
442.23627 229.267
444.27771 199.296
450.24545 1849.1
451.24792 307.959
460.21652 336.989
461.21875 267.239
464.26154 322.809
476.21664 219.45
478.22861 306.502
479.22253 292.826
487.23145 293.694
488.24866 231.108
495.25809 346.766
501.24088 206.67
502.22348 213.185
504.25604 788.356
505.25339 312.133
513.27039 301.89
516.31348 565.963
521.28357 2326.91
522.28546 600.163
529.23547 635.879
547.24957 724.447
548.25421 237.064
565.26105 517.265
578.30396 357.11
588.27417 276.799
589.29724 214.008
604.32574 324.998
605.30487 636.826
622.33044 3651.78
623.33496 1219.2
629.39301 458.276
642.32892 275.489
650.34735 269.543
651.32825 242.385
660.33685 397.248
662.32532 222.214
676.34821 290.187
678.34039 323.444
693.36835 4030.76
694.36383 2230
695.35663 1566.22
696.37097 390.525
697.40649 426.548
736.37854 260.986
757.34698 848.226
762.38940 720.736
763.37646 494.364
774.38605 274.941
780.39862 7651.04
781.40259 2617.83
782.40656 662.251
823.40698 763.64
824.39832 375.737
825.40979 261.233
831.41278 515.367
832.40271 358.987
837.42114 548.676
838.42786 258.953
849.41949 1963.84
850.41437 1289.76
851.41412 311.546
867.43091 20598.7
868.43378 8412.89
869.43683 1604.42
870.44647 269.059
871.50067 652.339
877.40906 358.009
885.43994 207.735
936.49042 432.179
962.50543 1064.58
963.50287 642.777
968.47827 268.539
972.54669 1063.52
980.51544 8170.07
981.51691 3871.74
982.51862 899.816
1083.55615 389.031
1084.57751 214.478
1097.59778 248.558
1103.59082 565.895
1109.57385 815.667
1110.57141 552.617
1127.58350 6270.79
1128.58362 3485.02
1129.59033 1003.01
1174.62537 682.445
1258.62219 579.091
1259.62793 498.298
