2861.47109 4
110.07080 209.259
120.08036 1027.9
129.10193 1235.65
136.07552 2047.52
147.11256 366.69
171.14862 195.442
173.12816 344.646
185.16486 245.009
186.12328 527.412
201.12338 333.632
213.15900 202.575
216.09758 425.313
218.14969 552.933
237.12285 223.58
246.18117 304.877
247.10706 256.858
311.16534 297.641
313.27261 1714.09
314.27682 577.308
317.21881 341.619
329.17664 1084.64
330.18048 331.569
347.18683 192.039
385.20258 2473.53
386.20700 861.745
388.25598 386.492
403.21353 1314.25
404.21838 311.208
415.18237 245.938
465.76831 217.81
501.34027 360.641
508.26956 204.265
514.24664 413.022
567.40710 392.659
568.40692 253.806
594.31781 231.92
594.82465 206.214
603.32202 399.371
603.82019 264.141
613.31561 282.486
616.36823 500.94
623.43280 1396.12
624.43494 986.167
635.83881 416.139
636.33539 299.489
639.32574 342.54
641.44299 395.444
642.44482 536.436
644.84314 1143.69
645.34137 1057.54
645.84113 204.918
653.84668 949.409
654.34949 781.731
697.46167 241.04
698.47449 353.458
713.38550 285.815
713.88214 248.19
715.33447 289.414
715.45917 575.763
715.57391 271.434
715.84131 514.663
716.08942 344.011
716.33807 472.926
716.45068 692.93
716.85059 239.425
717.00549 244.542
717.31427 529.726
717.41180 271.193
718.37787 668.247
718.87512 430.871
727.38208 1063.11
727.88220 849.455
731.39105 1931.98
732.39032 572.704
745.41809 214.659
761.89349 918.728
762.39368 553.6
770.89868 934.599
771.39801 757.367
771.90027 281.713
779.41205 481.857
779.90643 291.287
803.35291 207.959
803.70166 233.305
808.69635 219.789
817.42188 247.004
825.92102 724.937
826.42249 1041.93
826.92310 395.224
830.46014 3803.62
831.46460 1274.45
832.47137 279.935
834.92590 1807.2
835.42841 1951.53
835.92834 1129.33
836.41949 238.218
865.41968 248.992
867.42249 494.443
908.44177 325.545
916.45831 610.619
916.96271 615.309
917.45398 310.858
923.97040 339.214
929.53064 1580.79
930.53094 989.875
931.53760 360.62
949.46167 242.423
957.97864 764.298
958.47626 1052.5
958.97522 562.494
966.98596 322.666
967.48401 464.307
1016.52429 231.334
1017.02112 226.69
1030.57800 1653.69
1031.57715 744.505
1175.63879 217.72
1193.64355 745.616
1194.64587 473.86
