1299.79985 2
110.07088 2299.84
112.08660 436.168
115.08627 416.806
116.07028 423.926
120.08042 2804.34
129.06641 273.438
129.10193 3598.39
130.08582 512.933
136.07533 4312.28
137.07832 265.499
143.11749 708.653
147.11243 872.902
149.07405 376.465
156.11227 233.375
157.10750 313.121
157.13336 656.59
158.09215 1204.97
159.09142 905.285
166.06062 247.597
169.09697 263.635
169.13312 929.646
171.11258 479.067
173.12788 415.187
175.11848 6962.93
181.09610 216.849
183.11301 290.744
183.14894 339.119
185.08977 259.054
185.12805 646.242
185.16458 598.656
186.12265 580.564
187.14406 746.132
197.12807 1055.44
199.07239 305.478
199.13293 227.494
199.17998 22779.6
200.18367 1776.55
201.08656 431.484
201.12250 668.127
204.13345 224.921
208.10797 380.039
211.14310 407.936
213.15952 361.155
215.13858 1032.94
223.15665 322.804
226.08188 257.257
226.11830 426.013
227.17494 19294.3
228.17944 1390.57
229.11766 308.689
233.12791 9488.81
233.16229 236.258
234.13220 975.096
236.10190 651.599
240.13319 445.32
242.15002 252.381
243.13339 1320.11
244.09174 612.404
249.15924 981.594
251.14911 532.94
255.14517 339.031
260.10583 779.844
261.12277 10598.5
261.16006 326.78
262.12570 1048.65
268.16345 237.666
271.17587 1359.09
277.15372 1218.87
284.19562 286.315
288.20114 922.532
314.16998 1704.79
315.17163 271.109
324.20605 253.92
326.24347 232.139
342.21326 1055.89
349.18628 269.248
356.21820 704.175
359.23920 4942.04
360.19128 502.886
360.24411 497.101
369.69919 310.234
374.20657 8275.17
375.20920 1233.46
390.24036 296.311
399.26031 257.426
427.25311 1257.8
428.25415 331.517
457.24304 298.5
459.29565 1005.3
470.27045 355.48
471.25406 753.893
473.27435 313.059
477.23538 482.525
487.29059 1580.47
487.78577 307.346
488.28198 3665.48
489.28574 627.814
503.24759 354.809
519.28302 256.384
570.31952 252.04
574.28461 750.805
584.34363 409.887
585.65314 233.527
588.33636 400.559
590.31641 663.134
591.32513 327.692
601.36481 7021.47
602.36780 1830.32
616.33203 1612.86
617.33307 325.314
630.32227 362.2
639.42810 298.049
650.35590 240.804
659.37939 463.24
687.36884 2135.75
688.37097 630.873
697.40240 701.766
714.44824 11775.7
715.45300 3345.27
716.45654 376.039
752.51117 347.468
766.41333 247.024
800.45709 340.055
860.49188 248.07
877.51221 10294.2
878.51300 4088.93
879.51886 596.1
956.55981 393.673
957.54126 986.716
958.54730 409.321
974.56311 23414.1
975.56604 10334.2
976.57117 1714.78
1073.63074 2426.48
1074.63416 1228.8
1186.71997 368.218
