2189.07035 3
117.10201 205.156
120.08044 889.069
127.08620 1389.34
129.10225 327.078
133.08534 233.414
136.07533 1744.28
147.11215 220.357
155.08099 3441.39
156.08434 184.616
159.07556 386.631
171.14867 190.411
173.12804 710.182
175.11836 1493.77
183.14841 555.56
184.07294 187.38
185.16463 505.624
187.10712 461.352
193.09616 275.521
199.17999 599.155
200.10228 284.432
201.12288 1187.27
211.14319 285.151
213.15877 495.466
215.10194 558.532
219.14914 248.763
227.17513 568.239
228.13344 908.091
240.17030 983.83
244.09206 1251.93
254.14922 226.667
258.14334 372.98
268.16476 3349.01
269.16788 458.266
271.14008 239.416
272.15891 256.826
274.18655 1014.74
290.14545 287.101
299.17096 189.271
314.17078 394.125
314.20670 647.245
315.20819 223.973
322.20956 279.551
324.22614 210.63
325.15106 296.75
326.13272 305.204
336.22668 342.203
339.23718 302.882
343.16003 2772.36
344.16412 288.594
353.25336 1414.19
355.19867 200.702
367.23120 223.817
381.24802 881.208
387.27078 547.035
389.21185 195.761
397.20743 216.739
414.23358 499.975
424.21579 226.207
425.19986 417.484
429.23877 206.892
435.29163 218.995
437.21204 761.046
442.22815 1025.29
452.31943 459.616
453.32684 192.627
456.24399 540.976
480.31430 374.093
486.33685 391.519
542.15204 286.467
561.23816 307.945
569.32727 351.079
574.27148 1165.02
575.27307 396.914
587.38782 1327.76
588.38770 229.078
608.83307 234.614
634.76843 558.032
635.27319 439.992
640.36255 253.758
645.30768 1155.43
646.31329 426.721
658.38403 313.806
667.30060 459.783
684.30579 439.306
684.80884 283.338
686.45361 1215.22
687.45850 315.078
701.32196 332.798
729.42474 948.799
729.55792 328.229
730.43225 715.717
731.26874 1532.06
731.43469 660.5
772.36322 306.448
776.34808 803.526
777.34790 348.865
786.43744 284.459
815.49670 1195.01
816.50513 326.517
830.36713 751.705
831.36694 305.618
839.46271 235.204
843.39178 411.31
846.38702 294.079
846.86725 469.515
847.37476 456.33
857.46936 612.412
858.47705 236.101
901.50665 283.417
905.39209 1250.21
906.39398 451.026
956.55743 208.086
971.49396 299.855
978.56042 478.001
979.56409 279.511
993.42896 775.09
994.43475 303.038
1020.41663 1604.54
1021.41803 594.973
1022.42133 213.461
1031.55481 217.236
1032.55090 508.143
1033.55884 394.822
1035.58276 1794.82
1036.58850 733.591
1084.57288 315.702
1106.63562 1003.66
1107.63599 539.158
1121.46326 2712.03
1122.46509 1625.22
1123.46851 529.193
1145.64307 216.483
1146.61060 217.088
1219.59924 372.331
1220.59558 283.141
1234.66333 728.101
1235.68945 475.848
1250.53418 216.527
1268.53186 4016.72
1269.53467 2928.23
1270.53210 1161.69
1271.51953 251.478
1333.73181 236.032
1367.59912 2264.03
1368.60388 1519.02
1369.60071 686.359
1466.66455 463.886
1467.67737 392.956
1581.69775 792.827
1582.69910 540.825
1583.71143 256.187
