2229.10112 2
110.07035 919.818
116.07069 537.279
129.10193 9702.43
130.08577 1981.83
136.07538 6143.16
147.11247 6951.27
153.10216 980.393
169.13300 1007.82
171.11244 1220.06
173.12753 858.677
175.11852 876.293
181.09677 1840.66
185.09009 480.305
197.12775 1109.81
197.16429 1313.71
199.10727 2565.35
201.12294 1022.31
209.12872 822.913
214.19182 689.085
215.13795 824.697
224.17494 1125.79
225.15959 1107.34
226.15454 6376.26
227.14024 512.358
233.09138 696.68
238.11821 1022.39
240.13257 615.662
242.07700 1039.44
242.14926 717.483
242.18593 3374.05
244.09538 681.321
244.16496 30994.9
245.16847 3348.9
251.10193 3019.97
256.12738 987.432
264.13382 3654.17
276.16895 535.216
279.09683 1876
281.19601 1057.06
282.14413 5915.06
283.14825 691.515
283.21237 555.09
293.19672 1734.16
294.17905 664.471
299.16797 497.87
300.15399 2487.38
301.11356 747.58
302.11453 1041.84
311.20706 3109.68
316.15018 2256.79
320.12350 1604.36
325.18768 1162.47
325.21622 559.723
343.23203 2083.53
348.11826 705.275
353.10843 806.919
353.21716 1309.24
355.16245 1190.88
355.26663 561.172
357.07849 561.18
363.20172 603.624
366.12799 874.026
368.22849 641.71
370.13495 4226.85
371.13660 544.14
371.22714 1374.16
381.21170 2687.52
382.21436 606.264
395.22739 846.768
398.13095 939.145
399.22180 2722.49
417.14035 1392.95
417.20032 621.521
419.19293 587.687
427.18051 542.437
430.26486 1377
435.14929 1428.83
438.19659 783.168
450.23532 1546.33
451.21542 516.827
453.20914 1171.97
455.22256 832.367
456.31329 540.201
465.24435 2022.58
466.18970 987.636
468.11166 1124.72
468.24344 1040.38
478.22726 1414.84
479.21854 698.88
483.21140 2588.65
483.26025 3789.75
484.21091 742.365
484.26590 852.763
496.23578 2683.58
497.23935 1203.55
500.28235 1138.85
509.75171 635.459
514.24927 13314.9
515.25146 3430.07
517.29700 2027.71
534.21594 1252.48
548.23303 885.551
549.22528 839.629
562.24420 566.623
566.25018 3570.37
567.25574 1028.51
568.30829 821.562
579.27515 788.146
581.23804 1826.27
583.31842 636.429
584.26288 1109.72
593.30072 1396.92
594.29163 2090.93
595.35187 584.651
596.29376 1548.13
597.29846 722.231
598.25623 857.799
610.32996 1050.67
610.83862 790.84
611.31238 3758.81
612.31940 1174.4
627.33374 1032.46
628.33557 662.139
649.31921 1511.05
650.31537 578.864
659.30408 1428.08
677.31262 2436.77
678.31696 1077.39
679.32684 1831.06
679.40204 808.625
680.36115 2554.36
681.36469 690.661
694.34924 527.417
696.40240 4320.62
697.32611 1064.78
697.42664 925.995
706.39014 1208.82
707.37592 1154.16
709.28973 1333.07
714.42511 575.368
724.39716 5036.15
725.40527 1845.72
726.40625 577.155
728.30945 533.497
746.32501 1119.18
764.33545 1329.87
789.42828 580.418
790.41101 1395.06
792.44720 604.565
793.41278 609.024
794.37982 1211.3
795.38568 1787.26
797.34027 549.623
807.43591 3514.8
808.42999 1611.17
810.42981 921.499
815.35486 2325.24
816.36560 834.724
822.37042 1928.95
823.37665 1036.98
825.44598 3587.06
826.44666 1664.36
833.36499 2057.08
834.36676 878.71
851.37848 805.079
892.52795 740.153
893.52173 951.755
894.50916 833.912
903.49622 1042.42
905.40686 2969.91
906.40875 1395.61
910.53369 2384.17
911.53986 1209.19
914.41968 1020.72
920.51849 4698.66
921.51398 3422.5
922.53870 645.494
923.41113 1322.16
924.42328 545.176
932.43085 1562.98
933.43756 741.771
938.52820 12024.9
939.53180 5419.79
940.53613 1264.23
950.44434 581.185
956.53650 926.325
1008.51147 790.452
1009.51636 540.996
1018.49213 3231.43
1019.49176 1582.51
1036.50317 4978.49
1037.50305 1923.43
1038.50830 723.196
1114.56519 539.223
1115.57910 541.347
1118.61499 669.296
1136.62769 912.423
1193.60376 3147.88
1194.60413 2041.18
1195.60706 821.383
1216.59692 633.979
1219.65869 928.453
1237.67688 543.051
1306.68933 774.41
1407.74829 722.541
1451.77930 1165.12
1452.78198 1093.25
