1521.67742 2
110.07108 1093.08
112.08683 373.915
115.08624 808.214
116.06981 337.226
118.03210 328.486
129.06725 363.676
129.10204 19363.1
130.04988 625.065
130.08604 3297.86
130.10516 1071.45
135.05835 313.408
136.06148 2351.87
139.08630 868.595
141.10196 424.182
147.11261 5385
148.11578 326.163
155.08145 638.614
155.11766 1938.62
157.09772 315.419
159.07635 336.513
167.08093 1227.5
167.11777 429.751
169.06035 853.202
172.14430 757.54
173.05531 312.249
173.09184 1871.88
175.11877 1001.06
181.06044 275.077
182.12862 1742.88
183.11250 1899.53
183.14886 2043.38
185.12840 404.417
186.08646 313.076
187.07069 1322.59
192.04117 328.389
195.07610 901.137
195.11246 1973.81
198.12227 558.92
199.07138 679.26
199.10748 672.827
200.13904 2342.82
201.08675 2323.88
209.09117 561.503
211.14391 1288.11
212.13783 501.913
213.08723 298.302
213.12314 2240.58
217.08221 442.77
218.14995 381.941
226.11832 4593.77
226.15356 409.803
227.06573 609.777
227.10284 1066.11
235.14445 287.585
238.15491 317.22
240.09895 306.476
240.13348 1090.78
241.08099 869.365
242.18678 311.515
243.14568 569.815
244.09218 1508.01
244.12822 471.116
244.16510 1381.55
245.07729 756.684
250.11775 1434.63
252.13483 379.912
252.16949 403.559
255.14549 428.798
258.10791 1822.41
258.14304 600.59
259.09134 485.839
260.19623 1516.02
263.13773 489.118
264.06284 803.822
266.14825 604.643
268.12811 451.05
270.10745 441.06
272.17282 286.628
278.11310 1159.2
280.16455 1427.11
283.17578 790.212
284.12357 432.114
284.15747 362.525
294.14468 988.235
296.12396 773.353
298.10251 884.435
301.18768 524.859
311.17114 2897.87
312.04871 16360.1
312.15030 830.019
313.05310 630.439
315.12903 561.744
316.11304 1349.37
318.14835 480.205
323.17017 355.005
327.16617 343.574
328.11276 795.389
329.18079 2038.53
330.05963 1003.17
337.14999 863.155
338.13196 376.252
339.23981 473.55
342.12906 552.556
345.21442 392.501
349.15167 355.451
351.16562 381.04
355.16022 4643.68
356.10950 295.063
356.16626 672.44
357.24887 4937.46
358.25220 962.193
359.15567 444.6
363.19678 489.936
368.19348 502.757
369.14828 548.266
370.69687 397.06
373.14063 390.49
379.15976 830.892
381.23187 304.937
386.20200 975.869
387.15167 1783.56
394.17328 309.249
399.15128 700.806
407.15543 1049.78
408.15906 348.783
408.25977 785.059
409.24136 1000.01
412.18204 376.11
414.94064 333.174
416.18143 300.142
425.16080 308.954
426.27069 3741.67
427.27451 924.361
429.94019 556.38
438.16586 300.182
444.17288 387.4
444.27753 402.511
454.26498 439.382
455.23462 660.148
455.73880 333.364
455.96860 1505.9
456.20871 428.305
463.94458 2365.95
466.19189 844.142
467.17432 308.58
469.24094 982.909
470.18161 310.291
470.22681 335.877
479.22934 376.027
480.94720 1012.47
484.20264 2910.24
485.20532 484.971
487.25223 1680.53
488.25302 317.222
497.23520 1184.75
498.22183 695.736
502.21344 381.236
504.27304 360.95
505.20361 406.627
515.24469 4792.58
515.97577 3126.5
516.24988 1165.78
523.21637 547.656
524.24689 658.865
530.99902 1109.48
533.98572 410.04
534.99316 338.906
535.21313 597.595
536.19806 1210.95
537.30188 3059.69
538.29572 799.076
541.22534 913.807
549.00507 400.223
553.22449 2870.33
554.22992 920.024
555.31207 4142.74
555.74609 362.901
556.31232 1079.4
559.75604 448.044
560.25635 358.668
568.76434 1037.53
569.26630 573.581
571.23444 787.968
575.31616 378.247
580.99957 474.88
592.01770 331.259
604.27039 329.934
612.30731 387.327
622.28149 1168.77
629.32843 351.326
645.04211 1189.25
650.27655 2007.57
651.27875 584.18
652.25513 377.414
666.34808 1280.55
667.35510 411.223
668.28717 702.578
670.26813 399.004
672.37219 602.027
673.37671 390.358
684.35571 3056.18
685.36029 1167.49
712.35870 1316.04
712.85760 1060.32
713.37036 456.418
723.34259 568.974
735.36761 848.564
736.37207 309.05
740.36084 2084.72
741.37982 361.437
745.36646 1681.04
746.34314 343.153
760.26086 463.709
762.39410 358.345
763.36102 1914.7
764.37164 536.034
781.37177 609.046
794.40594 664.257
795.38757 1600
796.38843 704.77
812.41425 754.871
813.41736 423.864
814.38965 540.505
822.39990 572.777
823.38507 404.145
824.38409 666.19
840.41150 471.744
841.41046 497.435
842.38922 2715.63
843.40210 330.499
851.38806 329.281
852.38062 331.228
856.42078 335.629
869.40033 1555.71
870.39716 877.51
873.43231 330.715
874.43427 922.704
875.43628 515.616
891.45520 1903.97
892.45905 1149.09
893.45471 688.579
909.46588 16101.5
910.46912 7247.82
911.45984 3177.51
912.45587 358.887
927.47925 1567.4
928.48242 705.007
929.47095 468.223
998.43835 412.908
1007.44141 1787.5
1008.44128 747.991
1020.49768 674.138
1021.49359 477.007
1038.51636 408.406
1039.51501 462.076
1067.46167 1517.18
1068.46582 950.982
1077.52002 506.132
1078.48438 343.759
1085.46594 333.284
1095.53076 3182.61
1096.53235 1646.81
1097.53638 578.99
1113.55029 410.498
1116.49194 385.088
1193.50720 401.102
1206.56006 1285.83
1207.56665 1045.76
1208.55579 383.074
1224.57288 2153.27
1225.57275 1702.59
1226.57800 421.922
1277.59863 1000.9
1278.60596 571.642
1295.61133 2785.17
1296.60950 2274.12
1297.63037 653.084
1313.61438 424.004
1314.62061 331.016
