1620.86899 3
110.07109 4751.21
112.08696 622.031
115.08612 378.27
116.07045 483.64
120.08060 14981.4
121.08390 1460.45
129.06754 329.374
129.10211 18163.8
130.06493 5120.01
130.08614 559.71
130.10487 885.498
131.06798 483.319
132.08061 1918.37
136.06168 6248.05
136.07556 8534.69
137.07947 569.288
141.06560 318.328
141.10185 323.08
143.11745 932.71
147.07622 338.506
147.11272 1167.82
155.11787 522.302
156.11375 394.672
157.13380 386.299
158.09195 1719.22
159.09148 22011.5
160.09479 1975.73
165.10229 530.879
170.05984 2214.28
171.11235 929.594
173.12831 339.997
175.08627 2524.18
175.11874 8360.02
176.08928 327.453
176.12210 556.124
183.11226 576.308
183.14922 1208.59
187.08636 2100.64
187.14423 396.766
189.08675 553.699
191.11769 3051.14
192.12186 387.508
197.10336 444.004
197.12939 347.574
197.16479 442.927
201.12285 885.546
209.09184 627.894
211.14407 750.296
214.09703 521.562
215.13910 525.568
217.08180 1412.69
219.11285 838.261
221.64212 2112.75
222.14415 501.646
225.09845 1880.72
225.16013 503.099
226.11806 2252.63
228.13348 677.675
229.11771 654.364
232.14055 753.37
235.10408 425.49
240.13356 980.117
242.18628 2214.5
244.12856 2722.46
244.16650 378.488
245.13458 351.507
249.16081 363.241
252.07597 707.7
252.64050 358.04
253.09523 432.014
257.09283 393.947
258.14301 395.315
264.64279 521.896
265.11743 605.894
269.13977 1035.58
270.12387 3734.08
271.12567 727.545
271.17648 2652.85
272.12219 481.5
272.18018 337.807
273.13589 421.056
274.12003 466.781
280.10687 675.353
286.13913 342.479
286.67377 423.066
287.15024 1164.5
288.20248 14799
289.20609 1759.99
293.11243 723.956
293.68115 413.113
297.13489 1187.1
298.11716 1084.71
298.67413 519.53
300.15521 435.196
301.12994 569.55
306.15952 2321.74
307.16180 387.379
307.67834 564.733
313.67996 356.453
315.16650 456.007
322.19232 1153.49
323.17136 928.362
327.20334 342.591
328.16644 443.809
330.16501 580.394
334.15479 1701.29
335.15710 356.42
336.13010 601.404
337.16849 7538.55
337.67017 2587.86
338.17105 452.527
339.20236 735.441
343.21799 3298.52
343.71918 1288.87
345.22391 1084.69
345.68182 913.673
346.18295 453.079
354.13690 637.121
355.16132 1629.86
356.22501 554.677
357.21271 2914.41
357.71310 367.25
370.22104 1290.24
372.22363 882.504
373.17120 2071.69
374.17227 430.829
374.23810 348.952
378.73416 4985.97
379.23553 1734.28
379.73788 607.575
381.21490 681.261
382.21307 592.343
385.15128 645.853
385.20700 510.748
387.21432 439.626
388.16040 709.747
392.73050 1090.35
393.17151 2878.94
393.23618 399.76
393.67181 766.47
394.24371 743.811
394.74539 370.968
395.72562 711.882
398.16434 712.67
399.23370 934.419
400.21259 418.836
403.16013 446.187
407.16928 3278.96
407.67084 1269.79
408.16833 368.636
408.23584 1301.48
408.73602 454.849
416.75024 975.957
417.24582 5987.62
418.24823 1176.85
419.21362 551.864
424.26382 610.148
425.25006 1237.45
428.24902 1240.67
429.75735 1237.61
430.25693 411.603
430.74774 509.872
438.48419 533.645
442.27631 11801.7
443.28052 2374.95
443.75470 1726.56
444.24561 1398.99
452.26797 3635.14
452.77060 2453.08
453.27228 732.399
454.22586 379.785
456.24777 573.685
460.19086 457.092
461.24194 359.277
463.26163 748.537
463.76343 1984.42
464.26456 995.124
466.26782 477.434
469.23993 450.041
472.24045 1263.81
473.24063 455.808
475.19931 523.5
483.25522 1078.44
484.26520 479.928
485.30756 1242.86
486.26486 960.407
487.24789 1269.6
488.70026 1616.62
489.20621 1576.52
490.79129 373.787
491.04059 450.321
491.28644 1493.27
491.78775 1688.75
492.29083 455.594
499.18481 404.867
501.26566 636.005
504.27710 44142.3
505.27936 11556.8
506.28250 1655.87
507.27982 1308.81
507.78046 566.85
515.28223 1021.71
516.29205 412.779
517.20215 823.97
522.79889 635.889
524.21655 1402.77
524.71826 583.217
525.26544 367.439
531.77124 359.998
534.59644 816.72
534.93048 438.203
536.79358 930.166
537.29883 630.743
539.25238 1212.71
540.26697 1277.63
541.25269 563.254
543.27850 1644.09
544.27246 1000.4
545.30847 1162.44
545.81036 422.945
546.31201 416.683
546.91132 650.993
555.36053 3345.79
556.36017 1029.25
559.28625 733.017
562.79999 672.508
564.92297 370.285
570.22180 433.047
571.79974 566.817
572.29010 570.093
572.36096 482.738
574.28748 480.138
575.31812 735.63
582.33331 354.817
588.24426 464.164
589.24005 1089.31
590.24536 501.824
591.27374 408.607
594.33441 440.521
596.33972 3124.78
597.34369 1093.63
600.33453 1869.29
601.33655 411.065
603.31348 500.855
614.35101 2763.05
615.35706 1031.42
626.39813 7628.11
627.40167 2812.36
628.34430 705.407
628.84290 495.619
632.83936 759.212
633.32916 385.292
637.27930 526.084
643.37982 724.539
645.33197 560.52
652.27112 494.602
653.33698 917.871
653.83673 1227.6
654.33551 583.889
656.29956 585.834
658.25995 1353.93
659.25916 450.955
662.35022 922.646
667.37775 764.214
671.37305 3691.32
672.34906 1652.36
673.32965 2064.89
674.33289 555.788
676.27075 1531.85
677.27411 768.283
680.26385 461.182
681.35193 746.336
685.38458 2499.98
686.39111 756.23
690.35547 44565.7
690.82977 461.621
691.35779 15948.9
692.36053 3197.64
693.36365 579.771
695.41193 727.74
699.36163 642.741
704.35419 516.619
713.41290 3069.42
714.40985 712.529
722.89423 799.761
728.38147 1064.12
728.89081 370.042
738.91675 758.277
739.43311 422.065
739.90253 401.352
740.90448 1848.03
743.41144 378.307
745.39746 475.206
745.89441 403.131
746.39362 666.875
747.39288 422.737
751.29816 569.116
754.39764 2558.52
754.89984 1593.47
755.40167 1254.48
756.46906 919.779
757.47589 453.892
761.41644 1616.24
762.42438 582.698
766.44629 1291.22
767.44391 697.473
768.47742 572.563
773.41339 422.026
784.45575 8371.65
785.45880 3673.34
786.31403 607.407
786.45776 585.083
789.46191 8069.26
790.46051 3582.76
791.48438 886.947
794.43298 408.694
796.30219 463.485
800.43866 707.442
803.43390 451.729
813.32813 997.945
814.32617 1335.79
815.34741 512.559
815.45239 616.933
817.44568 802.17
818.44312 3282.14
819.43323 1690.64
820.41248 652.841
832.45233 1658.86
833.45251 787.789
837.42303 18998.2
838.42639 8769.42
839.42908 2282.39
846.44214 528.174
860.48578 907.936
861.47864 527.497
876.42303 485.587
903.53241 1093.39
904.53333 458.758
908.46045 9691.71
909.46387 4959.27
910.46606 1285.93
911.47473 365.663
913.51526 1027.31
914.51208 482.781
925.51678 536.262
926.52368 742.405
931.52271 8358.99
932.52380 4166.12
933.52838 1163.35
970.54022 451.082
977.37610 1069.24
978.36389 427.106
989.52100 415.205
1007.52942 3905.38
1008.53278 2362.31
1009.54462 686.82
1013.54639 872.61
1014.54840 544.256
1048.41321 828.647
1049.41357 714.785
1118.58069 392.302
1136.57080 3277.46
1137.57471 2317.84
1138.57617 631.004
1379.71667 448.843
