3206.48574 4
115.08659 409.251
120.08053 556.012
129.06570 874.861
129.10194 722.265
136.07549 559.458
141.10149 382.117
143.08144 854.705
147.07619 2514.31
147.11301 766.057
157.06070 2707.73
159.09070 411.725
169.09731 502.737
173.09236 863.634
175.07118 4632.16
175.09027 404.7
175.11870 1360.05
186.08662 892.179
189.08710 623.809
199.07150 1151.72
201.08679 2812.64
210.02583 447.053
212.10271 437.086
214.11792 572.262
216.09723 446.566
217.08179 2192.41
218.14981 692.882
226.11935 794.279
230.11292 686.714
240.13370 924.817
244.09348 382.264
254.11365 781.354
257.12463 967.518
258.09177 943.566
260.10635 1106.27
268.09201 416.865
270.10837 768.058
272.12369 965.04
283.13980 539.191
284.14099 432.84
286.10312 8765.84
287.10669 1127.92
288.11948 1495.43
297.15515 385.216
299.13556 440.355
303.14703 480.678
304.11353 5223.23
305.11917 494.535
311.17145 1504.59
314.17017 411.011
317.19296 1016.91
325.15033 1038.04
328.16165 974.096
330.12848 788.879
330.16544 461.299
331.14050 586.508
333.19110 457.095
339.13089 537.899
341.14542 762.111
347.15692 409.025
357.14035 2933.42
359.15442 686.068
371.17386 1457.81
375.15079 4884.79
376.15500 1021.19
383.15656 498.892
394.17325 487.345
396.26022 715.377
400.18936 566.558
401.16455 1527.15
410.16660 1778.41
412.18259 643.518
418.19482 1160.94
420.22046 552.65
424.25455 1334.1
425.26025 438.619
428.17783 3391.96
429.17783 449.258
444.24661 714.282
446.18842 4112.7
447.19147 824.375
472.20804 421.473
481.20334 1096.18
484.25836 794.799
485.21652 518.98
489.23309 408.55
498.18411 627.754
499.21472 2000.29
507.30969 416.896
517.22504 1802.89
523.24731 417.971
528.22089 588.715
531.62378 870.292
531.95551 653.461
533.30438 529.705
546.23444 933.491
555.79468 2189.73
556.30115 1307.02
568.96533 400.613
588.29614 1190.72
588.79602 972.204
596.22815 482.558
598.29724 440.414
601.31787 1660.92
602.33185 489.908
613.25403 775.901
614.24121 1223.54
615.24921 465.333
617.30463 536.946
622.33472 836.119
627.29260 842.015
628.28448 530.058
631.26349 905.477
637.80426 409.31
638.31274 427.097
644.81458 1506.84
645.06006 1053.48
645.30518 2501.23
645.56653 822.359
645.81836 652.07
646.31091 755.955
648.36823 6524.98
648.86511 4586.75
649.37378 1677.55
657.37030 756.461
657.87427 743.526
668.99304 718.456
669.32904 1330.46
669.65656 825.047
673.32813 532.766
673.82336 458.345
674.39771 7687.93
675.01538 409.906
675.40167 3150.3
676.40729 477.253
697.35236 20884.2
697.85297 15115.4
698.35364 6234.73
698.67560 416.134
698.85773 1700.07
699.35022 514.488
700.28229 413.744
708.35004 576.8
710.35724 471.504
726.35950 458.007
736.02362 830.468
736.35730 1440.51
736.69397 534.629
740.37421 483.885
744.36652 1092.65
744.85388 581.831
745.36920 777.029
748.39526 910.615
753.35175 958.449
753.86145 1675.05
754.36127 1014.4
754.85779 650.047
761.41498 2483.72
762.41974 933.262
766.42603 790.268
769.38806 643.664
769.74585 480.715
773.38654 515.842
773.71008 697.604
774.05176 640.201
774.38983 886.378
777.38196 1073.79
777.62494 597.003
777.88025 674.881
778.12024 475.587
778.37354 543.618
778.62549 440.357
792.91406 1055.78
793.42065 1565.15
793.92139 1020.9
794.41522 1158.11
795.39703 857.21
796.39319 526.174
796.93091 2237.67
797.43823 1948.04
797.83868 526.136
797.96448 624.299
798.12811 748.547
798.37213 1822.73
798.62708 740.705
798.87952 1232.07
801.46326 1678.27
801.73212 1344.28
801.80310 1084.14
801.95709 6378.48
802.41742 7518.5
802.74286 3665.49
802.89655 2996.94
803.39026 8396.05
803.89587 4010.09
804.40833 1538.11
821.08820 736.28
821.40912 612.957
826.75690 5683.93
827.08771 8901.85
827.42157 6517.45
827.75378 3765.89
828.07922 1649.26
828.41327 1054.65
832.75806 521.677
833.09143 1027.58
833.42975 584.375
841.39349 778.632
841.89990 2982.43
842.39496 2408.44
842.89435 1236.7
843.42743 704.355
853.41956 1394.96
853.74719 1931.99
854.08344 1648.82
854.41077 1263.83
854.74725 602.709
859.11401 758.249
859.41595 28447.7
859.74969 38153.3
860.08252 28204.9
860.40552 12900.4
860.55609 1401.94
860.75012 5481.45
861.08502 1953.27
861.48883 1967.5
861.95142 849.653
862.48694 644.191
863.40601 621.92
864.77148 2854.69
865.10358 3415
865.43872 3079.22
865.77368 1630.41
866.11469 689.24
866.43591 425.052
868.43170 489.096
871.45319 623.702
875.44989 511.874
882.77002 736.714
883.09692 453.189
885.96460 897.937
886.44855 1185.72
886.75964 548.249
886.96143 560.381
887.49713 603.123
888.45105 2578.67
888.78436 4026.98
889.11755 3587.89
889.44647 1573.79
889.78644 939.856
891.42877 2338.72
891.76056 1932.18
892.08728 2008.99
892.44019 5069.22
892.75928 1048.87
893.09192 718.244
893.45117 1989.8
894.44763 1230.55
894.79144 802.18
895.45313 785.955
897.42902 11810.5
897.76312 16266.2
898.09790 12978
898.42914 6799.23
898.76770 3000.3
899.09784 556.316
901.08783 875.757
901.42200 1391.38
901.75568 1163.67
902.07416 440.631
902.41473 477.372
902.93420 2269.53
903.43671 1753.99
903.93579 1249.78
904.44507 696.943
906.80524 502.86
909.43103 592.08
910.44165 465.552
912.12823 2696.9
912.46503 3745.35
912.79590 3243.37
913.12958 1630.97
913.46155 1305.72
915.09692 620.91
915.43701 1665.3
915.76691 921.5
916.09845 939.428
916.43353 903.86
918.46191 460.179
918.96564 698.11
919.47186 1026.54
919.96594 554.766
921.10870 12323.7
921.44257 19698.3
921.77582 15061.8
922.10834 8616.02
922.44086 4431.4
922.77637 1053.02
924.77307 1005.08
925.09753 1436.82
925.43262 1265.78
925.76300 763.367
926.07947 515.681
926.43445 646.958
930.43927 433.255
934.94940 2605.75
935.45233 2956.9
935.82874 2142.7
936.13989 3502.97
936.47467 3070.64
936.81311 1302.25
937.13562 689.967
939.11670 902.017
939.45044 1132.96
939.80389 469.381
940.11456 696.453
940.45239 594.954
944.78552 9276.92
945.12073 15691.2
945.45636 13117.4
945.78870 6383.76
946.12402 3358.29
946.46338 1356.91
947.47595 3088.47
947.97827 2911.31
948.47552 1716.49
948.78003 499.221
949.00195 624.781
949.45251 600.149
954.49866 1021.39
954.99414 1116.42
955.50116 714.63
955.99219 524.388
959.55286 6801.38
959.95728 1311.27
960.42651 676.956
960.56763 2500.52
960.95300 1028.22
961.56891 603.019
962.48584 777.933
962.79883 891.485
963.12067 1814.37
963.46649 1857.48
963.78656 643.067
964.11469 496.149
964.46985 712.236
968.46625 6764.71
968.80023 11699.5
969.13422 10167.2
969.46777 5767.81
969.80127 2256.64
970.12305 649.475
972.42371 1069.97
972.80450 444.419
973.14648 570.272
973.42975 707.354
979.16046 783.033
979.48712 506.874
985.48340 606.54
995.47485 1051.63
995.97382 1416.12
996.47321 1152.62
996.98822 538.091
998.00537 2700.49
998.50464 2275.19
999.01282 1746.41
999.49823 575.88
1002.49103 461.395
1002.99164 1248.4
1003.48480 3681.91
1003.98029 3319.35
1004.48022 1717.31
1005.47803 939.64
1005.80951 1535.64
1006.14453 1406.42
1006.47595 1247.21
1006.82141 711.116
1008.48859 630.625
1011.49329 3016.97
1011.82495 2721.73
1012.12030 1940.81
1012.48737 2235.78
1012.81262 463.516
1021.48804 538.373
1030.99463 1122.91
1031.49500 1479.04
1032.00879 771.828
1037.98047 691.623
1038.50525 623.483
1046.99414 6065.62
1047.49414 5448.62
1047.99792 3349.53
1048.49658 1427.73
1048.99866 438.993
1050.56030 651.136
1051.57739 869.304
1052.55261 473.242
1054.54297 1378.73
1055.05212 1496.05
1055.55615 1067.59
1056.05859 507.359
1058.62195 2915.29
1059.62805 1569.56
1060.53418 444.108
1066.51208 1073.76
1067.01587 869.355
1070.39136 902.831
1077.51355 758.01
1078.52673 576.046
1079.53333 512.326
1085.52576 585.173
1086.50720 692.736
1101.54285 451.262
1102.54321 690.267
1103.53625 3230.42
1104.03650 3354.86
1104.54041 2145.09
1105.03906 995.159
1111.10559 521.664
1111.59155 997.589
1122.58643 1157.23
1160.07532 1161.81
1160.58240 1571.71
1161.07556 1121.32
1175.59790 1777.02
1176.59302 2099.36
1177.58704 834.167
1178.61145 2027.37
1179.62061 4251.9
1180.61938 1551.32
1183.53967 3339.86
1184.54077 2033.62
1185.54395 806.052
1186.69458 1261.97
1187.69739 870.447
1189.55994 428.217
1191.59680 597.733
1220.56616 457.803
1239.62524 1527.6
1240.12769 2347.48
1240.62756 1750.03
1241.11194 869.638
1241.61279 484.447
1273.71252 2150.59
1274.72119 1205.72
1275.72607 521.329
1276.53931 721.431
1280.59729 460.539
1288.61902 3121.52
1289.11853 4611.15
1289.62073 3355.95
1290.11853 1872.65
1290.62756 653.62
1291.68958 516.797
1292.69751 1041.18
1297.57117 1364.78
1298.58411 680.347
1299.58069 478.777
1368.62427 1635.18
1369.62000 1195.93
1370.60193 474.827
1393.70081 656.526
1394.72656 547.704
1401.77612 650.83
1402.77271 441.734
1439.65784 1166.99
1440.65759 805.878
1510.70117 811.818
1511.70361 480.919
