1729.90921 3
110.07119 1137.09
120.08076 29623.4
120.09911 235.448
121.08405 2760.5
129.06628 954.358
129.10229 10258.7
130.06474 632.264
130.08617 1553.9
130.10536 579.106
131.11823 338.02
133.04317 241.95
133.08598 401.189
136.07574 2218.85
143.11792 887.201
147.11284 4036.69
148.11574 229.2
155.11845 319.63
159.09161 1404.81
159.11261 486.251
165.10233 932.085
166.06190 291.996
171.11281 933.743
173.12843 1022.45
175.11896 1556.44
183.11263 606.685
185.12888 229.96
185.16512 565.62
187.10747 390.534
187.14400 814.219
191.11789 325.947
195.11293 665.58
196.14453 309.944
197.12839 1766.89
197.16425 483.178
199.07101 240.698
199.18033 667.835
200.13976 302.797
201.12323 1565.63
204.13356 281.875
205.09682 471.985
207.11244 528.461
209.13873 208.881
212.13931 705.06
213.12416 214.375
213.15994 315.756
214.15472 820.655
215.13913 1385.53
217.09689 2055.42
218.09990 193.293
219.15005 221.324
220.10822 308.021
223.10838 197.062
224.13962 209.872
225.12347 196.467
225.15997 273.255
226.08229 1046.1
227.06760 233.907
227.17542 369.963
228.13504 706.458
229.09312 189.171
229.11797 257.49
230.14999 2432.54
231.14876 361.009
233.16495 1871.05
234.12355 748.499
234.16805 264.75
235.10765 5914.68
236.11171 647.438
237.13495 1141.21
240.13412 1034.58
242.15048 777.775
242.18661 2363.69
243.18997 270.446
244.09274 2009.07
244.16525 262.699
245.09290 516.632
248.16037 11237.3
249.12303 219.971
249.16319 1130.06
250.16783 193.813
258.14407 765.3
259.11069 206.505
260.19653 251.573
261.15970 772.026
262.11871 903.318
263.10248 6791.58
264.10596 849.728
268.12952 946.082
270.18063 463.511
271.65170 316.803
274.12009 343.666
276.13394 2860.04
277.13718 495.71
280.16595 267.379
284.16031 766.985
284.19620 311.451
285.15692 606.427
286.13882 642.571
293.17905 198.059
293.22256 212.183
293.67017 255.714
294.16284 2905.07
294.66446 795.669
296.19739 298.938
301.13101 271.385
302.17035 1216.85
302.67630 6762.15
303.17783 2102.29
303.67938 338.568
304.16415 309.257
307.66870 839.057
308.15976 1190.23
308.66205 476.3
309.15527 358.381
312.15488 239.178
313.22171 193.222
314.11313 204.248
316.67355 3153.81
317.17456 1079.25
317.67703 217.419
318.18359 341.358
322.13867 314.928
325.18686 5955.04
325.68845 2260.54
326.18839 368.146
327.16647 442.67
327.20694 493.177
328.12878 1028.43
330.18146 1667.32
331.16000 246.012
331.19092 229.637
332.12415 3968.51
333.12866 564.249
333.19318 454.558
336.70837 395.258
337.14923 237.125
338.18375 415.449
340.67377 1317.21
341.17548 526.218
342.17999 297.947
343.23361 635.88
344.19684 785.819
345.15509 932.876
345.20450 199.282
346.13495 259.258
348.19305 593.242
349.19000 242.982
349.67920 2683.78
350.13455 3293.21
350.18021 1148.07
351.13876 710.879
353.21832 1836.19
354.67154 496.287
355.16187 886.724
356.12411 417.151
357.70123 253.712
358.19348 874.07
358.69202 383.282
359.21948 324.931
360.23553 408.949
361.24429 5061.48
362.24759 846.581
363.67651 1862.26
364.17938 681.803
366.70483 902.817
367.20673 555.834
369.17474 216.507
370.24454 211.306
371.22894 1433.07
371.69687 402.11
372.19034 3848.43
372.69119 1082.99
373.15060 2426.27
374.12158 218.455
374.16068 412.35
376.18631 1636.63
377.19312 1035.95
380.70303 3247.83
381.20621 1249.29
381.70108 301.897
382.17529 413.966
383.15439 755.988
387.20709 276.223
389.22025 602.301
390.17685 1897.72
391.15869 1976.56
392.16309 523.643
395.22937 273.371
398.24081 227.293
400.18378 1687.62
401.18427 318.419
404.21802 262.055
406.22134 900.953
406.72440 283.754
407.23132 248.045
408.18716 648.546
410.17081 1992.24
411.17133 403.841
412.25925 200.108
414.21185 326.92
414.73495 1600.94
415.23438 534.425
415.73917 203.676
417.21503 464.693
418.21564 209.014
423.25055 393.046
428.17932 329.849
428.73181 381.258
429.22379 1109.28
429.72610 431.959
430.26520 1109.09
431.23007 868.909
432.22665 578.994
433.16757 220.46
433.20386 213.058
435.22116 317.149
437.24838 297.44
439.19666 306.121
440.25150 427.219
441.21429 378.914
445.20856 4087.08
446.21021 967.625
447.23743 317.38
448.27676 9339
449.27893 2170.31
450.24164 521.361
451.19174 204.258
452.17752 349.228
456.22552 392.437
457.20462 291.123
458.23340 210.337
459.22198 283.233
459.30392 248.343
461.18170 476.643
463.21957 1447.08
464.21652 226.004
467.26093 275.025
468.24588 2421.32
469.20993 653.213
469.24301 649.352
473.28040 255.669
474.23474 859.144
475.23328 236.287
478.23694 637.253
479.19202 3793.84
480.19675 1023.97
482.26053 1004.48
483.22595 414.091
484.17603 476.19
484.22836 336.942
485.27145 3446.79
486.22708 294.067
486.27750 790.097
487.22043 587.581
488.22437 362.681
491.26028 881.83
492.26596 264.729
495.26126 405.616
496.17923 240.327
497.20291 2488.89
498.20355 607.847
500.29407 234.384
501.20145 1029.6
501.26025 430.037
502.17633 487.251
502.23605 1596.26
503.22598 216.091
504.24854 274.305
506.23871 1501.41
507.23965 538.025
511.21588 613.275
512.21637 386.542
518.25696 241.954
519.20477 1368.93
519.26617 1763.06
520.20856 427.888
520.27069 346.197
523.25842 237.212
528.23920 371.081
529.24133 687.72
530.22931 663.369
534.26196 221.475
536.28076 1899.61
537.28387 525.181
540.79071 753.19
541.29022 627.084
541.78967 246.599
542.30646 229.29
544.24890 268.235
546.25842 1354.94
547.25330 2763.88
548.25476 725.37
549.25458 230.835
550.22791 385.96
550.34137 262.429
551.28448 354.99
551.80450 743.117
552.23621 334.789
552.29895 323.072
553.33417 287.694
558.29236 378.47
560.35760 335.826
561.27179 580.885
562.22662 305.838
564.27087 2022.15
565.27142 988.726
566.27179 358.287
567.26196 425.052
568.24976 302.073
568.30670 334.474
569.26324 306.382
570.24213 229.633
570.31531 360.123
577.33868 1621.41
578.22113 218.255
578.34949 557.561
579.26996 417.241
579.34393 221.964
582.29150 1493.06
583.29388 366.797
585.26862 674.665
587.32483 706.72
592.27655 1895.07
593.28265 656.507
594.27924 209.921
595.34436 16780.3
596.27496 1316.12
596.35645 4999.6
597.29382 599.85
597.36664 842.235
598.23969 380.507
598.35974 256.704
602.29480 408.478
604.34869 1323.28
605.35425 420.066
606.29120 280.259
610.28741 1570.21
611.28870 594.132
612.27277 444.097
613.26501 1643.95
614.26190 349.845
614.34003 802.208
615.24023 317.163
615.32404 1520.77
616.32947 404.24
619.32111 1261.93
620.32587 472.623
621.32477 304.696
629.30377 461.951
630.28821 3023.18
631.29089 1047.06
632.34552 4352.5
633.35071 1308.72
634.35675 280.302
640.26160 249.45
641.25647 931.584
642.25568 307.161
642.32666 352.798
646.35510 295.087
647.31287 5373.88
648.31403 2110.67
649.36877 5000.26
650.37085 1585.92
651.37793 396.763
657.29535 472.471
658.28223 1861.04
659.28247 674.673
660.34534 292.68
662.36121 219.248
664.36212 337.057
665.35455 240.762
667.32336 280.114
674.36090 220.561
675.30920 2307.22
676.31091 720.666
681.32733 286.511
683.33386 209.636
692.36371 1837.72
693.33105 815.568
694.33008 482.25
695.37592 230.236
697.37665 215.231
698.35004 896.033
699.35419 357.003
700.40808 367.545
703.30292 219.054
708.34473 1141.35
709.39587 249.243
710.37128 23362.3
711.37677 8636.49
712.38495 1950.77
713.38019 333.584
714.39996 531.846
715.37805 2319.77
716.38269 763.57
720.36682 813.134
721.37677 209.172
723.42432 630.02
724.41107 247.11
725.35803 701.794
726.34515 1987.84
727.34363 739.379
727.87927 273.752
728.35828 442.574
728.86743 210.705
732.40277 902.745
733.40302 417.165
742.38623 1817.37
743.37360 6730.48
744.37506 2791.73
745.36908 507.292
754.34167 247.662
760.39777 12397.3
761.40173 5381.89
762.39905 1269.54
771.37018 523.721
771.87958 221.103
772.37689 400.623
778.42651 384.759
779.42151 274.671
780.41962 311.918
786.91626 210.243
787.42633 274.227
788.39642 641.155
789.39563 304.441
794.42908 299.089
795.46265 243.981
800.40961 463.065
800.91077 386.647
808.92206 810.855
809.42047 1129.04
809.92169 470.155
811.43372 544.233
812.44000 229.618
813.44415 299.02
821.42163 265.636
822.42676 236.625
823.37195 1654.79
824.36261 386.673
825.40277 246.484
828.45782 1403.11
829.46716 564.336
830.38129 413.045
836.49921 523.932
839.43066 2826.74
840.43420 1297.61
841.44159 244.388
845.49286 918.872
846.49652 360.774
855.47656 434.602
856.46027 2210.54
857.43976 30165.9
858.44250 15193.7
859.44641 3866.06
860.44147 983.397
862.43884 243.586
867.42188 398.666
873.48291 4013.45
874.48407 2153.95
875.48816 453.523
881.42859 391.731
890.44757 344.049
907.48035 341.208
908.46326 488.787
909.46405 266.507
922.44690 456.374
923.43384 271.829
940.44843 307.535
952.51465 680.825
953.52045 454.163
965.54413 634.853
966.54657 277.009
970.52374 9921.31
971.52667 5507.64
972.52826 1614.3
973.51068 299.558
974.57446 211.159
1009.46790 849.63
1010.46814 265.841
1022.49225 642.86
1023.49799 407.846
1081.55664 1374.83
1082.55713 676.654
1083.57080 254.272
1098.58862 521.067
1099.58228 308.834
1102.60767 615.891
1103.60046 304.685
1118.56177 214.758
1135.57312 464.511
1136.56567 326.202
1137.58618 229.018
1236.61743 307.272
