2098.83194 3
110.07101 1182.9
112.08694 713.954
115.08657 823.759
117.06580 2031.76
120.08070 2891.52
126.05509 681.159
127.05013 4384.65
129.10231 3545.43
130.05003 736.834
130.08638 1040.66
133.04263 641.663
136.06143 964.646
136.07564 10498.1
137.07915 912.006
145.06071 6006.93
147.11275 3225.83
157.10783 668.639
158.09216 709.98
167.11769 855.371
171.07634 531.821
171.11238 912.397
173.12828 464.193
175.11894 8609.28
176.12306 581.572
181.09723 1104.62
183.14914 1889.55
185.09198 3185.34
189.08708 1295.08
195.07620 540.624
195.11301 1891.63
199.07140 2643.3
199.10811 589.688
201.12292 627.093
211.14394 1929.15
213.08684 10373.7
217.08192 3341.55
221.09219 1395.86
227.06622 3856.68
228.09781 1156.94
229.11566 534.465
230.09586 1733.86
231.11266 3904.71
232.11623 634.254
235.10483 1839.77
235.12352 1072.48
238.11926 729.357
240.13428 697.237
244.09274 850.601
245.07677 8349.82
246.08084 534.794
249.12326 12456.4
250.12750 2299.61
251.10281 4373.84
252.10661 787.118
256.09274 7647.79
257.16028 1173.84
258.09045 3951.63
258.14517 2000.67
259.10861 3731.54
260.10919 809.585
262.10220 645.414
263.10242 2717.8
264.13275 501.141
272.17136 1594.57
274.10342 2809.48
275.17139 1819.41
276.13287 1088.77
277.11813 8213.11
278.12161 1909.81
279.09729 2110.84
280.20172 1500.13
290.14566 578.557
292.12869 1797.85
308.12610 981.022
308.19669 11515.3
309.19965 1847.59
310.13934 3251.1
311.14383 674.951
314.09750 1415.21
314.15100 2300.4
315.15399 494.5
325.11395 1256.48
329.12735 2337.65
332.10843 5641
332.16022 1161.14
333.11179 582.001
336.11896 1170.49
343.12292 930.306
344.12500 1184.21
346.15677 633.926
353.10913 1647.16
360.15646 5294.9
361.16061 1104.1
362.13287 912.295
371.12000 6772.53
372.12152 1051.84
374.13382 3023.57
375.13663 685.527
376.14899 1282.95
377.17892 2957.45
378.16284 903.306
385.21924 1800.68
389.12994 12901.6
390.13168 3020.54
392.14502 2450.4
400.23456 517.936
405.14142 1519.88
405.24051 650.857
407.19220 2310.61
408.14560 746.561
413.20248 1200.65
413.53827 956.161
417.17914 2595.23
417.68076 799.274
419.15860 589.92
422.17007 750.745
422.24033 3492.28
423.14859 648.238
423.21912 874.75
423.24860 865.552
445.86325 2345.34
446.19785 2460.67
447.15637 603.883
456.70206 1472.29
457.18582 2887.65
458.18958 1060.19
462.22165 730.479
462.72372 1092.35
465.70627 8993.59
466.20749 4367.56
466.70816 998.324
467.17249 573.141
474.71152 517.868
476.24246 570.011
483.89972 511.055
484.23322 635.701
486.18372 554.679
488.17697 1425.42
489.16052 961.945
492.28119 1310.38
493.27704 3658.89
494.28015 1434.84
502.24545 595.02
502.73688 793.564
505.69250 708.788
506.18781 4437.31
507.17096 5979.76
508.17383 1476.95
510.74945 18245.3
511.25113 17190
511.75217 6897.57
512.25226 1869.65
514.69556 3530.48
515.19586 1339.58
516.17224 1323.81
516.55542 1047.71
516.88965 766.758
520.27710 3619.33
521.27692 1031.64
522.25244 2215.57
522.75049 1063.66
524.19836 7013.62
525.19861 1800.56
528.22308 2308.54
529.22626 682.003
534.18427 3923.83
535.18353 878.236
542.31165 1855.64
543.31451 562.287
547.29022 624.156
552.19354 5455.04
552.76941 2012.14
553.20203 1250.24
561.27252 2890.45
561.77332 3239.37
562.27679 1285.14
563.29498 1645.14
564.31342 4427.61
565.31812 2139.89
567.32227 3067.25
568.32623 959.306
570.77490 7479.97
571.27991 4343.01
571.77917 1763.86
578.32031 1046.26
578.81378 646.538
579.31989 522.618
587.32214 5023.32
587.82434 2722.29
588.32770 1241.29
599.26135 2932.78
600.26093 1389.86
601.78448 636.505
603.32483 2198.45
604.29230 592.393
605.30591 665.009
605.80634 576.277
609.26154 2009.2
610.29852 6033.47
610.79706 4455.35
611.30042 1682.24
618.86096 547.857
619.00616 547.089
619.08655 718.914
619.12988 677.165
619.30090 145948
619.45636 937.854
619.50128 1226.18
619.54865 1322.3
619.59235 1110.56
619.64178 1082.58
619.80273 95046.5
620.00116 781.358
620.06262 539.878
620.30341 34810.5
620.80597 7575.57
621.30493 1220.27
627.30420 905.762
628.30701 5689.78
628.80750 3881.42
628.96808 602.256
629.30853 1189.94
629.62897 609.325
634.97382 6767.68
635.30591 6682.24
635.63983 3802.34
635.97485 1411.67
636.30981 2281.01
636.81097 959.284
640.97577 570.23
641.31140 913.476
641.64185 534.367
642.36615 2091.96
642.86066 3763.23
643.36157 1502.82
648.33209 1517.79
650.85913 3423.49
651.36932 27181.5
651.87103 17632.6
652.37476 8211.68
652.82141 2708.61
652.90125 571.22
657.36926 898.557
659.28595 1964.93
659.78424 1410.87
660.37128 2984.07
660.87640 1891.07
661.38544 554.283
666.99164 736.707
667.63232 1644.64
667.83710 566.303
667.96991 1242.11
668.28912 33768.6
668.62866 664.403
668.79059 23008.7
669.29175 8563.89
669.79523 1797.84
675.34814 1459.28
676.37592 1552.86
676.81470 1662.12
677.31067 1114.44
681.80688 537.533
682.30206 723.573
683.31592 641.571
690.81390 697.897
691.35858 826.178
691.85895 1045.16
692.37042 3354.22
693.37927 1911.47
696.29340 6297.52
697.29791 1786.85
699.30658 554.151
699.40857 1286.5
700.35968 5808.8
700.86053 4919.24
701.27997 2100.42
701.37610 1947.18
702.32642 622.235
716.33673 920.747
717.34473 795.329
718.32581 578.088
725.33966 7098.06
725.84479 4618.59
726.34534 2485.29
726.84082 631.839
735.41638 2560.31
736.42169 1135.12
746.32562 1723.2
747.32397 1133.92
754.39154 624.358
756.28979 774.15
763.41241 7605.85
764.41400 5308.44
765.41412 1513.48
774.32501 2084.49
774.83392 1104.26
775.44934 1595.21
786.42133 660.232
794.27441 1671.39
795.26251 701.002
806.87463 2738.8
807.37146 2298.3
807.87012 1119.74
830.37189 561.471
833.35004 2823.53
834.34454 997.653
835.43854 1490.17
839.39008 694.718
839.88257 725.825
840.39191 557.841
860.40161 656.315
861.43726 1207.74
862.43842 893.951
864.38843 709.836
865.40326 531.595
874.38898 1060.48
875.38440 1367.89
895.39142 893.445
902.42029 556.046
904.48352 807.646
906.41876 605.05
907.41162 744.722
912.38843 1027.52
913.39294 1204.1
917.52954 889.91
918.52142 525.585
920.94562 729.648
923.44147 5930.7
924.44220 5479.44
925.44165 1759.17
926.43481 534.985
929.45233 971.813
930.40527 28119.2
931.40863 13337.5
932.41156 4215.36
933.41443 602.843
939.44879 580.958
948.40967 1817.88
949.42145 715.934
952.46796 773.01
1003.47437 883.578
1004.46643 859.294
1010.39685 623.809
1020.49316 18942.5
1021.49377 18937.7
1022.49377 8414.65
1023.49927 2456.57
1028.38147 8178.1
1029.38123 3649.35
1030.38391 1106.98
1043.48926 2923.13
1044.49341 1985.46
1045.48926 820.102
1063.48413 3651.96
1064.49048 1663.23
1065.49512 588.33
1081.49792 962.765
1121.53979 2032.4
1122.54138 3047.68
1123.54126 1796.05
1124.54102 676.377
1140.54102 8024.18
1141.54944 5140.88
1142.55579 1708.01
1161.45752 794.327
1189.58069 827.757
1190.59985 558.658
1237.59644 5552.84
1238.59888 3177.99
1239.56274 1042.13
1335.57959 1407.16
1336.56873 952.176
1352.63196 559.777
