2156.09258 2
110.07079 1012.73
120.08043 2319.35
121.08434 241.178
126.05513 183.534
129.06691 356.639
129.10197 10598.4
130.08609 1032.41
130.10509 569.485
133.04276 277.282
136.07535 1492.71
139.08600 286.592
141.10114 256.236
147.07527 237.524
147.11244 2271.66
155.08090 434.627
157.09718 420.785
157.13304 333.498
158.09244 218.771
159.07588 438.865
159.09102 430.035
160.07852 212.985
165.10181 366.128
167.08180 369.336
167.11742 392.885
169.09662 380.176
169.13341 527.657
171.07648 271.883
171.11215 297.366
173.12785 221.102
175.11830 1405.73
181.09691 248.378
183.11278 488.928
183.14894 531.553
185.05449 205
185.09151 269.471
185.12811 853.389
185.16498 258.492
186.08597 400.414
187.07207 230.922
187.14478 227.183
195.07518 327.842
195.11227 986.829
197.12810 963.919
197.16458 672.793
199.07053 382.135
199.10701 258.322
200.10289 262.86
200.13870 514.347
201.12292 405.167
205.09566 239.195
210.02539 354.188
211.10840 236.741
211.14403 248.147
212.10239 806.219
212.13841 308.634
213.08685 548.849
213.12334 364.816
214.15506 429.058
215.13861 1294.68
216.09703 350.722
217.08194 799.913
219.07857 246.513
219.14726 290.114
223.10768 334.837
225.12256 675.386
225.15961 351.874
226.11781 296.295
227.06693 328.169
227.10167 523.026
228.13382 598.526
229.11711 437.947
230.11310 2321.69
231.11267 478.772
233.09326 189.202
233.12798 331.093
240.09772 276.908
240.13382 2010.86
241.08124 396.191
241.13686 206.793
242.14937 742.718
242.18579 2346.94
243.13359 1140.06
243.19008 206.68
244.09241 223.272
245.07643 1020.8
247.14301 533.845
249.12309 711.399
249.15947 206.261
250.11702 240.452
253.11617 217.128
254.14928 503.674
256.16464 220.686
257.11057 284.556
258.10797 284.329
258.14413 911.971
259.09183 404.085
259.10812 594.252
260.14151 374.498
261.12399 297.391
268.12845 1210.4
270.10776 327.413
270.18036 400.204
276.13354 2201.97
277.11777 2576.83
278.12076 303.366
278.15265 3857.27
279.15646 327.976
280.16684 249.468
282.18094 195.662
284.15933 228.753
285.15494 190.726
286.13901 2819.44
287.14172 398.245
296.15997 287.775
297.15637 198.052
298.17511 355.718
299.17194 195.02
308.15921 505.426
311.17184 337.445
312.15344 605.917
313.18503 626.512
314.09808 255.318
325.18607 1005.74
326.16812 853.567
327.16989 248.175
329.18088 1261.58
330.18512 215.318
332.10806 2256.91
333.11127 304.424
341.18002 374.386
343.19653 848.742
344.17419 218.27
344.20764 200.514
351.16498 282.31
353.21741 1492.09
355.19363 241.393
358.17920 402.074
360.23444 769.09
368.18820 197.698
369.17749 443.595
371.22800 4658.26
372.23019 943.326
375.19540 393.905
376.18353 691.106
377.18869 202.509
381.21338 298.502
382.21008 272.705
383.19052 359.574
385.13336 200.867
387.16336 766.151
389.21695 821.923
393.17987 1941.97
394.17914 230.727
399.22330 2185.44
400.22354 460.037
403.14310 920.981
403.22833 382.273
405.17657 1159.49
406.17770 345.45
424.18460 911.891
425.19409 207.955
425.24097 229.239
436.21851 505.831
441.21045 548.763
442.26553 441.838
443.22794 217.294
454.22583 758.401
454.26584 754.19
455.22333 237.891
456.31747 348.402
458.19244 358.479
460.25842 305.38
470.30087 210.61
472.22800 394.177
472.28430 569.983
476.25412 268.422
482.26172 707.78
484.31226 526.683
486.23694 232.579
487.21500 654.622
488.21310 310.456
498.22006 261.167
500.26956 323.897
504.19965 420.558
516.22540 779.079
518.25677 651.778
519.26068 250.861
522.22046 1102.24
523.27032 251.231
534.22931 200.637
547.29700 203.289
552.24207 999.346
553.29614 461.33
565.29810 395.085
567.35870 258.045
571.31110 442.827
577.29858 257.179
581.33533 261.357
583.31793 229.366
585.36206 293.924
587.28210 308.502
588.26715 252.021
589.28961 355.1
591.24194 474.377
600.33630 398.974
602.38556 216.107
605.29315 439.612
606.29401 276.252
609.25317 3829.83
610.25616 1091.32
611.24835 280.83
626.27258 283.475
628.32208 210.598
634.28333 368.131
637.33679 275.077
644.28333 222.983
651.31335 498.08
662.27728 473.97
665.33191 587.816
680.29010 3262.58
681.29443 1208.35
682.29608 305.742
699.40656 428.151
713.41534 366.093
718.37756 253.174
734.35162 236.015
736.36542 286.368
761.35773 220.332
764.40521 224.922
784.48364 214.848
793.37384 2560.04
794.37854 912.751
795.37146 271.646
812.48065 456.902
848.42188 772.536
849.43353 312.246
903.43121 336.244
904.41040 865.657
905.41144 386.438
921.42810 610.587
922.44214 222.347
959.57861 210.025
961.49951 211.742
975.50610 246.725
976.49725 221.5
1032.55017 305.124
1068.49866 1211.51
1069.50061 639.629
1070.48828 221.983
1088.58362 302.967
1128.58496 276.131
1197.53882 518.103
1198.54553 411.191
1344.61206 1075.23
1345.61353 712.851
1443.68774 289.211
1444.68347 366.781
