2526.04448 2
110.07053 1127.83
179.04807 1549.33
181.06035 674.572
187.14354 5266.41
198.08669 2003.86
215.13799 3102.46
216.09718 966.495
224.10033 776.738
228.09792 606.693
238.08089 586.583
239.11292 1183.94
240.09764 736.292
240.13333 684.262
242.11255 788.043
250.08057 617.234
266.08008 2333.69
267.10736 916.819
268.09167 1609.38
269.16000 1646.55
283.17719 628.148
284.15945 2161.43
285.11902 2207.11
286.10153 614.455
292.13873 640.964
296.06570 829.624
301.18640 3198.75
311.17004 1739.21
336.12946 609.466
339.16400 1451.2
354.13690 957.717
361.19684 1389.79
362.13849 696.391
382.13602 830.328
389.19193 1586.81
398.19757 718.522
412.21713 2733.04
426.15802 705.927
436.21777 700.39
446.21201 2078.32
464.21445 817.809
466.15295 800.578
472.22668 742.671
475.22897 617.49
481.24164 928.167
482.22195 855.237
483.18164 1279.87
490.24323 686.835
493.23795 719.319
499.24582 2465.58
501.19489 1579.85
529.25378 845.555
533.24066 1171.29
550.26196 935.451
551.24811 986.496
568.26721 1203.67
586.28748 820.353
602.30170 2307.72
621.27142 691.914
630.29681 4653.01
631.29858 1060.62
634.29242 645.548
635.25146 734.279
653.26624 1231.26
678.29816 1094.85
679.29968 999.798
687.32269 649.695
697.31207 1935.6
710.26813 753.374
713.33435 1529.85
715.31989 1207.79
722.32300 815.622
728.27887 1610.83
731.34094 1427.75
734.33704 619.963
750.31897 2659.55
751.31976 981.863
752.33484 1597.37
807.34332 1405.97
821.39520 1144.26
823.34882 938.56
841.36395 1312.97
844.36444 921.289
845.31708 838.167
849.38928 1629.6
850.38788 631.591
862.38806 1676.76
863.32928 1603.36
864.33508 696.651
888.40076 907.711
894.36877 719.497
906.40833 2015.23
907.40662 901.438
920.36212 628.537
924.40143 847.444
925.39691 675.1
936.41901 635.14
942.41626 1519.08
960.41772 935.662
963.43494 1059.11
973.41284 1176.26
975.43500 709.54
991.42499 4301.25
992.42609 2112.37
993.43860 1563.14
999.40271 883.744
1017.40656 2426.39
1018.40509 1049.44
1037.47913 700.715
1062.50500 1093.05
1072.47876 867.412
1090.49634 2869.77
1091.49878 1351.43
1096.46118 1607.42
1114.46143 7147.92
1115.46130 3479.89
1116.46375 776.339
1159.52600 1163.14
1171.48132 2896.87
1172.48083 1315.31
1177.53162 920.717
1258.51111 693.991
1337.55872 1460.82
1338.57019 810.298
1355.56677 4809.16
1356.57068 3314.57
1357.57837 979.234
1468.64063 756.09
