2909.43143 3
120.07968 204.305
129.10210 237.881
170.09218 288.21
185.16365 183.044
213.15976 300.879
218.09543 470.162
234.14479 795.941
246.09006 1006.01
277.11664 188.785
359.17358 905.547
404.24847 568.692
460.22281 361.765
475.28595 738.305
580.25232 401.124
580.75427 439.038
604.32721 345.34
625.75763 365.446
626.26086 271.962
675.29309 652.429
675.79449 601.466
676.28845 290.896
723.33618 232.66
731.83972 320.484
732.33563 330.094
732.83545 234.411
751.39667 425.313
752.40619 202.897
788.36957 199.014
788.87952 268.907
880.43835 370.338
937.46411 1391.73
938.46600 924.093
969.66858 1448.34
970.47974 239.984
970.68268 991.313
971.21820 438.463
971.61145 1484.68
972.61603 737.346
991.39282 204.064
1036.52612 487.9
1037.53687 261.952
1093.54761 1481.46
1094.55322 870.756
1095.54712 417.358
1104.49670 317.075
1105.50134 267.347
1164.58923 818.594
1165.58655 605.508
1235.63208 665.929
1236.62402 580.762
1250.50818 465.713
1251.51477 402.892
1334.70483 383.442
1335.70129 443.413
1349.57227 510.138
1350.58813 507.571
1351.58899 251.077
1447.78796 231.352
1462.66077 373.654
1463.64795 312.266
