1993.10849 3
110.07108 1222.49
115.08645 996.712
120.08056 12028.5
121.08370 1028.25
129.06671 448.713
129.10213 9383.05
130.08641 545.957
130.10518 612.795
131.11766 373.472
133.04303 354.788
133.08560 1031.02
136.07550 9510.24
137.07864 669.896
143.08145 922.26
143.11765 1869.23
145.09698 716.1
147.11227 1141.33
155.08110 936.019
157.13309 543.581
158.09239 817.587
159.09135 1049.21
169.13350 511.613
171.11256 2610.05
171.14905 1023.24
173.09157 1220.16
173.12846 568.964
175.11871 9006.12
176.12251 442.265
177.11214 437.109
181.09592 412.43
183.14862 659.915
185.12843 390.994
185.16473 1600.3
187.10609 389.295
187.14377 4667.22
197.12801 1088.76
199.10805 355.548
199.14352 1139.06
199.17853 487.066
201.12294 691.941
203.11987 502.937
204.13446 524.026
213.15961 1216.98
215.10143 576.905
215.13887 2324.24
219.14888 5858.61
225.15987 480.069
226.11815 2359.33
228.13440 774.965
230.07858 357.082
230.11259 596.386
231.11554 474.244
233.16512 633.326
240.09818 799.762
241.08089 581.055
242.14958 1974.71
242.18619 2793.79
243.13721 412.976
244.09247 2236.73
244.12872 1462.48
244.16484 384.533
246.09077 391.559
247.14383 3994.32
248.14751 440.409
249.16051 450.551
258.10809 2583.2
261.15872 445.478
265.11719 495.357
268.16559 887.914
270.18170 591.703
271.17581 1325.33
283.14386 1378.82
288.20218 3526.51
293.11209 663.477
298.17392 479.552
306.67581 984.935
310.17545 782.068
311.13864 1650.36
311.20786 775.667
315.68243 806.858
317.68164 642.181
318.18283 475.182
319.16141 529.132
325.18631 900.882
330.18262 657.977
339.20117 580.573
343.16260 1298.19
346.21017 608.08
357.17670 2360.6
363.71155 401.08
368.70517 791.756
370.24481 2011.15
372.22299 690.973
372.72571 450.781
374.21384 624.289
382.20831 420.247
382.70306 545.432
386.20700 473.599
387.27078 8681.56
388.27350 1824.82
391.21536 2463.87
391.71671 1179.87
392.26935 489.596
403.16293 565.381
403.22824 392.093
404.14252 1238.06
405.15350 538.597
405.21173 1795.41
405.71451 604.538
410.20465 1247.58
413.74139 607.956
414.20087 818.171
417.25327 496.642
418.23868 728.542
421.17099 2885.8
422.17343 1250.64
422.74945 474.27
432.23141 522.9
440.17935 1349.03
440.74893 2798.19
441.24924 1734.38
449.26016 1585.13
449.76114 761.382
450.20178 585.014
454.74661 2498.03
455.24927 1759.08
455.75027 490.314
456.24255 885.857
458.22156 528.076
469.31256 629.868
481.28635 383.184
481.77155 389.117
484.78006 1397.77
485.27570 1849.26
490.28540 1408.98
490.78537 564.653
499.28693 1335.95
502.29791 10824.8
503.30060 2914.85
504.28149 2010
504.78156 720.976
505.28906 406.513
509.27319 391.681
511.24863 438.603
521.23541 1062.99
522.23737 482.959
523.21661 574.887
525.80267 507.248
527.28693 382.706
529.25421 392.181
534.31592 452.975
539.24347 1219.58
539.80035 1024.86
540.25104 679.153
549.26465 866.35
550.22034 679.131
551.21246 1862.03
552.22150 563.224
568.23865 2133.55
569.24329 697.628
576.27295 1010.4
577.26685 878.867
598.35864 696.256
601.34003 439.529
610.31879 402.663
612.34595 1830.85
613.32910 3710.92
614.33173 1371.29
622.28650 424.386
630.35626 29786.3
631.35992 9509.14
632.36432 1738.38
634.35315 722.216
636.26599 943.261
638.31592 807.015
639.31250 920.279
645.31763 409.996
646.35736 597.184
649.31219 401.384
650.27850 1129.06
662.34821 2738.32
663.35077 1197.53
664.38104 5272.12
665.29041 462.381
665.38696 2207.56
666.34735 2151.58
667.30939 2014.24
668.30786 807.922
681.35986 683.126
689.34497 1046.24
690.35455 811.498
696.32904 1790.56
697.33234 1057.84
699.36865 508.157
702.38037 422.395
706.31628 427.128
708.41345 403.622
716.38995 726.845
724.32880 1297.53
725.33783 563.856
726.42230 423.61
735.33484 1077.86
743.43982 18513.6
744.44440 7538.21
745.43658 2182.22
746.43988 610.833
751.35590 411.17
751.85626 421.484
752.36737 407.506
761.42603 1447.58
762.42316 781.311
766.38104 713.276
779.45477 533.232
780.45111 424.746
781.42499 1293.34
783.53186 1900.36
784.53937 954.771
788.40753 481.57
789.41107 403.359
791.41144 975.477
792.40051 1406.92
795.40192 2857.72
796.40674 1378.32
797.39374 425.247
800.46686 1101.97
801.45935 873.062
806.36914 451.844
809.41840 11431.2
810.42145 5505.48
811.42096 1502.22
823.39642 1541.3
824.39130 708.327
826.48456 957.438
827.46765 1158.19
828.45294 431.529
832.45392 583.5
836.42468 1800.2
837.42377 2441.1
838.43329 1141.33
844.48798 26022.6
845.49097 11847.7
846.49475 3323.74
848.41803 699.674
854.48297 565.243
860.49524 459.725
863.46051 871.358
864.47009 529.744
872.54449 965.609
873.54822 475.513
880.48425 2768.36
881.49524 1292.23
890.49854 1036.83
890.90741 718.562
891.46619 1728.81
892.45972 933.687
894.45728 835.676
895.46875 490.475
897.51440 5231.31
898.51373 2470.82
899.51361 1082.98
908.48645 19830.8
909.48895 10494.3
910.49182 2846.14
911.52087 910.453
912.54407 518.608
915.52484 23696.6
916.52655 10875.5
917.53448 2548.08
934.47540 604.936
935.44678 1104.83
936.44385 505.928
949.51489 956.387
950.51178 1348.83
951.51074 1224.11
958.49695 523.109
965.50366 489.125
968.54816 7902.78
969.54974 4207.9
970.55341 1734.26
971.54797 669.045
979.52985 1976.59
980.52887 1192.03
986.56189 23571.8
987.56390 12776.6
988.56549 3226.9
989.55426 698.563
990.55640 524.402
1007.55585 6227.72
1008.55719 3757.77
1009.56464 1235.35
1050.57520 825.357
1051.57483 574.252
1064.50720 434.018
1067.62012 3602.47
1068.62109 1773.59
1069.62439 654.859
1073.52759 1021.51
1074.55200 553.179
1078.59229 2752.19
1079.59412 1468.52
1080.59888 635.306
1082.52100 1969.63
1083.52478 1257.85
1085.63037 7679.69
1086.63232 4061.91
1087.63123 1287.98
1149.63550 1060.33
1150.63867 724.29
1151.62061 456.885
1166.68677 953.488
1167.70642 415.259
1184.70374 769.781
1186.61182 431.142
1232.66882 992.382
1233.66748 1064
1250.66541 576.509
