2466.11368 3
110.07114 1796.16
114.05477 248.345
120.08072 6265.85
121.08405 617.995
129.06590 969.268
129.10225 2949.91
130.05000 367.727
130.08640 1098.48
133.04294 2339.04
136.07573 1484.01
141.06563 648.797
143.11809 406.839
147.07639 502.879
147.11279 2747.26
158.09248 283.453
159.07628 1716.19
159.09146 1054.37
165.10217 308.867
166.06131 335.619
169.09712 354.744
169.13339 388.876
170.04480 882.623
171.07611 753.373
171.11264 916.896
173.12843 494.767
175.08936 325.452
175.11876 1045.48
181.06056 454.074
183.11258 358.888
183.14925 898.129
185.16435 786.405
186.08667 419.132
187.07130 6077.67
187.14394 1419.74
188.07576 316.54
189.08847 233.533
191.11740 300.203
197.12827 974.546
199.07121 1174.42
199.18044 508.709
200.10271 584.319
200.13904 438.981
201.12343 923.686
203.08481 679.682
205.09953 285.626
207.11191 606.08
210.02615 252.545
211.14391 470.048
213.08684 758.375
213.16013 302.425
215.13902 2170.94
216.09816 458.851
217.08238 563.764
219.11281 310.058
219.14879 629.881
225.12473 305.706
227.17529 440.817
228.13315 507.075
229.11806 589.185
230.11296 341.505
231.09863 629.891
233.09540 534.138
233.16460 833.968
235.10509 438.834
240.09660 238.697
240.13332 389.093
241.08157 1083.68
242.15048 255.555
243.13380 1304.08
244.07556 601.165
244.16573 754.513
247.14394 328.725
249.12323 727.802
249.16043 259.66
251.14946 294.698
252.10982 927.423
254.15016 358.989
258.10876 561.193
258.14499 845.03
259.09247 1219.72
261.15982 854.141
262.08533 1178.6
268.16516 342.245
270.10828 393.419
272.06979 1340.88
272.15857 429.951
276.13791 849.385
277.11810 413.114
288.11783 599.272
290.08038 3153.2
298.10306 754.704
298.13965 286.914
299.17276 291.844
300.11819 1229.76
300.15485 1129.74
301.12973 710.418
310.10287 689.605
310.17633 529.715
313.18619 382.109
315.16461 259.965
316.11273 1443.8
325.18854 252.863
326.17035 928.348
328.11136 502.944
329.19391 868.709
332.18887 259.784
333.17542 3801.63
334.17694 785.465
344.17557 319.323
350.15393 1251.92
350.21851 2420.41
351.22327 393.949
356.69330 467.262
365.19397 292.442
376.18799 309.05
381.15170 996.462
383.19293 306.868
385.12897 244.179
391.19696 700.797
398.20499 244.585
401.11273 1676.73
401.20270 318.358
402.11505 470.291
403.16458 990.418
405.17770 387.448
411.18539 396.201
412.21048 583.067
412.71164 272.014
413.20227 269.547
416.21323 1340.12
417.21432 396.065
419.12314 853.081
421.21335 361.685
427.15790 254.507
429.19653 590.693
430.73224 311.478
434.22452 6203.68
435.22769 1210.41
436.22797 457.371
445.17264 267.157
454.75858 407.013
455.15039 267.646
455.21262 436.659
455.25830 262.324
464.26105 1490.31
468.75110 344.818
469.24939 376.957
476.14435 454.798
484.17914 331.459
485.18665 306.777
492.21274 400.896
494.23358 524.996
497.26804 323.509
497.75717 411.116
498.26529 275.856
502.19476 303.28
502.31281 375.842
506.24091 256.181
506.30573 1430.36
506.76547 338.112
514.19873 624.756
526.19110 600.132
527.24445 426.919
527.74719 359.685
528.22070 666.52
532.20770 557.877
542.24744 315.528
544.31537 400.349
548.27716 300.921
558.25366 318.806
561.77869 707.567
562.28046 383.175
565.26337 3778.74
566.26093 945.075
567.26898 299.421
569.32880 366.201
570.78577 1005.32
571.28613 649.071
581.84973 268.591
587.17700 256.505
588.34399 289.158
590.24774 353.279
590.75751 334.667
593.30334 4066.82
594.30792 1095.07
599.25641 540.035
600.25464 276.578
605.18542 445.715
611.25824 965.129
612.25775 366.705
615.23340 257.417
617.33118 289.086
622.30585 282.917
625.25671 548.582
629.26300 459.047
630.27075 331.756
630.40228 417.193
631.86481 391.545
632.36353 472.934
633.25439 315.813
635.30585 419.84
635.80341 322.233
636.32043 448.573
641.30621 532.729
645.86902 288.917
648.30103 756.756
649.31970 333.385
650.32904 262.372
666.31195 9245.35
667.31598 2626.88
668.31433 907.227
669.30194 355.836
669.81519 258.916
670.32477 275.185
677.31104 266.368
684.29071 322.016
687.38721 517.953
687.88629 333.877
689.31671 348.555
695.89911 576.489
696.40582 421.595
698.32080 270.989
701.45020 612.455
705.35101 519.35
712.37756 682.761
713.38782 281.402
718.26807 346.959
723.35645 813.069
724.34473 1266.58
725.33942 564.082
726.33911 276.932
740.37335 4217.1
741.37665 1541.18
742.36035 960.883
743.35516 389.423
759.32813 363.046
762.31818 273.891
769.43536 390.53
769.93219 423.69
772.48016 651.35
774.42975 524.917
777.34265 2238.27
778.34186 957.049
779.33716 303.82
780.33496 288.59
780.41431 266.843
781.43457 311.774
783.44189 332.542
789.39185 482.535
791.36218 355.797
795.35425 10645.8
796.35498 4143.09
797.35693 1351.24
798.38690 266.216
799.37921 504.367
803.40686 333.344
806.37842 633.136
812.94446 1461.19
813.44171 1923.15
813.94977 488.514
814.44757 351.883
817.37341 606.042
818.44855 327.218
822.36310 714.397
822.45068 633.613
823.40936 6778.54
824.40790 3493.1
824.89801 267.236
825.41650 878.441
826.94641 902.864
827.45239 697.369
827.95044 278.563
836.44269 702.88
837.44196 388.373
838.31152 294.2
838.43134 449.052
841.42017 5586.42
842.42206 2788.53
843.42963 664.354
855.43811 416.171
856.33765 537.905
857.33734 345.249
860.45490 1235.63
861.46130 426.945
862.43329 288.963
867.43781 1140.27
868.43933 279.608
869.49323 429.07
869.99066 333.039
872.41132 449.829
873.52771 1115.77
874.53278 516.031
882.42261 370.878
883.50336 318.074
886.49420 304.153
889.42188 341.736
890.43085 1231.09
891.43018 393.251
892.44604 305.485
893.46869 324.918
894.44275 501.039
898.44147 527.78
900.43201 285.417
904.46094 493.166
905.45868 384.56
906.44360 798.932
907.44318 529.735
908.43799 9170.04
909.43982 4054.65
910.44873 1915.23
911.47620 476.397
919.47144 288.844
926.51581 675.947
927.53046 331.221
928.41064 630.622
929.42017 403.164
930.47961 315.062
932.49371 280.628
936.49304 3245.79
937.49438 2036.39
938.49573 751.547
940.44330 283.863
941.44647 396.896
949.49200 269.629
951.40863 586.191
952.42023 438.83
954.50397 3786.74
955.51007 2038.65
956.52063 535.523
966.51093 645.524
969.41833 628.495
970.43054 488.477
983.53522 485.933
984.53912 351.122
986.61871 590.88
987.62543 289.841
993.51001 518.702
994.51556 679.393
1001.45038 286.603
1002.54706 364.81
1003.53247 466.756
1004.49762 308.827
1005.54120 647.315
1006.54602 441.993
1011.52716 4118.18
1012.52765 2179.82
1013.52814 1046.72
1014.50952 283.574
1019.46729 1665.22
1020.46643 909.851
1021.47980 364.536
1022.53943 634.988
1023.03351 683.747
1023.53595 366.86
1027.49548 346.179
1028.50232 516.243
1037.48059 5783.78
1038.48108 2517.91
1039.48962 1424.12
1040.48340 475.902
1041.50110 302.777
1043.50195 377.016
1053.54041 1392.9
1054.54187 610.958
1057.44812 344.386
1059.50928 365.931
1060.54321 396.524
1061.56104 312.397
1062.55164 439.257
1099.55347 279.418
1112.57764 462.22
1113.58386 460.053
1114.56592 279.276
1120.59497 325.214
1122.09473 470.713
1122.57190 1062.63
1123.54736 598.997
1133.69849 554.339
1134.70215 280.71
1140.56421 5732.24
1141.56580 3526.06
1142.57251 1429.5
1143.58411 310.425
1174.58423 287.274
1179.48071 669.319
1180.48230 560.537
1181.49634 394.552
1182.50244 334.07
1184.58142 1318.25
1185.58704 496.41
1197.51172 5364.4
1198.51270 2760.59
1199.51172 1380.05
1200.50903 443.618
1227.56824 421.433
1228.58215 459.838
1239.63477 309.632
1241.61804 278.994
1246.60400 463.386
1247.59851 513.341
1251.60632 425.773
1252.60388 315.371
1262.73694 552.204
1263.73328 399.253
1269.60876 2259.42
1270.61279 1481.65
1271.62939 1076.5
1272.63660 732.211
1281.60083 403.555
1297.67517 336.263
1300.66907 310.155
1308.54504 833.714
1309.54272 676.05
1326.55237 1753.64
1327.55408 1091.21
1328.53833 663.275
1338.63708 314.772
1339.66064 404.019
1340.67932 307.326
1345.60474 348.44
1346.57043 320.533
1358.67200 340.736
1385.65259 279.46
1455.57544 415.874
1512.61926 1130.72
1513.60999 720.864
1514.59827 335.161
1558.68848 646.09
1559.69019 497.022
