1980.02414 3
110.07114 2123.91
120.08061 8928.92
121.08397 779.145
129.10214 25703.4
130.06485 1352.99
130.08611 2217.31
130.10513 1853.22
132.07523 515.366
133.04283 532.982
136.07555 3890.74
141.06520 424.38
141.10176 682.683
143.11774 2205.29
147.11266 3874.72
155.11766 770.229
157.13333 19780.7
158.09175 644.846
158.13702 1456.66
159.07639 1413.68
159.09148 8764.04
160.09480 929.565
161.09212 421.905
165.06898 823.057
165.10188 2729.42
169.06026 701.272
169.09738 935.332
170.06042 488.061
171.07631 658.341
171.11269 1251.61
172.11539 6859.08
173.12819 10209.5
174.13240 625.2
175.07158 439.432
175.11887 4256.8
183.11244 1377.62
185.12822 17703.8
186.08693 1657.98
186.13248 1507.18
187.08551 564.414
189.08669 1380.73
195.11263 606.282
197.12781 547.361
199.07162 1280.96
199.18146 640.848
201.12323 7761.81
202.12706 552.526
203.12376 832.766
207.11269 458.872
210.02531 466.754
211.10780 639.094
212.10278 492.942
215.13855 1635.18
216.09770 888.913
217.08147 2680.23
217.13660 26085.9
218.13969 2518.68
219.13148 1017.78
226.08221 1086.75
226.15488 1450.07
227.13953 688.765
227.17416 443.023
228.13353 1076.36
229.11732 852.291
231.11548 563.865
235.14412 1326.34
240.13393 8163.88
241.13719 1092.11
242.14990 653.016
243.10895 2485.37
243.13347 1678.11
244.09550 613.881
244.11198 464.572
244.16550 973.977
245.13148 7350
246.13556 702.544
252.13354 541.652
254.14969 7963.36
257.13248 1089.43
258.14478 2465.72
259.10873 800.365
262.13843 689.283
266.14963 1464.57
270.14432 3357.05
271.14798 443.065
272.15976 7598.36
273.16302 1054.36
274.11832 1800.6
275.20767 1881.44
276.10080 1086.74
276.13522 1694.22
276.17194 1945.31
277.13651 473.028
277.17413 448.197
280.12762 566.446
285.15613 555.651
288.15530 3785.75
294.18060 597.827
297.11887 771.376
299.14188 562.959
299.17136 806.314
300.15475 865.055
302.11435 1245.33
302.15268 2058.02
309.15628 541.222
312.15479 1279.11
314.14673 1872.31
316.17032 1515.09
321.15448 1372.27
327.16577 2424.02
330.15674 666.88
338.18277 1914.45
339.12811 654.087
339.23843 1787.76
340.24289 491.898
341.18268 1431.97
345.17673 2944.42
348.66302 608.355
349.22366 779.855
351.23901 527.511
353.18060 794.414
357.20074 452.877
357.24908 1168.44
359.19531 923.339
361.19766 554.332
367.23456 1474.36
371.16312 1207.75
371.20193 1064.08
371.67056 491.079
372.19189 569.06
373.14261 470.547
379.23334 1717.67
379.68466 603.531
381.17834 968.456
383.19958 495.378
384.15112 730.411
389.17902 759.935
390.19931 1242.24
391.19952 464.275
394.24356 1242.52
396.71542 865.656
397.20914 952.215
398.20941 556.907
399.18942 4006.88
400.19431 668.859
401.17868 556.703
401.23737 476.858
404.19171 596.442
417.20074 1281.37
422.27670 2557.77
423.28058 785.107
424.22034 659.069
427.22736 497.414
430.20599 466.886
431.19333 502.982
442.23077 1909.89
447.23431 483.31
452.21793 1021.76
452.74768 605.833
453.17084 598.95
453.25128 700.324
454.26645 554.241
461.75299 552.987
462.30215 717.93
464.23346 917.697
470.23175 843.257
483.21747 621.859
484.21817 1016.74
489.27292 860.484
494.26132 6017.9
495.26346 1269.79
501.24557 7438.04
502.24554 1818.41
507.33087 840.792
509.28934 597.747
510.72946 547.781
512.23993 535.807
518.28009 484.484
527.28210 467.14
530.26288 920.994
538.25726 471.888
545.29169 831.733
545.82080 787.89
552.27704 541.056
555.31567 531.299
558.26965 537.101
566.25385 751.608
567.29364 511.356
572.28143 13075.1
573.28491 4275.17
574.28986 818.462
577.32568 678.34
577.78406 4359.01
578.28485 2498.05
578.78748 799.766
583.28204 1137.57
584.26563 620.649
585.26837 1465.2
585.77039 542.948
589.30920 656.642
592.37921 2737.98
593.38702 659.528
598.32245 719.695
601.29120 729.723
602.80774 533.822
610.32794 953.828
610.83655 557.313
611.33368 484.163
616.33417 584.749
617.29871 781.295
620.30609 749.671
621.30939 599.67
622.26154 604.85
622.36884 571.993
626.31091 34757.5
626.81232 23998.8
627.31384 9399.65
627.81543 1159.74
630.28076 482.153
642.34839 1793.47
643.34436 939.414
644.37915 1425.85
645.38226 505.112
651.33252 509.619
652.33740 671.007
652.85840 557.295
653.36761 637.263
659.39093 498.748
659.89886 1001.92
660.30884 544.882
660.39868 1426.85
661.31549 604.732
661.42535 1080.42
661.86987 539.48
662.32190 2494.11
680.34058 996.349
681.28003 779.307
681.37311 528.644
681.79694 1211.23
682.29016 646.061
690.35486 3715.36
690.85797 3110.3
691.36462 1047.64
707.89154 516.508
708.38397 882.646
710.85382 555.196
711.34265 508.21
713.39600 3510.01
714.29816 748.164
714.40106 1660.09
715.30286 635.208
716.89728 794.98
717.38739 975.702
723.40668 1277.98
729.41827 1015.45
731.34113 493.976
732.32800 857.726
735.34418 793.286
740.35907 996.8
741.34509 905.5
746.37512 667.626
748.43964 2003.92
749.34735 1993.43
751.38110 990.188
758.36163 21316
759.36493 10464.6
760.36774 1777.33
761.36841 488.023
765.88824 954.419
766.36993 1044.28
766.88129 636.973
767.37683 664.973
773.92023 745.679
774.41815 1088.89
775.40735 547.848
776.40350 517.254
779.39374 586.47
780.39130 581.347
781.38971 678.899
782.91559 905.748
783.41687 895.988
792.42828 828.662
798.39539 3083.08
798.89685 2849.76
799.39630 1159.42
800.43060 610.732
800.92310 599.92
801.41876 790.149
809.43384 1620.03
809.93683 1826.03
810.43738 2956.87
811.44604 941.575
817.45874 1105.99
818.44641 1601.77
818.93976 1211.54
819.44562 1910.86
820.43811 673.896
826.46045 698.041
827.40137 650.785
828.38354 634.842
831.91064 507.159
835.46942 2614.87
836.47717 1365.1
838.42590 1949.26
839.43048 1657.92
840.43738 613.169
842.89771 1249.51
843.39960 1845.06
843.90173 820.702
845.42877 597.861
846.41400 850.496
854.94086 739.705
855.45264 723.271
856.35193 580.087
862.43756 772.869
863.44232 560.077
867.42059 1361.69
867.91742 1378
868.42297 789.963
873.38763 15909.4
874.38959 8240.22
875.38422 1796.25
887.46320 706.445
889.46136 558.17
892.49591 505.631
898.45386 3325.42
898.95587 4029.03
899.45538 2207.42
904.49084 3713.66
905.49048 1909.54
906.49860 594.918
906.92328 532.593
907.42163 846.508
914.42755 573.339
915.44055 521.688
919.45276 5115.46
920.45544 2728.16
921.45496 878.482
922.49878 7463.04
923.50269 4713.47
924.43866 1055.3
925.45544 868.046
925.97382 547.305
926.47028 683.769
927.48712 507.984
932.53485 1470.84
933.42767 1641.59
933.58643 506.303
933.97150 1571.63
934.46136 2232.59
934.97314 1375.53
935.46753 744.479
940.52374 611.156
965.43073 964.721
966.42621 516.999
967.44690 571.507
986.47437 5378.65
987.47058 2938.99
988.47864 838.836
994.55853 2668.79
995.56073 1325.72
1002.45483 677.532
1017.57001 2068.04
1018.52783 2059.86
1019.53674 837.097
1020.47351 6098.57
1021.47650 3049.72
1022.48083 1005.77
1035.58728 3378.63
1036.58765 1983.22
1037.60535 619.737
1038.54688 1768.87
1039.54492 742.965
1045.62244 1041.41
1046.61804 788.172
1056.51514 1201.03
1057.50977 4292.49
1058.51282 2322.29
1059.49719 749.485
1077.52100 528.073
1078.50220 506.907
1094.55029 2381.04
1095.54993 1097.61
1096.47644 1314.94
1097.48901 1047.5
1098.48120 504.203
1115.55151 714.974
1133.55859 2839.39
1134.55994 1701.99
1135.56091 713.257
1148.67737 920.993
1154.56165 14585.5
1155.56543 9723.94
1156.56824 3567
1157.54663 519.822
1217.70337 919.845
1222.67114 1454.98
1223.67822 631.508
1224.51611 759.331
1225.55444 657.833
1233.60107 1855.78
1234.58704 2525.68
1235.53552 816.677
1235.74316 909.162
1236.72217 876.053
1246.63831 1170.52
1247.66113 731.154
1251.61328 51186.1
1252.61682 36981
1253.61938 13521.5
1254.61877 2897.22
1304.72278 951.123
1305.73328 579.6
1322.72632 1637.66
1323.72791 1285.85
1333.67639 1297.57
1334.69678 586.839
1362.60352 687.933
1379.71655 1498.85
1380.71069 1256.85
1381.71387 678.137
1420.70923 1215.03
1421.70264 609.531
1508.74744 487.127
1595.79553 927.271
