2356.11087 3
110.07117 315.032
120.08041 941.793
129.10173 820.646
133.04266 854.583
136.07545 490.55
143.11833 202.575
147.11238 298.027
159.09079 310.146
171.11186 260.626
171.14873 425.154
173.12849 446.549
175.11861 898.785
183.11244 209.532
184.07161 369.751
185.16451 408.948
187.14403 244.009
189.06947 281.056
199.14330 307.131
201.12283 689.696
202.08116 279.502
213.16014 309.095
215.13863 222.103
228.13364 465.244
229.11699 351.789
240.13387 205.025
242.15125 208.872
245.07655 257.456
246.12613 501.496
274.12100 444.093
286.15384 249.031
297.15414 296.567
300.15421 217.029
303.17728 503.088
315.16660 199.138
328.18671 301.749
336.13519 404.872
357.15753 556.753
373.13602 346.907
375.17175 242.386
402.24500 1388.75
403.24716 204.453
496.16498 473.738
501.31326 1122.3
559.23090 245.8
583.19421 223.135
602.36084 3161.04
603.36328 763.965
664.25342 449.589
675.76801 210.859
682.26971 370.7
706.35199 224.626
715.44458 2341.82
716.44916 748.247
740.42285 209.67
785.17865 620.654
785.49756 569.878
786.16815 294.749
786.46808 454.733
787.55957 500.369
810.32281 420.507
848.39764 238.916
857.46912 247.351
875.47473 5248.56
876.47223 2243.61
877.46649 825.726
878.46118 317.864
907.46466 300.954
939.37158 224.068
976.53192 371.276
977.50269 426.053
978.50208 310.53
988.55945 1164.05
989.55676 625.336
1048.51721 637.519
1049.51709 355.183
1054.39233 1219.3
1055.39514 609.453
1075.59045 1058.8
1076.59265 493.432
1077.57495 226.522
1167.47559 528.094
1168.48108 283.84
1172.63159 288.653
1189.63818 1090.03
1190.64221 600.256
1350.55518 277.221
1351.53479 247.654
