1385.77556 2
110.07103 2708.38
112.08672 261.096
120.08055 4262.3
121.08398 378.64
129.06564 677.451
129.10210 5072.91
130.06462 879.825
130.08604 2189.99
130.10516 293.997
131.08145 1281.05
132.08112 241.881
133.04285 910.623
136.07553 4256.66
137.07909 318.338
141.06561 348.819
141.10220 566.461
143.11784 1016.86
145.09763 291.831
147.11264 5583.75
155.08128 883.108
155.11769 477.434
157.09918 322.73
157.13330 20434.6
158.09189 469.649
158.13686 1572.29
159.07622 2364.97
159.09140 3696.3
159.11256 1300.3
160.09454 352.938
167.08110 240.235
169.06075 343.28
169.09712 1721.78
169.13307 447.311
171.07608 299.81
171.11253 1486.67
173.09207 551.91
173.12798 722.074
175.11876 2063.77
176.10202 364.231
178.06422 451.919
183.07593 690.311
183.11293 854.438
183.14908 1182.98
185.08955 433.221
185.12816 17941.6
185.16489 1759.14
186.08658 399.968
186.13237 1636.76
187.07098 397.24
187.08685 337.481
187.10750 2889.08
187.14474 305.384
189.08691 247.148
195.08707 233.584
195.11276 366.09
197.12791 729.266
198.08727 362.715
199.07274 250.254
199.10733 298.422
199.14326 259.336
199.18005 934.727
200.10275 2502.1
200.13860 753.563
201.08688 2786.13
201.12282 1058.58
207.11179 322.236
211.10660 278.984
211.14354 1105.03
211.18054 267.736
212.10272 1148.74
213.08710 324.439
213.15982 970.036
215.13913 487.215
216.09811 315.704
217.08211 332.648
218.14946 292.625
219.14943 461.888
225.09802 305.094
226.11877 466.39
226.15446 295.723
227.10234 350.157
227.13768 358.244
227.17456 498.351
228.13301 903.66
229.11604 347.021
230.11302 939.651
231.10915 256.426
233.16441 331.093
235.10512 308.347
235.14391 790.685
239.17499 1232.04
240.13388 2536.37
241.07899 271.119
241.13480 429.173
242.15034 694.932
242.18614 528.357
243.13266 368.589
244.16510 988.895
245.12900 307.797
247.14250 378.667
249.15930 273.835
251.15038 355.801
254.14900 560.631
255.14807 235.809
256.16528 281.794
257.15829 241.167
258.14191 1320.81
258.16061 2088.45
259.16425 346.223
260.19641 2793
261.19965 335.804
263.13812 243.766
265.11813 289.317
266.18399 220.312
268.16479 374.59
269.12256 773.922
269.14734 248.609
270.12589 728.112
272.06854 217.927
272.12384 4904.2
272.15591 413.47
273.12653 430.301
274.11920 225.119
275.08173 247.164
275.17053 1229.75
280.12805 362.883
282.18033 675.402
283.14273 234.284
284.19611 1696.47
286.13513 2147.13
286.16089 1551.22
287.13242 4118.59
287.15802 936.281
288.13638 550.279
288.20383 225.948
289.09668 487.327
293.11273 416.914
296.19534 284.51
297.11151 294.578
297.14978 518.111
297.19287 310.693
298.11884 851.751
299.16980 289.244
300.15396 1456.95
300.19080 570.924
301.18405 275.11
310.17581 1828.53
310.21173 238.167
311.17136 715.803
312.17130 387.44
313.14865 260.807
313.18872 318.226
314.17044 270.374
315.14508 1780.34
316.14832 235.8
323.17004 236.77
325.18674 1035.18
329.18314 306.977
331.23334 3445.36
332.23651 562.315
333.18903 436.008
336.11902 255.901
339.20343 351.591
340.16302 356.858
341.18619 552.736
343.19897 763.351
346.20682 423.872
353.21762 1061.03
357.18637 1099.77
357.22110 758.796
358.16934 507.176
358.22012 227.062
368.19260 253.154
369.15488 233.563
369.19333 350.579
371.19168 1607.35
372.19693 244.91
379.23444 247.146
380.19336 410.583
385.20731 1337.83
386.17535 1474.24
386.21674 658.979
387.18661 240.822
396.20273 460.004
397.18588 2386.58
398.18924 358.481
400.21805 291.799
409.24774 400.213
414.21225 1465.76
417.24948 308.48
424.25351 357.113
428.18723 416.665
432.25888 288.312
439.25653 259.083
440.21530 248.663
442.26581 1281.97
443.26471 276.799
445.21674 984.238
455.20291 784.827
456.28235 470.974
458.19543 318.359
458.24011 250.815
460.27637 3109.4
461.28342 611.11
463.75690 416.352
467.23926 391.903
468.22238 1926.3
469.22717 264.013
471.25522 235.763
473.21341 3409.49
474.21744 694.429
484.27386 432.953
485.24646 910.059
486.23196 1009.68
511.25656 259.824
513.31189 356.923
521.31964 481.673
522.32458 329.001
527.26257 701.374
529.27911 414.341
531.31268 7150.26
532.31592 1958.14
537.24231 529.374
544.29559 799.989
554.27118 677.757
555.25690 550.164
556.29047 274.22
557.27283 868.449
558.27826 365.18
572.28192 2397.67
573.28607 667.572
587.34631 500.885
596.28021 509.474
597.26471 841.444
598.28760 265.75
614.29718 280.055
625.30444 425.821
626.28290 238.405
630.38190 4177.53
631.38495 1339.75
643.31543 1016.44
644.31458 334.009
657.33618 270.209
667.31873 721.471
668.30347 693.119
670.35956 358.252
671.35107 407.369
673.28436 232.561
685.32660 671.307
688.40009 757.169
689.38843 258.569
693.38037 393.018
694.37347 516.906
716.38879 247.759
754.35156 314.79
755.36670 412.665
756.36279 463.997
767.29205 258.031
772.36053 858.144
773.36243 415.035
816.46100 3622.85
817.46375 1567.79
818.47070 372.218
843.39996 558.385
926.50507 406.082
927.49664 1436.61
928.49518 641.683
944.51819 947.588
945.53088 399.675
955.48273 243.102
1015.55042 721.828
1016.56281 375.062
1102.59033 1840.08
1103.58704 1042.23
1104.60095 259.316
1159.58826 242.431
1201.66406 316.355
