2356.10538 3
120.08032 720.272
129.10156 437.693
133.04265 904.754
136.07520 495.055
147.11188 252.581
159.09097 251.534
171.14848 529.404
173.12776 408.312
175.11844 856.37
183.11243 219.788
184.07140 348.268
185.16469 274.67
187.10701 232.951
189.06950 192.733
199.14330 442.701
201.12302 582.118
202.08127 288.539
213.16020 203.292
228.13335 514.224
229.11745 287.667
240.13359 184.575
245.07574 197.161
246.12550 473.034
274.12085 449.513
286.15192 250.745
297.15469 252.542
300.15411 190.273
303.17636 525.858
315.16556 268.137
328.18723 229.892
331.12897 1127.98
336.13544 369.88
357.15628 476.919
373.13568 328.071
387.19244 985.993
399.09625 376.275
400.09964 424.658
402.24457 1338
409.17422 209.468
414.15103 336.604
438.23938 274.138
496.16736 516.22
501.31277 1233.56
502.31589 229.405
504.22589 261.219
533.22034 209.315
559.22943 236.469
592.26965 738.919
592.76825 222.953
602.36017 3407.42
603.36218 815.685
606.74475 308.783
607.24506 824.708
654.26135 201.624
664.25146 494.137
672.32318 230.509
675.77448 268.874
676.27545 242.878
682.26422 410.823
684.77252 217.617
685.28339 223.644
715.44427 2581.78
716.44556 640.048
740.41998 240.359
784.95734 335.755
785.50208 860.572
786.47009 648.867
787.48474 1130.49
800.38959 335.498
810.32300 390.56
827.29492 2508.97
828.29816 251.494
848.40430 260.116
875.47382 5558.29
876.47205 2284.01
877.46582 730.815
878.45599 260.773
907.47052 312.212
908.47198 217.37
939.37335 396.821
961.47546 228.992
976.53198 265.946
977.50751 335.934
978.49109 270.421
988.55798 1041.77
989.56146 478.264
1048.51428 881.063
1049.51233 468.175
1054.39026 1419.68
1055.39270 687.413
1056.39771 248.765
1075.58972 1239.86
1076.58838 533.146
1078.57336 210.699
1167.47949 550.986
1168.45862 210.942
1171.63513 227.232
1172.61267 353.742
1189.63464 1135.73
1190.64172 657.601
1350.54346 226.668
