2479.14164 3
110.07113 13137.1
111.07418 601.891
120.08067 1427.29
129.10222 6120.27
130.08626 2617.77
133.04314 723.253
136.07582 1144.78
138.06633 553.619
143.11787 477.723
147.11275 5210.3
156.07697 897.629
159.09213 456.399
159.11230 798.932
167.08116 427.522
171.07640 418.62
171.11237 999.29
173.12834 998.314
175.11873 1641.59
179.09355 707.132
180.07671 621.526
183.14880 580.554
185.09241 657.447
185.16432 966.89
187.07123 1048.14
187.10713 506.497
187.14366 694.097
189.08649 772.05
195.08774 984.742
197.10295 1659.9
199.07126 2044.03
199.10736 408.318
201.12300 857.195
203.06607 1030.05
204.13223 452.858
207.08759 2975.59
209.10309 733.271
210.02498 513.631
212.10316 666.144
213.08623 1283.05
213.15948 1297.68
215.13928 1262.84
217.08197 2496.88
225.09819 20856.4
226.10155 1978.92
227.10359 499.929
230.11319 2878.46
230.14963 449.744
231.09764 944.278
240.13380 1643.99
243.13388 2036.42
244.16566 1067.62
248.16035 2455.92
258.14532 706.744
259.09265 533.051
262.14996 892.573
268.12854 430.111
272.17197 1629.04
274.13928 709.02
281.14233 443.999
282.14401 867.394
290.08121 597.492
290.16107 11779.2
291.16425 2477.95
292.17877 574.473
297.15594 727.379
300.11838 2473.57
302.13947 5394.12
303.16174 837.546
308.17209 2114.53
312.15417 443.777
318.12811 930.363
320.17126 4005.89
321.17450 475.945
323.68723 1211.47
325.15009 3843.09
326.14880 576.784
335.19229 5998.31
336.19543 1003.74
337.18552 614.849
337.68295 497.001
338.18225 12619.6
339.18466 2141.25
341.14484 776.835
342.20346 568.493
350.21729 532.468
359.15842 557.506
366.19498 2374.1
366.69559 888.308
369.17838 685.943
391.19562 434.063
394.20798 894.25
396.18723 3536.82
396.68939 962.106
407.16443 448.477
410.24207 956.618
415.21909 1344.52
422.73819 1369.73
423.24136 434.338
428.17645 999.109
434.22614 837.149
435.16574 453.516
438.23712 1426.55
439.70236 1638.55
440.20438 913.602
446.18970 628.652
450.21915 2612.91
451.22562 602
457.18198 875.392
457.24857 3014.11
457.75095 1375.73
458.25867 442.352
466.25272 1585.36
466.75186 797.596
471.72305 814.753
472.22916 682.366
479.22177 615.553
481.22296 590.452
488.23871 446.902
490.22736 3041.06
490.72876 1436.65
504.25586 1796.4
505.26010 691.977
506.22415 515.496
507.24466 621.229
507.29776 2006.98
508.29910 567.769
515.73944 587.869
516.26862 518.598
521.76917 1465.94
522.27020 1070.7
526.24774 480.451
530.23248 499.061
530.77435 458.135
538.26050 871.604
544.21320 1325.2
544.26550 1366.06
546.76984 2515.76
547.27075 1468.28
558.30511 488.779
559.28510 724.312
561.27850 1621.9
562.28174 689.325
565.26575 471.579
572.29510 2608.86
572.79279 1364.25
576.31604 550.91
580.81085 528.483
581.30432 1772.67
581.80261 872.253
592.31781 496.805
593.30566 888.711
594.32178 964.81
595.77747 466.789
597.28455 2216.19
598.29041 984.057
601.79797 847.899
602.28949 2343.72
602.78778 1323.28
609.28088 1463.99
610.28754 478.993
610.80127 840.67
618.30817 901.719
627.24762 695.293
630.28699 526.083
634.79584 667.434
635.29486 583.179
636.30408 1479.26
636.82367 757.659
637.29852 543.905
643.31805 606.122
645.25842 1705.83
646.37469 664.933
651.82489 483.168
652.30664 1263.25
652.81604 535.279
653.30920 470.319
654.30835 12312.8
655.31189 3938.12
656.36450 813.266
659.25073 644.389
661.32263 3368.05
661.82404 2792.42
662.32654 1061.31
666.31781 1302.95
674.36188 3423.21
675.36389 1336.89
682.30072 1050.27
702.37335 672.175
705.40509 606.288
713.37244 1187.47
714.30566 787.197
714.37146 877.85
714.67688 483.305
714.99915 513.088
715.34930 563.571
715.85754 684.715
716.84558 653.919
717.33673 591.433
720.38879 656.851
723.37085 1012.28
724.36792 463.706
725.84076 1143.72
726.34338 895.867
729.37573 518.573
731.38379 6595.69
732.38287 2761.28
733.38354 598.253
737.34528 502.998
740.37006 1150.35
741.38135 548.532
742.35309 613.901
743.39429 472.287
744.33728 529.574
747.34448 654.525
749.40100 746.786
750.87054 787.582
751.37360 812.733
752.36621 488.05
755.35461 745.992
758.34430 732.004
760.35461 652.078
760.85291 729.854
769.35846 1893.97
769.86249 1540.29
770.36548 835.967
772.33765 2063.23
773.34662 1422.7
774.35522 564.631
777.05969 541.601
781.34467 1886.2
782.38147 1092.22
782.72485 1156.05
783.05457 715.333
783.37921 516.29
788.39429 4271.8
788.72595 4982.3
789.05798 3246.5
789.39337 2102.59
789.74841 552.062
791.36694 8423.94
792.36896 3291.97
793.36273 927.094
794.39478 6204.66
794.72876 7752.25
795.06384 5724.36
795.40118 2898.13
795.73285 1317.58
800.40344 903.861
800.73029 542.041
806.40326 523.958
811.34558 1573.8
815.30792 560.792
816.47723 893.426
817.48358 593.589
821.04816 709.834
821.39435 853.012
821.71271 845.47
823.41156 1556.94
824.41827 1119.57
825.88904 650.172
826.47205 2929.09
826.85645 501.238
827.03455 1575.4
827.37299 2645.86
827.50110 1038.92
827.72144 1262.63
828.40656 876.228
829.35889 4728.71
830.35992 1899.14
831.35803 535.019
841.42102 1604.98
844.46698 6192.91
845.35083 622.565
845.48376 2239.52
845.90784 522.695
846.49182 512.831
854.41156 3571.77
854.91290 2442.53
855.42023 2170.59
855.92285 1001.17
856.43164 698.397
860.39001 921.814
865.41895 510.459
878.39844 10402.7
879.40155 5063.35
880.40204 1502.34
896.36688 2449.98
897.37610 1470.87
898.48334 554.259
899.48871 930.119
904.38593 524.017
908.44177 719.011
910.95697 531.444
913.49078 1686.83
914.47766 765.603
915.47351 502.574
924.42761 1258.89
925.43774 930.638
930.45514 565.706
931.50482 1797.89
932.52405 592.249
935.41974 619.08
936.50452 813.602
939.47089 1530.68
939.97113 1405.03
940.46466 1016.15
942.44525 3100.04
943.44513 2071.05
944.45148 796
952.48578 1050.62
953.48907 755.607
954.51025 939.678
961.44043 2406.95
962.44214 1266.7
965.47620 893.012
965.97021 706.956
969.96887 788.814
970.46039 814.001
970.96246 580.021
973.47729 1459.31
973.97668 2187.45
974.47583 3267.62
974.97803 1324.13
975.47565 692.693
976.47839 513.224
978.97638 2322.61
979.44904 26335.1
979.98389 1787.54
980.45105 12467.6
981.45203 3839.25
982.44446 673.727
987.45953 1157.72
987.97382 11142.3
988.47351 12880.1
988.97455 7010.96
989.47424 2582.39
989.97839 849.825
996.49536 712.871
997.41858 7308.26
998.42078 3570.62
999.42346 646.454
1004.99817 964.52
1005.48120 656.154
1011.46558 1529.78
1012.46942 666.563
1013.50043 1798.85
1013.99695 2724.8
1014.50220 1667.28
1014.98950 1623.96
1015.49420 1065.45
1022.50360 8267.27
1023.00464 9748.8
1023.50360 5875.48
1024.00085 4200.93
1024.50366 2467.64
1024.99951 1540.79
1025.51355 694.902
1026.53979 628.726
1027.53821 549.969
1029.47729 649.53
1031.50525 601.927
1032.01099 507.992
1032.51733 646.254
1042.53467 1536.17
1043.54126 824.655
1053.48035 820.904
1054.48950 596.359
1058.50183 748.683
1060.54358 3150.49
1061.54456 2058.84
1062.52087 655.136
1065.54761 547.051
1067.52527 697.227
1068.01526 488.312
1070.03638 650.386
1070.54199 627.558
1071.03235 498.047
1071.49170 1103.82
1071.98767 1113.36
1072.50549 616.395
1072.98804 791.854
1074.51563 1488.86
1075.50720 731.959
1079.04468 2203.37
1079.55151 2365.62
1080.04028 1423.1
1080.53723 602.408
1087.52710 481.054
1092.53149 12023
1093.53113 6063.46
1094.53271 2432.92
1095.53943 790.983
1097.56555 772.212
1098.58228 806.456
1100.53845 511.457
1103.05908 572.933
1103.55408 619.325
1106.50232 747.656
1107.50513 566.047
1109.53931 672.891
1110.50537 5779.57
1111.50891 3121.33
1112.50525 949.28
1114.06812 495.055
1122.56311 1041.94
1123.06335 1280.15
1123.56030 777.761
1127.53674 576.896
1128.05518 506.741
1140.53198 1179.73
1141.52197 628.092
1143.57581 1632.4
1144.58679 1039.15
1145.58203 484.843
1149.49622 517.842
1158.51563 1614.73
1159.51990 1026.14
1161.58826 1625.72
1162.59583 875.679
1163.59729 570.988
1202.58069 956.979
1203.56348 3946.04
1204.56433 2515.4
1205.57507 736.18
1220.59167 3925.47
1221.58325 2951.3
1222.57825 1316.53
1239.54614 4907.65
1240.55273 2845.98
1241.55371 2318.12
1242.57178 1230.29
1259.56970 557.672
1260.58850 493.747
1269.61926 679.736
1271.64844 1299.72
1272.66614 547.917
1286.60303 597.741
1289.65198 2543.04
1290.65320 2262.39
1291.65186 953.426
1303.63342 1084.74
1304.62085 804.859
1321.63562 5370.07
1322.63513 3178.69
1323.64417 1637.85
1352.63879 1817.27
1353.63513 938.755
1369.59937 705.261
1370.62061 621.099
1387.62769 988.77
1388.63916 696.463
1402.72339 599.773
1403.74548 548.152
1433.65808 584.39
1450.68799 2034.17
1451.68408 1773.47
1452.67847 625.374
1519.70654 892.27
1520.69580 958.36
1537.71338 3998.42
1538.70947 3470.51
1539.71716 1530.48
1640.76416 566.371
1651.79932 574.879
1707.82068 1257.04
1708.82117 887.44
1709.81482 1136.92
1710.82886 548.966
