1630.63213 2
111.09130 1438.97
127.08601 1637.97
129.10187 211358
129.12657 1418.45
130.04984 2365.95
130.08591 26534.4
130.10493 12073.6
139.08624 7967.18
147.11240 37903.6
148.05957 2157.78
148.11588 2088.52
153.10188 2044.33
155.08139 1784.07
157.09657 6392.86
167.08089 4443.44
167.11745 3669.28
173.09177 4813.68
183.07613 2830.99
185.05458 1506.91
185.09177 2965.52
193.09703 1756.48
195.07608 4938.23
195.11227 21163.4
196.11697 1878.38
197.12794 4125.45
201.08667 15030.5
205.09590 4455.9
207.07585 2245.58
212.13861 1628.4
213.08600 2640.13
213.12318 7604.63
215.13817 6082.69
217.08151 2927.65
222.12315 36279
223.10785 7315.3
225.12334 2567.19
226.15402 5222.42
227.06616 1470.17
227.10155 5136.64
231.09721 4644.75
240.13358 128642
241.08096 12534.8
241.13530 14601.2
245.07631 11069.7
250.11842 4071.59
257.11212 3928.34
257.19794 1645.71
258.14417 68964.2
259.09155 15599
259.14706 6978.27
264.13477 2481.59
268.12833 8821.97
270.10727 1909.13
275.20694 7560.82
276.15439 31540.7
277.15784 3554.4
278.14758 2962.49
284.12311 1775.71
286.13873 20643.4
287.14264 2237.89
292.12775 1682.28
295.17474 2095.52
298.13809 1491.7
300.08234 6523.93
305.16006 4067.26
306.14282 2680.79
309.15570 1728.38
312.11734 7288.74
312.15387 1633.9
316.11304 8673.11
323.17072 15011.4
324.15323 12308
325.15698 2094.04
328.07654 5497.35
330.12875 12288.6
333.15579 3906.35
337.18631 9402.19
341.18103 9479.48
342.16095 2526.79
351.16519 26613.5
352.12003 2520.14
352.17398 2332.89
353.21710 1859.12
355.19632 8825.79
356.10776 2002.97
360.10324 2390.69
363.16507 4443.93
369.17554 46251
370.12576 3387.05
370.18240 5822.35
371.22684 3217.22
374.11774 2506.77
381.17709 2392.45
386.23990 1785.42
387.18625 84255.6
388.13443 3776.46
388.18985 15306.6
392.22733 1595.32
399.22296 3625.11
401.12949 1594.5
405.19681 20843.3
406.20117 4004.45
409.16986 11411.4
410.17120 2365.84
411.11401 2800.87
411.18823 2423.46
413.16336 4918.31
423.15112 1683.79
427.17639 2954.35
429.12402 14767.1
430.12650 2640.36
431.13995 2312.82
434.19702 2453.13
438.19644 1648.39
439.10995 3158.26
440.21460 1744.98
441.16068 4660.71
445.15573 3100.25
452.24991 16345.4
453.25293 3230.2
454.26480 4353.19
456.20914 2621.28
457.11771 10194.3
458.12173 2297.56
459.17139 5040.91
470.25958 5174.52
472.27707 2145.34
478.19000 2040.37
480.20987 4270
482.15002 4273.56
482.25964 4108.17
489.24719 1920.6
496.20114 1679.3
498.21893 6162.98
499.22302 1742.6
500.16098 11171.6
500.26932 3271.64
501.16580 2072.76
501.30295 11241.4
502.30466 3182.57
506.18665 11176.2
507.18607 2597.17
510.14532 3243.55
516.22919 16799.3
517.23041 2982.95
524.19708 31762.7
525.20105 7107.53
528.15430 10310.8
529.16382 1812.61
534.23901 28999.1
535.24451 5222.69
536.24829 1580.78
539.28162 1978.73
542.20856 10801.6
543.20642 3131.06
569.25110 3858.63
574.19391 1667.91
580.34515 4335.42
581.26160 1579.76
587.26898 3768.52
595.23425 3344.46
598.35468 37522.5
599.35632 13234.3
600.35870 2211.09
605.27686 30813.5
606.27997 6657.16
608.21521 2127.37
611.18976 2807.56
613.24506 7820.21
614.25116 2074.43
617.21716 3055
625.24261 3407.83
626.24054 2298.18
629.20227 8383
630.20782 1903.83
635.22815 7319.94
636.22571 2439.38
639.18835 1766.44
648.29340 2085.78
653.23901 16789.5
654.24414 6182.35
657.19470 4291.29
660.26068 2492.56
666.30878 5343.92
667.38806 1635.75
671.25073 6089.15
672.25055 1553.94
678.27612 3422.27
679.26239 1609.18
685.38617 10833.3
686.39111 4830.99
696.27515 2631.2
697.27173 2830.62
698.29346 2831.08
702.30939 4602.65
702.80768 2193.13
706.26379 5268.44
714.29614 2541.61
716.30664 9394.59
717.31323 3850.64
724.27649 12707.1
725.27704 3169.99
734.31879 17566
735.32129 7327.42
742.28693 14250.6
743.29022 4134.44
757.81989 3028.17
758.23993 3712.24
763.32501 4293.78
765.33582 1984.9
781.33331 7151.18
782.34900 2432.65
796.41107 2174.15
799.34851 5046.11
814.42889 3711.46
815.42700 1862.05
826.31384 1679.17
831.33490 3007.74
835.30035 2118.06
848.37500 1558.85
849.34338 17995.6
850.34607 7536.24
853.30792 5094.46
854.31366 2484.29
870.38751 1660.87
871.32428 10146.7
872.32886 3123.11
874.35455 1868.07
885.46741 4312.14
886.46680 2078.69
892.36273 4301.6
893.36292 1831.44
910.37268 6186.34
911.38568 2268.15
912.38269 1550.22
928.38959 3317.99
929.39148 2034.77
946.35211 3518.48
947.35358 1796.39
963.39526 2806.76
964.37103 7399.85
965.37384 3261.89
981.41205 5682.59
982.39850 3346.7
999.42096 4930.25
1000.37982 3984.77
1001.37085 1736.57
1014.52032 1556.43
1015.37970 3478.32
1016.37634 1981.69
1033.39282 25538.8
1034.39294 12720.3
1035.39502 3284.06
1043.36462 2254.7
1051.40015 3563.55
1061.38770 15640
1062.39148 7685.92
1092.44629 1592.16
1110.45129 4689.01
1111.46033 3069.55
1128.45996 7730.95
1129.47412 3833.57
1130.45703 1690.21
1146.47693 29244.3
1147.47925 13978.1
1148.48438 3427.28
1164.49146 1875.95
1239.49329 4443.17
1240.50793 2307.97
1257.50708 12565.8
1258.51270 8422.41
1259.51685 2769.91
1275.51855 15145.9
1276.52307 9279.78
1277.52197 3515.24
