2425.13881 4
110.07101 10107.6
120.08048 5642.61
129.10204 15283.4
130.08603 4305.53
133.04288 1146.18
133.08551 823.535
136.06145 964.349
136.07510 1095.17
138.06581 860.374
147.11261 9051.4
157.13292 1359.61
175.11778 967.727
183.11234 993.182
185.12834 1425.66
187.14308 741.253
191.11749 3771.91
195.08727 3761.13
199.10718 1015.53
201.12300 9605.23
202.12668 1171.23
211.10725 742.67
219.11241 4254.74
226.11795 804.837
228.13316 1177.73
229.11813 5357.42
239.14793 755.014
240.13371 2251.07
249.12274 3494.9
254.14977 834.079
257.16071 2862.09
258.14432 4852.35
275.17072 4797.77
277.11777 8026.68
278.12051 971.927
300.15506 2321.3
310.11426 2861.21
312.69412 1964.5
313.19653 889.247
315.16641 674.579
333.17328 874.474
344.14304 750.392
346.16125 5913.85
346.66214 2518.14
348.15527 4570.51
349.15695 989.106
355.16592 21829.1
355.66776 8480.97
356.16779 1907.51
357.21582 984.909
367.13486 2577.8
374.23911 7985.28
375.24280 1211.58
376.18622 1247.59
388.70728 892.478
390.68506 5904.13
391.18704 2478.46
397.71066 13391.6
398.21213 6284.47
398.71463 1636.35
402.70139 723.863
403.20023 680.298
411.70767 12566.2
412.20947 4669.8
412.71368 1416.39
424.71802 1143.85
428.25146 1538.78
428.70035 1228.81
433.22940 16703.5
433.73053 6890.66
434.23114 1847.46
438.20859 6320.27
438.72348 727.094
439.21387 1155.79
447.22559 8428.99
447.72812 2920.65
448.22824 1278.4
457.23007 3817.42
457.73151 1305.98
458.23138 779.115
462.73657 1002.07
466.20340 18965
467.20639 3841.89
468.20853 889.109
471.24942 1313.55
483.22931 4515.23
484.23395 833.124
485.23666 780.473
487.32294 4647.15
488.32352 960.883
498.24738 775.71
506.23541 682.663
506.76309 6307.26
507.26434 4292.62
507.76181 1556.09
511.74921 1539.12
512.24908 1078.01
514.74408 4296.14
515.24615 2564.2
517.29724 843.305
520.76141 3903.05
521.26373 2631.53
521.76367 718.672
537.21533 796.739
540.60858 781.149
541.27777 1282.22
542.63843 1368.83
554.25909 1054.29
558.26764 781.381
562.77997 698.282
570.25934 2935.13
570.75531 1481.97
571.28540 2050.34
571.79108 1207.94
572.27026 1144.12
573.27393 2122.96
573.60822 2613.5
573.93738 1187.95
574.27673 785.809
574.97150 1511.12
575.29498 4992.73
575.63214 1926.46
576.27191 1985.41
576.77350 1227.74
579.26532 6672.35
579.76465 3189.92
580.26227 1219.67
585.28168 7418.46
585.78180 4609.41
586.28705 2505.05
594.29907 5885.92
595.30212 1900.18
602.53961 3673.26
602.78815 5233.05
603.03815 4234.92
603.28845 2542.94
605.81433 1013.06
605.93799 1197.59
606.24573 1830.04
606.30957 1739.06
606.59460 908.579
606.81335 1109.76
606.88617 727.627
607.04034 36648.8
607.29034 51433.4
607.54150 35345.6
607.68073 1259.17
607.78870 17985.4
608.03381 7476.14
608.28278 4268.06
620.82391 1165.27
621.32208 747.577
624.38110 5383
625.38507 1750.6
628.79895 13646.1
629.30072 8697.57
629.80267 3530.63
630.30286 1190.18
634.81604 3601.69
635.31641 2751.26
635.81458 1151.23
637.61322 1980.38
637.95038 2458.7
638.28290 2277.63
641.27533 1188.27
645.35638 1073.29
646.94617 7377.91
647.27844 8434.14
647.61493 4706.78
647.94702 2038.51
652.82788 862.592
653.33051 1576.88
653.98877 1010.8
654.32556 1695.83
654.65967 775.615
655.25439 1222.37
665.34058 2434.24
666.34241 902.92
675.31000 1043.55
684.31604 5872.75
684.64197 3269.29
684.81580 4799.22
684.97522 3443.6
685.30957 3438.62
685.64655 796.868
685.81628 958.661
691.31342 4843.46
692.31342 1934.89
693.32074 10676.7
693.82135 7939.91
694.32220 4395.99
694.81848 1072.99
699.33417 1595.67
699.83636 1385.2
700.34241 783.838
704.35681 865.888
706.01495 998.225
706.35156 1062.52
709.32538 8784.81
710.32648 2725.72
711.99561 725.184
717.66162 1704.63
717.99890 3526.89
718.33044 1636.44
718.66608 851.051
723.33514 878.531
739.29449 749.314
744.34705 801.161
744.69733 796.83
745.36218 837.181
748.84595 834.209
749.34198 991.401
753.42615 2848.89
754.34222 1503.1
756.85150 3429.88
757.35028 2424.21
757.85327 2271.1
758.43994 2399.66
760.35315 1491.23
760.68549 1788.89
761.01776 1097.19
761.35254 1165.08
763.36481 3484.21
763.70129 3447.79
764.03546 2432.22
764.37054 822.291
766.69318 765.772
766.85474 20188
767.35498 18653.9
767.85663 8618.2
768.35748 3298.72
768.85358 1050.45
770.27716 1194.86
780.36426 3329.14
781.36395 1365.44
784.28760 1975.88
791.86383 806.877
793.36285 1132.22
793.86432 1996.31
794.35089 878.08
802.37225 16311
802.87457 14039.1
803.37140 6892.28
803.87854 3206.72
804.38776 1345.32
817.46826 1019.86
822.41156 2815.49
823.41345 739.217
829.47534 4390.2
830.47858 1594.43
856.37665 786.793
858.91620 2631.79
859.41888 2403.86
859.91516 1494.45
882.38098 974.945
883.35962 3496.58
884.36353 1488.34
893.45172 2587.42
894.45538 1417.53
899.30066 879.704
901.38562 2259.73
901.88635 1490.91
902.37897 964.692
903.47754 856.512
913.45392 4162.52
914.45648 2050.65
915.46637 718.692
916.43127 3364.52
916.93054 3002.8
917.42804 2096.31
917.92719 873.927
969.92181 993.965
970.40729 1264.21
970.92999 788.491
982.42535 1732.92
983.43799 996.535
994.39386 959.868
1011.42346 1570.44
1012.40936 1742.11
1013.41113 839.551
1028.48169 9189.55
1029.48218 4823.12
1030.48010 1433.36
1032.48962 918.001
1040.52576 852.388
1046.38147 1513.15
1075.98352 938.132
1076.48401 803.379
1110.48315 1266.55
1111.47241 1846.16
1112.47729 928.162
1117.42700 1491.76
1139.50305 1085.92
1140.50244 1722.11
1141.49109 846.214
1157.52295 9967.99
1158.52551 6324.72
1159.50061 3017.74
1160.49292 1350.94
1169.55249 1141.26
1230.50769 1510.82
1231.51270 930.346
1239.56055 1126.31
1240.53870 856.466
1241.51367 729.868
1256.59131 5311.71
1257.59216 3750.56
1258.56189 3032.65
1259.54370 1473.95
1329.56982 1365.59
1330.57703 1119.77
1385.63745 2177.57
1386.61597 2313.19
1387.61841 1279.24
1457.62952 747.573
1458.61951 938.899
