1449.74663 2
110.07114 7204.04
112.08667 319.119
115.08651 505.885
116.01678 249.288
116.07028 307.385
120.08062 4677.62
125.07081 492.292
127.08599 261.913
129.06606 1087.17
129.10220 9350.48
130.05009 405.54
130.06439 878.884
130.08618 2947.83
130.10492 471.185
133.04280 2973.91
136.07565 6993.6
137.07907 550.165
139.08691 289.248
140.07048 1761.22
141.10217 800.201
143.08078 282.88
143.11783 899.391
145.06067 430.522
147.07611 345.64
147.11278 5911.47
148.11552 405.192
152.08228 362.149
153.06573 484.303
155.08160 530.39
155.11769 441.395
156.07576 309.04
157.06056 376.242
157.09752 803.874
157.13326 2046.54
158.09247 688.879
159.07663 471.365
159.09149 2526.91
159.11227 325.053
161.03769 715.578
166.06091 549.93
167.08238 1006.43
168.06918 267.135
169.05988 373.444
169.09723 1448.44
169.13359 745.2
171.05846 634.101
171.07637 958.373
171.11238 1263.04
173.07433 1221.88
173.09215 747.238
173.12851 870.079
175.07185 249.365
175.09003 283.044
175.11890 2778.27
179.09286 539.631
181.05974 264.596
181.09828 524.494
183.11293 871.335
183.14917 1988.26
184.10791 1229.63
185.09192 2324.36
185.12822 1532.47
185.16479 1016.34
186.12318 668.174
187.07156 919.527
187.10760 503.675
187.14412 329.151
189.08611 324.787
193.09741 253.541
194.09215 567.831
195.07651 1578.66
195.11256 395.368
197.10307 787.043
197.12866 915.837
198.08684 339.396
199.05328 2041.59
199.10861 367.24
199.18069 867.578
200.13925 2395.62
201.07033 975.291
201.08670 1034.22
201.12326 1795.15
202.11792 660.242
203.08434 593.542
204.13399 267.894
207.08792 452.771
207.11253 446.676
207.12413 416.694
208.07161 1097.59
209.09123 329.964
209.10272 255.942
210.02574 298.976
211.10719 360.944
211.14413 557.179
212.10281 2790.9
213.08681 1977.35
213.12059 249.966
213.15988 1410.95
215.13875 1106.13
216.07999 17220.7
217.08301 1819.92
218.07405 465.549
218.14967 3966.75
219.11360 261.66
219.15047 429.743
224.10318 287.956
225.09819 4633.21
225.12215 267.466
226.11670 1124.15
226.15416 434.635
227.10179 475.411
227.13655 263.333
227.17537 759.55
228.13391 2385.57
229.11749 770.32
230.11313 1809.44
231.10945 284.506
233.12831 246.941
233.16360 334.249
234.12321 248.133
235.12129 329.134
239.11357 362.194
239.17734 278.104
240.09775 995.148
240.13403 515.104
241.08179 1710.93
242.11325 1924.44
242.14980 301.764
242.18481 275.653
243.13377 1070.28
244.09248 294.41
244.12848 721.512
244.16508 1186.6
245.07643 1081.17
246.07167 552.855
246.18089 378.583
247.05725 381.181
247.10747 636.427
249.12245 408.337
249.15883 370.894
251.15039 598.15
252.13374 271.439
254.14369 571.369
254.16548 744.69
255.14516 510.803
256.12711 265.488
256.16470 272.857
257.14151 269.814
258.10858 2423.85
258.14114 416.346
260.12436 1579.19
260.19681 1544.29
264.08319 8160.16
265.08618 638.001
265.11719 654.468
266.07852 605.367
266.14722 448.389
267.10782 449.899
270.10684 288.506
270.14456 298.355
270.17981 503.558
272.10501 313.54
272.15634 1274.26
272.18121 392.308
274.06616 280.467
274.11935 365.785
275.05142 635.121
275.10596 503.228
277.11832 337.125
278.15176 328.191
280.09198 256.814
282.18121 608.105
284.15994 635.314
284.19650 1419.39
285.13623 512.517
286.13870 1022.19
291.16693 454.925
292.07803 9860.12
293.08160 1054.78
293.11212 1631.17
294.07303 612.236
294.11746 253.504
294.18085 278.439
295.13922 362.618
296.15527 405.488
296.19528 389.806
297.11914 872.121
298.21347 373.901
300.08319 293.445
300.15375 392.947
311.17059 360.3
313.15201 496.212
314.17139 1008.59
318.09299 412.298
322.15280 460.859
323.13516 2528.43
324.13934 468.94
325.18698 269.961
329.12616 281.98
329.18204 1349.64
330.18762 353.027
331.19720 880.594
336.12616 298.516
337.18588 463.806
339.20169 503.899
340.16187 579.569
341.18243 2410.02
342.17627 259.573
345.10434 714.518
346.08792 683.758
347.19247 601.26
348.20090 343.456
353.21555 263.989
354.14078 1159.82
355.19720 1208.83
357.21161 1896.47
358.13461 317.658
359.19196 2544.86
360.19354 516.319
363.11511 12505.5
364.12494 1869.73
365.11240 911.175
367.23148 694.271
371.22574 437.378
373.20877 913.695
374.24033 1949.9
375.24887 314.352
381.21664 305.096
383.26480 386.111
385.24194 968.907
399.22397 588.399
404.14688 901.036
404.21408 5296.31
405.21735 1056.97
408.22260 475.463
409.24939 311.388
412.25314 488.643
422.15384 361.196
426.23621 792.765
427.25644 627.045
428.25201 257.741
430.23419 300.354
433.20520 356.449
436.25589 1515.86
437.26151 307.033
441.21036 338.609
442.22504 416.791
442.25381 416.325
444.24985 743.659
452.25223 378.157
454.26511 2328.58
455.26819 588.683
469.20328 825.342
470.18344 931.956
470.30124 473.094
471.19370 284.243
472.27701 2062.16
473.28131 364.519
475.18118 603.533
476.19128 305.586
477.23474 517.04
480.28278 292.874
485.26990 503.418
487.32397 1741.69
488.32742 420.097
493.18884 357.817
497.31708 843.267
498.28394 266.87
503.28226 3825.7
504.28326 832.811
507.29340 349.713
514.24683 493.819
515.17383 291.096
525.29535 520.825
532.20300 342.914
533.18298 382.316
533.28821 313.865
541.29926 329.104
543.31152 814.062
558.32532 446.104
567.35016 343.264
570.21277 270.745
583.30914 1052.01
586.21289 313.048
600.40625 824.895
603.23560 327.09
604.21466 442.119
606.28174 342.627
609.28571 760.325
609.78674 409.989
616.36267 2776.9
617.36560 851.034
621.24445 288.482
628.90833 281.128
632.26379 394.336
647.33246 597.065
659.32245 481.531
671.44598 1007.79
672.44904 320.219
673.31561 447.054
673.82300 300.583
682.37921 614.34
688.33850 476.791
697.40460 869.709
715.43549 937.201
716.43604 331.131
717.30804 293.437
719.28418 388.713
724.83344 595.68
725.33752 404.183
731.44574 282.542
738.83740 649.657
739.33960 387.888
761.30530 1099.91
762.30188 404.489
766.42828 369.562
774.36115 401.6
780.27960 391.589
786.46851 688.084
787.33960 591.386
787.48010 306.634
788.37799 294.572
800.48962 734.259
819.37286 572.712
820.39417 309.364
821.80817 292.253
824.31201 343.573
828.48328 993.137
829.49091 366.493
830.79169 546.884
831.29785 484.24
832.34698 2039.6
833.34491 907.038
837.40631 349.732
838.89697 672.943
839.39325 513.292
839.79614 614
840.28400 482.73
840.79700 442.407
852.89197 1000.95
853.39124 656.177
854.38611 339.628
887.51337 505.92
888.52814 297.671
909.31995 302.139
917.36780 331.49
935.38446 337.713
945.43073 1038.96
946.43707 501.57
952.31934 318.53
974.55609 1145.49
975.55548 488.613
1168.61951 623.837
1228.45764 324.289
1326.46765 289.36
1336.69385 496.157
1337.70447 333.124
