1224.67717 2
110.07111 2088.87
120.08058 31674.8
121.08390 2588.66
129.06584 482.857
129.10211 6252.43
130.06465 320.703
130.08609 4587.75
130.10373 371.584
133.04280 5708.08
133.08522 471.073
136.07556 3461.03
143.11752 560.776
146.09204 1355.82
147.11266 10005.9
148.11636 477.739
155.11757 460.145
157.13342 465.984
158.09200 616.349
159.09132 873.171
167.08247 329.923
171.07626 347.377
171.11211 507.546
172.11513 345.397
173.12820 685.382
175.11899 2507.6
177.10207 49164.2
178.10561 4457.66
183.11313 858.967
183.14931 449.283
185.12718 464.733
185.16469 13289.7
186.16808 1212.08
188.14220 457.759
190.06433 1525.98
191.11761 2907.02
195.11203 359.475
197.12851 556.579
198.08745 1399.84
199.18028 4735.44
200.18411 574.747
201.03290 898.558
201.12305 1233.65
203.11646 544.905
205.09688 43656.4
206.10052 4525.86
213.08618 478.28
213.15965 5214.52
215.13847 472.779
217.08215 551.577
217.13658 497.897
218.05914 11601.4
219.06361 656.614
219.11246 6271.79
219.14897 4585.8
220.11671 710.24
220.15256 479.604
225.15929 322.525
226.11873 474.432
227.17534 3085.47
228.13251 548.804
228.17928 399.518
229.11571 542.092
231.11198 974.04
231.14876 727.071
233.16470 6500.87
234.16805 1177.12
240.13391 6674.83
241.13802 665.528
242.14973 882.283
242.18626 1729.39
243.16925 441.421
244.16452 523.974
245.16460 1173.54
246.12663 4191.18
247.14412 3819.54
248.14691 566.207
251.12091 639.77
255.14621 679.615
258.14316 403.136
259.14435 1273.83
259.17990 1309.09
260.19662 11042.8
261.10184 1926.25
261.15930 4809.61
261.20004 1187.74
262.16367 792.252
266.14954 457.129
269.16119 444.295
272.15430 426.501
273.15930 6156.09
274.12164 4810.55
274.16360 919.539
275.12469 505.585
276.13391 6784.63
277.13751 667.736
279.14813 789.096
282.18027 475.689
283.14334 456.666
283.17624 2287.08
284.19724 368.142
286.12140 427.554
287.17499 2042.41
287.21127 1418.1
288.19965 1127.02
289.09610 17835.7
290.09943 1875.62
290.18466 590.129
293.16025 6581.96
294.16302 695.308
296.19611 429.869
297.15479 684.804
300.17233 582.561
303.14972 1063.33
304.16541 1004.88
307.14362 1512.97
311.17081 8538.16
312.17441 1213.88
315.20602 1717.17
317.08975 575.046
318.18079 21360.9
319.18387 3769.38
330.18079 1825.65
331.14285 12923.6
332.14639 1758.68
332.19687 1053.81
344.19711 1579.22
345.15506 6984.67
346.15707 1005.87
347.20715 432.301
352.16516 1896.95
353.16656 478.302
353.21863 483.203
355.23483 522.653
357.15860 2617.79
358.15936 509.088
360.22833 1291.3
361.22327 1119.05
365.12677 844.766
372.23547 553.938
372.25595 546.896
373.28058 6689.44
374.18536 3482.53
374.28210 1341.86
375.20392 1038.51
378.18079 468.421
379.23276 579.087
386.24353 761.018
387.20538 2898.5
388.17032 469.925
389.22119 1609.69
391.14316 1642.22
392.22845 1540.49
395.20523 560.603
399.20395 712.588
401.21848 1399.38
402.17993 8943.94
403.18204 1325.64
406.24448 1340.39
408.16919 5444.13
409.17169 875.323
410.24063 462.063
413.21820 2089.29
414.21796 391.726
416.23074 1171.71
417.21295 1011.74
417.25919 616
419.13501 372.174
420.22772 902.102
421.19086 368.628
423.20200 513.769
424.25476 811.082
429.25009 421.307
430.24591 2208.95
431.26465 549.354
433.18582 364.032
436.16440 8774.74
437.16791 1890.62
442.25287 355.231
443.26419 1250.75
444.22552 3484.44
445.23068 782.754
456.22293 426.642
458.23969 4734.17
459.24115 1087.1
460.28879 497.004
464.28644 377.657
470.24237 1510.6
473.25058 397.746
476.23233 1509.51
477.24319 562.068
478.21124 898.576
487.26834 2590.02
488.27625 798.146
490.20877 865.704
499.32785 475.074
500.28433 410.037
501.24774 1310.46
502.25763 339.654
503.24457 347.454
504.22705 4858.96
505.23068 1058.77
505.31491 469.964
507.23813 863.823
512.28784 594.551
515.26215 3495.5
516.26953 857.221
521.25305 7188.41
522.25647 2095.22
523.26001 437.474
526.30072 990.568
531.23230 343.927
532.28961 439.872
533.31158 4990.61
534.31647 1177.44
535.23309 1396.18
536.23511 441.313
549.24799 5618.38
550.25092 1446.74
557.30774 824.114
575.29688 392.659
589.32233 345.697
590.33203 12964.3
591.33813 3544.48
592.33435 889.111
603.29492 1475.16
613.34265 619.286
614.39777 1008.53
617.31024 1071.46
620.32178 1688.32
621.32764 401.97
633.29327 890.445
634.34100 2016.07
635.34430 703.16
648.31567 1664.29
649.32123 502.735
661.36902 14140.9
662.37933 3638.51
663.38007 749.221
717.43140 345.442
762.39587 377.805
770.35144 1583.34
771.35974 868.529
773.40125 463.447
791.41400 479.684
808.43787 18504.7
809.44012 7732.22
810.43781 1944.61
907.50708 5483.51
908.50830 2799.51
909.50995 653.238
972.40704 421.537
973.40808 421.018
1020.59088 885.218
1021.60242 516.079
1087.44153 529.87
1088.43713 536.61
1201.54480 354.751
