1379.61357 2
110.07113 1462.99
112.08677 775.899
113.07076 356.286
115.08643 1046.21
116.07047 853.039
118.03188 629.451
120.08067 471.566
126.05495 597.304
127.08652 477.858
129.06696 663.123
129.10220 20018.7
130.05009 229.932
130.08611 1157.92
130.10533 1230.39
135.05898 354.887
136.06172 4412.38
136.07561 549.117
139.05087 239.191
139.08647 5154.02
140.01051 702.918
140.08955 462.652
141.06604 305.342
141.10210 1095.8
144.06567 281.003
147.07629 390.797
147.11284 2120.25
151.08699 333.841
153.10181 405.686
154.04984 745.275
155.08125 880.25
155.11707 297.253
156.11290 461.103
157.06073 321.654
157.09723 2115.95
158.09229 2273.84
159.07620 289.711
166.09644 325.277
167.08148 4626.43
167.11797 282.239
168.08530 313.254
168.11084 232.561
169.09705 640.804
171.07623 1046.93
173.09203 641.26
173.12830 324.654
175.11887 10621.5
176.12286 542.18
181.06108 660.072
181.09698 587.736
181.13333 282.391
183.07671 280.625
184.10764 954.966
185.05540 438.804
185.09148 665.938
186.12323 248.796
187.10730 302.834
189.08693 3538.57
192.04198 757.457
195.07622 874.205
195.11279 1147.35
197.12822 728.967
197.16417 324.67
199.07150 1597.35
199.10727 880.742
201.08694 657.878
201.12408 305.527
204.13403 361.503
205.09784 421.607
207.11259 539.381
208.14442 268.132
209.09163 1132.78
209.12805 498.472
211.10704 563
212.13844 381.622
213.08719 412.29
213.12363 803.064
214.15509 302.984
215.13812 496.081
217.08182 3657.81
218.08456 295.51
222.08795 266.263
222.12305 907.525
222.15979 782.256
223.10791 642.138
224.13893 1278.59
226.11740 923.776
226.15495 10910.7
227.06660 470.072
227.10243 1565.44
227.15800 1213.4
231.09775 640.209
236.13908 434.38
238.08200 1998.34
238.15500 536.961
239.09959 255.288
240.09767 1349.85
240.13405 4636.16
241.08170 1141.83
241.11719 524.601
242.15002 585.711
242.18600 600.392
244.12834 423.034
244.16534 6142.89
245.07692 595.645
245.16887 716.638
248.14104 338.653
250.07854 397.131
250.11879 1773.73
250.15482 4172.95
251.06689 260.599
251.10426 316.937
251.15988 297.973
254.11234 291.227
255.14445 377.293
256.09262 6965.67
257.09573 759.033
258.10849 1167.33
258.14429 1213.99
259.09229 603.975
260.13849 767.278
264.06277 1043.17
265.16589 288.181
266.14993 507.612
268.09244 3437.44
268.12866 836.478
269.09448 470.58
271.17673 1268.81
272.17130 1584.05
277.16577 3018.26
278.11462 587.182
278.14969 4151.4
279.15283 496.478
286.10309 11909.3
286.13849 1515.31
287.10663 1560.22
288.20267 1898.49
295.17618 16119.6
296.12338 412.31
296.17941 2777.31
301.13217 476.856
304.11279 401.337
305.15909 244.016
308.15775 264.297
309.15485 260.257
311.20663 268.104
312.04910 2899.59
313.05148 399.41
313.18390 281.637
315.20029 263.853
318.14832 713.947
319.17047 245.529
321.68161 1147.68
322.18259 351.86
323.17068 525.928
324.11713 398.317
327.16760 459.606
327.20193 574.079
330.05951 1231.71
335.17123 353.125
337.18619 1881.41
338.13327 592.325
338.19501 401.106
339.20432 286.151
351.16708 556.246
353.18213 455.915
355.16690 6520.3
355.18878 6225.27
356.11374 240.282
356.17197 1027.84
356.19363 1025.78
361.18207 278.791
365.14572 242.845
369.17175 786.339
370.13663 405.193
372.22586 561.34
373.17197 318.432
374.11719 265.562
379.19724 698.655
381.17642 326.888
381.22488 841.28
382.20535 773.633
383.15555 786.735
384.08063 680.331
384.92786 355.11
387.18591 486.081
388.19586 361.639
389.17990 369.671
396.22293 681.66
398.11105 400.154
398.24954 408.002
399.23282 1136.33
405.16852 440.805
406.20837 2236.72
407.18710 559.497
408.19043 314.124
416.26117 6672.82
417.26413 1334.2
424.21866 4735.37
425.22226 1029.9
426.19519 292.503
432.73773 315.58
434.20181 550.254
438.19644 484.771
440.24887 330.784
441.73532 286.144
442.23041 467.87
443.26215 677.095
444.21286 262.568
444.87784 499.402
447.73883 600.179
448.24005 311.656
450.25104 2452.56
450.75272 1006.66
451.02695 450.56
452.02829 273.083
452.21411 446.31
455.24319 289.173
456.20883 285.985
457.21753 285.864
463.94363 412.038
466.19138 1558.74
468.24521 1477.81
469.20633 374.577
469.24310 368.093
480.95102 302.245
483.25314 262.528
484.19931 612.067
485.27713 298.064
486.25620 370.775
489.77075 671.686
490.27179 545.811
493.24100 665.985
497.28033 338.548
497.76944 320.169
498.77701 5664.29
499.27869 3020.84
499.77832 766.543
500.28555 284.03
503.76758 359.542
504.77756 693.614
505.28110 328.363
507.25470 285.115
510.26785 310.578
510.77710 772.879
511.24570 976.739
512.25146 364.338
515.76953 393.718
516.27612 251.164
517.24017 423.865
524.19745 281.204
524.28522 785.996
524.77808 1131.38
525.28033 636.674
527.29889 393.573
528.28253 615.499
532.27832 281.547
533.28760 5152.17
533.78955 3238.67
534.29480 922.266
535.25055 1194.56
536.24756 266.972
538.77966 275.894
542.29211 499.424
543.91034 286.641
545.30475 1809.04
546.30872 675.497
547.28864 349.813
547.78223 260.51
553.25940 364.256
560.91223 322.742
561.91254 316.704
572.30548 346.496
579.27496 608.483
580.29779 261.283
581.30487 448.868
582.33014 617.198
584.27612 1024.81
588.80426 1449.6
589.30389 1321.66
589.80634 493.141
592.01422 305.686
594.28638 618.148
597.29089 462.312
597.80920 473.138
598.29913 384.945
602.80139 828.902
603.30328 593.874
604.26813 302.452
606.34485 320.938
607.32196 425.7
608.30261 750.433
611.80945 835.574
612.30212 1217.47
613.30988 414.579
614.31396 483.349
614.80652 500.211
615.31146 421.648
622.28339 984.038
623.80725 712.058
624.35284 1107.3
624.66656 281.949
625.33081 4448.34
626.33331 1444.78
627.33698 294.426
631.25446 406.252
632.32208 567.054
632.82507 333.778
640.29071 2195.6
641.32269 2548.24
641.83179 2285.67
641.98358 347.255
642.02771 300.226
642.07965 380.856
642.12903 449.614
642.17450 356.622
642.35577 70238.7
642.52649 340.351
642.56781 357.772
642.62091 407.341
642.67078 357.32
642.71167 274.959
642.76953 307.07
642.83667 307.588
642.96838 278.308
643.35895 22849
644.36285 4347.65
645.37555 412.252
650.32391 721.472
650.82953 411.431
658.30383 377.587
691.34467 263.624
699.30859 308.559
709.35992 557.097
710.36859 304.952
711.36829 354.651
726.29828 284.58
737.33923 283.699
738.26868 415.001
744.50940 373.688
745.37762 271.031
753.38843 7975.15
754.38696 3549.44
755.38861 957.259
771.39868 38222.3
772.40167 15256.6
773.40277 4037.35
774.40302 490.633
778.36938 413.096
781.38580 759.473
782.38226 294.767
786.33514 410.016
794.45215 276.994
822.43866 692.468
823.44592 324.071
839.45697 349.626
840.44861 283.007
864.46997 262.677
866.38647 563.478
867.38336 357.82
874.43005 303.234
875.41852 298.45
880.45081 894.449
881.47076 550.28
882.47186 1117.89
883.47803 585.665
891.46442 373.765
892.45441 306.629
899.49384 12046.7
900.49738 5562.24
901.50018 1363.51
909.47870 3732.38
910.48126 1870.19
911.49243 1299.05
912.50116 397.475
936.51459 351.881
967.47876 290.863
968.43555 290.512
978.54218 447.314
979.52551 1546.39
980.52466 725.373
981.53870 267.626
994.43896 317.493
996.54510 19085.6
997.54816 9479.05
998.55322 2876.82
999.56421 441.156
1008.54840 259.531
1038.53821 268.714
1040.51453 318.613
1065.56738 2233.01
1066.57617 1030.53
1083.58008 316.73
