2004.93766 3
110.07102 2898.01
112.08661 348.097
120.08054 4800.9
121.08362 347.344
129.10202 2980.64
130.06488 1174.03
136.07545 4445.91
143.11761 442.07
147.11269 1407.26
157.13321 375.32
158.09215 766.598
159.07620 329.621
159.09137 3802.44
159.11134 328.223
166.04955 331.903
169.13322 2546.85
171.11253 368.584
173.12807 1711.39
175.07149 496.016
175.11858 4849.17
183.07611 661.163
183.14879 382.113
185.05481 789.045
185.12764 425.865
185.16473 1167.54
186.12312 354.321
187.14339 608.295
197.12840 456.54
199.18011 1034.76
200.10265 1038.04
201.12292 986.594
202.08186 737.588
203.06664 461.815
203.12032 347.804
210.02403 363.613
212.10231 376.647
213.15948 839.048
215.13852 592.286
217.13635 2468.38
222.12465 457.755
223.15576 464.858
226.08026 407.057
227.10138 338.408
227.17482 815.461
230.07704 1267.27
233.09419 345.674
233.16472 551.45
235.10567 507.35
239.11316 382.514
240.13324 417.08
243.13254 630.311
244.09142 610.666
244.16484 434.98
245.13139 866.883
246.09019 835.859
246.12360 423.786
246.15559 1375.42
251.14938 846.385
254.07745 912.708
261.15863 349.918
267.10803 749.731
272.08691 1908.41
272.17368 465.011
274.11896 758.287
283.14340 547.503
285.13373 465.059
288.20273 355.292
294.15857 374.615
316.16144 818.956
333.18796 3899.46
334.18689 471.494
359.17133 379.677
361.11670 1372.66
365.14404 376.238
373.20718 1851.21
380.19070 737.905
382.68845 447.217
416.15561 614.349
419.71313 4398.87
420.21594 1606.53
420.71436 374.513
425.19812 363.962
438.20862 1109.94
440.18549 377.335
443.71637 756.378
444.21710 490.533
448.19437 457.406
451.26672 394.265
457.71051 946.683
458.21466 486.973
466.20328 5679.5
467.20554 1150.58
474.19955 419.328
493.24881 1401.84
493.75214 572.966
501.26309 434.386
502.17834 498.292
502.23694 530.293
503.19098 421.82
504.21689 448.834
507.25488 389.337
519.26599 14532.7
520.26837 3688.32
546.27069 516.059
551.29358 3111.34
552.29846 767.961
556.29578 431.243
579.28528 6757.8
580.28851 1940.67
604.37793 502.77
616.28003 481.405
617.31012 658.924
632.34174 366.224
634.29218 7137.36
635.29352 2096.4
636.29102 480.574
651.40082 371.534
656.34052 394.906
659.90277 1161.33
660.40063 1664
660.89740 1169.36
668.28577 705.332
668.36572 433.898
668.90588 11025
669.40894 8114.12
669.90906 3124.6
670.29230 675.244
670.41913 786.581
685.34900 730.529
698.35883 685.29
712.34253 415.258
714.28088 391.082
714.93542 413.885
715.31830 581.729
719.37402 812.366
725.86200 367.612
726.35693 3315
727.35864 1204.29
731.30890 3346.39
732.30780 1134.3
740.33130 574.435
748.33533 22603.8
749.33966 7735.47
750.34058 1564.72
753.32416 361.406
755.37994 655.058
759.30304 1739.12
760.30573 576.353
764.36987 451.835
765.37030 620.652
767.34668 519.542
779.39954 468.94
779.95819 518.168
780.45947 577.952
783.37616 8590.81
784.38086 3276.09
785.38483 1007.51
786.37128 390.884
797.33154 558.619
801.32678 1099.19
802.33362 373.515
811.41956 625.094
814.39075 395.659
815.39862 400.566
838.41705 1980.66
839.41888 1024.04
843.37531 630.618
861.35950 561.101
862.35071 3935.82
863.35211 1510.58
864.34821 640.105
866.41559 440.282
879.37500 19175.4
880.37781 9458.01
881.37531 2357.01
886.42340 2993.11
887.42706 1670.44
888.41925 625.817
890.34302 919.031
891.34216 524.638
897.38806 586.891
900.39984 720.622
905.45563 380.143
906.47900 433.15
914.41620 17397.6
915.41840 8271.21
916.41486 2542.77
917.41345 433.266
938.46008 422.393
939.43634 557.105
942.44696 432.483
975.43237 2228.96
976.43518 972.955
977.42944 365.437
985.49121 2046.64
986.49060 1186.16
987.49500 564.917
992.45911 10012
993.45996 4660.1
994.46240 1515.65
995.47968 531.927
996.45685 501.397
1009.52924 596.076
1010.52161 374.305
1013.48560 14029.3
1014.48792 7410.91
1015.48914 2270.36
1016.47876 509.257
1021.54633 911.939
1022.56476 425.966
1052.51038 421.689
1074.50525 409.707
1091.52905 1302.89
1092.53198 790.871
1093.53979 411.892
1094.54614 400.413
1098.58533 446.822
1109.51196 552.715
1126.56934 3262.53
1127.57092 2139.26
1128.57947 707.544
1183.62976 391.856
1450.72083 760.515
1451.71777 613.903
1452.70239 351.728
