2452.15903 3
110.07108 911.619
120.08046 1264.94
129.06566 749.336
129.10210 3618.8
136.06125 673.872
136.07568 1197.48
143.11821 442.825
147.11275 2059.67
155.11789 352.089
157.09706 555.866
159.09134 539.91
167.08153 505.082
171.11243 901.945
175.11845 1188.68
182.12860 343.354
183.11250 1468.59
185.09190 1036.92
185.16460 394.579
186.08681 1349.68
186.12383 642.849
187.07132 797.537
187.10735 414.399
199.07069 398.987
199.10745 337.195
200.13916 3533.65
201.12263 642.246
202.08121 370.635
210.02582 614.102
210.12340 618.774
211.10777 522.456
212.10168 555.479
213.08687 679.092
214.11827 910.847
216.09758 2692.03
217.08162 477.515
219.07973 400.374
226.11916 410.993
228.13377 2711.99
229.11882 835.419
230.07671 334.269
230.11314 649.69
231.09727 334.426
240.13321 501.541
242.14908 666.237
244.09218 1161.98
244.12878 568.723
244.16495 624.968
245.07697 1423.67
248.06926 643.537
256.09363 393.478
257.16034 1809.92
258.14728 394.761
261.15585 523.887
272.17172 1139.28
281.15973 473.017
282.14441 822.389
283.14188 624.957
285.15546 1425.4
286.13867 1110.04
298.10083 387.185
299.09821 832.481
299.13431 365.721
299.17029 852.754
300.11758 442.909
300.15286 352.455
301.15063 681.995
302.09756 743.434
307.14331 2478.4
308.14667 372.528
312.15598 365.596
316.11209 735.537
317.14496 1598.1
319.12112 475.133
329.18225 449.615
330.14182 829.575
338.18246 1035.1
348.15494 1216.46
351.16733 545.773
354.17365 424.367
355.12711 562.944
357.17633 4081.37
358.18280 436.99
372.18463 1085.02
373.13629 662.178
385.20834 422.378
393.66690 1372.15
394.17438 7003.68
395.17670 1000.04
396.18622 679.616
397.17056 1427.92
398.17279 446.609
399.11359 400.816
402.24796 417.143
403.16501 505.077
414.19849 798.885
417.12457 516.047
425.23715 394.583
426.73035 544.227
427.70682 1924.92
428.21082 1238.59
433.24619 610.039
441.20517 727.64
450.20807 2774.18
450.71048 1369.11
452.24423 369.04
456.24454 409.348
461.23834 819.155
468.20688 683.29
469.22519 468.93
469.72614 449.732
470.15109 836.71
470.26175 834.727
473.23691 483.788
482.23135 371.763
486.21597 483.023
488.16348 1503.84
490.73544 832.361
491.24030 979.42
499.74231 4033.86
500.24359 2438.89
500.74524 637.457
507.25903 3537.2
508.25961 847.917
512.24091 456.84
524.25098 388.672
525.22565 589.948
526.20868 1070.53
526.75232 497.274
527.29694 486.031
530.25732 972.71
533.24969 502.94
535.26172 1566.46
535.76245 1004.52
541.18671 495.727
543.23676 599.873
548.26959 2221.16
554.76337 381.371
559.19836 868.198
562.28656 399.86
563.76898 768.169
564.27814 554.058
576.77185 900.484
577.26312 668.011
583.22284 539.162
583.29779 424.635
585.28876 462.863
600.82062 877.31
601.23138 408.665
601.30756 1263.35
640.37628 1300.79
644.29102 425.205
658.26062 588.852
663.29266 756.169
664.28406 376.356
670.32269 2720.83
671.32489 855.719
672.27350 1408.62
673.28064 444.636
680.24457 442.046
697.27240 1515.38
697.40497 977.276
698.26648 1846.74
699.26703 514.906
708.30780 443.38
713.35156 393.476
715.28674 2145.36
716.29327 841.841
718.83704 401.632
719.34955 408.415
726.30438 456.358
728.37231 522.877
741.43341 581.438
751.27618 456.257
753.33502 502.416
754.89319 544.95
757.35675 2083.38
758.35168 1279.06
759.36755 673.947
760.36151 506.691
761.36438 559.561
763.40198 4407.54
763.90277 5567.38
764.40497 2886.87
764.90417 878.993
765.41595 592.584
768.31219 2955.62
768.87665 419.465
769.29065 2994.52
769.40509 571.166
769.85632 780.764
770.28015 756.276
770.38654 546.723
771.35455 1618.28
772.36346 538.767
777.38995 491.901
777.89539 447.508
778.39429 743.338
778.87170 393.417
779.38324 447.322
785.05261 636.713
785.37823 403.225
786.32526 8126.02
787.32635 2601.72
788.32373 787.914
794.32758 1169.87
800.33270 666.543
801.34460 421.589
809.34167 535.334
812.93085 642.503
813.43982 1078.76
813.92676 539.636
816.96136 586.052
817.34668 862.265
817.48248 969.429
817.74139 493.595
817.84357 586.068
818.34399 1165.14
818.41614 1397.45
818.83063 1115.38
819.39490 2277.14
825.38885 398.048
828.38049 404.282
832.41840 428.36
834.44019 603.94
836.39594 1210.48
837.39258 672.725
842.38605 560.45
854.40643 20987.4
855.40869 9836.18
856.41101 3233.45
857.41669 559.76
864.38470 553.752
869.95251 1797.99
870.46014 3744.44
870.95508 1220.97
871.46118 921.858
881.39801 4559.68
882.39673 3152.86
883.39417 1253.48
899.40948 8738.09
900.41125 3969.17
901.41632 932.709
911.42834 625.038
912.42731 905.641
913.43927 478.685
923.37531 2520.23
924.37665 584.495
925.97101 646.775
926.49695 601.499
926.99615 762.311
934.47968 1362.72
934.97876 1744.12
935.48547 1943.34
935.98907 435.554
937.43524 1100.33
938.45654 534.94
939.47906 415.086
955.45361 8531.03
956.45618 4133.39
957.45575 1609.51
963.46112 420.819
974.43762 422.107
980.47174 1765.26
981.46881 1369.04
982.46301 415.813
990.48029 623.669
998.48877 2417.08
999.49701 1483.24
1000.48810 468.033
1013.47510 1177.75
1014.47998 629.273
1018.48151 501.565
1027.51086 1359.5
1028.01318 2202.77
1028.51526 1263.46
1036.45142 2803.18
1037.45007 957.889
1048.48291 743.56
1051.50269 550.239
1052.49866 515.875
1062.52771 789.901
1063.02661 565.496
1065.50000 965.592
1066.48853 2283.43
1067.49036 1274.99
1068.49829 583.784
1069.50940 891.633
1070.53381 415.55
1083.50916 2486.1
1084.50806 1289.21
1085.49768 618.481
1089.51880 916.74
1103.49219 456.261
1109.51526 414.752
1114.52588 1643.13
1115.52856 710.419
1117.48865 442.04
1121.05176 423.787
1126.52563 484.57
1135.47705 470.796
1152.53503 2246.1
1153.53003 1732.79
1154.52661 898.127
1165.55017 958.161
1166.55493 755.365
1167.50208 3325.02
1168.51135 1140.47
1170.54541 9511.32
1171.54614 5762.11
1172.54736 2526.85
1173.54321 591.186
1183.55554 1454.65
1184.55505 1049.47
1188.58838 428.928
1226.63416 1821.2
1227.63672 1270.13
1228.63025 700.053
1233.50623 394.673
1269.61682 986.836
1270.61304 571.77
1280.58508 1023.88
1281.57886 657.39
1308.63196 460.069
1326.63562 1223.78
1327.62964 875.5
1342.63330 701.102
1365.64978 921.92
1366.64355 935.688
1383.65137 3122.39
1384.65820 2197.85
1385.65662 1003.58
1436.69165 919.062
1437.67322 1152.26
1438.70654 431.696
1454.69519 2098.14
1455.70349 1560.42
1456.70801 744.162
