3231.45700 3
110.07101 1714.24
120.08039 12737.4
129.10184 6145.49
130.08588 2719.22
133.04274 4351.84
139.08643 1804.36
147.11243 7226.89
157.09618 1378.33
165.10172 3191.65
167.08099 4726.71
183.14874 3167.98
185.09151 3116.94
199.10712 1590.78
201.08678 2844.97
207.11211 1081.73
211.14375 3874.72
213.06935 2735.37
227.10220 7065.24
230.09523 4224.3
232.07465 1223.23
233.16389 2537.4
240.08058 1677.37
241.06377 5959.1
254.15082 1062.67
258.09018 15221.7
259.08926 1199.99
260.14355 1484.29
261.15875 2044.08
267.10715 1072.34
276.13385 8964.87
277.13770 1472.1
278.15280 15829.2
279.15506 1565.25
298.13873 16959.6
299.14383 1897
314.14856 6976.36
315.17245 1326.92
318.18198 1324.21
324.22806 2030.11
332.16052 9596.86
333.16336 2507.51
345.15692 1393
367.16266 1908.06
369.12234 3009.73
370.10538 5994.65
371.10858 1178.83
383.22797 3491.39
387.13217 45341.9
388.13519 8321.33
389.12982 1568.88
389.21817 2666.26
391.23615 3650.37
411.22314 9159.41
412.22348 1464.94
413.14749 2076.46
415.19647 4172.78
417.24802 4159.82
425.18137 1447.42
428.24918 1875.33
430.17456 8424.1
431.18121 1244.22
440.15915 6820.08
441.14102 9737.81
442.14542 2426.73
443.19046 4669.96
444.19254 1137.04
445.24301 5826.18
446.24438 1275.08
458.16928 50419.8
459.17255 12473.8
460.17102 2978.72
460.25586 1786.76
474.26883 1411.82
478.26871 7925.02
479.27023 1913.07
480.24011 2211.87
484.25214 1493.42
502.26614 3516.16
526.23181 4371.71
527.23425 1538.4
528.28278 1315.5
530.29492 2097.77
531.29907 1128.9
543.25806 17568.1
544.26019 4787.84
545.26239 1408.06
553.24298 3043.97
554.22626 5112.75
555.22931 2197.6
556.27734 2270.34
557.31427 1960.94
558.29224 3788.23
559.29633 1196.61
560.21564 2393.42
569.20007 1666.51
571.25311 35908.3
572.25507 8773.27
573.25269 2714.21
575.32019 1934.05
580.26080 1480.44
580.75653 1089.28
589.28326 1138.81
592.31213 6695.48
593.31531 2337.81
604.29224 4488.38
604.79230 2596.1
605.23535 1680.65
605.29987 1568.47
613.29828 5311.88
614.29944 1974.57
633.30194 2446.58
634.31335 1404.94
646.33325 1391.9
673.29901 3687.64
674.30347 1447.51
686.34808 4287.2
687.36145 1218.25
690.32617 7602.65
691.33038 2731.47
699.30670 1226.28
700.30988 2986.98
701.30890 1373.04
718.32166 15806.9
719.32562 6950.27
720.31458 1936.23
735.35150 6021.05
736.36029 2101.42
739.37964 5377.21
740.38324 2282.16
744.33673 1949.88
762.34613 5951.09
763.35168 1681.06
769.34998 1875.85
769.86078 1201.94
799.32196 1261.09
812.87537 2561.61
813.37195 1650.88
813.87854 1484.4
817.33978 1222.11
817.92975 1173.88
818.37665 2373.12
819.39056 1475.7
824.35242 1239.81
828.37415 3009.78
829.36090 2453.75
831.36292 1250.3
840.42761 5956.91
841.42828 3029.13
846.37946 14174.2
847.38196 7435.52
848.38074 2732.98
849.37494 2187.87
850.38342 1405.41
866.91400 1949.48
877.39893 1201.84
877.89630 1630.57
897.88483 1603.46
912.41681 1550.09
930.42157 1907.16
941.47644 10886.1
942.47760 5882.5
943.48029 1559.02
943.90942 1231.68
954.91089 1422.51
955.41211 1895.31
969.56732 1397.99
971.42664 8712.5
971.92883 7352.36
972.42834 4589.93
972.93066 2214.73
980.91107 1296.4
985.42322 1254.56
989.42004 3978.63
989.92413 4799.56
990.42847 2625.07
990.92365 1435.54
998.43085 3903.52
998.93378 2898.85
999.42981 3742.8
1010.43903 1174.17
1012.45026 1496.4
1013.45850 1557.18
1019.45349 1548.55
1027.97131 5319.58
1028.46838 7268.67
1028.97131 4069.34
1029.47144 2927.07
1041.48743 1186.12
1044.57861 1552.14
1045.95691 2735.89
1046.46265 2096.82
1053.48022 1370.87
1054.94836 1265.06
1055.46863 1419.96
1061.46338 1806.81
1066.43152 2279.48
1070.51428 12328.1
1071.51733 6934.55
1072.15552 2510.85
1072.50769 3960.09
1076.61401 1376.74
1077.96899 1201.72
1078.50024 2936.09
1079.51831 1996.83
1101.50134 5002.19
1102.00439 5123.9
1102.51062 3270.87
1102.98901 2294.49
1136.50305 1256.81
1137.51599 1254.06
1142.00977 1288.81
1145.01855 3105.94
1145.51563 4478.36
1146.02124 2849.85
1146.52173 1841.94
1147.48718 1294.58
1148.51697 1209.92
1151.51868 1939.74
1176.02356 2154.67
1176.51819 2092.34
1177.53564 2561.32
1178.53577 1344.3
1179.51880 2800.39
1180.50488 2226.4
1184.53870 5833.06
1185.03967 8190.39
1185.53931 9396.17
1186.03796 5280.1
1186.54480 2970.62
1190.56091 1768.81
1193.54407 42393.6
1194.04492 55866
1194.54492 42427.3
1195.04456 24122
1195.54333 9784.07
1196.05139 2827.43
1207.57446 20645.5
1208.57568 13222.2
1209.57703 5140.6
1210.56140 2129.68
1216.49158 1393.28
1240.05115 3279.19
1240.56250 3401.11
1241.05115 2704.02
1248.56726 5603.63
1249.06677 15961.4
1249.56482 18955
1250.06384 14251.1
1250.56726 7084.89
1251.06189 2865.32
1257.55591 1224.19
1258.06677 1811.07
1258.56641 1647.43
1313.57764 2463.84
1314.08948 2310.68
1314.59143 2714.76
1316.57385 3685.03
1317.58472 2421.18
1320.65662 1815.64
1321.66748 2219.97
1322.08044 1225.36
1331.10742 3850
1331.60828 6308.81
1332.10986 5679.07
1332.60681 2444.78
1333.09741 2009.75
1347.60461 2117.32
1377.68201 7857.73
1378.68103 5677.68
1379.66858 2793.83
1387.66479 1312.36
1388.14807 3089.36
1388.63916 2089.63
1389.15552 1598.95
1424.15613 1335.08
1424.66296 1359.14
1445.62231 2900.92
1446.61218 2630.92
1464.58838 1307.91
1478.64575 1214.37
1537.71362 4413.15
1538.70203 3790.31
1539.72266 1885.3
1547.66064 1267.77
1551.56982 1416.64
1607.72644 1908.86
1608.70850 1813.56
1624.75146 7252.36
1625.74524 7800.88
1626.74377 4167.54
1634.82764 1662.6
1647.71045 1955.22
1648.71423 1583.73
1664.70349 1416.76
1733.82202 1431.47
1753.79077 5721.38
1754.78870 4997.11
1755.79663 2412.97
1756.79834 1755.8
1795.76428 1746.18
1796.77490 1459.25
1884.84753 1618.08
1885.84363 2287.92
1886.80115 1641.89
1908.80664 1401.54
1909.81775 1435.22
1924.85767 1307.93
1941.85498 9488.58
1942.85059 8760.18
1943.84045 5297.32
1944.84875 2247.81
