993.39995 2
110.07120 4552.09
111.05511 2931.98
112.08659 7047.41
113.07079 3640.11
115.08607 4746.28
116.07002 4340.27
120.08048 18820.6
127.04991 7709.99
129.06563 28370.7
129.10197 32646.3
129.11250 2075.13
130.08585 1922.39
130.10536 3207.67
136.06165 20984.9
136.07555 3557.48
139.04990 8126.32
140.01041 7693.16
141.06531 1964.29
144.07625 2287.13
145.06053 8896.43
147.07643 4192.45
156.07735 1804.91
157.06067 25520.8
157.09685 52919.2
158.09216 28135
166.06200 1762.37
167.04454 3333.74
168.07597 3358.07
169.06046 3477.23
175.07101 6050.27
175.11862 86230.8
176.12347 4526.35
186.08698 66242.5
187.09111 3596.65
190.09721 8406.81
196.07130 19960
197.05612 2734.42
198.08720 9693.54
198.12289 2237.7
207.11246 11677.4
208.07127 4569.19
209.09048 1978.29
210.02498 3314.44
214.08186 42225.8
215.08530 2952.06
216.09796 2184.49
225.02689 3738.99
226.08191 18350.8
226.11835 32021.9
227.06947 1972.26
230.61896 4843.08
235.10738 10923.7
237.09799 2204.46
238.08160 3397.63
244.09200 15276.5
254.07753 2618.84
255.10818 7435.37
256.09265 5636.16
262.10294 2913.31
262.15442 3998.52
265.09210 8016.31
267.10757 2048.26
267.14453 4945.29
268.12766 6497.96
273.11835 3719.98
274.13510 9462.84
274.63635 2370.67
283.10306 20080.4
283.13779 2465.84
284.10873 2352.14
285.15543 7907.76
287.14850 3452.71
288.13248 2677.43
295.10358 5482.54
295.13922 5570.17
296.10388 1965.38
299.64011 2917.82
301.11334 7550.42
304.12833 7413.88
305.16013 36913.1
306.16327 6510.41
308.64468 7267.78
312.04944 3808.51
313.11334 7463.15
313.14801 3954.16
317.65005 74047.6
318.15134 20485
318.65204 3240.2
322.18655 34495.1
323.18961 4414.11
324.09482 7232.61
325.11868 1990.22
328.64301 2013.46
331.12463 4068.39
334.11270 2301.87
335.09689 1891.08
337.15161 2418.34
337.64725 6439.71
342.13959 2103.64
343.64737 2643.53
346.16229 4061.23
346.65250 9025.41
347.15338 2386.67
351.15094 2241.19
352.12943 5653.77
352.15649 5811.42
352.65448 4620.34
355.16620 4726.37
357.15491 2648.42
360.15292 3635.67
361.16660 20240.3
361.66757 8475.8
366.15887 4481.48
370.13678 7974.61
371.66690 2736.7
374.18109 5811.8
375.16022 3403.57
380.67151 29183.1
381.17371 11668.5
382.13971 3874.6
383.11755 2696.28
384.17102 2300.16
388.14557 4373.55
389.67682 29667.5
390.17828 10528.6
391.16525 2947.28
391.20660 4307.01
392.19202 20969.2
393.19614 4418.7
398.68216 79725.8
399.05017 3584.95
399.18329 30402.6
399.68616 5366.61
400.14792 3632.87
409.21817 74326.3
410.22144 16117.2
419.19910 2212.17
421.14520 3610
422.12894 2088.77
439.15622 7555.35
448.21753 3247.72
448.71881 1899.01
457.16629 9015.43
460.22681 3024.46
461.21317 4587.36
466.23886 2328.95
475.17722 8996.42
478.23904 11585
479.22281 12009.1
480.22766 2049.43
496.25006 140406
497.25168 32500.6
498.25385 4313.07
506.23508 3878.07
547.26392 5979.83
548.25037 4323.6
553.27368 3723.99
565.27216 24064.8
566.26495 8958.2
567.26489 2034.7
568.21649 3144.15
575.25214 1910.56
576.24213 2482.76
583.28180 192297
584.28448 52866.6
585.28741 7300.81
586.22021 4438.52
593.26581 15537.7
594.25848 5776.33
604.23413 5727.06
617.27087 1971.75
622.23932 5835.01
634.29218 9331.46
635.28448 4954.75
640.30505 3121.77
652.30377 20025.1
653.30359 6614.48
662.28839 3135.38
670.31439 80162.1
671.31769 25353
672.31885 3850.54
680.30042 7352.59
681.29724 3902.23
682.31262 4709.17
691.30750 2497.57
692.30768 2663.57
703.31213 3019.79
704.30121 3201.03
709.32544 5103.26
719.30597 3861.73
721.32538 13654.2
722.32080 8270.03
723.31470 2851.71
731.30890 10308.5
732.31061 4848.12
736.32764 3290.48
739.33575 91503.1
740.33752 32488.7
741.33960 4999.88
743.31219 2568.35
748.33533 8468.31
749.32019 68805.1
750.32343 26519.5
751.32806 5766.41
754.33917 2268.97
757.34534 12696.7
758.35028 4295.8
760.33624 9430.35
761.32489 10103.1
762.31561 4474.44
766.34668 24499
767.33923 18204.5
768.33905 4847.64
778.34631 54849.5
779.33752 44712.8
780.33777 14934.6
781.33746 2139.53
794.34985 2205.66
796.35608 446688
796.86615 2262.31
796.93256 2909.69
797.13452 2104.93
797.35870 170791
798.36145 33581.5
806.33838 4189.26
814.36700 16916.1
815.36859 7367.04
824.35443 3178.04
