3056.64200 3
120.07988 211.272
136.07506 581.691
147.11214 399.77
185.09140 188.468
187.07166 207.093
211.14211 276.542
215.13705 238.562
228.13293 199.17
235.14400 222.891
238.11809 313.979
243.13165 341.225
249.15977 190.46
256.12900 292.153
258.14426 244.948
260.19543 383.93
263.13837 279.849
270.17896 184.866
277.15219 315.378
286.13852 1531.51
287.14191 191.514
301.12830 276.015
341.21841 331.213
369.21884 203.868
371.19238 217.364
376.22134 222.807
378.16617 229.141
414.21106 260.059
421.20703 398.284
449.20087 687.658
450.20895 193.224
463.21796 205.075
470.33209 1961.18
471.33603 515.364
491.24969 257.858
513.27881 233.359
534.29181 475.321
562.28485 948.441
563.29053 190.905
585.84448 537.304
586.34637 260.771
617.39697 419.941
658.28143 228.144
661.35217 469.428
701.35645 471.608
723.32324 439.16
731.43768 516.656
740.40955 285.464
771.36163 255.711
772.37378 216.858
789.41113 234.666
802.48004 914.027
803.47595 475.901
839.47662 193.188
870.43567 233.44
886.38959 361.217
887.39020 241.199
888.48285 297.328
915.56110 529.854
916.56622 362.174
968.53241 193.804
986.60571 334.662
987.59747 325.772
999.47681 518.799
1000.47522 195.696
1018.35931 411.827
1018.53339 507.653
1018.83008 812.825
1019.22772 231.643
1019.49841 784.443
1019.96588 333.259
1020.49933 576.907
1065.51074 198.963
1073.63281 380.92
1074.63757 376.336
1097.55579 285.278
1098.55042 459.331
1170.68384 2158.5
1171.68494 1785.35
1172.70032 297.663
1209.56921 332.825
1211.64551 200.016
1226.61499 348.975
1227.59387 252.161
1249.18054 211.789
1285.70935 489.919
1286.72351 395.363
1325.66101 468.805
1326.66992 501.496
1352.69116 209.293
1439.75464 278.029
1657.86414 210.96
1658.85388 381.293
1659.86816 217.303
1756.98169 200.67
1886.96106 322.093
1887.94983 479.333
