1504.81638 3
110.07095 6441.15
111.07372 325.436
120.05843 458.798
120.08043 44046.8
120.09438 313.565
120.09907 305.539
120.10607 318.503
121.08372 3819.77
129.10204 1980.37
130.08586 1440.37
133.08562 1441.95
136.07552 631.46
138.06584 931.651
143.11757 2591.44
144.12083 346.11
147.11258 2376.25
156.07643 2764.4
157.13214 267.378
166.06065 236.522
171.11266 656.23
175.11879 745.979
177.11221 719.197
183.11229 2631.76
185.09109 242.783
185.16463 4137.21
186.16827 530.381
187.14362 2774.15
188.14436 240.637
199.18005 6333.77
200.18347 714.335
201.12292 9287.46
202.12691 649.776
211.10698 1338.95
213.08630 461.3
213.15941 2882.5
214.16318 396.253
215.13850 1286.32
217.13289 822.137
227.17506 3696.02
228.17847 627.988
229.11784 10596.4
230.12151 1157.53
233.16476 606.69
243.13335 558.766
245.12724 451.315
248.14882 653.336
249.12254 4236
250.12558 535.03
255.64417 1466.08
256.14783 421.204
257.13959 869.287
258.14453 501.602
261.15921 1542.56
262.15402 827.638
264.64963 3705.87
265.15118 1144.24
265.65134 315.372
266.16049 7897.72
267.14819 19336.5
267.17603 391.601
268.10815 555.581
268.15176 3173.4
269.15604 293.34
277.11761 12442.9
278.12073 1819.61
281.22134 285.575
284.17099 16459.7
285.13348 2903.05
285.17398 2387.29
286.13654 556.235
286.17188 240.12
295.14310 11429.7
296.14676 2169.38
296.19540 741.578
297.17828 298.286
299.06006 667.856
301.22623 293.617
303.14526 453.781
313.12991 1180.67
315.20523 295.566
321.15469 467.621
322.16232 694.306
324.19116 2412.71
325.19473 346.039
326.16983 302.266
326.24329 1097.81
329.22092 362.918
331.16330 420.617
335.21182 452.178
342.14468 292.998
342.20148 6649.53
343.20410 1137.47
354.19238 863.102
355.19141 249.706
358.17673 516.453
360.15527 708.392
360.22900 492.152
363.20535 414.02
374.24405 440.859
376.18582 8762.57
377.18906 1749.02
378.19211 297.989
378.70432 411.542
382.18658 7340.25
383.18967 1524.94
390.20074 963.883
391.20340 275.938
396.19452 779.085
400.19656 3805.6
401.20023 705.55
404.18359 254.595
408.22766 1017.23
409.27908 481.681
413.22839 810.675
415.03528 302.364
423.21295 447.968
424.18573 17919.8
425.18890 4559.61
426.19165 598.969
427.29337 388.169
431.23898 4979.63
432.24170 1067.77
434.24316 253.298
435.24606 828.873
435.74805 359.119
437.27472 1071.8
441.22354 2069.86
442.22729 435.83
444.24869 720.923
445.24854 497.131
452.18729 289.095
455.28528 1830.41
456.28955 494.676
461.27460 1509.88
462.27676 434.802
469.21857 1751.33
470.21838 408.045
471.26038 347.35
473.23550 387.921
474.23709 250.871
477.24808 444.369
478.23428 483.108
489.26938 3698.26
490.27237 949.41
491.79202 382.252
492.24658 1141.58
493.25140 314.952
495.25955 3650.98
496.26413 1148.16
497.21317 2852.03
498.21582 633.43
501.31592 1079.78
502.23187 267.801
502.32397 685.881
503.28833 1667.12
505.24634 303.281
509.27216 659.319
510.28018 4189.08
511.28452 1145.71
515.22296 997.006
516.22943 329.556
523.25385 11220.9
524.25665 3878.2
525.25836 510.95
528.08929 259.701
528.29132 42277.5
528.42719 280.101
529.29388 12688.6
530.29639 1782.86
537.26886 3031.23
538.27252 872.822
548.35577 1142.69
557.33057 337.736
558.33423 422.484
561.29083 284.665
574.35693 288.109
582.30035 1787.68
583.30524 408.383
586.32428 411.483
591.31567 2257.73
592.32294 588.394
602.35443 982.351
603.36182 353.277
607.29639 254.988
608.34442 2443.11
609.34625 817.774
610.29559 1753.91
611.29706 533.457
617.33630 332.744
618.33423 510.461
625.30664 1855.05
626.29932 911.734
628.30487 767.15
629.30743 260.864
636.33746 4126.39
637.34198 1732.46
638.35138 258.779
643.31750 12987.1
644.32086 5071.39
645.32397 809.321
650.35419 441.875
653.29822 418.831
666.86810 328.893
667.37085 260.997
677.39594 2015.51
678.40271 586.524
695.38434 985.086
696.38599 444.231
704.40302 414.395
721.43585 291.781
723.37860 1296.03
724.38159 476.727
738.39270 883.419
739.39355 447.651
741.39063 774.073
742.39386 302.083
749.42316 721.087
750.43829 266.126
756.40222 12895.2
757.40527 5415.73
758.40741 1311.06
766.39185 286.042
790.47992 3361.86
791.48376 1056.51
808.46442 400.29
836.46429 581.097
837.46906 301.201
851.47626 1105.86
852.47913 352.406
854.48181 364.621
869.48523 13080.2
870.48828 6748.89
871.49158 1769.88
937.45850 350.974
982.56927 5668.14
983.57166 3368.01
984.57660 848.524
1006.50049 342.451
1007.49756 944.408
1008.49286 825.261
1081.63940 1316.63
1082.64185 879.442
1083.63818 303.061
1120.57874 413.415
1121.58423 437.582
