4142.68100 3
136.07535 423.906
155.08096 632.831
169.13306 3519.7
175.11880 1435.26
197.12833 496.464
200.13850 395.037
226.15509 702.166
254.14937 751.361
266.14981 634.647
284.15942 847.938
318.14383 1396.96
365.21783 336.425
370.13953 444.586
374.25012 2101.78
375.25140 360.11
389.21619 2943.25
390.21899 694.885
417.21286 895.726
440.24396 364.281
441.21155 603.333
458.24164 433.234
476.25101 358.467
486.23175 909.735
489.27585 681.963
504.24405 851.06
540.28375 524.921
557.31549 361.966
585.30121 833.422
603.30969 475.193
656.33868 348.105
705.35022 1212.7
724.79425 395.671
789.37659 485.675
798.32825 418.684
798.82904 559.573
834.39081 606.457
847.30676 367.887
854.86267 515.897
855.36694 525.19
903.87415 330.246
963.43213 549.987
1092.47791 1088.27
1093.47900 625.578
1169.49829 343.603
1207.49500 953.824
1208.50623 628.933
1275.87268 524.472
1276.20740 618.881
1276.56494 608.359
1298.54883 579.663
1299.04138 1043.7
1299.54065 672.139
1322.54504 592.857
1343.23181 416.029
1349.26575 371.08
1349.57068 435.179
1349.90308 643.928
1356.55127 386.664
1357.81873 392.082
1358.28528 480.603
1391.54907 494.635
1392.55627 485.047
1448.58301 1433.54
1449.57666 1317.12
1450.60303 436.563
1456.09912 447.012
1456.61536 428.909
1528.13074 1058.53
1528.62292 674.605
1529.14783 415.927
1578.16602 371.012
1578.65796 768.159
1579.14832 488.439
1579.66150 370.21
1595.65393 574.706
1596.64819 777.871
1620.19568 363.841
1628.68213 491.336
1629.17407 875.138
1629.67212 779.884
1630.18323 429.124
1686.17859 361.283
1686.69043 763.172
1687.21265 568.207
1687.71289 424.328
1708.71777 758.146
1713.20117 490.07
1713.69434 446.119
1714.20801 397.799
1721.72607 654.938
1722.21265 1742.51
1722.71033 1824.96
1723.20935 805.857
1771.21448 369.778
1771.72375 779.171
1772.22815 649.585
1772.74829 361.184
1806.75684 782.39
1815.25281 1412.94
1815.75952 917.352
1816.25439 635.742
1864.80042 360.748
