2444.00503 4
129.10204 10235.1
129.59373 655.508
130.04977 1538.51
130.08611 1752.71
130.10497 923.938
136.06145 2296.75
147.11269 4225.63
148.06001 830.86
157.09709 2137.88
173.09178 1917.58
175.11850 618.231
185.09196 1910.39
195.11269 680.022
199.07088 1524.53
201.08659 6783.36
217.08109 1423.6
222.12338 1618.03
226.15482 680.216
227.10249 1383.1
240.13379 15984.3
241.08107 1651.81
241.13673 2029.98
244.16614 652.239
245.07632 1916.72
250.11961 655.906
257.19595 994.878
258.14444 4973.8
259.09192 1620.82
264.06177 746.476
270.10867 866.783
275.20700 7645.54
276.15405 1067.74
276.21048 895.867
288.11768 1519.46
290.67621 2355.85
291.17633 918.604
299.68103 19859.8
300.18213 6470.96
300.68311 846.011
305.16034 1706.59
312.04926 747.724
312.11966 823.154
323.17053 3547.49
324.10583 3212.99
324.15350 3065.92
330.05923 610.591
330.12924 1284.08
334.19092 1456.13
341.18158 3618.48
343.19693 12960.9
343.69873 4406.64
344.19928 783.526
355.06973 940.412
355.19687 2293.35
356.10513 1231.76
374.11887 1621.05
386.23862 693.838
389.70697 836.413
398.11197 654.168
398.71216 5962.39
399.21466 2693.64
399.71841 847.206
404.24918 848.906
406.68921 1247.8
407.71964 2891.9
408.21844 969.928
411.18842 1217.87
421.14716 5805.93
422.15176 865.901
425.22925 962.799
425.72845 765.518
434.23413 1486.61
439.15765 2319.27
443.23624 6020.97
443.73831 3082.13
444.24380 629.245
452.24985 4075.08
453.25586 704.216
466.27591 631.718
470.26056 2458.02
483.29214 879.5
485.15488 747.143
489.24564 2373.94
490.25369 1002.23
498.75427 1359.11
501.30179 16775.9
502.30569 4323.1
503.30701 830.091
507.25574 1118.29
507.75674 1664.76
508.25800 870.123
514.85046 995.987
523.23541 947.914
538.19922 1032.68
539.28369 1971.59
554.01617 1194.73
554.30670 1189.41
558.26477 2111.86
558.51624 2752.08
558.76721 2202.92
559.01709 762.701
561.19995 663.112
562.24164 827.13
562.77911 1720.26
563.02747 690.998
563.30164 27376.6
563.80316 15632.2
564.30823 991.646
572.31433 2013.93
574.00592 997.614
575.27112 1580.21
575.60541 1751.13
575.94763 675.298
577.97522 1459.9
578.25690 3455.34
578.50861 5055.94
578.65442 1054.46
578.75977 2962.85
579.01349 996.753
579.59369 727.802
580.34485 2304.4
581.27606 7357.4
581.60864 6070.99
581.94250 2252.73
582.27734 1589.97
582.76184 13416.1
583.01245 18612.3
583.26190 11717.8
583.51215 5184.16
583.76428 1729
584.24396 781.12
584.71869 1232.74
587.21063 4603.23
587.28662 1578.86
587.51367 3977.74
587.76709 3084.28
588.01782 1697.14
588.21997 1346.06
588.85083 1572.1
589.05322 2106.27
589.25592 2531.8
589.45166 1087.24
592.45471 5566.74
592.65643 8820.94
592.85791 4389.33
593.05719 3509.8
593.24463 5095.83
593.74506 2696
598.25006 954.025
598.35492 40931.4
598.49341 853.929
599.35779 14387.9
599.76740 687.717
600.35864 2325.29
602.25012 1422.69
602.75464 5851.11
603.00385 5705.01
603.29779 4583.08
603.50586 1837.77
603.79108 3121.61
604.28088 1181.31
604.61212 861.958
605.22913 2228.55
606.22998 721.528
607.25586 17491.8
607.50647 22219.6
607.75641 15245
608.00732 6558.33
608.25629 2461.05
608.51056 700.816
608.77673 1613.15
609.27875 1275.5
610.21863 1177.35
610.27936 1307.83
610.61658 2828.21
610.79480 850.713
610.94800 3801.11
611.28912 2543.45
611.62085 761.344
611.77106 6442.77
611.92419 692.809
612.29126 64973.3
612.54004 1292.05
612.59143 762.894
612.79187 41028.5
612.95905 1191.16
613.29529 3572.91
613.61340 2146.89
613.94598 2494.07
617.78094 852.099
630.62921 898.723
630.96173 1179.21
631.31049 713.358
636.63080 3870.19
636.96661 3507.94
637.30115 1658.25
639.75958 855.555
642.23145 8300.54
642.73248 4824.34
643.23480 2376.07
648.75848 2469.8
649.26263 1628.59
649.75690 704.926
651.23529 1619.08
657.76434 8956.92
658.26349 6589.66
658.76587 2371.88
663.29266 1039.12
663.61847 995.889
664.30713 2813.26
664.64496 2832.81
664.97900 1715.82
666.76996 3452.85
667.27344 1895
667.37488 2263.51
667.77338 1095.27
668.38013 824.98
669.29205 4019.62
669.62402 3797.33
669.82672 732.883
669.95984 2107.59
670.29596 1462.99
673.29779 2845.45
673.79761 1472.46
674.31024 1059.83
674.65222 822.055
675.78149 981.639
682.29596 1405.17
682.80438 992.162
684.27936 826.785
685.38647 29929.2
686.39014 11970.7
687.39313 2253.64
690.96625 2345.7
691.30438 1676.13
691.63812 1249.5
692.75555 1401.21
693.25421 1437.07
696.28802 827.476
696.97070 5580.93
697.30359 7478.03
697.63794 4111.95
697.97266 1881.68
698.24329 717.082
699.79565 705.464
700.30737 804.456
702.28748 839.721
704.28094 1308.94
706.75153 10283.8
707.25317 6106.28
707.75317 2321.98
708.28711 1416.83
708.81061 2147.7
709.31897 1286.73
709.81604 1067.49
713.28052 3248.27
713.77997 2235.32
714.28033 1291.52
715.75867 4326.11
716.25708 3105.89
716.75757 1320.37
717.82538 1123.22
718.31769 1440.49
722.28522 12668.4
722.78760 10952.7
723.28925 4158.35
723.79657 1009.14
728.30688 1176.46
730.31073 696.197
731.29059 5321.39
731.79242 3693.1
732.29028 1360.5
740.00049 965.259
743.80115 1200.17
744.30756 857.96
748.28479 807.412
748.79852 2680.18
749.29712 2066.57
749.82489 971.73
750.33478 1004.62
757.27814 2373.64
757.80261 10880.1
758.30292 7402.1
758.81238 4061.73
759.32855 1576.98
759.83618 855.83
762.26636 2001.49
762.76794 1938.48
763.26270 871.392
765.33350 747.287
766.80835 4527.61
767.31018 3418.34
767.81097 1726.42
771.27380 12988.7
771.77484 10194.6
772.27405 3048.3
772.77271 1464.89
773.83832 1117.43
780.27972 7172.22
780.78076 4191.24
781.28125 1918.58
782.35223 1113.71
792.79602 1810.55
796.42023 4870.46
797.42041 2282.35
797.78986 2367.36
798.27991 1171.71
806.79102 7286.1
807.29272 4662.9
807.78680 2145.13
808.32251 1003.99
812.37689 780.709
813.31085 1098.39
813.81738 1385.44
814.42853 14189.9
815.43274 5195.5
815.79724 4158.19
816.30487 2947.54
816.79303 1193.15
822.32672 3618.02
822.81940 3053.48
823.31403 1388.17
831.32458 2485.55
831.83130 1771.66
832.31891 748.944
839.33069 679.439
856.83691 1331.28
857.34314 3144.73
857.82581 986.895
863.31281 1204.36
865.84174 2028.9
866.34534 1981.31
866.85052 1184.23
867.46393 700.449
871.31000 1958.97
871.81042 2222.04
872.31335 1148.28
874.85150 1166.76
880.32336 1117.54
880.82495 1310.23
885.46716 8255.97
886.46881 3645.77
887.48431 959.989
900.47534 3193.27
901.48267 1284.44
905.81665 1323.72
906.31238 1052.57
910.34076 749.894
910.91321 891.365
911.42358 717.038
914.82959 1573.23
915.33142 938.686
919.91461 2660.65
920.41638 2650.22
920.92157 1421.81
921.41510 725.389
928.38678 1430.58
948.43719 760.599
992.35236 1275.66
1014.50574 836.733
1015.50763 675.109
1057.43152 1000.92
1075.38220 942.143
1076.40686 863.305
1077.46863 1521.26
1078.47205 705.18
1094.46057 728.274
1121.40173 1503.33
1122.40198 1193.96
1168.44446 872.779
1192.44019 983.614
1193.44763 675.39
1204.43970 1797.86
1205.45789 689.951
1283.44763 769.971
