1935.02268 3
117.09074 567.11
120.08033 2341.28
129.10188 458.009
130.08582 323.137
133.08557 971.719
136.07509 373.028
143.11775 201.344
145.06036 206.368
147.11229 652.795
157.13264 347.076
171.11304 251.822
173.05492 545.186
173.12708 400.097
175.13184 242.206
177.11191 534.317
183.11255 340.174
185.12775 466.045
185.16461 417.249
186.08698 334.681
187.07094 195.187
199.14447 213.432
199.17999 858.029
201.12369 270.231
211.10794 281.989
213.15936 302.995
215.13786 231.494
219.11174 353.387
219.14941 454.194
227.17444 333.416
227.20001 534.768
228.13367 945.336
229.11888 247.073
230.07561 333.929
240.13477 184.089
243.13336 233.805
247.14311 443.729
258.10803 533.542
258.14380 870.135
262.11728 404.704
269.08838 266.544
276.15399 963.911
281.24475 213.583
282.17987 233.144
286.13846 979.553
299.16864 324.954
311.16974 207.475
318.17996 472.634
327.20230 299.665
332.19482 342.327
339.16510 491.326
353.21820 266.765
355.12277 379.137
357.17508 745.072
361.18546 336.151
372.15085 804.694
377.14600 238.655
385.20813 278.177
388.15958 213.451
389.23880 1374.55
390.24039 273.508
440.21445 274.496
454.19223 553.149
456.24423 396.975
460.27557 1641.29
461.27740 429.578
467.22223 203.16
468.20596 850.386
471.21878 795.947
485.23471 789.197
486.23926 203.421
521.26697 215.457
522.25842 297.751
533.23669 208.403
539.27991 755.126
549.26776 216.612
553.26050 457.075
556.30774 495.435
566.28857 257.712
567.27472 1611.56
568.27887 373.016
570.28644 618.527
571.28766 237.867
579.29022 314.906
584.30176 1715.9
585.30627 365.976
607.34314 3752.3
608.34625 1212.38
614.32788 328.033
621.32458 237.672
638.35175 259.83
644.40240 1049.28
644.91022 544.541
645.31189 325.519
645.43140 739.485
646.28778 196.459
646.37036 832.556
646.89392 226.85
647.43695 3477.05
647.99774 547.255
649.00281 270.194
655.37561 289.175
666.34460 1404.55
667.34570 319.9
683.36853 1442.18
684.37225 433.632
706.41016 2528.06
707.41577 826.63
733.32245 223.531
751.33801 246.582
853.47876 614.396
854.48456 363.451
910.50256 726.731
911.50684 447.825
967.52338 1320.08
968.52301 698.944
1082.54443 1080.73
1083.54810 487.467
1121.56250 447.441
1122.55530 290.512
1139.56812 2824.51
1140.57153 1699.77
1141.57507 466.842
1252.65259 602.96
1253.65186 342.821
1321.58081 250.533
