3304.64389 3
120.08041 19117
129.10231 4071.54
130.08633 3157.06
141.10185 2700.52
147.11241 13859
169.09734 6270.87
169.13362 2952.81
173.09209 2220.61
183.07607 9364.2
185.12784 3711.36
186.12318 16541.6
197.12827 2429.51
200.10257 52086.4
201.10594 3653.98
214.11816 6097.8
217.13309 4306.32
218.14984 7134.8
219.15062 2025.3
229.11694 2761.91
245.12770 7762.77
247.14209 2115.8
254.14995 2007.27
271.10315 2817.16
277.11908 3601.99
284.16022 4328.49
297.11917 8040.77
297.19064 2476.52
314.14529 78947.1
315.14944 7850.37
315.20178 84863.7
316.20563 11259.4
325.14908 5810.88
342.17844 6627.97
351.16367 2040.67
367.19611 3339.86
368.19183 8050.92
370.17145 5741.2
376.18515 4421.96
385.21860 39932.9
386.22235 6505.45
396.18594 5887.56
413.21341 64786.3
414.21741 12572.4
430.22824 17625.2
431.23102 3399.27
441.24878 12818.9
442.25354 3323.98
480.28033 3799.85
498.29141 4819.24
510.26721 4033.48
512.27148 2843.06
515.26147 3286.48
528.28387 3834.04
530.28180 5838.2
531.27631 26857.5
532.27814 5685.51
568.80798 3358.34
569.31268 3052.78
577.81537 2290.06
593.30682 2512.25
597.36041 10627.4
598.36084 2908.04
609.33899 3052.64
611.31415 5494.97
612.32269 2552.29
627.34521 5839.9
627.84607 3536.62
629.33270 3616.64
630.34259 15367
631.34467 5256.58
657.33356 10665.8
658.33588 4339.05
659.32935 2303.97
677.34857 3351.62
691.23730 3310.39
691.86877 5363.98
692.37103 5206.02
714.41895 3221.78
724.40594 5521.61
725.40363 3457.78
726.40259 13237.9
727.40656 4467.29
731.32690 2705.12
742.41132 9775.92
743.40961 3571.8
759.38672 9949.49
760.38843 4705.88
765.40240 3992.04
765.90271 3595.24
776.41632 4576.95
792.27747 2496.04
823.46960 3521.31
841.47955 16914.2
842.48798 7198.63
843.48901 2422.97
853.45337 11326.7
854.46246 4974.58
855.45105 3458.42
863.32056 2353.66
870.41370 3054.03
873.47089 11906.7
874.46979 6272.12
887.44415 5156.96
891.35010 6124.82
934.35291 2835.59
944.46344 22068.8
945.46857 12123.8
946.47327 2671.96
952.51270 2308.8
970.52228 23404.1
971.52545 12814.3
972.53674 12751.4
973.53979 6035.82
1045.51807 14197.7
1046.51904 5192.63
1085.62500 3433.35
1086.61975 2994.34
1099.56335 2270.32
1102.58240 2190.06
1107.42358 4085.92
1117.59241 22193.8
1118.59680 12132.8
1119.60413 6098.6
1154.62476 4677.76
1155.63037 3049.03
1156.64307 2683.79
1178.44910 3962.67
1188.67957 2241.3
1189.67456 2769.71
1205.54285 20772.2
1206.55054 13107.5
1207.54431 5224.12
1216.66138 21966.6
1217.66223 18016.6
1218.66406 7562.01
1249.50879 4696.54
1250.50513 2783.69
1253.67261 5214.37
1254.68689 2566.15
1279.15881 2527.4
1287.70618 2551.1
1320.57312 25979.3
1321.57239 17493.3
1322.57239 6687.08
1329.74622 9016.27
1330.74316 7518.68
1331.74805 2976.79
1362.58606 2266.7
1365.73047 2270.8
1382.73010 13395.8
1383.73352 9081.16
1384.73364 4103.9
1400.78906 5318.89
1401.78491 3318.41
1402.78186 2406.56
1403.60535 2506.8
1404.62439 3060.96
1421.62268 32270.1
1422.62378 24465.4
1423.61938 10004.5
1474.64502 6516.68
1475.64307 5097.52
1492.65967 27579.5
1493.65649 24866.7
1494.67395 9121.65
1529.82202 5299.22
1530.79944 5411.52
1545.69666 4619.72
1546.68713 4406.27
1563.69666 19747.3
1564.69348 17872.7
1565.69592 7224.34
1566.72192 2558.15
1628.87207 3055.31
1629.86865 3237.55
1658.77185 3927.97
1659.77930 4267.12
1676.77417 11004.5
1677.78735 10538.6
1678.79224 5335.55
1775.85974 3151.71
1776.85706 3485.18
