2227.79521 2
110.07093 700.55
112.08674 598.175
115.08646 339.208
116.07025 311.218
120.08036 671.976
125.07049 868.825
129.10208 1185.65
133.04303 365.788
136.07550 9017.85
137.07869 700.223
141.10172 345.406
143.08127 350.067
155.08109 416.79
157.10814 349.845
158.09207 1279.93
159.07658 302.756
159.09149 522.463
167.08162 307.508
169.09685 350.91
169.13356 279.461
173.07417 1878.96
173.09193 449.146
173.12808 665.224
175.11873 6863.39
181.09616 331.921
182.09169 342.215
183.11203 357.064
185.09238 280.939
189.06938 462.133
191.08441 297.354
193.09695 3629.84
201.06898 1709.71
201.12296 1761.12
203.06572 343.51
210.08684 3120.45
211.09319 265.346
212.10236 577.489
213.07315 325.334
213.08617 384.198
215.08554 254.218
217.13376 711.174
219.07951 289.865
221.09160 2558.87
223.04726 1220.04
226.11821 564.783
227.10089 317.054
229.06407 301.462
229.11464 824.778
229.13155 817.092
230.09508 300.607
230.10858 315.712
231.06140 690.287
231.11282 599.154
233.09288 438.828
240.08170 419.504
241.06430 900.964
244.09158 378.515
244.16502 300.754
245.12854 456.258
246.15559 1604.08
251.10210 1449.54
258.09015 13593.1
259.09222 1503.31
260.08527 377.238
261.15997 390.08
264.13361 309.043
276.09811 313.065
278.11264 327.636
279.09677 2223.48
290.11734 260.217
295.13776 314.637
298.13855 492.832
299.04556 2289.01
304.13120 442.199
307.14212 388.206
312.16794 269.129
316.09396 493.242
321.15451 282.828
322.13834 842.275
329.19208 407.53
330.17761 691.481
334.10373 643.095
336.11829 3048.84
337.12048 591.971
341.14615 486.241
344.14493 1108.85
347.20230 940.604
348.11862 268.565
349.10175 276.48
352.13321 872.341
356.06683 1795.49
360.15311 330.444
364.13208 654.07
369.18695 319.66
373.11465 294.336
375.16794 449.751
376.13776 441.438
387.19791 1063.74
391.18808 412.691
393.15833 3052.9
394.12500 3186.01
395.12387 421.879
404.22427 3258.72
405.13739 428.139
405.22565 532.155
421.15204 1258.73
423.14966 440.622
433.13400 360.544
439.16217 266.302
449.14722 288.52
451.14337 1220.62
459.17303 913.111
460.18042 444.933
461.20337 403.122
467.15793 1045.96
469.17307 468.918
470.13467 380.387
487.26047 1364.56
489.15823 508.618
490.17374 290
504.16312 309.363
506.18164 297.987
507.15173 459.071
508.18814 379.795
518.17334 798.281
519.15277 496.233
523.25964 670.029
532.25055 423.056
536.18073 2251.17
537.18518 544.757
549.27948 588.463
550.26111 1391.33
551.26862 365.638
554.18933 625.733
557.19556 313.521
564.17310 373.187
564.22528 316.521
567.28699 19326.9
568.29010 5105.13
569.29266 820.472
570.29987 273.155
575.20001 296.843
577.21216 380.595
577.28040 306.078
582.19000 462.717
605.20068 916.094
619.30615 415.35
622.16449 349.235
622.23718 379.188
633.19348 1737.89
634.18372 1108.26
635.17883 403.99
637.22339 294.625
647.27167 327.744
651.20355 1990.8
652.20276 574.757
661.24792 358.193
665.29340 725.437
667.21625 283.127
679.25916 500.665
682.31372 1953.75
683.31720 675.368
685.23383 436.549
688.29663 306.483
717.27527 294.831
736.29138 284.166
746.28308 394.02
747.27594 358.832
751.33746 357.013
752.32581 273.843
764.29248 511.025
765.31085 359.565
769.34570 3917.4
770.34833 1218.89
771.35150 302.825
831.39117 648.782
832.38898 440.844
856.37225 309.12
861.30206 345.667
879.31775 423.019
880.32330 297.754
882.37555 317.611
883.36279 350.463
900.38684 3987.65
901.38934 1722.8
902.39038 539.274
968.43762 388.044
1031.42542 2048.15
1032.42590 1213.17
1033.44189 423.536
1044.42004 398.355
1070.43481 701.4
1071.42114 442.49
1072.42737 342.113
1088.44836 9062.13
1089.45142 4967.82
1090.45105 1867.6
1091.45569 351.802
1159.50024 609.667
1207.47876 323.825
1233.49048 615.638
1234.49329 612.85
1235.50635 437.017
1251.51135 8409.52
1252.51477 5109.42
1253.51196 2507.25
1254.51099 419.052
1348.51563 435.955
1349.51331 782.269
1350.50854 403.658
1366.53772 4240.32
1367.53931 3011.34
1368.53931 1459.8
1479.62256 1850.3
1480.62573 1260.75
1481.61951 499.184
1594.64673 997.935
1595.65149 560.357
1596.64832 311.678
1709.66479 726.294
1710.67773 721.07
1711.67639 405.992
