2466.11130 3
110.07099 7631.48
120.08038 9807.6
129.06551 6545.07
129.10197 8244.76
130.04988 2722.3
130.08597 6714.37
133.04268 20106.6
136.07550 2381.76
147.07632 4391.48
147.11249 14328.5
159.07617 9877.56
170.04431 4637.56
171.11255 3509.72
175.11900 1678.35
181.06065 3293.24
185.16463 4886.95
187.07089 32996.5
187.14337 5836.73
188.07396 2129.19
197.12798 3545.76
199.07092 9183.04
205.09897 2059.06
213.08655 4144.2
215.13850 10406.4
225.12256 1911.91
231.09802 3995.38
233.09438 3489.02
240.13428 2295.88
241.08131 5282.55
243.13377 8138.99
244.07716 5175.56
251.15002 2812.32
252.10838 6728.96
258.14447 5487.58
259.09186 8620.78
262.08505 9544.78
270.10776 2740.6
272.06927 13366.8
272.15891 2763.03
276.15475 5527.37
288.11783 5958.57
290.07986 30525.3
291.08264 3547.62
298.10175 5524.73
300.15500 6305.55
310.10284 4724.84
315.13144 1593.5
315.16412 1645.47
316.11276 14018.8
317.11371 2132.9
326.17081 2473.97
328.11398 3865.31
333.17584 38365.1
334.17960 4534.58
344.12625 1967.27
344.18069 2806.18
350.21786 23076.1
351.22015 3777.31
354.16330 1615.13
356.69199 3980.34
363.13882 2333.77
367.12573 1682.55
372.17480 1738.31
381.15076 7780.27
391.16068 2668.23
401.11169 15580.6
401.20163 2960.76
402.11728 2108.87
403.16418 7858.44
404.17218 1682.01
412.20975 4818.44
412.70697 2353.58
416.21347 3429.04
419.12390 8970.28
421.21268 3310.31
421.71500 1798.29
427.16721 1757.74
429.19681 4464.5
434.22363 57362.5
435.22723 9846.43
436.22913 1777.33
445.17276 2281.41
454.75494 3130.37
455.21347 2760.64
458.13077 1859.36
464.26077 12886.7
465.25705 1669.04
468.75150 2365.18
474.19608 2103.54
476.14499 3904.37
477.75439 1936.9
492.20929 2001.95
494.23145 3452.42
497.25919 2441.09
497.75876 1788.14
501.23059 1726.87
502.19632 2601.03
506.26566 5897.24
506.76776 3007.83
514.19629 3673.28
520.20892 2145.5
528.22083 5671.23
530.15198 1881.04
530.24792 1634.32
532.20465 5172.03
547.25720 3315.66
548.27710 2151.06
556.79132 2150.06
561.78033 2185.76
565.26166 31322.5
565.34045 2666.82
566.26392 7634.64
570.78668 4927.08
571.28680 3343.34
576.27112 2794.29
581.24805 1761.37
587.17102 2015.06
590.25311 3921.35
590.75519 3451.61
593.30292 29619.3
594.30511 9474.27
595.31311 1964.43
599.26135 5056.91
599.75720 3305.69
605.18542 2812.81
611.25470 9716.74
612.25146 2899.5
615.23694 1889.38
622.28076 1920.66
626.30084 1732.14
629.26489 4094.49
635.31122 3198.25
635.80859 3045.34
641.29987 2331.49
642.31036 2237
643.23425 2254.05
648.30298 5253.05
666.31061 81593.5
667.31470 22971.5
668.31226 8951.63
669.30603 2308.61
669.80566 1890.51
670.31665 1909.59
706.31140 2459.33
712.37714 7336.21
713.37946 3016.3
715.32098 1893.48
718.27148 3122.05
723.35419 2489.84
724.34094 8826.36
725.34009 5008.34
735.31537 2174.09
740.37238 30605.4
741.37134 15370.7
742.35785 8979.77
743.35229 4212.24
759.33240 2135.9
762.33185 3431.17
777.34265 19235.9
778.34149 6337.78
779.35284 2834.14
780.34247 2574.71
795.35291 95937.7
796.35492 32927.6
797.35529 11801.2
798.38092 3389.91
799.37262 4145.27
800.37982 1778.5
806.37952 3847.16
807.37878 2001.47
813.42651 3877.87
822.38336 1957.69
823.40839 48900.7
824.40601 28481.6
825.40631 6953.5
837.42096 2897.17
838.42072 1763.18
841.41876 47516.9
842.41956 22311.7
843.41803 6604.35
847.31866 1939.25
855.44269 3387.97
856.43469 2145.74
872.41760 2405.92
880.42151 2816.85
881.42267 1733.29
890.42755 7000.11
891.43823 3552.54
898.44177 3380.13
899.44263 1893.45
908.43646 79565.9
909.43866 32847
910.44031 13155.4
911.46790 2316.92
919.46979 2337.51
926.51532 4612.77
927.50037 2942.98
928.40851 3614.81
929.40509 2037.58
936.49133 26481.3
937.49048 16014.1
938.49249 4545.91
954.50238 32089.9
955.50244 16691.5
956.50952 4245.8
993.50940 3878.86
994.51410 3670.81
995.51294 2826.06
1001.45514 2224.65
1011.52466 30769.3
1012.52362 20460.2
1013.52527 6366.79
1014.51428 1904.52
1019.46844 15314.2
1020.47235 6136.54
1021.47113 3093.09
1027.47900 2344.37
1037.47937 48592.1
1038.48071 25539.8
1039.47693 9122.57
1040.48596 2486.59
1057.45215 3344.03
1058.44995 2174.21
1112.58496 3047.98
1113.57166 2045.03
1123.55286 2882.89
1140.56775 29071.6
1141.56775 20949.1
1142.57092 6479.46
1161.47559 2160.2
1179.50024 6327.9
1180.50012 5235.49
1181.48145 3544.53
1197.51038 46721.4
1198.51135 25801.6
1199.51013 11485.3
1200.51086 3505.91
1251.59607 2490.71
1252.58618 2742.64
1269.60742 21254.4
1270.60962 16752.6
1271.59973 5727.44
1308.53857 7768.58
1309.54663 5828.2
1310.53552 2592.23
1326.55371 18982
1327.55493 9801.04
1328.55359 6058.98
1329.53833 1752.82
1338.63611 2670.96
1339.62744 2985.64
1429.64331 2871.21
1430.66541 2518.01
1455.60083 3829.75
1456.59155 2056.3
1494.60730 3188.67
1495.61670 1934.23
1512.61829 10216.3
1513.61987 8045.06
1514.60620 2739.98
1558.68127 6274.66
1559.68079 4810.43
