1609.78911 2
110.07064 526.586
112.08647 224.652
120.08027 11605
121.08351 654.077
127.08595 211.26
129.10144 584.799
130.08606 182.58
133.04248 334.464
133.08525 188.488
136.07524 1623.39
141.10185 282.906
142.08531 344.449
147.11278 251.494
158.09183 631.218
159.07602 420.89
159.09120 686.375
169.09682 589.736
171.11252 313.32
175.11827 2752.71
187.06680 185.398
187.10713 8143.27
188.11099 504.199
199.07008 269.146
201.12209 400.827
215.10196 6277.11
216.10663 318.951
219.14908 267.567
221.12788 500.686
228.13304 256.557
229.11836 415.662
231.11166 377.975
233.16408 2932.77
234.16876 255.046
243.13393 232.554
245.12355 803.201
247.14354 215.556
249.12234 865.1
249.15872 547.59
251.10117 256.081
254.14905 541.493
257.12817 224.151
260.13861 278.896
261.15860 1654.55
262.08521 452.296
262.14844 621.375
265.11740 698.808
272.15710 221.803
277.11728 283.816
277.15399 670.759
286.13852 284.098
288.13370 1941.39
289.13495 194.661
289.15533 240.648
290.07935 561.16
293.11197 1286.69
306.14401 800.162
317.14807 1079.36
318.17752 412.206
362.17014 1885.22
363.17380 275.263
373.22089 386.34
390.17303 192.891
391.23273 447.102
401.21655 765.411
406.19778 373.392
407.19946 265.387
408.18570 1022.56
419.22702 778.557
424.21942 217.809
425.21286 2269.92
426.21222 235.044
456.17273 223.243
554.25226 995.162
555.25043 211.005
564.28387 220.299
582.30304 205.365
693.31958 217.901
700.28662 386.989
717.31616 2490.87
718.32043 782.992
804.48090 446.288
805.50586 392.982
806.50696 400.978
813.37439 217.14
830.39972 2174.74
831.40277 856.116
977.46735 1950.08
978.47314 867.434
1078.51379 1186
1079.51379 738.446
1091.50708 317.027
1117.52747 1462.39
1118.52722 887.128
1135.53613 5808.41
1136.53784 3303.76
1137.54260 333.795
1230.60376 438.828
1231.60852 203.78
1248.62073 1914.66
1249.62463 1105.12
1395.68225 343.614
1396.68787 356.124
