3175.52212 4
110.07109 6867.14
120.08053 6112.71
129.10208 4918.85
130.08618 3456.81
133.04251 1146.17
136.07556 2422.2
141.10191 974.156
147.11253 5844.63
159.09157 1147.87
169.09671 2485.95
187.14389 1003.63
199.18013 2941.43
201.12326 947.378
215.13885 1072.9
221.12680 1201.61
225.09804 3687.14
227.17522 5091.57
233.16451 12162.5
234.16772 1520.82
246.12672 1060.47
261.15924 5591.28
262.13922 3635.72
270.10840 1931.59
275.12451 1539.21
298.09790 1030.77
335.67917 4274.9
336.18124 1818.89
340.26044 1089.81
348.19128 1456.94
365.68912 3133.96
366.19083 1153.35
375.22559 1478.45
379.68585 1428.16
385.12689 1294.53
387.20782 1565.09
401.19922 2658.42
401.70093 1138.62
407.20074 913.939
422.23056 4651.27
422.73227 1883.47
435.15085 1093.9
436.22766 2282.86
436.72046 1479.14
457.25565 2360.19
462.25540 5360.2
463.25967 1261.91
467.23798 1361.86
469.29974 1009.13
471.76660 1233.69
476.23978 1091.74
485.24411 46230
485.74493 21475.9
486.24509 8049.49
486.74643 2280.24
498.21353 1502.47
500.21414 2172.34
506.18860 2428.44
508.23431 1291.14
518.22351 1782
524.24420 1502.01
527.28156 4674.19
527.78308 2241.32
533.29224 9139.84
534.29718 2188.59
535.76752 4066.95
536.28003 4228.14
536.78760 2270.84
537.28650 1007.33
541.92731 1078.3
542.25769 1630.57
542.59070 984.855
563.30371 913.401
567.26367 1028.09
583.82312 1870.92
584.32275 1077.71
587.60925 1006.15
609.30127 1171.63
609.80939 972.523
610.26770 982.592
611.29987 2253.57
615.30438 1154.86
615.95868 1297.83
617.29053 1105.72
619.27539 2122.16
625.34656 1233.46
635.29980 1058.06
640.95306 1345.75
643.63824 1785.19
643.96875 2255.39
645.27997 4078.51
646.28650 1240.2
649.63489 1436.01
649.97278 1464.93
653.64813 7288
653.98267 7400.63
654.31659 6184.79
654.65491 1743.23
655.28693 1360.61
664.33936 3609.55
664.63019 938.178
664.83722 3374.19
664.96375 1737.54
665.35925 1074.67
667.35883 954.231
670.35107 12251.9
671.35620 4076.77
672.36108 1053.31
688.33447 1172.42
690.33838 965.345
693.33942 4186.22
693.67377 6261.92
694.00793 3480.45
694.34296 2128.76
694.67639 1000.87
696.99506 1065.96
701.34851 1067.69
702.33295 978.534
702.67023 8955.31
703.00549 8893.97
703.33899 6553.57
703.67529 2592.44
704.01251 1208.87
706.33722 1584.84
707.84271 2145.86
708.08990 5776.51
708.34314 4696.52
708.59509 970.581
708.84119 1350.61
709.35797 1075.81
710.36914 1389.51
711.38068 974.26
715.34058 1551.12
715.84210 1017.36
716.34637 1051.46
720.31903 1887.95
721.01111 1767.54
721.34412 1950.88
721.68402 4633.86
722.01642 5722.49
722.35254 4091.25
722.68494 2188.74
725.01953 1248.75
725.34717 2619.33
725.59808 1741.23
725.84229 1136.34
727.02155 2532.69
727.35486 3420.22
727.69073 2573.61
728.02344 1324.34
729.60028 5470.04
729.84912 9058.58
730.09961 10379.9
730.35107 23592.7
730.68280 17469.4
730.83643 1564.62
731.01929 14775.4
731.35565 7896.5
731.68451 2762.17
734.84467 2364.24
735.34381 1370.54
736.00769 4219.58
736.35223 13357.3
736.68671 15388.6
737.02045 10719.9
737.35413 6299.47
737.68158 1263.15
743.85297 15938.2
744.35382 11276.8
744.85309 6315.1
745.35669 2837.36
753.87158 1005.34
754.03357 1537.71
754.36639 1513.65
754.69312 1646.18
757.86908 1932.31
758.11926 2771.2
758.36487 12076.5
758.61823 2651.93
759.36780 3961.63
760.37793 1477.56
762.89685 1550.78
763.03076 1577.8
763.38245 1537.57
768.70392 995.89
769.03577 5147.1
769.36810 7027.57
769.70380 3563.59
776.89136 3752.97
777.39172 2730.33
777.89758 1308.93
783.62903 2511.97
783.87866 4160.78
784.13422 3473.84
784.38898 3176.75
784.63513 1134.21
785.40875 1734.46
785.88611 2103.87
786.12799 1558.48
786.38635 1775.92
786.62714 1030.22
786.88647 948.683
789.36401 1167.51
790.13251 6787.84
790.38440 12009.7
790.63464 9244.72
790.88306 7694.14
791.13684 5477.13
791.39044 2642.16
792.38763 3443.66
792.71997 5622.18
793.05627 3346.64
793.38708 2834.05
793.71301 1494.7
794.03424 1435.46
794.41394 35505.3
794.63495 40506.2
794.89227 84743.8
795.13660 74508.2
795.38806 58921.5
795.63666 29296.9
795.89203 16539
796.12677 5184.99
796.35724 3781.13
801.39008 9463.69
802.39630 3597.53
803.38617 2718.73
803.87500 1539.48
806.73199 1471.99
807.05762 2790.28
807.39404 2332.59
812.37946 3579.59
812.88043 4594.93
813.38074 2088.99
813.88464 976.071
819.39331 2049.86
823.36810 3561.62
824.37164 2020.56
831.42365 6426.54
831.92169 5073.95
832.42340 3763.36
832.91870 1606.34
836.41455 1858.56
837.84344 956.241
844.42084 2002.96
844.75977 3276.72
845.09076 1564.85
845.42096 11904.8
845.92151 12966
846.42365 7171.58
846.92004 2653.09
847.42096 1164.77
849.89728 1008.45
850.37000 1369.38
857.33185 1275.6
871.45074 13902.4
872.43842 12241.6
873.43915 5964.21
874.43591 1355.93
880.91504 2831.27
881.41632 3340.63
881.78479 1069.4
881.90546 1438.11
882.07898 1624.85
882.40643 3060.99
882.76715 1398.25
883.07642 1076.58
888.38123 989.564
897.76556 4422.66
898.10101 5502.44
898.43182 4514.32
898.76398 2825.46
899.10120 1665.55
905.43201 1344.32
905.76624 1684.13
906.42975 1239.78
909.42651 1173.04
912.95966 1162.44
915.44232 1276.35
915.77911 1029.44
922.44916 1093.09
922.94702 1197.63
923.41541 1357.58
923.88324 1561.61
924.05640 1118.89
924.41644 1985.97
929.10022 1179.76
929.44940 1340.02
930.42365 1119.73
931.45575 1181.84
934.45245 1389.03
934.77899 1491.5
935.10706 1304.43
943.44458 3417.33
943.78827 3039.28
944.11737 2929.97
944.45166 2566.7
949.43146 993.13
951.47144 2048.55
951.94489 1141.38
952.46179 1652
958.08771 1205.74
958.39301 3040.9
958.79932 1267.53
959.13593 1685.38
959.46912 1279.08
960.92847 5982.57
961.43250 5421.44
961.92889 2792.17
962.42822 1384.85
964.94696 3281.01
965.44751 2855
965.97815 1167.23
966.46228 2262.82
966.79773 2221.76
967.13013 2211.69
967.46857 1301.99
969.48004 48468.2
970.48761 26486.4
971.49091 11128
972.47009 7767.03
972.79706 9727.7
973.12952 9857.76
973.46057 6320.83
973.80664 3850.61
974.10614 1453.08
974.45526 2326.08
974.94550 1014.22
979.97046 6106.74
980.47192 6670.3
980.97131 4545.86
981.47998 1943.79
987.93774 1071.38
989.41650 1208.13
996.44019 9900.34
996.94849 10559.5
997.44025 6741.88
997.95245 4363.24
998.46924 1117.14
1001.51801 1157.58
1004.48242 1299.2
1004.81396 1414.79
1005.37085 1008.72
1010.47571 4770.47
1010.81305 9246.19
1011.14557 8059.85
1011.47644 5940.48
1011.81061 3086.19
1012.14270 1162.42
1016.47418 1836.03
1016.81586 2062.84
1017.13910 1105.82
1030.45032 1147.7
1030.95947 2080.25
1031.46362 1326.27
1039.49597 1351.53
1040.00830 1300.05
1040.50537 1106.29
1052.98962 6327.68
1053.49304 13104.2
1053.99939 9531.57
1054.50073 5998.29
1055.00854 2975.05
1055.51257 1458.01
1068.01392 1735.54
1068.52466 1325.65
1070.52844 3715.5
1071.55518 5117.87
1072.56543 3012.72
1073.56592 1208.99
1079.99646 1627.84
1080.49548 996.551
1081.49475 1168.28
1082.01990 4627.6
1082.52063 5404.58
1083.01978 3100.07
1083.52588 1537.14
1088.51501 1276.72
1090.52771 1727.63
1091.05176 1233.95
1094.50964 1054.99
1095.02100 11854.7
1095.52319 15426.8
1096.02319 9142.18
1096.52283 5685.44
1097.02673 1948.67
1103.51221 12605.3
1104.01819 24131.2
1104.52307 20622
1105.02063 13913
1105.52319 7483.99
1106.03296 2346.44
1118.53882 1147.58
1121.45667 5296.89
1122.45923 2242.1
1136.49744 1598.43
1153.04297 4489.66
1153.54602 5902.22
1154.04358 5036.94
1154.54944 2277.04
1155.03967 1537.23
1166.65540 970.494
1184.66321 1581.05
1188.07483 4156.79
1188.57092 4425.01
1189.07080 3223.24
1189.57568 1381.88
1192.08667 1010.13
1201.59509 1245.84
1209.58484 1868.51
1210.08533 2583.62
1210.59216 1773.15
1211.06616 1104.61
1217.59924 2767.11
1218.60156 1858.42
1240.58801 1007.28
1242.60632 1435.17
1243.09753 1174.89
1250.50122 3778.38
1251.49512 2236.88
1253.59607 3107.41
1254.09375 3493.46
1254.59802 3285.46
1255.09656 2193.39
1255.69702 1586.02
1256.71814 992.285
1327.67871 1393.71
1328.65613 1416.7
1340.58765 1339.23
1341.60132 1171.57
1346.14648 1583.1
1346.64001 1827.05
1347.15271 1575.2
1363.59241 4187.47
1364.59949 2371.58
1415.74341 1765.62
1416.73413 1192.43
1486.69812 4753.57
1487.71118 4672.33
1488.70532 2227.29
1553.76892 1081.81
