1949.90407 4
110.07109 2415.37
112.08667 470.066
115.08625 472.161
120.08066 1104.17
129.10214 1545.85
130.08589 445.818
136.06149 867.479
136.07549 1075.19
140.01093 314.965
143.11792 357.689
147.11301 961.467
157.10794 598.135
157.13351 401.171
159.09059 314.112
167.08119 388.394
175.11884 1966.48
187.10638 349.635
198.12199 410.054
200.13904 434.17
201.12274 423.9
207.08722 516.564
207.14011 741.224
221.13753 718.251
226.11829 1371.54
228.13362 372.694
230.14230 833.536
233.09509 980.284
243.13382 488.009
246.15598 589.216
255.14484 1637.38
255.64812 4719.08
256.14941 1425.43
261.08966 1076.25
272.17148 3018.31
273.17548 380.514
282.67072 772.227
284.15921 405.838
291.18497 633.32
295.14023 677.368
304.63727 1009.6
305.18219 1673.85
305.68439 581.679
320.17133 487.617
320.85266 679.348
330.18561 745.93
330.51834 324.214
340.19839 901.45
340.68915 2530.43
341.19107 785.271
349.20245 11095.8
349.70386 4227.58
350.20459 1135.75
353.19241 2513.39
353.51749 1047.57
353.84528 825.191
359.19736 391.104
362.84415 1678.18
363.17892 1145.27
369.70297 1651
370.20633 659.344
375.19928 628.423
376.21252 1695.61
376.54816 1287.81
383.71323 2621.35
384.21408 1353.1
385.25510 1979.3
385.54413 660.366
385.85117 6872.4
386.18527 3359.66
386.25574 343.172
386.52020 1144.8
388.67209 1565.05
391.21860 1290.9
391.55234 538.725
391.85495 661.892
392.18878 398.08
404.69370 441.837
408.87085 2068.17
409.20578 1278.13
409.54144 729.141
418.20413 824.921
418.50769 1834.09
418.69202 3370.73
418.84259 1418.36
418.89877 1054.22
419.19513 1459.21
419.56683 391.881
423.87802 2108.38
424.20874 1651.88
424.54648 616.248
424.97885 359.944
425.22504 425.671
426.24576 1381.77
426.74750 565.843
428.22968 1974.79
428.56393 1005.1
430.48581 518.299
430.73657 958.249
430.98132 889.519
431.99161 777.626
434.74203 5466.81
434.98978 10735.3
435.23953 9729.73
435.48941 3804.45
435.73932 1192
438.55124 438.06
439.24423 63162.2
439.33994 529.304
439.36646 637.03
439.41589 368.009
439.49402 63736.3
439.61688 380.98
439.74448 34104.9
439.99445 11947.1
440.24475 3246.03
443.74649 10402.5
443.99652 8808.03
444.24777 4598
444.49963 1391.4
444.75000 489.071
446.23495 812.798
449.22336 707.929
450.22583 358.361
451.23541 517.675
451.55780 2614.66
451.89117 1392.44
452.24023 1375.62
452.74374 962.538
453.22662 435.142
454.97855 803.919
455.22632 564.501
455.47495 504.145
455.58420 1367.21
455.92151 603.853
456.25098 692.674
456.53656 1523.11
456.87198 826.109
457.24637 660.012
457.57855 361.308
459.23703 3259.3
459.48346 9951.4
459.73328 6909.45
459.98434 3747.13
460.23441 1406.01
460.88971 2177.78
461.22409 1755.68
461.55344 976.014
463.73795 67547.6
463.82489 563.69
463.85822 563.873
463.88116 570.031
463.98825 63694.3
464.09509 434.377
464.12347 432.718
464.15677 392.925
464.23807 32237.1
464.48877 12646.6
464.73926 3773.17
464.99423 356.094
468.23941 2368.16
468.49005 2894.87
468.74033 786.772
468.99075 600.837
472.28680 12554.3
473.28952 2402.79
474.28995 452.851
475.23264 2254.51
475.73325 985.513
479.26199 1857.15
479.76193 723.355
480.77719 1926.34
481.26987 842.491
481.55667 522.885
483.73044 693.058
483.89572 1174.01
483.97620 2250.3
484.22507 3219.3
484.47781 1254.09
484.55484 854.522
486.26764 570.723
487.21930 5216.46
487.27936 1278.16
487.30890 1134.79
487.56015 4371.5
487.75955 1448.04
487.89532 1905.69
488.22937 6820.38
488.30734 1410.35
488.48254 5174.46
488.57108 381.107
488.73553 3404.78
488.98538 1452.4
489.25174 1674.21
489.89688 777.279
490.23340 699.862
493.54749 910.916
493.87836 556.248
494.77356 3177.19
495.27261 1952.79
495.77274 528.135
501.22974 576.047
501.73126 440.656
506.27286 1494.9
507.29379 359.055
508.78491 1380.41
509.28769 807.415
516.55396 652.629
516.89093 445.531
517.27209 1979.7
518.26923 520.407
520.77039 722.889
521.26990 462.935
528.78467 417.135
529.28540 8280.28
529.78644 4464.11
530.28119 1536.41
538.29047 2007.9
538.79211 1155.39
542.62366 565.561
542.95551 384.186
543.76050 2569.83
544.26117 2163.42
544.75861 583.214
549.25116 728.631
551.31366 1247.44
551.81268 2377.25
552.31409 770.207
557.77008 387.935
560.32007 363.579
560.81427 486.03
564.30164 989.658
564.80060 449.332
565.64050 1116.88
565.97516 1083.42
566.31470 397.183
569.76306 637.694
573.30920 1396.57
573.80853 853.302
574.30750 402.037
578.27252 7516.17
578.77313 4326.07
579.27582 1698.42
579.77673 508.934
583.31879 1658.61
584.32385 560.885
598.29779 786.264
598.63556 478.371
600.27271 909.793
600.35272 3886.51
600.80170 2450.82
601.28571 963.744
601.36218 1081.97
606.82928 354.217
607.33081 406.621
615.83362 1054.04
616.33423 1922.82
616.83752 1028.55
622.84149 2180.99
623.34137 1711.31
623.84308 581.38
630.29175 500.402
630.35486 546.195
634.30322 1037.01
635.31793 562.63
655.81238 417.46
656.31299 781.829
657.34943 670.251
657.85992 494.199
664.81537 784.181
665.32251 1317
665.82147 699.111
671.82343 489.123
676.85913 396.323
693.43164 614.675
697.39929 7079.57
698.40216 2237.92
699.40094 383.094
701.32288 487.522
717.31622 478.276
719.26141 734.307
725.33527 794.723
725.83789 537.307
748.39917 1031.25
749.40332 369.523
766.42151 1264.26
805.34973 351.919
830.39618 418.411
832.34625 1403.92
833.34479 759.627
836.36676 560.318
903.47748 380.137
949.45959 1186.55
950.46368 599.665
