1122.65947 2
107.04906 427.429
110.07111 8660.15
111.07452 461.39
112.08675 1036.71
113.07072 236.585
115.08635 876.56
116.07047 569.79
120.08051 1417.87
126.06620 370.919
127.08585 273.838
129.06616 492.125
129.10214 6507.94
130.04997 268.146
130.08609 2064.9
130.10464 316.737
131.08212 229.709
133.04251 252.151
134.99323 285.773
136.06168 1559.59
136.07561 5057.5
137.07887 398.423
138.06635 397.277
139.08678 251.222
140.08171 376.353
141.06592 412.997
141.10170 435.74
143.08147 301.069
143.11772 1022.14
147.07643 222.678
147.11266 3365.46
155.08182 498.151
155.11771 349.89
156.07660 1517.74
157.09766 832.93
157.13312 437.042
158.09224 2387.11
159.07645 554.455
159.09073 283.541
164.08127 283.214
166.06119 512.011
167.08209 487.806
169.09663 356.496
169.13362 190.572
171.07721 407.56
171.11307 1157.21
171.14908 20573
172.15273 1545.33
173.12787 372.114
174.05817 330.419
175.11874 5729.74
176.12355 229.442
178.05290 335.718
179.09207 344.778
181.06044 246.295
181.10724 671.526
182.12880 896.838
183.11261 2277.36
183.14879 270.796
184.11754 183.581
185.05519 227.162
185.09312 219.659
185.10329 194.231
185.12794 530.928
185.16475 260.008
186.08687 458.25
186.12283 281.732
187.07198 271.233
187.10788 220.044
191.11700 215.509
192.07629 528.595
195.07687 283.691
195.08778 375.283
195.11209 307.709
197.12860 476.14
198.08728 193.443
198.12280 291.412
199.07120 382.645
199.10939 406.103
199.14398 9233.75
199.17798 246.802
200.10297 518.57
200.13693 1048.09
200.15228 500.14
201.12303 531.835
207.08746 315.435
207.11209 323.361
209.10324 3130
210.02544 1068.28
210.12271 403.781
211.10689 280.978
211.11897 256.049
211.14366 452.595
212.02032 371.111
212.10277 842.253
212.13829 206.22
213.08621 337.749
214.09724 5438.15
215.10403 208.22
215.13838 458.801
216.09749 988.547
217.08205 612.672
218.15001 333.871
221.10345 337.98
223.10623 200.013
223.15622 309.747
223.98668 284.491
225.09833 323.926
225.16034 216.746
225.19565 409.894
225.98187 222.527
226.08188 466.16
226.11754 713.196
226.15350 290.539
227.06651 236.262
227.11472 694.054
228.13390 5025.58
229.12746 292.526
229.14244 287.371
230.07675 767.714
230.11310 495.168
232.06032 1476.64
232.10640 202.579
237.12012 244.586
238.11707 205.262
239.11412 558.593
240.13332 914.514
241.08095 267.819
241.10756 982.792
241.99704 851.962
242.11214 203.257
242.14899 197.166
242.99986 210.238
243.99306 532.266
244.09261 790.186
244.16615 209.481
245.07695 1109.22
246.15710 247.469
247.10696 194.425
248.14967 404.137
249.08334 197.24
251.14967 737.438
252.07646 7672.69
253.07941 623.457
253.19017 363.269
254.14789 448.992
255.14471 1795.83
255.64609 191.673
256.13217 382.863
256.16479 491.252
257.17343 204.481
258.14456 1836.06
260.19693 221.022
265.11661 360.352
266.16116 4376.18
267.16617 458.942
268.14545 210.661
269.10483 1044.38
270.08939 254.326
270.14648 240.766
270.18085 1047.25
271.17560 1024.33
272.15399 567.174
272.17722 704.068
276.15500 841.898
282.12408 377.199
282.17862 309.232
283.14008 256.985
284.17160 8248.81
285.17325 968.33
288.20386 354.431
289.18738 326.491
293.11273 458.137
295.13727 267.426
297.15527 404.149
298.10428 198.813
299.17096 1405.43
299.20731 1685.53
300.16992 248.561
300.21155 277.391
301.14951 226.081
303.09912 309.013
304.17987 203.012
307.14322 346.653
310.13962 195.003
311.17053 369.479
312.06870 324.311
313.15250 317.448
313.18634 471.584
315.09811 352.844
315.16730 298.511
315.20093 539.537
316.11377 1038.7
317.19281 922.997
320.17117 494.649
322.18652 841.734
323.16763 240.934
325.18500 678.797
327.20224 2322.97
328.13950 270.664
328.20700 372.985
329.18121 227.544
333.10767 600.007
337.19949 465.373
339.10571 207.569
339.16537 505.463
339.19659 274.684
340.19611 490.085
342.09244 456.363
343.09137 434.813
343.19733 1340.86
344.20065 252.62
346.18530 212.949
349.20453 289.575
352.19867 264.779
353.15555 318.022
353.21686 304.23
354.18808 635.788
355.20862 4234.37
356.13675 284.305
356.21005 545.333
357.17606 256.703
358.17844 300.438
359.11920 953.298
361.09866 236.761
365.19769 223.053
365.22708 297.285
367.23605 310.696
368.19272 1633.01
370.21112 223.215
373.17056 479.09
382.20892 703.101
385.25439 245.31
386.20584 824.282
389.24097 388.644
390.19751 753.771
391.20261 290.646
393.22363 655.412
394.20804 254.287
395.20001 343.965
396.22333 481.593
398.24310 437.545
399.23880 337.81
400.19049 589.365
403.87106 255.041
404.20459 234.806
408.22620 240.722
411.23083 492.365
412.21701 255.084
414.23505 704.64
425.26199 308.204
427.17471 612.452
428.21677 285.854
429.25681 249.031
435.23636 378.334
436.22223 421.38
438.24341 199.98
439.22833 1475.59
440.23300 242.219
446.23550 1646.02
447.23624 444.305
450.28217 237.808
452.26233 528.5
453.25089 1064.16
454.26645 485.723
457.23962 1323.13
458.11853 389.699
458.24243 340.008
463.94519 1208.53
464.18335 443.455
465.24603 302.75
466.24112 415.474
468.29239 2272.63
469.29300 558.54
471.25546 602.36
472.28940 939.151
473.29584 274.331
480.25568 840.508
481.27765 580.337
483.30212 228.089
487.30148 338.443
489.26987 566.195
490.26651 227.947
492.25879 312.177
495.92978 512.93
496.25964 263.943
498.26898 552.854
499.29129 438.821
501.60242 219.649
501.93201 252.313
502.22601 538.206
503.23145 219.88
504.77075 245.311
506.27420 210.052
512.26093 638.125
513.77692 2927.51
514.27570 752.577
519.27106 282.392
523.30029 939.745
524.31183 273.56
525.30829 355.843
528.27930 300.633
537.27655 747.859
538.27802 242.786
539.32947 1722.25
540.25598 1448.22
541.25732 266.552
542.33911 604.203
543.90546 207.124
544.23108 301.498
549.27435 288.162
551.29248 1180.52
552.31268 943.933
554.30359 790
555.30896 232.276
561.26154 4114.67
562.26263 1123.56
565.26520 283.909
569.30347 597.393
570.32367 1597.38
571.32690 343.634
572.16022 240.226
582.29742 1918.3
583.30109 1179.42
584.30841 261.817
591.32190 264.094
600.28674 275.989
600.35510 244.269
601.29736 242.375
608.35712 382.776
611.29156 1547.41
612.29449 341.616
613.37524 292.363
615.31146 319.246
616.31641 228.283
618.32721 245.04
623.35144 535.981
626.36115 3578.86
627.36542 1224.04
628.30695 212.535
632.32202 469.547
641.36127 790.924
650.36713 244.089
662.36542 389.16
667.38843 654.287
668.38501 317.512
671.41956 1140.73
679.38916 1320.07
680.27795 362.825
680.39270 474.075
682.33032 236.095
689.35895 227.756
695.38379 791.107
696.38989 218.123
697.39868 7608.71
698.40259 2844.74
699.41132 558.965
702.35260 236.59
707.38666 820.859
708.38910 216.1
711.35516 591.74
719.34308 208.3
725.39746 338.602
733.40625 297.721
739.35126 1202.27
740.34955 292.105
747.35065 699.217
750.42078 577.275
751.43701 220.978
752.34436 272.706
754.42175 1022.01
755.42969 331.593
758.45154 7558
759.45483 1458.08
766.42883 313.806
778.41980 987.964
779.42261 461.23
786.42279 209.501
792.39734 209.594
793.40503 444.961
794.41449 341.542
795.42200 277.314
796.44250 1030.99
797.44965 369.816
813.45691 2422.08
814.45691 517.02
820.38867 208.049
824.43823 310.138
835.47821 238.731
848.39368 464.209
853.48749 3009.32
854.49084 1174.34
855.49854 273.974
906.51208 756.516
907.51044 287.7
924.52380 5495.78
925.52747 2551.44
926.52991 556.818
1023.60120 358.952
