2335.21323 3
110.07121 864.372
120.08050 7348.05
128.10674 1333.27
129.10214 5298.28
130.08600 1247.93
133.04282 883.091
136.07556 3145.65
141.10207 478.114
143.11761 2048
145.09697 4605.32
147.11253 2229.92
155.08125 798.35
157.09714 957.623
157.13293 701.367
159.09135 1208.9
159.11226 508.068
171.11281 2141.4
173.09198 5737.13
173.12807 7138.37
175.11850 1319.89
183.11235 601.262
185.12767 667.779
185.16544 662.7
186.12306 927.572
187.10739 601.546
187.14371 1720.63
193.09686 678.522
197.12764 702.729
199.17996 730.18
201.12311 7538.54
202.12628 637.82
205.09689 1250.85
213.15991 830.242
214.11836 1381.32
215.13873 2937.46
218.05995 595.533
221.09184 597.525
226.11960 518.138
226.15401 843.119
227.17480 518.767
228.13333 1892.62
229.11894 799.516
240.13412 1638.03
241.15434 917.909
242.11319 1037
243.13257 3272.77
244.16522 4292.86
245.07773 471.386
247.14426 959.243
249.15941 537.978
254.14996 524.74
257.15860 478.813
258.10901 536.966
258.14444 1181.83
261.15735 670.723
268.16568 995.271
271.13986 1181.28
282.18137 886.547
285.15674 810.667
286.17596 3774.42
299.20755 800.629
300.15405 621.48
307.14267 4628.67
308.14185 527.45
311.20627 789.276
314.17078 541.398
325.15005 1335.25
325.18872 666.369
327.20044 620.925
330.16153 601.236
331.14417 1309.48
334.17590 1931.91
337.15216 1373.19
337.65103 494.65
339.20187 3165.78
340.20389 520.539
343.16040 1120.41
356.22888 2258.26
357.21027 1315.74
364.16449 14681.1
365.16632 1983.24
372.25977 2748.36
375.20157 1020.76
384.22418 864.372
397.20718 936.01
399.26297 809.628
404.22803 634.179
410.68585 1565.69
411.19012 689.034
415.21783 1821.61
417.21420 1218.86
424.21680 529.916
428.28610 641.595
429.24875 618.807
432.19189 670.623
432.22284 765.632
435.22360 942.377
438.27066 1842.24
439.19559 4302.47
439.69901 1927.59
440.20047 683.529
456.28009 1903.54
463.22021 802.992
471.33221 590.554
477.24796 13126.9
478.25061 2839.65
479.24875 887.654
485.17868 881.907
488.24908 524.887
495.73923 1649.79
496.24161 793.747
503.18777 1373.2
503.29672 1480.91
524.24915 2389.2
524.74670 1638.74
525.25781 662.763
531.29639 808.314
538.20831 512.61
539.26172 574.128
539.75134 611.166
546.22955 684.412
548.30634 763.198
552.30841 639.649
552.75922 1217.23
553.26099 912.307
556.21832 824.542
570.30023 666.328
574.22711 5186.95
575.22510 1005.77
576.31580 10551.1
577.31824 3064.73
578.32123 801.091
588.31647 643.392
591.25494 703.753
624.30780 560.084
637.27380 801.617
645.30255 2457.94
646.30261 807.11
653.32806 761.877
655.28363 1262.97
657.40845 1172.5
669.40491 566.485
673.29614 10964
674.29852 4021.93
675.38275 6489.13
676.38818 2082.77
677.38794 750.146
703.28693 531.754
706.36633 527.63
706.70251 702.637
739.37085 1149.29
739.86829 715.079
756.32745 1283.95
762.41803 15628.3
763.42041 6591.9
764.41937 1991.65
770.42731 525.013
774.34155 3197.54
775.34509 1546.88
776.35223 592.512
778.46832 2142.74
779.39929 2155.57
780.40381 1759.03
782.46576 577.798
786.45972 1162.04
792.36560 648.032
795.90967 1106.09
796.41559 663.209
802.34924 638.708
805.34808 646.502
814.45526 875.71
820.36407 3640.91
821.36731 1678.98
822.35309 552.281
828.38147 606.09
845.40564 545.712
855.40210 1728.13
856.38953 644.323
859.37189 1612.91
860.36761 1119.21
873.41107 3915
874.41229 2068.28
875.50421 5052.1
876.50549 2176.54
877.38416 7749.71
878.38617 3852.76
879.38629 1321.65
901.48273 1033.97
902.48126 564.742
905.95599 1382.8
906.46539 843.302
914.51959 635.535
932.52197 26988.3
933.52576 14354.8
934.52539 4713.56
935.52289 1036.25
960.42993 550.409
962.48389 1597.45
962.99518 890.23
963.49420 758.389
976.48315 809.557
978.43054 1103.92
979.43475 577.222
985.55878 708.84
986.56366 766.113
990.46893 2510.05
991.47699 1581.73
992.46936 603.797
1005.43115 611.667
1020.47015 1477.82
1021.49030 918.009
1027.01770 901.752
1027.51379 686.633
1031.59509 2369.87
1032.60364 1076.4
1047.49377 1179.9
1048.54077 1795.11
1049.52539 909.45
1059.48193 1314.13
1068.04163 538.325
1068.53491 866.428
1069.05847 670.232
1077.50122 4881.41
1078.50232 2510.47
1079.51379 816.333
1086.50500 1147.84
1088.61816 4029.63
1089.62061 2709.27
1090.62744 756.924
1104.51465 4666.03
1105.51196 3055.92
1106.49854 1294.33
1145.63196 10276.3
1146.63867 6275.1
1147.63696 2433.54
1159.58606 550.171
1172.56396 533.238
1176.59741 2297.75
1177.60022 1059.75
1190.57898 1082.86
1191.57935 844.031
1203.57422 1308.02
1204.57483 844.894
1205.56726 577.932
1247.64075 604.499
1260.59729 1387.43
1261.59070 735.019
1286.61035 794.519
1287.63403 1232.34
1288.63330 527.432
1304.62939 2261.89
1305.63953 4012.1
1306.63818 1706.92
1315.74438 2283.31
1316.74707 1538.99
1317.74097 540.306
1376.68188 2339.01
1377.67944 1357.51
1442.69397 595.757
1460.71277 976.293
1462.81323 1194.85
1463.81177 1527.97
1477.72632 3741.8
1478.73462 2030.19
1590.83057 993.275
1591.83142 711.065
