1793.80405 3
110.07101 154970
111.07426 9644.55
112.08665 16101.4
115.08620 6947.49
116.01630 4787.15
129.10202 113244
129.11235 4494.3
130.08641 9531.55
130.10541 7282.12
133.04268 15703.2
143.11786 6851.37
147.11276 12571.2
157.10768 12398.2
158.09158 4158.55
159.09142 20030.8
166.06113 4798.31
167.08241 5406.98
175.11865 27361.2
179.09282 9313.63
195.08699 13842.1
198.12305 5393.48
207.08702 22392.3
213.08641 15350.6
223.15434 6430.38
225.09886 4075.94
226.11829 25365.1
242.11230 4197.2
251.15009 25345
254.14532 4231.54
255.14481 45328.3
256.14825 4442.87
261.15497 12548.5
272.17136 59668.6
273.17438 7056.52
285.16663 37065.4
292.11826 9650.25
295.14041 10432
298.15793 5621.69
305.06360 14467.9
306.11752 4651.33
312.15576 10532.3
313.15005 6819.63
320.17172 19766.1
324.13000 15752
340.19690 4112.7
340.64197 4723.6
340.68893 8505.67
349.20264 68515.1
349.70328 22444
350.20319 4321.78
354.18771 51422.1
355.19095 7062.38
357.13962 15933.5
360.22241 10726.5
383.71298 25776.2
384.20941 11903.4
384.71896 5110.33
385.25507 22885.3
395.20016 7801.26
402.72665 34471.7
403.22626 12680.9
407.72470 4512.97
408.22046 6731.23
412.19968 7613.46
416.72433 51897.4
417.22565 18837.4
417.72980 5186.51
423.19858 29806.9
425.26312 9286.32
425.72995 5698.44
426.23141 10329
427.18066 5611.49
437.23581 5265.95
440.20819 10336.5
442.22958 11275.4
442.72238 9507.54
443.23911 7141.33
443.73196 6853.98
451.23502 159316
451.74158 60648.4
452.18256 6715.95
452.24411 106491
452.74377 53467.9
453.25641 49811.2
454.25931 10450.1
457.23972 6743.75
457.73364 6032.61
458.18906 7177.26
460.23987 38399.2
460.74164 22230.9
461.24432 12512.6
461.74243 5533.36
465.71252 35149.7
466.21030 16722.5
466.71097 4426.3
472.28690 90498.8
473.29089 19497.9
474.28809 4377.22
475.25229 4645.39
485.76724 8172.29
486.22342 7908.81
486.26981 5782.11
491.22125 8390.29
491.26456 7542.69
491.71732 7821.19
492.21786 15342.8
493.21906 4353.5
499.76074 12762.7
500.22290 145246
500.72375 67920
501.22925 71506.8
501.72903 35877.1
502.22888 17757.8
502.72723 5440.44
508.78403 55737.1
509.28168 35970
509.77841 14708.5
513.60565 5752.83
513.93988 4489.39
521.61206 8819.96
521.94122 9841.25
522.27734 8611.73
523.28583 8285.7
523.61768 5730.71
527.28693 69234.1
527.61694 121624
527.94934 83540.9
528.28259 40613
528.61426 10423.4
533.28949 683291
533.42273 6148.22
533.45740 9350.01
533.62238 702889
533.82886 4801.35
533.95581 351874
534.28925 108038
534.62366 26994.2
539.29248 166672
539.62512 163435
539.95941 83203.8
540.29285 30215.3
540.62854 4615.27
545.29413 5558.15
548.74713 6483.76
549.20593 10571.8
549.78845 9547.47
550.29364 7204.83
553.26227 8242.01
554.24835 7159.55
554.31580 12109.7
554.60205 12109
554.93610 6438.06
555.27850 7997.27
557.26312 5549.66
557.77313 22821.3
558.27289 18193.7
558.76648 6107.25
559.94611 38638.7
560.27539 69055.2
560.60724 48748.1
560.94153 28263.5
561.27716 9888.46
563.79010 13832.7
564.29498 15151
564.79700 8518.5
565.26642 5802.09
565.94818 368897
566.28076 396699
566.61371 230909
566.94781 94846.6
567.27942 23505.1
571.26703 5910.56
571.95093 41396.1
572.29211 62724.1
572.61652 29401.3
572.95221 11726.6
573.30524 21030.8
573.80219 5017.81
582.29773 143245
583.23682 55766.7
584.23334 16339.7
585.23224 4566.7
592.60596 7033.61
592.93243 8232.47
593.26331 11699.4
593.59808 6409.23
598.30029 11142
598.60651 53079.8
598.78400 12117.9
598.94000 55258.9
599.27228 45908.5
599.60712 20446.2
599.78638 5551.61
599.94519 5340.5
600.35437 32738.6
601.35028 11341.3
607.30566 5519.74
607.80371 7846.23
608.30811 6207.39
611.31384 4897.1
612.77863 15024.1
613.28168 11202.5
613.77399 4785.51
622.84271 20170.8
623.33820 33544.9
623.83777 18215.7
624.33948 5729.82
635.83545 17220.4
636.33569 11363.3
647.28925 16517.1
647.78571 16772.9
648.28235 7443.37
649.84888 7575.48
650.35468 5969.26
652.27625 9381.93
654.84540 11457.9
655.34064 9041.75
656.79144 6086.79
657.35229 13818.5
657.85284 10521
658.35291 7214.65
661.76984 6896.62
662.35297 8627.35
663.84723 14088.2
664.34802 7636.75
666.36572 4536.41
667.38794 48926.3
668.39374 13713.5
671.82727 7248.04
677.37512 8983.62
678.36682 7259.41
679.38586 15406.5
680.27625 96595.9
681.28174 27842.5
682.27698 5489.85
695.38184 151722
696.38318 53660.7
697.39783 395026
698.39655 166878
699.39545 36809.9
700.39478 23410.6
701.40088 7189.37
703.82849 8627.71
704.32941 9307.09
706.33960 7128.55
706.83740 6912.73
712.36377 5113.74
712.86884 9004.54
713.39240 19371.9
714.39020 4604.55
721.37836 6578.18
721.88458 9554.74
722.37726 5860.81
727.37183 4795.58
739.82996 5643.1
740.31793 5904.85
748.41211 11167.3
749.40338 8320.33
750.40479 4885.26
751.31232 6356.71
765.36261 27026.2
766.42041 146611
767.41809 68985.7
768.42072 19599.1
769.91431 6004.38
770.40656 4520.27
775.35138 7533.99
775.84229 4416.6
776.34821 6310.45
784.42969 21316.7
785.43030 13117.7
790.34009 5993.82
793.35944 108368
794.34631 29654.7
794.44617 9904.65
795.41290 7811.38
804.44287 4925.22
808.34070 14754.1
809.33728 5800.06
832.44177 17502.6
833.44684 10083.8
846.38861 14611.2
847.38293 10992.2
864.39435 25227.6
865.39374 15345.2
866.39563 5579.68
884.44952 4555
901.46326 31933.9
902.46619 17428.5
903.47784 37454.9
904.47394 21611.3
905.48022 10037.1
911.43140 5088.4
913.45807 5995.36
919.47418 13566
920.47211 7950.76
930.41583 8890.54
966.42255 9064.63
994.41833 15845.1
995.41669 8054.33
999.43915 14975.2
1000.44153 9468.63
1001.44287 5499.81
1010.52307 4959.63
1016.58337 5143
1122.50525 5057.64
1245.67419 7085.12
1270.66382 21054.4
1271.66565 11478.6
