4049.83884 3
136.07539 1257.36
143.11734 2886.21
147.11230 497.985
171.11259 1857.08
188.13777 413.353
221.09062 479.257
228.13307 936.016
231.09695 624.471
244.09419 511.638
246.17984 541.668
261.15826 524.922
284.19559 815.291
289.15427 780.853
313.22122 534.91
322.13925 565.674
341.21732 1552.67
343.15976 498.088
346.12466 569.327
363.20181 799.193
373.13553 437.445
391.19684 1313.42
393.24615 813.87
402.23566 656.005
433.16895 492.908
474.18610 878.676
476.28549 2277.66
477.29022 451.195
491.18423 491.677
492.24625 509.257
504.27966 783.138
507.29025 2973.95
508.29288 742.781
548.19861 452.498
566.21313 492.39
573.25134 709.179
577.33099 561.717
605.33350 561.724
622.31903 1378.29
623.31702 435.806
679.29388 514.691
716.35352 653.969
736.36102 2536.38
737.35901 943.111
775.31104 476.083
793.33313 609.799
807.35028 466.411
831.37378 438.655
849.44922 1696.38
850.44849 1109.61
906.41870 781.965
920.48077 3575.56
921.48120 1754.94
959.43390 486.784
960.43280 437.755
977.45557 696.229
1033.56677 639.105
1058.50806 581.361
1076.52246 692.615
1090.58630 2501.41
1091.58447 1245.22
1127.04602 589.268
1161.61853 533.629
1184.05237 618.515
1184.54321 491.927
1218.64587 1512.36
1219.64941 1607.89
1220.65491 441.752
1257.07715 719.454
1257.58264 945.9
1258.09534 525.148
1289.68457 2460.24
1290.68066 2373.65
1291.68945 854.495
1306.55530 446.661
1315.08606 445.733
1315.59460 734.119
1350.66882 632.153
1394.63513 481.484
1395.11401 855.968
1395.61084 1064.11
1396.10657 472.904
1404.72424 752.708
1405.72913 752.576
1429.62830 971.412
1430.11401 1167.78
1430.61804 1017.62
1438.13464 2005.62
1438.63037 3660.59
1439.13147 2706.4
1439.63623 1824.8
1479.15576 499.683
1479.65161 869.559
1480.15430 932.546
1487.67053 1110.01
1488.16138 2255.78
1488.66284 2774.41
1489.16052 1521.62
1537.20288 641.11
1537.69580 853.269
1538.19836 972.182
1538.72534 561.638
1551.75903 533.889
1552.80261 526.076
1593.20300 680.373
1593.71423 702.824
1659.25085 700.479
1659.75378 617.404
1724.28699 577.645
1739.86926 459.216
1740.87305 576.924
1774.28430 552.259
1774.76001 497.795
1775.27930 485.38
1826.89001 779.686
1827.89514 737.648
1828.92004 459.612
