1243.67681 2
110.07107 10527
112.08718 751.34
115.08615 677.463
120.08054 14935
121.08388 798.614
127.08645 969.981
129.06589 1704.85
129.10210 14937.7
130.06468 3961.08
130.08606 5605.99
130.10440 1106.03
131.08162 1742.63
131.11763 2564.73
132.08031 1606.44
133.08594 1239.07
136.07550 9901.7
137.07866 958.62
141.06589 1015.45
141.10197 1129.12
143.08148 709.532
147.11258 10964.1
148.11569 687.515
153.06453 757.928
154.09731 4565.23
155.08125 8453.09
155.11780 737.017
157.09998 709.887
157.13326 54442
158.09221 792.336
158.13698 3974.21
159.07629 4059.3
159.09137 16481.4
160.09467 1811.47
167.09082 1333.66
169.09711 1035.52
169.13219 819.173
170.05981 915.327
172.10788 8388.93
173.12845 2023.47
175.11871 6039.85
181.10750 641.981
182.09227 4329.67
183.07629 3445.37
183.11292 1691.5
183.14888 2056.39
185.09143 1239.04
185.12813 25047.1
186.08684 1142.88
186.12190 3603.28
186.13589 1136.11
187.07137 3629.19
187.08363 2434.86
187.10753 1641.76
193.09743 861.176
195.08740 2649.17
195.11284 1043.3
197.12828 1223.88
198.08662 1079.59
200.10271 8794.21
201.12291 3558.41
202.15466 2545.09
204.13403 16290
205.13866 986.393
207.11247 3326.56
208.09697 956.073
209.10382 1377.13
211.14366 2358.54
212.10281 8689.56
214.11859 1588.21
216.09848 899.122
216.13414 1996.64
217.08487 680.43
218.14917 967.255
221.12810 1112.96
225.09871 2034.54
225.12218 1871.73
226.08362 733.282
226.11800 1606.25
226.15367 1344.65
227.08302 820.272
227.13892 1552.21
228.13139 712.127
229.11685 1188.43
230.11397 4763.38
234.14439 1448.89
235.10696 1380.85
242.11241 1141.46
242.14949 8567.78
243.14499 1246.6
244.09285 1134.12
244.10657 1319.75
244.16508 4246.2
245.07875 740.486
252.09717 2229.96
254.13795 1076.93
254.16248 9946.38
255.14537 1256.65
256.12607 1092.08
256.16501 9430.85
257.12335 674.268
257.16797 984.3
258.12408 3682.64
261.11499 1057.25
261.12180 1090.76
261.15530 45637
262.11951 1442.55
262.15857 4331.99
264.10837 694.883
267.10724 1209.29
267.14874 748.788
268.16510 1661.96
268.20013 680.137
269.12405 4108.84
270.10687 4920.73
270.13483 2219.2
271.14136 1295.89
272.15912 7429.55
273.15393 1275.71
278.14856 984.993
282.12177 932.682
282.18155 998.788
283.13980 5201.38
284.10385 682.188
284.14273 1108.73
284.15747 1015.88
285.19043 1454.97
287.13431 2491.38
294.15665 936.892
295.10284 679.669
295.13959 5462.74
295.17657 1300.01
296.16199 1993.21
298.17538 1909.46
299.13440 727.792
299.20731 1370.92
301.14923 4966.8
313.15033 4274.78
313.18677 16131.7
314.18912 2274.72
315.14404 1806.61
315.20242 3298.8
319.14053 1295.71
322.15088 2156.49
323.13416 6601.51
323.18588 1179.29
324.13684 1122.18
325.18634 7787.74
326.18851 1699.99
327.20297 3865.45
328.11221 1017.93
329.16074 1827.44
339.20175 2051.16
340.16077 6388.24
341.14450 9787.51
342.14966 1563.57
343.19693 11298.3
344.19928 1707.42
351.20010 945.171
353.18854 1099.89
354.17572 2076.08
355.19913 1612.88
358.17068 2290.64
366.16913 675.384
368.22818 1046.4
369.21283 4665.96
370.21371 865.581
371.20285 2463.46
372.15668 913.841
372.19162 1719.37
382.20865 1072.84
384.22470 2739.94
386.18265 3002.03
386.23886 4014.21
387.23682 743.476
393.18906 1246.9
396.22308 9106.24
397.22455 2365.94
398.17874 713.814
402.21271 1828.18
408.22870 976.643
410.20963 1039.84
412.19586 1506.38
414.23322 11997.8
415.23862 2101.63
425.18832 1113.07
425.24966 1681.12
426.23386 3757.43
427.23657 845.992
428.22455 3826.24
429.22510 2013.29
430.20789 4116.89
431.21121 960.057
436.21799 1469.59
440.25131 2008.32
442.24490 1335.66
443.20398 2465.71
443.25333 1013.02
447.23434 51675.9
448.23737 12219.2
449.23990 897.181
451.23834 2093.02
453.24557 4446.03
454.22775 7658.18
455.23056 1772.21
457.27902 1278.24
467.26373 3108.99
468.26056 1310.2
469.21265 879.311
471.25348 2266.97
483.22870 1620.36
484.25134 1530.74
485.27094 4061.13
486.28186 773.221
493.76483 6083.78
494.26703 2757.28
494.76343 720.202
499.26801 930.478
500.26236 946.335
507.25836 856.649
511.26263 905.952
512.27435 765.988
513.28381 970.912
514.29474 881.482
518.27161 29736.3
519.27393 8464.97
520.27838 1476.54
521.27618 3572
521.77661 2300.56
524.28192 6132.75
525.26648 6278.52
526.27246 1485.11
527.29449 1564.3
531.32593 705.422
537.28424 2089.08
542.29596 1603.06
547.27289 860.55
555.28943 1570.2
556.28632 694.806
565.28143 6196.01
565.77448 916.45
566.27899 1326.3
570.30133 768.568
571.30109 1185.74
572.31433 728.606
582.30090 1607.82
583.29974 803.58
589.30835 28354.1
590.31146 9040.65
591.31110 1553.65
595.32025 5436.99
596.31287 1795.92
600.31171 2005.17
608.32568 5190.3
609.32874 785.302
613.32446 925.751
624.31055 899.103
626.33563 1288.05
635.26306 1021.81
636.32062 5187.18
639.32532 707.217
641.33698 1952.39
657.33472 1793.08
663.26080 7471.27
664.26031 1013.05
671.35626 1013.71
671.41931 1158.3
691.33313 2375.45
692.34076 1376.03
702.39203 13865.4
703.39691 5649.69
704.39886 1000.75
706.30615 1511.2
719.32635 2447.5
720.32971 1263.98
721.41028 1763.21
728.37531 1509.1
734.29657 3933.12
747.40070 813.998
749.40863 1211.78
757.39923 961.927
758.45428 4280.29
759.45715 2293.89
773.42950 6977.62
774.43390 2470.46
775.43939 757.034
788.39960 2152.88
804.42352 1158.48
818.42975 1761.47
832.41467 1119.61
836.43884 995.51
838.42004 947.092
860.46185 11030.6
861.46533 5214.45
862.45538 975.949
871.53845 1841.72
872.53754 1159.26
873.53802 720.625
913.48267 926.57
916.39832 778.987
931.49780 8038.15
932.50159 3576.63
933.50409 772.941
990.48260 864.183
1022.50195 1182.15
1041.55444 716.187
1042.53076 1997.89
1043.52551 1115.57
1059.55359 1056.53
1129.53540 886.64
