2626.32767 3
120.08049 12542
121.08376 1079.38
129.10214 2023.91
130.08585 1594.37
136.07553 18879.1
137.07889 857.586
141.10193 4695.64
142.08598 727.306
143.11758 4803.94
147.11256 4072.34
157.13324 1212.03
169.09706 6584.7
171.11214 1323.41
185.12811 4317.95
186.12340 3174.82
187.10750 17344.8
188.11165 783.799
200.10312 1051.26
201.12299 1404.88
215.10239 13147.8
215.13901 852.687
216.10620 938.21
229.11809 3217.97
235.14374 4128.15
243.13347 5442.22
244.09250 2918.3
245.12776 1430.48
247.10832 916.209
253.19048 804.227
258.14447 2715.65
263.13876 3414.53
264.13403 1478.53
269.16226 1277.84
270.18076 2093.74
272.12378 27160.2
273.12668 2716.28
276.15482 3773.41
283.14429 2213.75
284.19632 3793.28
285.19885 855.498
292.12930 1242
297.15512 19254
298.15680 2513.18
298.21121 1858.63
300.15524 1708.17
311.13867 1736.77
314.17047 3991.47
330.16534 1141.13
340.18448 929.793
341.21313 914.792
342.20114 4573.75
343.16095 1730.88
345.14105 1321.1
346.17392 911.093
355.23447 3212.54
357.21243 9235
358.21646 1469.16
374.17075 2567.25
383.26199 1087.07
385.20825 12185.4
386.21066 2122
389.23932 4900.31
390.24213 1083.54
391.19510 872.54
392.18069 3110.61
393.18384 782.03
395.22778 778.096
399.22449 1744.33
410.20624 920.354
411.22299 1333.19
413.23865 5205.34
414.24289 756.309
427.25421 2797.15
428.25272 1689.87
432.22409 2491.78
442.15808 872.81
443.18799 974.787
444.22125 1888.73
452.25076 783.577
454.30450 1589.57
456.24265 3631.69
460.21396 5708.36
461.21097 1147.2
468.31830 1423.81
470.29828 1541.23
477.27597 925.158
481.30328 771.583
484.27243 1204.86
498.28989 4578.32
499.29388 1167.34
504.26489 5695.52
505.26746 2351.11
506.24680 865.593
511.25565 1038.62
521.23407 810.741
524.30426 1147.98
526.32373 2166.34
531.29028 1932.59
541.33502 2321.66
551.31525 1366.3
559.28680 3335.67
560.29364 788.468
565.32520 1144.68
567.38513 1205.32
569.32721 9478.58
570.32855 2788.39
573.25049 1628.23
576.30164 2170.11
583.34412 2225.46
597.36047 2278.9
598.36731 965.035
605.31348 7969.28
606.32147 1895.82
607.27759 1011.49
610.78998 3535.86
611.29095 2677.08
611.79468 797.627
654.42694 926.754
664.40472 1125.47
674.31201 2810.29
675.31488 1031.42
682.41412 5586.15
683.41473 2284.83
689.38916 1418.86
695.32373 2466.83
695.82953 1792.6
696.42651 3010.21
697.42975 812.739
698.37073 3236.12
699.36639 841.198
702.28766 909.537
703.84344 7743.26
704.34479 6321.86
704.84326 2581.43
705.35406 853.422
715.36169 1725.74
716.34521 4652.2
717.34344 1074.84
722.28833 1081.41
723.37457 2249.92
724.37378 1321.5
733.37061 10583.2
734.37360 3380.42
777.37299 3548.65
777.87750 3572.27
778.37939 1672.39
783.45825 1075.88
793.44659 1337.03
794.44104 840.699
797.43744 2832.09
798.43610 825.573
802.36914 1665.06
811.45404 9197.26
812.46143 3250.66
830.38513 1352.47
831.37897 1776.8
835.38434 1099.12
836.46826 874.549
848.39862 26203.5
849.40112 11405
850.41101 1872.37
859.48889 1290.55
875.51233 2659.52
876.48773 2931.76
877.45038 1602.6
892.50909 924.528
910.52289 7815.13
911.52496 3932.14
929.45679 979.69
947.46558 21651.5
948.46820 9453.9
949.47656 2667.55
960.50610 1380.39
964.43091 964.062
974.52661 1293.77
1018.44116 2943.67
1019.43707 1663.69
1055.55957 916.174
1073.58691 3117.3
1074.59497 1928.22
1107.56042 990.474
1110.52905 22024.5
1111.53027 11959.7
1112.53491 3552.06
1113.54407 1234.19
1131.53552 1286.6
1133.12659 895.411
1165.53406 842.388
1220.60046 1538.89
1221.55725 6397.86
1222.56042 3749.33
1223.55652 858.16
1238.58862 6808
1239.59119 4073.51
1240.60327 1009.26
1260.57251 1588.47
1309.62561 7712.58
1310.63220 5011.06
1311.62561 1352.17
1388.65796 1434.43
1389.65308 3228.11
1390.65442 2336.91
1406.68054 27500
1407.67981 22098
1408.68433 7845.2
1409.68250 1816.95
1553.74487 5202.81
1554.75403 4523.59
1555.73364 1447.6
1716.80920 2628.98
1717.81030 2994.42
1718.81836 1517.11
1816.87622 937.361
