1385.70354 2
110.07108 6861.84
111.07446 427.019
112.08664 973.116
113.07073 372.33
114.09108 312.624
115.08636 823.631
116.07041 590.62
120.08056 3309.66
121.08408 239.101
124.11205 612.047
127.08641 569.322
129.06567 313.174
129.10208 4585.08
130.04967 247.863
130.06491 583.135
130.08607 908.578
130.10489 370.752
131.08119 306.824
133.04282 412.47
136.06169 714.13
136.07564 2005.21
139.08606 294.2
141.06613 414.127
141.10213 1183.56
142.08632 484.364
143.11745 617.078
145.06067 334.59
147.11256 1361.5
152.07037 394.61
155.08142 534.074
155.11789 291.728
157.06105 302.265
157.10806 712.213
157.13356 268.175
158.09229 1538.83
159.07634 674.553
159.09120 633.47
166.06161 393.155
167.08189 747.838
169.06158 383.416
169.09706 2109.48
169.13339 11355
170.10175 257.75
170.13699 819.598
171.07655 250.603
171.11258 1024.24
172.07147 279.968
172.11603 643.907
173.12805 366.699
175.11876 11047.9
176.12270 615.614
177.10251 363.329
179.09235 277.549
181.09758 278.314
183.11240 533.989
183.14883 3558.36
185.09171 474.008
185.16464 747.187
186.08496 433.633
186.12347 9499.16
187.07141 741.481
187.10684 350.731
187.12758 581.766
195.07820 619.927
197.12845 1500.76
198.08684 695.097
199.10724 455.717
199.18010 447.502
201.06898 586.679
201.12337 1398.3
207.08719 464.218
207.12379 448.674
209.09143 599.343
210.02557 440.59
211.14391 1471.63
212.10205 317.941
212.13727 439.593
213.08687 640.939
213.15952 635.383
214.11845 4396.91
215.13626 551.302
216.09796 381.283
217.08142 654.484
217.13652 14766.7
218.09599 370.282
218.13960 1295.94
219.13184 362.93
223.15666 310.334
224.10428 239.887
225.09828 656.392
226.08099 284.871
226.11829 1206.64
226.15425 457.928
227.06781 245.361
227.10229 1018.39
227.17551 363.137
228.10666 470.558
228.13388 246.804
229.06364 487.491
229.11806 904.41
231.09818 319.82
234.14301 249.11
235.11975 1133.45
237.13718 248.344
240.13353 425.685
241.08078 269.196
243.13232 468.98
244.12915 653.379
244.16510 911.649
245.07564 1105.98
245.13148 10295.4
246.09038 8304.53
246.13638 1023.32
247.09244 529.722
247.12589 371.395
251.15088 583.464
252.09396 393.7
254.14638 357.811
254.18498 264.9
255.14636 704.941
256.12781 371.986
258.14355 509.627
259.09161 290.997
266.14026 297.46
268.16592 325.06
269.12369 1317.21
270.10791 401.913
270.17917 287.431
271.12814 479.535
271.18454 259.402
272.17349 811.562
273.11798 251.064
274.08737 316.173
282.18057 928.185
284.12289 1546.18
285.19980 435.678
286.15234 872.985
287.13416 1398.79
288.13431 245.35
294.17935 334.708
296.19662 394.694
298.17627 244.827
299.17535 311.474
300.13562 1005.39
304.16113 28771.2
305.16342 3056.78
306.16266 264.882
308.15851 281.048
310.17075 280.513
314.15366 395.976
317.16431 674.219
325.18457 255.163
326.17047 3836.04
327.20157 1551.1
328.13162 485.838
328.20593 268.683
331.17908 336.136
337.18576 267.544
341.13843 313.585
345.15845 3793.76
346.16104 515.795
359.17429 12901.2
360.17816 2190.85
365.18521 335.08
367.20108 322.578
369.20935 439.521
373.14511 289.831
384.15146 687.979
384.22366 403.676
397.20734 771.613
402.16095 2027.79
402.24643 476.487
403.16113 281.983
409.21765 267.834
413.22226 1843.2
414.22705 367.96
419.18875 1839.14
420.19016 263.139
427.21994 340.829
430.24728 1975.37
431.25150 615.583
437.20340 483.255
452.24524 777.613
452.74475 369.208
455.21362 1784.95
456.20905 408.348
458.24304 1569.3
459.24551 317.304
472.23965 517.82
494.22974 303.943
497.23776 318.042
515.24347 302.212
526.30615 405.263
532.27313 407.091
537.29980 276.368
551.28558 373.081
569.29169 1294.35
570.29608 453.399
571.34192 501.752
594.28754 398.801
595.27002 413.128
611.31268 718.707
612.29651 4477.27
613.29926 1423.93
614.30402 366.073
625.31641 301.099
629.32434 15868.5
630.32739 4572.96
631.33405 570.388
662.32281 564.828
670.38904 497.422
678.35858 328.25
694.39642 292.009
697.39966 2168.13
698.40503 818.84
740.35712 699.601
741.35510 379.941
756.41797 573.737
758.36761 1589.16
759.37518 451.865
766.41608 988.263
767.42480 464.365
784.43402 317.055
794.41821 413.079
797.37616 379.815
798.36267 1070.19
799.36023 337.444
800.40076 1212.23
801.40765 689.979
815.38745 17561.7
816.39081 6349.4
817.39301 1440.54
818.40131 269.981
880.52240 1176.13
903.47681 852.524
904.47211 446.502
911.44946 518.643
913.49121 470.197
914.48499 697.872
921.50220 351.189
928.47241 14564.8
929.47369 6683.91
930.47559 1386.07
931.47235 269.481
938.46381 494.01
1009.57477 422.149
1027.54199 3197.74
1028.54089 1472.78
1029.55444 483.862
1037.53552 451.424
1124.55579 771.403
1125.54956 399.355
1141.58105 3908.65
1142.58459 2540.33
1143.60120 654.182
1272.62439 699.03
