1949.90359 4
110.07119 1682.4
113.07087 1117.4
115.08688 328.966
120.08070 9432.23
121.08395 711.276
129.10214 2590.92
130.08621 1214.4
131.08145 3046.97
136.06184 670.189
136.07570 1216.21
141.06558 464.091
147.11281 2472.91
157.10867 543.897
159.07637 3120.07
159.09140 568.576
167.08134 454.334
171.14955 319.163
173.12837 3031.16
175.11897 1435.22
183.11194 280.559
183.14908 2620.82
191.11781 3066.8
192.12216 265.023
197.12859 657.37
198.12292 363.41
201.12312 1431.18
204.13416 321.364
207.14096 488.064
210.02559 377.17
211.14413 2264.91
215.13972 409.166
217.08252 443.66
219.11270 2746.78
221.12491 554.361
221.14236 360.155
225.12335 328.879
226.11819 927.491
227.08209 426.906
229.11856 340.948
230.14223 496.229
231.11232 344.762
233.16470 1211.73
242.15002 1085.02
244.16554 286.345
249.12233 416.258
251.15018 372.62
254.14871 587.252
255.14546 1093.67
255.64841 3264.09
256.14935 898.025
260.14047 492.203
261.15781 503.32
262.13870 525.67
270.12540 547.723
272.17191 3259.67
273.17435 310.029
274.16183 280.784
282.67221 485.025
288.13419 3156.78
288.17819 495.784
289.13757 429.094
291.18466 695.908
295.14008 1208.37
304.63654 811.58
305.18292 1630.54
305.68365 491.155
306.14429 1719.46
310.17697 692.062
320.85391 354.776
323.66852 463.056
327.64368 364.658
330.16840 1135.77
336.66196 760.381
339.20187 394.861
340.19855 364.437
340.69006 2077.03
341.19269 563.024
349.20316 7519.43
349.70453 2656.19
350.20578 524.566
353.19257 1445.83
353.51108 633.176
353.52493 590.364
353.84299 703.548
357.69250 1631.71
358.19446 1353.06
359.19672 606.012
362.84470 1325.85
363.17813 643.338
369.70471 1152.51
370.20557 543.795
371.22772 410.878
375.19794 328.43
376.21198 839.161
376.54761 642.37
377.18143 318.569
383.14191 580.964
383.21259 307.519
383.71359 2369.21
384.21512 877.896
385.25589 1310.47
385.54230 429.17
385.85181 4311.54
386.18564 1893.02
386.26071 339.305
386.52142 754.131
390.22482 917.185
390.72290 426.639
391.22031 980.454
391.55341 399.862
391.88092 462.584
401.18298 387.387
404.69254 351.55
405.74713 388.1
408.87186 1420.71
409.20810 1166.02
409.53586 298.384
418.20560 924.916
418.50665 1409.36
418.55359 310.235
418.68939 2008.63
418.84161 807.926
418.90091 827.533
419.19656 767.245
422.17026 2258.86
423.22330 446.903
423.87875 2127.82
424.20776 791.428
424.54584 499.634
424.73157 317.339
425.23849 354.591
426.24692 1131.07
426.74869 325.379
428.22906 1056.74
428.56161 516.133
428.90140 326.224
430.20230 822.195
430.49121 546.125
430.73569 856.136
431.23602 375.15
431.73727 21744.9
431.99762 301.618
432.23898 10968.2
432.74072 3446.77
433.24084 348.751
434.74258 4030.97
434.98956 7961.38
435.24002 7091.06
435.48950 1956.12
435.73904 1100.26
436.20578 675.378
439.24527 43308.5
439.34082 298.77
439.36584 432.725
439.49457 42214.9
439.67896 3041.69
439.74554 22173.4
439.99524 7603.17
440.17810 1093.48
440.25217 4644.75
440.49634 392.079
440.75912 688.974
441.21967 306.668
443.74689 6658.43
443.99692 6374.24
444.24820 2927.12
444.49838 1142.58
444.69797 3360.14
445.19815 1255.06
445.69794 302.789
451.23383 297.297
451.55853 1657.66
451.89133 1050.13
452.24091 990.467
452.74472 408.58
453.23425 517.101
453.48996 318.267
454.22528 355.37
454.98398 370.294
455.22449 731.901
455.58813 355.424
455.92212 368.327
456.20126 346.937
456.24945 479.862
456.53506 1157.55
456.87177 1152.54
459.23657 2466.13
459.48361 6399.82
459.73343 5547.44
459.98462 3185.64
460.23224 1038.89
460.88986 1880.98
461.22900 902.351
461.55362 465.375
463.73849 46284.9
463.82422 476.585
463.85944 377.903
463.88120 405.236
463.98880 46860.5
464.12466 334.203
464.23907 24632.9
464.48938 9477.81
464.73999 3258.91
464.98785 509.956
468.24506 1725.91
468.49185 1521.32
468.74518 1081.64
472.28738 9007.85
473.29184 1969.42
475.23343 1454.38
475.73553 1120.02
480.77765 1635.15
481.28040 470.307
482.89288 2618.47
483.22751 2115.1
483.55576 380.687
483.89560 1104.03
483.97855 1433.49
484.22650 2047.48
484.47742 450.629
484.55365 536.101
487.25693 538.754
487.30630 369.267
487.37836 333.677
488.27972 10900.5
488.48331 4053.93
488.73279 2633.08
488.78961 3414.4
488.97839 995.764
489.19250 347.892
489.28705 3263.12
489.61292 782.315
489.77875 5173.45
489.90063 580.934
490.28024 543.952
493.54849 503.417
494.77426 1720.03
495.27695 890.405
501.23834 3346.77
501.74045 1632.85
502.23468 411.352
508.78424 1167.22
509.28433 553.082
513.31024 427.559
516.30444 610.381
516.55438 593.272
516.80786 433.036
516.88593 299.06
520.77631 465.156
522.26044 306.224
523.25336 320.835
524.27191 667.953
529.28613 6350.42
529.78638 3149.78
530.28253 1125.3
533.77393 431.61
534.27484 476.095
535.74872 1663.88
536.25250 911.038
538.29120 1195.08
538.79059 621.76
541.78479 799.666
543.76239 1308.31
544.26947 891.509
544.75513 11896.8
545.25684 5945.51
545.75537 1405.35
549.75146 303.847
553.29840 622.337
559.22888 3613.81
560.23126 773.539
564.30151 818.723
564.79718 374.224
565.30444 305.591
565.64087 493.441
565.97455 989.677
567.31476 491.541
569.31604 329.721
571.26941 2179.29
571.76929 939.214
572.26270 523.911
573.30969 1031.58
573.80597 638.87
574.30963 388.872
578.27374 6313.48
578.77472 3511.82
579.27588 1257.97
579.78510 337.654
580.27374 10470.2
580.77417 5001.17
581.27246 1741.42
583.31531 1616.6
585.37299 1010.29
587.28162 362.545
590.31677 368.333
592.30579 363.67
598.30121 486.023
598.63135 450.255
600.34686 3501.12
601.35468 925.079
602.36304 366.069
622.36877 310.62
622.84174 1720.87
623.34161 901.756
623.84003 387.275
630.28339 303.624
633.30719 355.709
634.32245 729.644
635.30548 520.765
636.34912 633.379
644.79858 623.431
645.30078 434.803
646.33960 886.461
647.34711 453.034
647.83185 412.707
652.32947 3172.11
653.33447 1224.57
653.80780 4927.42
654.30908 3054.22
654.81036 925.624
657.35565 336.453
659.33539 3293.04
660.34039 675.051
666.39453 364.615
667.27545 714.938
672.31342 2621.34
673.31427 524.971
676.34473 432.181
682.39001 443.276
697.39978 4857.33
698.40424 1763.71
699.40680 407.126
714.37659 1332.61
715.37695 1555.13
716.37280 853.17
717.37653 341.679
721.43475 435.832
725.34381 361.075
725.84296 448.602
731.40436 456.335
734.34540 534.913
735.40985 1830.37
736.41144 885.195
738.38123 339.577
742.27789 360.272
748.39630 339.849
759.42548 628.98
765.41498 7033.3
766.41693 3954.12
767.41809 1188.18
780.36139 619.623
792.40466 741.588
793.41388 416.077
801.35413 2372.7
802.35693 753.245
819.39404 329.513
829.45032 349.115
836.36426 308.324
846.45203 505.378
862.46759 7499.93
863.46887 4359.76
864.47125 1115.26
870.37817 494.4
877.41315 427.797
888.38660 9690.76
889.39001 3873
890.38257 1309.73
891.38501 353.952
935.49353 765.308
949.45868 609.526
950.45068 304.806
1001.47058 1630.7
1002.47870 711.485
1088.50427 3245.99
1089.50781 1328.48
1159.53284 619.662
