1539.68167 3
110.07133 1099.89
112.08694 480.946
115.08594 299.641
116.07102 369.393
120.04753 260.287
127.05029 1659.43
127.08707 245.208
129.06590 7113.78
129.10225 5541.11
130.04993 390.781
130.06908 294.781
130.08630 848.544
130.10551 372.476
136.06195 764.513
136.07565 644.012
141.10236 317.18
145.06090 1197.4
147.11296 1817.8
148.04266 287.85
148.06044 1104.84
155.08237 249.604
157.10742 395.561
158.09210 233.526
161.09169 547.907
166.05319 438.631
167.08194 289.966
169.13358 667.221
171.07634 1481.22
172.10808 1126.7
173.05560 1481
175.11902 1510.04
181.06093 519.828
182.04475 2916.99
183.04901 321.462
183.11275 1239.74
185.09245 317.691
187.10899 254.423
189.08728 457.369
197.12764 393.547
199.07144 2144.1
201.12338 2620.59
211.10664 289.546
213.08720 363.286
215.13905 1140.26
217.08165 628.918
218.14977 386.325
221.05896 259.321
226.08311 274.474
226.11897 311.48
226.15527 1920.19
229.11852 1314.69
233.13181 1803.86
235.09389 666.547
238.08205 549.713
240.13298 509.263
243.13434 1169.32
244.09303 7215.87
244.16544 8700.34
245.09445 635.008
245.16928 1033.66
246.04317 1073.27
249.16238 355.032
252.07693 263.193
255.64771 277.493
256.09271 1850.31
258.14151 342.604
261.12656 969.169
263.06952 4752.46
264.07214 527.878
272.17139 801.654
275.20770 636.06
276.15411 350.445
296.08762 362.402
298.13925 405.835
299.13599 772.185
300.11676 311.929
300.19128 278.453
300.68140 238.778
302.07971 858.96
304.20532 891.53
304.69888 423.617
309.12051 272.124
309.64203 243.942
312.15518 772.774
313.21109 10726.4
313.71201 4007.69
314.09772 449.576
314.21414 536.262
320.09091 5943.85
321.09396 918.949
323.17087 564.157
325.20975 331.46
327.13086 506.229
331.69519 353.547
338.71677 295.691
339.20862 766.977
339.71021 269.055
341.18521 612.377
347.72165 5010.32
348.08740 442.582
348.22290 1709.77
348.72351 380.543
351.16708 293.945
356.72540 292.606
358.16537 507.182
364.24585 574.92
367.57947 464.205
369.17783 663.306
369.70352 260.804
374.52643 276.144
376.15375 1066.29
377.15625 316.039
378.88043 1603.9
379.21533 1477.76
379.54944 461.886
382.25534 989.488
387.16043 481.657
387.19629 499.4
387.52518 395.947
390.17218 780.501
391.12888 1757.21
393.53049 397.384
393.86765 267.403
394.20874 304.152
394.53680 431.069
396.22913 689.319
396.70792 1583.72
397.21301 819.807
400.26682 3849.01
400.54831 263.972
401.26926 660.259
405.23523 7270.5
405.54422 1471.77
405.73758 2690.55
405.87817 603.928
406.24200 619.862
407.18307 384.255
407.51883 264.703
409.88977 309.665
411.21997 1385.23
411.54004 2936.62
411.87448 1756.09
412.21457 849.521
417.22275 4320.02
417.55737 2986.65
417.89093 1082.7
424.55411 639.457
426.18979 442.884
427.18002 576.432
428.23361 261.423
430.22672 3636.21
430.56024 2751.79
430.89496 1383.01
431.22589 357.763
432.87234 1198.68
433.17087 618.738
433.20874 620.898
436.23022 5044.5
436.56387 2939.49
436.70346 327.873
436.89774 1503.42
437.57556 357.009
437.91104 340.409
438.20352 940.471
438.53827 803.074
438.88379 361.342
440.21210 695.457
441.19785 495.244
442.24280 998.806
442.54251 497.341
442.74191 3003.18
442.87869 332.829
443.24472 1518.8
443.57794 1804.57
443.87598 1266.43
444.20923 853.302
444.24597 614.64
444.53842 364.759
446.19748 342.034
447.90448 317.37
448.23260 399.114
449.25430 497.764
449.58102 381.175
449.87976 3235.35
450.21542 2504.59
450.53912 802.018
450.58969 646.128
450.91595 700.892
451.74564 579.256
452.24350 615.817
452.74347 263.665
453.90579 1973.02
454.23199 1955.11
454.56754 574.989
454.72498 616.517
455.74982 518.353
456.25204 375.608
456.87930 364.567
457.20807 522.361
457.56226 635.251
457.89566 340.479
459.18784 274.771
459.53116 318.479
459.90900 4078.81
460.24310 3310.43
460.57730 985.261
460.75101 6443.95
460.91299 281.832
461.25229 3857.23
461.75284 940.262
462.25186 1314.09
462.75204 548.215
462.88574 3010.22
463.21899 2234
463.55209 1245.5
464.28973 346.148
464.75330 1085.36
465.21664 382.641
465.26501 347.662
466.23639 1290.82
468.88898 3591.08
469.22232 2483.98
469.55838 1111.26
469.75586 7298.81
469.89270 283.197
470.25888 3618.86
470.76038 1041.98
471.21393 643.512
471.54749 456.638
471.87659 283.713
474.74881 541.161
475.24664 528.256
475.57080 399.058
475.90350 370.01
476.21271 794.122
480.56116 392.355
480.77924 342.911
480.89374 460.838
481.24164 902.604
481.57489 700.786
481.89511 397.74
481.94925 353.934
482.23114 396.898
482.58011 852.845
482.91519 878.114
483.23438 459.407
483.57025 299.216
483.75519 850.799
484.26157 514.395
486.56445 852.201
486.89951 672.667
487.21487 285.619
487.27356 517.807
490.22101 349.377
491.80588 293.488
492.56848 1746.58
492.90173 1166.88
493.23572 793.088
495.59537 313.758
497.32080 956.606
498.21848 1047
500.73285 471.092
501.22351 348.736
502.23865 386.038
503.76953 346.697
503.92770 322.52
504.26508 430.927
504.74420 295.175
505.19254 813.213
505.23846 601.625
508.29037 598.102
508.78839 363.242
509.27542 376.29
509.60364 2206.45
509.73929 5610.08
509.94006 1099.43
510.24051 2906.09
510.74066 851.381
511.23825 1051.9
511.73969 586.93
513.25928 2485.66
513.75403 6796.86
513.89844 311.206
514.25531 3015.54
514.60779 501.296
514.75720 1882.54
514.94098 366.89
515.14746 727.04
515.27966 10721.6
515.61304 4674.09
515.75354 428.551
515.95087 522.529
516.22540 286.423
516.27911 265.236
517.29358 1212.54
517.79132 1236.2
518.28931 429.947
518.74365 2757.02
519.24506 1538.14
519.74915 664.053
523.72955 308.532
526.29852 15457.2
526.79932 9726.19
527.30096 3174.55
527.80029 344.255
528.36072 1987.14
529.36304 567.713
531.29126 1742.21
531.79230 990.141
534.23663 394.72
535.29865 740.203
535.76086 336.206
536.24261 542.033
538.34839 404.619
540.30127 623.684
545.28925 776.942
545.79694 398.642
555.24976 282.394
556.28369 266.434
557.26862 369.738
557.78021 335.455
558.29840 427.774
558.81116 693.124
559.30603 1753.21
559.80499 1056
561.28186 624.173
561.78156 385.787
562.21161 512.293
566.27930 553.953
566.77545 721.319
567.81738 5922.59
568.31921 3410.98
568.81787 1138.41
569.26630 448.731
572.24188 284.54
572.81146 272.259
574.22113 320.911
574.83978 401.603
575.28662 11977.2
575.78809 6809.42
576.28864 1822.3
576.78845 441.136
580.27954 726.29
580.78546 752.94
581.29913 279.036
581.81512 320.684
582.29999 393.546
584.75806 352.682
589.79541 1222.32
590.30035 418.753
590.81165 1002.31
591.31146 961.753
591.80878 407.338
593.28430 377.582
593.78436 481.179
595.22369 439.816
598.79358 306.438
599.81708 8699.64
600.31683 5370.65
600.81860 2050
601.31787 518.126
601.81403 271.296
607.39880 513.443
607.80707 752.196
608.29303 1031.04
608.38672 284.158
608.80444 576.924
612.25397 1023.25
613.24286 801.382
614.32465 425.052
614.82959 293.101
616.32507 1436.55
616.80890 3521.02
617.31250 2001.77
617.80957 788.877
621.79126 1160.79
622.29028 745.15
625.40326 8066.3
625.83093 4317.63
626.40930 2764.13
626.83466 514.459
627.41949 387.699
634.33423 359.29
635.28931 957.587
635.83264 343.804
636.29962 355.662
639.80469 926.681
640.29974 457.159
642.34564 544.646
644.83618 3874.74
645.33649 2804.56
645.83575 918.121
646.33740 534.603
647.33301 300.047
648.32391 1153.98
648.80670 4091
649.30927 2775.91
649.80896 1266.95
650.31091 333.622
653.84167 13287.1
654.34235 9565.1
654.84314 4374.56
655.34308 994.518
657.32910 5958.33
657.83008 4343.14
658.33105 2076.23
658.83264 1459.93
659.32825 524.575
662.31116 289.667
662.84692 708.035
663.34766 554.055
665.29230 936.786
665.81104 313.43
666.33228 341.796
667.84229 547.582
670.77887 308.992
674.31665 1863.19
674.81860 1195.55
675.32227 399.01
676.83441 2911.87
677.33514 2851.56
677.83368 1042.72
678.33661 662.397
681.36859 670.536
682.24280 305.782
684.28052 296.399
685.83966 14638.8
686.34161 10877
686.84119 4785.51
687.34338 1644.13
687.84070 408.16
690.83142 443.032
691.33759 410.696
693.33893 366.223
693.82123 1095.04
694.43512 3433.68
694.84436 779.993
695.43091 1100.83
697.80859 386.704
702.82666 3830.34
703.32813 2924.93
703.83105 1230.25
704.32629 326.585
706.31805 1877.36
706.81805 1150.04
707.32349 642.546
707.81891 474.784
711.32526 1184.35
712.44348 450.837
725.82355 961.546
726.32324 663.919
734.82874 3703.47
735.32983 2454.49
735.83020 1545.6
736.33313 708.405
742.88757 301.335
753.30554 743.407
754.30493 365.557
757.30133 498.609
774.40601 573.932
775.31500 455.527
780.33984 348.527
790.43066 304.797
791.45569 594.446
792.41437 2263.94
793.32129 622.653
793.44214 636.404
794.34253 388.184
798.35144 3519.73
799.35730 1435.11
808.42706 421.882
809.46198 7494.55
810.47052 2875.73
811.48120 650.689
840.36469 1422.03
841.37006 430.037
862.36157 345.858
888.39355 840.21
889.41083 552.729
907.43799 1686.81
908.44360 564.444
909.37494 406.439
920.49341 1287.64
921.49506 759.793
922.48358 281.641
923.49658 416.625
927.39648 2016.09
928.39569 1035.46
938.50525 6337.95
939.50732 3345.32
940.51392 1141.9
966.50812 399.137
971.43518 434.925
1018.47058 530.878
1019.46948 406.643
1033.57080 353.963
1034.57727 389.837
1035.42578 351.819
1036.47510 955.039
1037.48169 549.026
1051.58936 2463.53
1052.59888 1077.74
1053.58838 294.427
1063.51404 365.97
1086.46228 342.148
1109.48303 276.8
1127.50256 362.703
1143.48816 489.529
1144.47241 283.072
1149.56958 783.943
1207.48145 680.164
1208.48340 333.502
