1990.09348 3
113.07040 192.222
120.08032 1611.38
129.10187 767.119
130.08617 291.233
133.04256 683.685
133.08542 369.488
136.07541 1139.07
147.11240 1036.17
157.09662 199.748
157.13301 264.313
161.07442 234.339
171.14836 314.618
173.12756 318.766
175.11925 368.726
183.11230 340.489
185.12833 282.926
187.14354 794.791
189.06863 390.799
197.12807 1056.82
201.12294 657.689
204.07974 386.913
212.10219 252.411
214.11923 202.835
215.13832 949.868
219.14952 342.806
228.13399 487.958
232.07474 640.953
240.13249 185.947
247.14482 287.907
254.14803 194.873
256.16525 255.662
257.15967 324.872
260.10464 184.051
272.15881 205.632
274.10269 349.777
276.13220 191.322
278.15244 1212.25
285.15497 722.198
286.13669 199.836
296.19589 1959.74
297.19913 292.33
303.11072 332.054
314.20694 1084.87
339.20148 532.226
345.15930 297.852
349.21613 272.238
353.21671 320.359
356.22940 361.155
357.20996 323.152
367.23471 261.054
384.22296 706.059
385.25162 284.592
391.23599 1273.7
392.23749 255.419
414.17911 425.927
416.19489 245.874
432.19125 192.419
438.26978 685.484
452.28613 598.596
456.28284 238.926
459.25238 233.741
467.25952 227.787
470.29333 335.932
470.38275 952.316
480.27493 203.365
483.29126 351.14
495.29324 264.615
504.32306 493.846
527.26520 431
551.35480 352.409
566.32892 535.282
569.36676 257.609
580.34326 427.69
582.36438 223.777
584.33881 243.005
591.35144 2402.28
592.35632 665.672
608.37653 382.065
616.31848 265.42
626.38611 495.249
646.37671 288.662
662.88287 212.444
663.27356 857.618
663.43036 4595.55
664.25677 283.13
664.43903 1857.75
664.94952 495.418
665.05273 220.14
665.16748 248.425
665.25293 240.278
665.44464 17126.1
665.88806 237.374
673.27429 229.07
679.41388 717.779
680.42303 297.869
697.42139 976.549
698.42761 364.94
704.43646 1861.54
705.43689 576.201
717.41418 371.63
736.43561 220.239
741.40851 211.036
775.47253 1962.06
776.47467 843.28
777.47443 233.857
796.49750 248.644
835.50714 498.12
853.51208 829.672
854.52710 342.148
864.47705 626.52
935.50220 2120.48
936.50671 1187.54
937.50562 404.062
992.53949 255.793
1006.53973 1774.43
1007.54138 1039.16
1008.53668 380.622
1082.51697 277.235
1137.57239 228.162
1194.60022 1536.18
1195.59497 845.852
1196.59973 443.015
1293.65552 267.756
