1921.96648 2
112.08653 5799.23
115.05007 5888.75
116.07010 4479.52
120.08068 22120.8
129.06584 24440.8
130.09785 3060.22
133.06070 115086
134.06392 4284.13
141.06570 4101.4
157.06024 3929.54
158.09233 19021.7
169.06081 18720.5
175.11893 95852.8
176.12300 5226.53
181.06064 8798.48
183.11342 4315.72
184.07108 8503.83
185.05632 4262.05
185.16472 2775.99
186.08727 39442.3
187.07126 5444.51
187.10751 12736
190.09782 10104.2
195.07751 3663.28
198.08739 4355.13
199.07085 8590.99
199.18033 8975.01
200.13916 14911.3
201.12376 3696.26
202.08249 5727.53
204.09764 9886.43
209.05557 19984.1
210.03943 9646.94
212.10193 3396.76
213.15987 10623.6
215.10262 20569.2
216.09732 18922.9
223.07269 3030.68
226.08221 30913
227.06638 62793.2
227.17538 20401.7
228.07016 5005.12
228.13385 13989.3
229.11771 11275.7
230.07697 27207
233.16470 31353
234.16739 3998.79
240.09775 5832.25
241.08194 22930.7
243.13507 3335.3
244.09262 178268
245.09587 17969.2
252.09802 3019.55
258.10818 12240.7
261.15939 38607.8
262.16418 4062.41
268.09262 6363.21
269.12424 3633.02
270.10852 3053.16
280.09283 7589.54
280.12894 6165.61
283.10611 3486.61
284.08746 30890
287.15289 3033.23
292.09406 3045.23
296.08728 19129
297.11920 62593.5
298.10199 11955.3
298.14200 11431.3
301.11426 38841.6
302.11691 4591.22
305.16061 51352.1
306.16553 8297.77
308.08746 5122.72
310.10345 11272.8
312.15335 5550.29
313.15494 5235.83
315.12994 23390.6
315.16434 8012
321.07178 4178.9
322.18729 43722.5
323.13501 9383.1
323.19025 5012.26
325.11551 4788.45
325.14941 7303.1
326.13370 7202.45
326.24271 8116.94
328.11279 7757.9
328.18680 29487.3
329.21729 6998.33
330.13092 2807.42
337.15140 3865.12
338.09805 19007.1
343.16074 57571.5
344.13538 3055.26
344.16888 5281.24
349.11377 8744.45
353.10941 10455
355.12875 12293.3
356.10806 31015.1
357.11035 2878.91
365.14780 3025.72
366.14108 8750.35
371.15561 3686.56
372.18680 9668.4
373.13531 51859.7
374.13776 7798.34
374.24347 21549.1
375.20557 6696.14
376.18582 18072.8
377.10959 3674.92
377.19052 3304.89
383.15628 5745.9
384.15149 5959.72
394.13678 6478.31
395.11920 32882.1
396.12650 3783.47
400.18314 9262.78
408.15286 5261.57
411.22379 7708.06
412.14615 65067.8
413.12503 19929.1
414.20123 4956.09
418.24445 8444.16
425.17792 5420.02
426.15747 5009.56
427.17874 3586.94
428.25470 9041.75
429.17007 3427.62
430.15637 51574.6
431.16016 7383.69
435.27145 23933.2
436.27640 4681.47
438.23764 4096.5
439.21835 10498.7
440.21112 3479.19
441.27005 13782.3
445.20999 12987.8
446.20932 3256.54
447.18170 9586.53
448.18192 6773.51
456.24496 15427.2
457.25446 3079.07
458.18814 3259.05
460.14294 4080.85
462.23523 5412.9
465.20657 2935.44
466.19009 8499.92
468.24600 7014.55
472.21280 3306.3
473.20227 9670.93
473.31396 4206.77
478.15860 3154.11
483.22159 8565.06
484.20096 10085.9
489.27197 12095
490.22867 29031.1
491.23322 7244.57
494.18475 4486.07
495.18622 4066.73
498.22458 3365.95
501.23132 7943.8
505.16663 4952.25
506.15033 9519.45
511.21472 13235.3
513.26532 4435.48
515.25897 5242.07
523.17773 20065.4
524.16168 6286.17
524.29980 3242.13
529.22455 6751.58
532.28772 34207.1
533.29077 10421.7
540.20593 11560
541.18811 24276.7
542.19025 6021.21
543.24487 3839.39
549.31409 283847
550.31628 78235.8
551.32031 12149.4
552.30328 5362.62
558.28778 14305.5
559.22455 3853.43
559.29266 5734.87
575.31860 13949.1
576.31744 3315.38
586.28717 16343.9
587.28809 5075.52
588.34113 6674.52
602.35669 5815.75
603.16583 4425.92
603.31378 28407.2
604.31268 10412.7
620.19287 10290.8
621.18335 9415.08
624.29651 3610.8
630.29108 4266.08
638.20581 20927.8
639.20618 8164.54
647.31476 16857.3
648.32208 3863.03
655.23102 11562.7
656.21967 10377.8
657.21472 3157.28
664.34100 73556.1
665.34460 19294.8
666.34741 3069.45
671.37988 7181.94
673.24121 11302.3
674.24878 6758.61
688.40717 4567.05
692.25098 3325.07
699.37103 9313.01
700.37573 4157.44
701.42798 4171.36
716.39850 11706.9
717.40259 6111.89
737.26862 4047.33
741.30817 4189.38
754.29315 6736.84
755.29456 4295.5
760.39728 4375.5
772.30322 3489.92
777.42523 74527.1
778.42780 32024.5
779.43536 7020.92
829.48181 3853.52
867.38489 3134.4
907.47046 8840.95
908.47076 4405.7
924.49347 158049
925.49524 84347.2
926.49597 23712.8
1020.55548 6053.38
1021.56097 4504.13
1037.57703 133577
1038.57947 81761.9
1039.58289 24078.3
1133.64600 5409.69
1150.66101 145991
1151.66357 100615
1152.66736 31327.8
1153.66553 5245.12
1249.73047 64751.4
1250.73352 46506.1
1251.73901 17243.7
1347.73083 5273.78
1348.73718 4381.12
1364.75879 61637.1
1365.75952 46308.3
1366.76416 18466.7
1475.80432 6098.53
1476.78467 5670.44
1492.81714 9004.95
1493.81653 7012.5
1494.81787 3253.64
1532.83264 5473.89
1549.83618 30383.1
1550.83728 27038.2
1551.84351 11285
1678.87866 9330.55
1679.88794 8090.75
1680.87317 3278.18
