2289.08255 3
110.07118 1138.35
115.08569 842.864
129.10202 8123.94
130.08601 1769.4
136.06155 1023.87
136.07556 1469.49
147.11258 4019.33
173.12801 40755
174.13179 3404.94
175.11845 2071.81
183.14859 2233.46
199.07089 1777.22
199.10727 8757.62
201.12291 13386.7
202.12746 888.669
209.09221 1113.41
211.14418 2446.99
219.07889 2106.19
226.15454 11508.4
227.10216 18624.1
227.15961 1265.22
228.10609 1531.83
241.08105 857.098
242.11325 2623.93
244.16496 31489.8
245.16876 3208.69
259.09128 1688.12
270.10788 2396.65
278.17758 2199.63
280.16412 1032.17
294.18112 2228.04
296.12445 1287.47
298.17514 1814.41
301.18631 2007.15
312.19107 6640.74
313.19199 1440.16
327.20160 1006.35
328.14993 1057.43
330.13040 965.405
338.13419 1229.2
345.21234 14254.4
346.21518 2209.4
355.19501 2241.44
356.14444 14733
357.14740 2806.18
369.18253 1174
381.21225 1545.35
399.22153 2847.14
400.22034 906.655
409.17130 1464.89
412.71017 10428.7
413.21204 3701.95
413.71368 1628.93
425.16837 895.731
426.70767 6366.5
427.17609 6261.3
427.21899 2445.77
428.18265 1287.2
452.25046 1571.59
459.78482 2595.1
460.28683 1560.52
466.22925 1074.06
470.26202 1450.71
472.28961 1539.78
474.23074 1472.78
475.23288 5685.52
475.73596 2205.37
480.20682 888.133
484.24051 4572.55
485.23956 1032
486.25378 1245.44
496.19965 1551.05
498.21799 3418.28
512.76807 4445.79
513.26703 1816.11
514.25232 897.403
523.28546 1583.26
525.75824 2567.92
526.76434 7767.85
527.26776 4721.5
527.76514 1146.11
530.74780 1585.94
539.75385 5847.37
540.25732 2709.02
540.75867 944.602
541.29895 1969.96
552.29327 1460.83
555.35291 21608.1
556.35535 5484.56
557.35272 1214.08
561.29419 7623.29
561.79523 5529.06
562.29956 1668.47
565.30316 925.633
567.23639 1520.01
570.29901 21264.3
570.80176 13341.6
571.30267 5096.7
575.29108 5544.93
575.79187 2299.65
576.29236 1011.35
583.30786 14368.2
584.31000 4892.43
585.24615 2728.73
588.26685 2290.69
590.27887 1270.41
595.27124 2157.21
595.77167 1211.63
604.27631 5398.83
604.77875 3564.53
605.27820 1072.31
607.24225 1057.46
609.34692 1384.17
624.37781 965.877
625.24249 2019.25
626.30029 943.988
627.25769 1024.89
630.79755 2089.34
631.29901 1742.62
639.80493 6105.48
640.30328 4366.19
640.80457 2083.48
642.38025 20854.1
642.76843 957.634
643.38293 6659.28
644.38751 1234.49
652.32782 2444.23
653.33264 1279.63
654.34467 11777.7
655.34705 3139.23
656.36206 1280.46
658.33850 1690.08
658.66748 1624.75
667.32690 1163.39
670.33484 1904.37
675.30823 1014.65
682.30353 1503.16
684.35559 5449.09
685.36591 1793.24
695.40753 1290.94
695.83167 1609.83
696.26624 1149.57
701.35889 2941.26
704.33203 3082.7
704.84131 2669.56
705.35327 1656.34
706.37213 1160.33
710.32288 1282.15
713.41809 26392.9
713.87494 1064.77
714.42444 9547.37
714.86670 1337.36
715.44128 1178.2
723.36462 4842.06
724.38220 1625.14
725.37378 1476.2
726.04108 997.071
730.84491 1380.63
731.04199 1548.05
731.37622 2018.16
731.70319 1513.12
732.04688 980.575
739.85205 1364.61
740.34766 1587.51
753.33746 1160.46
755.34222 983.713
763.32257 1684.15
764.02533 1372.66
764.34369 2358.53
766.44922 1262.74
783.42639 7059.19
784.45471 27489.9
785.45764 11385.9
786.46729 1763.6
790.44672 929.536
795.38562 1802.21
810.38507 1079.12
814.44696 1799.91
824.41290 11120.4
825.41974 3788.79
826.41327 951.431
834.39941 2276.87
835.39679 1780.39
852.40826 26972.2
853.41187 11902.2
854.44812 2157.83
865.40521 948.083
871.49615 1588.58
878.41925 1487.87
879.41431 1091.33
895.48383 4270.1
896.42450 2038.57
913.49634 26934.5
914.49915 12438.1
915.49567 6023.46
916.48944 1641.2
923.48816 1926
924.48877 1370.15
938.96411 1015.56
949.46558 1643.44
950.36816 1181.8
986.52295 1463.84
986.99512 2549.67
987.49957 2246.52
987.99725 1103.21
988.50122 1114.86
996.00195 6323.46
996.49994 6598.16
996.99872 3840.52
997.51410 1162.96
1006.51605 1216.88
1024.53174 5758.15
1025.53406 2922.42
1034.51282 2518.59
1035.51489 1420.92
1042.53845 12254.6
1043.54211 6781.23
1044.53552 2015.2
1050.51709 1255.3
1052.52380 23952.1
1053.52612 11485.5
1054.53186 3969.48
1078.50366 5305.83
1079.50964 2865.94
1103.56775 1094.9
1104.57764 1319.28
1121.58435 2238.87
1122.58850 1347.67
1139.59253 15513.4
1140.59351 10048.5
1141.60364 3439.4
1163.53430 1022.55
1207.54895 3010.06
1208.53662 1529.8
1211.60950 1351.94
1278.59082 3357.48
1279.59729 2954.31
1280.60376 968.983
1408.68396 1980.4
1409.69531 1863.29
1436.63110 953.376
