2968.29874 3
105.06554 4885.5
118.03206 647.964
129.10196 2975.68
130.08598 709.348
136.06155 2248.02
147.11243 1480.28
181.06041 4109.61
183.14882 3990.79
186.12369 889.066
188.10263 1065.45
198.08687 772.21
199.07097 3795.53
199.10710 1044.17
204.13403 5946.43
211.14375 1865.23
216.09755 30293.8
217.10141 2118.65
226.11751 416.193
227.10188 703.683
240.09639 429.217
240.13297 665.208
241.08153 1381.43
256.12686 594.735
258.10809 1288.4
264.06189 1381.55
274.13919 966.371
280.16513 458.944
287.17001 632.413
294.18076 800.533
297.15405 608.876
298.17560 1453.87
300.11789 465.105
305.18155 2926.22
310.10260 1068.6
312.04843 1198.3
315.16574 1006.37
317.14404 629.469
318.14746 2940.39
327.13022 934.433
328.11307 4167.36
329.11636 548.049
330.05899 2161.72
345.13995 13791.5
346.14255 1819.67
366.21274 1027.69
384.22302 3910.06
385.22699 661.437
398.11328 1876.69
402.23401 29817.1
403.23730 6229.98
404.23892 794.483
412.21985 597.702
425.16531 909.398
428.03589 611.709
428.21750 438.994
442.19296 1956.49
443.19012 448.438
445.16348 587.918
479.27087 1172.99
497.30545 518.948
515.31738 4035.67
516.32098 864.136
527.24072 3700.17
528.24628 1032.59
543.79327 407.472
555.27820 1817.52
556.31689 702.221
573.26471 479.079
586.35736 768.898
607.83881 4924.28
608.34082 2537.67
608.84485 879.614
638.27716 774.273
642.30713 696.804
643.37799 4146.73
644.37885 1660.51
655.29846 609.312
656.28314 525.721
665.35315 3981.94
665.85474 3261.72
666.35553 1015.85
685.34973 536.295
688.28253 615.506
713.85913 411.891
721.31653 431.433
722.86450 3136.98
723.36542 2345.27
723.86841 657.178
772.42383 1561.27
772.68927 1499.8
773.02399 1700.85
773.34882 1099.34
773.69141 424.333
780.37384 676.594
780.88617 616.018
783.40015 1200.04
785.33081 1056.33
785.83459 574.898
805.35077 787.566
805.68420 1014.93
806.02386 658.442
806.37769 1778.49
806.87720 991.848
807.38452 650.38
810.38971 470.667
810.71649 704.18
811.05640 467.044
811.42230 570.124
813.44324 1287.98
814.89032 2099.9
815.38959 2033.27
815.89624 475.726
829.44086 8610.64
830.44183 3806.77
831.05634 706.175
831.46368 614.831
836.73041 2261.51
837.06415 3939.73
837.39728 3164.94
837.73120 2473.42
838.06061 751.965
842.73566 15071.4
843.06897 21007
843.40222 12327.5
843.73553 8402.52
844.07056 2464.14
848.74341 625.118
849.38361 1400.49
849.87653 816.433
850.38000 454.413
863.88434 889.106
864.38135 1141.84
864.88300 501.147
869.39874 846.062
869.72119 1677.71
870.05682 1617.21
870.38782 915.02
871.37982 1199.57
872.40399 2868.31
872.90491 2231.79
873.40283 1125.12
873.74402 933.193
873.87067 440.027
874.07098 1622.79
874.41260 1245.95
874.73914 949.356
875.39502 5949.93
875.72699 8552.72
876.06256 5949.96
876.39429 3181.39
876.72607 1410.38
879.74640 5215.77
880.07977 7117.71
880.41296 5719.34
880.74597 2883.95
881.08258 847.493
881.41583 945.069
885.74847 2576.63
886.08228 3205.04
886.41699 3016.04
886.75092 1243.26
887.08173 602.614
898.43152 1774.41
899.42523 943.974
905.39185 550.361
906.73505 511.08
907.06805 512.756
912.40118 1673.46
912.73724 2870.47
913.07233 1843.94
913.40442 1388.21
913.73743 627.569
914.40845 496.117
915.46008 645.956
918.40356 634.325
918.74634 1817.46
919.07959 1088.2
919.42163 1079.56
919.75769 689.1
922.76215 1181.47
923.09674 1513.15
923.43073 1016.51
923.75281 502.16
924.76208 863.008
925.09454 1571.7
925.42993 1104.72
925.75842 599.532
928.46576 1025.05
933.76563 446.951
934.08984 1133.04
934.41992 709.468
934.75098 471.913
936.45239 1742.26
936.95245 1483.39
937.45038 752.835
939.76471 1807.47
940.09937 2243.7
940.42780 1686.89
940.76288 1389.69
941.09882 534.908
941.87726 462.608
942.42163 668.205
943.41888 521.551
945.44141 523.61
945.77411 1554.1
946.09882 1807.22
946.43622 1242.28
948.90100 479.742
949.40710 606.196
951.44238 2652.04
951.77472 4832.56
952.10553 5161.37
952.43927 3089.92
952.76990 1342.82
953.10754 658.189
957.42908 11172.5
957.58002 2962.97
957.77905 20398.6
958.11334 17578.4
958.43555 9120.06
958.60919 1184.76
958.78284 3594.64
959.07843 684.179
959.54846 659.13
964.11035 603.747
967.42572 590.92
972.42798 502.146
972.75800 468.259
973.09155 851.253
978.41931 570.159
978.77106 434.736
983.46082 472.116
984.09088 620.559
984.43219 1741.95
984.76447 1429.79
985.09814 1030.54
985.43292 859.971
990.10510 3245.95
990.44019 5286.12
990.77081 4677.96
991.10413 2488.61
991.45355 2195.84
991.97272 2911.46
992.47095 2813.24
992.97400 1593.32
993.46576 565.468
1000.47992 2616.77
1000.98163 2462.85
1001.48181 1657.8
1001.96338 567.99
1002.54138 589.15
1003.54303 1241.36
1006.43872 602.006
1006.93555 1415.94
1007.42450 727.319
1009.46356 595.061
1010.46039 581.876
1021.45374 845.835
1021.95215 822.453
1022.45575 505.579
1040.46338 575.081
1040.95874 1873.14
1041.45813 2234.89
1041.95959 1193.79
1043.50269 774.259
1045.47302 525.798
1048.98694 832.068
1049.48206 1864.56
1049.97498 1326.76
1050.46472 706.087
1053.97498 817.593
1054.47583 1036.96
1054.96973 1101.06
1057.47168 464.247
1057.99255 1997.81
1058.49353 1551.34
1058.99597 2091.03
1059.50146 588.489
1062.98242 4128.81
1063.48730 4550.25
1063.98914 2814.16
1064.48596 937.144
1068.56604 842.314
1070.93335 503.328
1071.98523 557.977
1082.47083 840.398
1083.48938 582.974
1086.58069 2773.21
1087.58960 1537.95
1088.58411 438.231
1097.97607 888.358
1098.47205 843.861
1098.97900 539.694
1100.50476 581.622
1101.51135 906.292
1103.48547 626.636
1106.00732 691.294
1106.49670 1136.53
1106.99744 1448.63
1107.49487 1020.98
1107.98901 489.742
1111.52356 504.36
1111.98071 1694.12
1112.47754 1731.82
1112.97949 1183.1
1115.01025 3649.35
1115.51172 3543.14
1116.01428 1811.7
1116.50964 816.146
1118.50098 722.764
1119.00293 1215.56
1119.51379 672.74
1120.01563 519.809
1127.51807 1046.72
1128.02136 992.895
1128.52856 908.141
1141.02771 674.039
1141.51892 758.494
1142.02502 759.625
1149.52527 1851.34
1150.01819 2834.38
1150.52197 2413.58
1151.01892 1165.12
1152.01050 457.762
1153.03381 553.67
1153.53003 574.165
1155.49817 560.314
1158.53223 9782.73
1159.03137 11231.8
1159.53113 6325.95
1160.03418 2899.49
1160.52527 1394.66
1162.03650 563.735
1162.53040 851.808
1163.03943 569.2
1164.00867 810.679
1164.50671 1107.95
1165.02087 742.091
1165.50159 601.627
1167.50256 866.812
1168.00903 734.682
1170.00293 512.525
1178.50952 627.428
1179.01978 867.504
1179.48767 546.503
1180.45886 476.125
1181.48071 480.325
1190.54407 974.421
1191.04175 1222.87
1191.54468 869.887
1197.50415 877.944
1198.50720 1120.39
1199.01965 998.69
1199.52710 1735.65
1200.04224 1034.13
1200.53735 1004.52
1201.03345 576.393
1206.06506 467.412
1206.57031 886.362
1207.05127 675.508
1207.52063 3086.31
1208.01917 3972.46
1208.52161 3143.36
1209.02588 1200.8
1209.52332 682.268
1211.53235 482.299
1212.53357 598.614
1214.68335 2401.68
1215.07422 2264.36
1215.54541 2276.69
1215.75073 767.172
1216.07849 1681.78
1216.55835 1105.7
1217.54541 599.683
1218.04419 635.956
1218.54199 623.898
1221.04810 1029.4
1221.56152 922.908
1222.05933 581.965
1224.56763 560.5
1226.04871 586.131
1226.55066 1698.26
1227.05164 1434.62
1227.54114 1284.26
1228.04248 474.209
1228.53210 624.794
1229.55798 502.855
1230.49634 499.215
1235.04919 3655.83
1235.55200 4318.56
1236.05737 3453.26
1236.55542 1209.87
1242.55774 1558.81
1243.54846 676.367
1244.54517 474.596
1245.56934 844.015
1246.08130 927.433
1246.58801 1318.27
1247.07178 539.471
1254.59509 3896.13
1255.09131 6471.01
1255.59167 6090.63
1256.09229 3927.35
1256.58716 1564.37
1263.59924 19981.5
1264.09912 26910.5
1264.60107 18341.6
1265.09961 8856.02
1265.59131 3328.89
1266.07715 814.072
1272.60583 519.946
1273.08350 589.566
1275.55200 580.354
1276.03198 532.065
1284.05432 1317.37
1284.54138 2052.71
1285.04639 943.347
1285.53723 611.153
1295.50671 509.945
1303.58752 1256.58
1304.07642 2176.06
1304.57910 1761.88
1305.07849 942.048
1310.10828 611.837
1310.61646 1055.23
1311.11292 1256.64
1311.59082 918.433
1312.58203 5185.09
1313.08740 7569.77
1313.58643 5241.96
1314.09216 2283.01
1314.56970 1064.38
1319.11951 3452.97
1319.61499 5164.07
1320.11536 3944.48
1320.61328 2112.08
1321.11902 813.613
1325.56335 501.222
1326.54443 482.915
1328.11853 3449.55
1328.62354 4951.29
1329.12231 3294.59
1329.63855 2256.37
1330.11353 843.349
1330.71252 947.054
1334.08887 741.817
1334.60876 606.914
1342.55786 772.427
1343.58215 589.703
1363.12268 560.619
1368.10718 818.417
1368.59204 1253.86
1369.10791 758.771
1369.63623 452.69
1372.11560 450.859
1377.10742 627.357
1377.61169 653.661
1410.49341 464.899
1444.73938 922.201
1541.62354 495.994
1569.65466 469.989
1611.73730 912.951
1612.75659 579.072
1628.77576 548.369
1639.63159 520.466
1656.65967 477.42
1657.66541 497.824
1726.73157 485.027
1727.75916 504.549
1743.79456 915.854
1744.80603 641.09
1754.63562 450.529
1914.83740 681.437
1915.79565 588.341
