2521.16013 3
110.07107 6879.1
120.08070 524.12
129.10211 7606.49
130.06496 4983
130.08611 4685.94
131.06847 647.828
132.08058 1458.29
136.06174 1334.7
136.07555 8074.37
137.07832 514.036
141.10196 1518.66
142.10648 486.547
147.11266 7707.99
148.11546 463.683
157.06058 7972.28
158.06418 477.164
159.09152 4284.69
160.09538 465.861
166.06073 1233.19
175.11868 2145.95
183.14897 3756.97
187.08615 1949.06
193.09695 2139.06
197.10309 538.906
200.13911 2675.18
201.12300 922.201
207.12436 618.226
211.14401 2331.73
218.14964 13911
219.15320 1041.52
221.09175 1009
223.15482 761.7
235.11894 3990.09
236.12260 1365.83
243.13216 429.031
244.10484 622.919
251.15034 995.821
252.10954 885.698
261.12247 487.515
264.06317 891.007
267.10788 1363.74
270.12344 3601.09
271.12668 774.381
272.17526 3440.5
273.17871 1364.41
280.10748 1653.19
282.18069 3190.84
283.18430 561.631
288.13382 9707.01
289.13797 1652.12
298.11813 6648.25
299.12067 1130.88
300.17023 11695.2
301.17337 6473.68
302.17661 1539.5
303.17838 895.338
312.04956 437.221
316.12921 2285.26
317.13315 436.939
318.14569 545.114
322.14993 574.784
324.14459 1389.03
327.14490 1174.37
330.05890 872.055
331.23364 1056.48
339.14063 472.39
355.13965 3049.4
357.17596 878.737
362.18021 421.859
373.14984 3024.19
374.15353 476.66
374.20874 586.623
380.19235 924.378
398.11469 1400.49
407.16934 536.139
410.17697 581.242
410.27682 649.369
413.25345 648.361
414.21463 3141.24
415.21625 1107.23
416.25995 695.414
428.28625 19568.7
429.28943 4675.61
430.29169 517.843
445.24326 623.776
453.18732 831.892
478.20581 591.415
485.77167 2658.59
486.27274 1399.06
486.77365 602.544
488.22498 634.265
490.20691 2892.55
491.20877 850.939
498.20715 462.93
508.21930 874.091
515.25916 891.13
516.21454 495.723
518.20245 2373.82
519.20435 568.139
526.27374 465.127
526.76703 731.056
527.25629 736.741
530.75043 461.698
533.26660 706.112
535.27325 746.143
535.77240 1528.17
536.27472 1769.09
536.77954 519.611
540.76587 798.93
541.26855 615.849
543.25507 1705.95
544.25903 635.567
562.73755 558.016
566.28662 542.643
566.79132 972.596
567.29688 507.16
570.29852 933.935
574.79303 1032.05
575.29852 3828.47
575.79718 5030.87
576.30292 2489.5
576.79877 484.183
578.81049 1628.1
579.31427 1088.68
583.80151 1126.22
584.30469 4099.7
584.72626 1055.12
584.80920 5681.88
585.24377 1806.44
585.31952 1824.7
585.75079 1057.16
585.82977 531.625
589.24377 962.755
590.25000 1318.84
591.34888 4761.18
592.35065 1761.95
593.80414 578.209
600.58038 1525.7
600.91479 1671.49
601.24854 1614.37
606.25397 1147.12
607.25854 1036.06
609.97076 503.084
618.75519 504.749
619.27313 744.979
623.78149 753.17
624.28339 1702.74
624.78326 2059.18
625.28485 1748.18
628.94757 506.225
630.26154 1333.32
632.28070 581.967
632.33301 624.176
632.78284 1860.8
633.28802 7278.45
633.78992 13261.7
634.29041 7177.91
634.79059 1790.69
638.27710 1481.11
638.61047 1190.7
638.94580 587.984
640.84015 485.893
641.34369 534.622
641.77856 985.466
642.26501 665.623
647.34143 1619.83
647.83917 1249.73
660.28223 810.608
660.78107 576.111
661.28448 462.244
662.65979 603.685
662.79016 943.445
662.99280 769.848
663.30212 501.7
669.28290 730.785
672.28625 470.7
673.29169 750.402
674.27716 1438.13
674.77948 1613.65
675.27765 667.551
676.26880 624.831
683.28680 1484.69
683.63574 779.107
683.79022 613.412
684.30182 925.293
686.81305 500.868
687.29211 1216.26
687.79700 467.605
688.30316 674.799
689.39392 951.58
689.82947 1133.48
690.32703 2140.79
690.40161 843.457
690.83008 1641.45
691.39960 581.07
692.96973 576.453
693.29755 840.131
698.31183 1695.09
698.81012 1064.08
700.80774 814.917
701.30017 523.574
703.33289 597.837
704.43304 2882.02
705.43939 1093.75
717.00641 769.246
717.34308 1316.91
717.68176 518.011
721.30908 487.77
723.29938 514.397
729.33661 1547.61
730.33972 1469.95
731.32568 809.757
736.01740 1624.45
736.35199 3040.65
736.68433 1359.69
744.32141 1378.76
744.82483 1279.97
745.31683 676.543
751.81354 2642.45
752.31268 2182.6
752.81696 1108.91
753.30640 673.46
753.81604 641.299
759.31189 746.759
760.39532 656.39
762.82117 589.584
765.84619 758.587
766.34668 916.109
767.31189 673.809
767.82751 571.988
768.31610 468.984
771.32953 808.911
772.32416 516.112
776.82056 652.655
779.84058 2222.56
780.34167 1944.68
780.84113 889.079
781.92377 1027.12
782.43286 717.119
785.33118 974.458
786.33575 667.579
788.89825 2408.4
789.39960 2129.25
789.89807 1129.36
790.41937 556.723
790.92664 2183.09
791.43042 1891.6
791.93250 766.951
792.35956 1131.26
792.71490 639.631
792.84845 774.557
793.35638 916.875
794.35455 826.987
794.85187 917.562
795.31824 480.159
798.04327 1024.3
798.38373 1363.19
798.71222 1117.16
799.83606 625.698
803.34760 657.731
807.36108 524.355
808.34875 2487.62
808.85406 2567.38
809.05621 483.44
809.34534 1181.44
813.33319 1257.92
814.32727 689.826
821.84338 1067.26
822.34058 1109.17
824.43579 723.109
828.87366 502.398
829.37402 1170.16
829.71448 947.591
830.04901 761.347
830.36407 1075.34
830.84851 1053.45
831.34448 1730
832.34717 489.159
833.47809 4384.47
834.47937 1700.93
835.05591 2896.01
835.39014 5162.2
835.73657 4133.19
836.05286 1497.28
836.34082 2243.12
836.83826 1470.1
837.42114 798.03
839.91614 2444.46
840.42578 3116.65
841.04181 1257.38
841.39771 2382.3
841.74048 1599.86
842.05658 513.112
842.33472 566.307
842.53699 1110.34
844.85242 1996.68
845.35016 1958.1
845.92902 3141.6
846.42902 3023.19
846.92542 1663.61
847.45642 935.843
848.35675 502.828
858.36163 703.963
861.37634 1016.16
861.87213 918.997
866.38770 763.371
867.39105 539.635
873.35541 513.402
875.88916 1504.71
876.38708 1087.97
876.89081 1000.82
880.86896 753.311
881.38031 1168.05
882.37091 778.915
884.90668 794.332
885.41589 1124.69
885.91022 584.955
886.36310 911.34
886.86786 1040.82
887.37103 843.932
889.88641 3349.01
890.38586 3444.3
890.88647 2109.57
891.36383 1021.67
891.86115 1333.74
892.36029 1144.82
892.86951 536.283
893.37756 672.34
895.37201 1382.3
895.88104 836.354
900.36755 6191.8
900.86804 5721.1
901.37140 3875.45
901.87506 1380.92
902.38153 490.393
905.93707 567.117
906.44153 851.469
909.37109 4209.17
909.87396 4399.61
910.37433 1758.29
910.88098 1052.33
913.37628 830.804
914.45862 2378.41
914.95081 2685.21
915.46008 2209.19
916.48242 619.427
920.92712 565.913
927.36462 1463.95
928.36963 617.522
932.48016 1208.39
933.48590 2365.47
934.49347 2555.52
935.49457 1018.56
938.40106 1692.34
938.89911 1253.08
939.39172 746.343
939.89972 485.271
942.90283 892.876
943.41644 1677.33
943.91119 771.198
944.42859 644.808
945.38385 1536.2
946.38434 675.528
946.88995 1476.02
947.39227 4396.96
947.89648 3369.24
948.39630 2153.97
948.89941 794.989
949.44666 715.318
949.95807 553.232
950.46118 525.697
951.91266 1159.05
952.41693 1116.12
952.92114 713.752
956.91028 4867.97
957.41022 6338.89
957.92914 3486.77
958.46552 3526.22
958.96893 2479.8
959.47089 1289.57
965.40308 873.227
965.91455 3882.39
966.41644 4465.37
966.91650 2248.38
967.42236 1076.25
970.53351 6670.58
971.53857 3535.36
972.55176 854.847
974.40082 615.883
974.91766 499.432
982.92975 542.795
983.42346 1271.95
983.94293 723.277
984.36548 513.639
984.51184 608.614
984.97644 834.138
986.44794 1270.69
987.42755 886.593
988.43176 801.017
993.48883 3842.7
993.98352 4664.03
994.48895 2468.49
994.96436 1846.2
995.45343 1860.18
995.96649 668.921
1002.38928 848.21
1003.40076 508.573
1003.93213 522.505
1004.43097 797.913
1011.50879 486.171
1016.42944 1135.08
1022.43915 674.399
1024.43994 2034.51
1024.94165 2617.24
1025.44678 2510.06
1025.93982 551.852
1029.42944 611.59
1029.93689 1056.35
1030.45435 2071.96
1030.95996 1105.19
1031.46106 2461.13
1031.95728 518.881
1032.46191 2113.99
1033.44690 2631.54
1033.95154 1838.25
1034.44397 1349.34
1034.95337 584.432
1038.44092 5350.06
1038.94067 5658.69
1039.44128 3795.97
1039.94177 1602.79
1040.43762 526.714
1047.44543 4334.49
1047.94727 5052
1048.44873 3212.55
1048.95483 1617.56
1049.44360 628.106
1050.43237 1197.28
1051.42615 775.828
1060.48743 1349.07
1070.55115 860.115
1071.54956 774.484
1072.54297 612.081
1075.02185 1248.02
1075.51990 1296.44
1076.02527 1091.84
1076.53772 606.299
1082.45984 714.162
1086.97144 783.691
1087.47205 801.122
1087.97534 820.171
1092.49036 970.721
1094.52124 787.614
1095.01843 1704.19
1095.50977 1522.94
1096.00793 1270.86
1096.48096 1138.09
1100.47998 694.678
1101.47986 505.5
1103.52551 5714.94
1104.02637 7718.25
1104.52661 4646.66
1105.02466 2972.18
1124.46423 534.332
1130.02551 617.708
1130.50757 510.636
1138.59497 714.901
1143.50415 613.472
1144.01160 816.035
1144.51294 799.637
1148.59192 527.352
1149.50708 1332.29
1150.54248 997.649
1151.54309 485.584
1152.51245 853.301
1152.99561 539.804
1153.51001 922.021
1156.61609 2416.85
1157.62341 1487.92
1166.59680 1997.17
1167.59583 5853.59
1168.59863 8522.99
1169.60156 3576.97
1170.60229 1015.8
1179.50378 638.154
1185.61755 499.088
1186.61841 777.907
1210.49353 1881.81
1211.48889 1919.21
1212.49402 1127.69
1228.50146 1505.04
1229.49695 1091.46
1236.52319 911.419
1237.52783 857.514
1246.53662 769.921
1247.56348 598.951
1248.55933 742.927
1263.54712 1644.04
1264.55737 1900.76
1265.56848 5127.09
1266.57312 5982.9
1267.57300 3226.07
1268.57446 704.783
1281.69958 514.163
1293.67126 720.682
1347.55042 1305.36
1348.54346 784.52
1365.55127 1454.2
1366.56750 914.208
1373.57324 663.264
1395.60107 635.586
1400.60449 842.301
1401.60999 711.865
1487.64331 1053.31
1488.65125 1149.67
1489.65417 553.086
1502.60718 498.652
1519.78235 490.53
1533.64099 489.172
1534.62146 696.211
1551.63062 716.275
1552.65320 521.581
1558.68054 1026.52
1559.70874 901.206
1576.79272 1027.86
1577.79846 865.837
1615.71118 786.307
1616.68726 531.085
1690.83289 597.164
1778.76599 1422.03
1779.77075 1525.26
1780.76868 703.833
