2568.11441 3
110.07131 1211.37
116.07018 1235.24
120.08040 11958
121.08396 1125.87
129.06570 1105.73
129.10197 6052.8
130.06474 2353.35
130.08595 5154.93
132.08022 1388.13
136.07547 8361.17
147.11252 10454.6
148.11583 940.956
155.08176 776.362
159.09131 22780.8
160.09459 2129.79
167.08133 921.304
169.13321 17968.8
170.13640 1858.24
173.12798 8288.57
175.11853 1195.51
187.08665 1320.99
187.10745 1861.97
191.08153 1093.87
197.12802 25594.7
198.13219 1960
199.07083 904.185
199.14427 990.748
199.18010 3780.82
201.12288 7125.79
202.12622 891.319
204.11266 1348.29
206.08118 921.28
213.08676 2593.93
215.13902 1689.9
217.13306 9086.42
218.13635 1202.08
226.08223 928.749
227.06596 3209.25
227.17479 2759.71
233.09225 1680.09
239.15038 1625.92
240.13379 2561.68
243.13194 1369.65
244.09206 5668.85
245.07692 2990.98
245.12834 4801.25
246.13116 882.245
251.10213 38956.4
252.10555 4703.15
257.16010 7492.88
258.14380 13248.6
259.14664 1478.19
263.10229 1113.96
268.16589 852.136
268.20157 2837.64
274.11926 1662.47
275.17065 12629.6
276.17303 1154.05
279.09662 12351.4
280.10046 1891.82
280.16669 790.801
282.18042 2737.9
284.15982 1073.62
286.17612 938.025
296.19598 17991
297.19934 2575.12
298.11819 2423.39
302.11288 2978.04
312.15500 1266.67
315.14429 4695.85
316.14960 821.316
324.11838 1355.06
330.16617 2044.34
332.16153 1212.17
342.09180 2606.09
348.15509 998.548
355.23672 1065.59
358.12772 1060.98
358.16440 2843.15
359.11887 3441.96
360.15463 20672.7
361.15692 4523.81
365.21722 10041.3
366.21945 1858.21
373.15033 4253.82
376.14963 21738
377.15128 3634.76
378.15482 883.083
379.23322 3002.74
383.22763 8947.36
384.23105 1658.35
386.18243 1208.93
391.15854 975.304
411.22281 4460.05
412.22293 858.337
417.14087 2329.16
417.19928 872.589
419.22086 5429.93
419.72211 2443.82
426.21112 1133.8
427.17990 841.798
429.24054 1284.23
444.22543 882.095
445.19293 4267.8
446.19803 825.881
447.22348 4113.06
448.22144 816.012
457.11810 1516.55
457.20529 1109.5
459.26199 1141.61
460.21616 874.334
461.24942 18340.5
462.25333 4384.54
468.31812 1693.72
471.18872 917.831
474.14639 2738.96
475.22003 14598.7
476.22128 3246.4
477.22470 865.043
478.30099 6339.78
479.30438 2095.14
488.16647 2594.55
488.21649 4518.84
489.22345 1300.79
496.31161 2278.6
500.17618 1776.89
515.26080 1282.67
526.23755 853.207
528.16730 1157.53
532.17096 1598.75
532.28656 20086.8
533.28979 5362.96
542.24817 1008.11
544.25958 3964.79
545.26416 1329.81
546.29303 3818.58
547.28857 851.407
574.28613 10571.7
575.28485 2795.17
586.21643 1575.28
587.25055 2778.75
587.75049 1812.36
603.17273 1829.67
603.25061 6585.08
604.24402 2415.47
607.34601 1641.26
625.35565 5784.4
626.35718 2291.97
630.28210 1243.86
641.30847 1251.68
642.21863 894.912
643.19666 2388.39
643.30707 4299.13
644.30499 1808.85
647.31335 18773.6
648.31567 6174.84
649.31647 1209.51
657.32349 1284.25
660.21918 2155.65
661.31866 4152.95
662.31628 1509.13
671.30182 968.099
674.25562 1204.14
689.31177 1558.75
694.37659 1853.92
700.24823 1116.07
701.24457 1628.91
714.23065 1931.92
718.26624 7691.23
719.26648 2769.87
722.36884 4227.12
723.37225 1365.11
728.40039 920.842
731.25543 1045.22
740.38074 26940
741.38342 9711.85
742.38409 1777.96
756.38971 3008.55
757.40021 1615.65
766.81940 1458.29
767.32043 3194.62
767.81537 1293.09
775.25348 1540.17
775.83014 10449.3
776.32983 10619.4
776.83112 3688.61
777.33160 1004.54
789.28290 2127.74
790.29492 945.542
790.45862 1154.51
804.33838 1466.01
816.36969 999.987
829.27087 1085.9
833.39569 15266.5
833.82538 1231.63
834.39648 7865.98
835.40125 1728.92
837.43512 1419.63
846.28546 2249.76
847.28656 1007.43
855.92108 1432.07
856.42938 2274.17
856.93225 1095.72
857.42407 924.719
857.52814 957.882
858.50806 3623.65
903.43964 1753.11
917.33038 992.033
931.38257 1058.33
932.39899 1416.09
948.41870 14331.9
949.42346 7165.45
950.41504 1877.59
984.52283 1202.95
1018.47296 1768.32
1019.36243 4844.91
1020.36279 2408.65
1045.41309 1445.25
1046.41858 1486.62
1047.40662 954.708
1063.44397 20361
1064.44800 12012.7
1065.44788 3423.26
1072.65942 1638.92
1090.40430 1864.3
1091.40015 1259.65
1099.52063 2019.96
1100.52478 1000.51
1135.39441 1164.32
1156.47119 928.54
1173.48889 2148.26
1174.47974 9073.13
1175.47729 6467.83
1176.47717 2038.33
1191.50305 8695.87
1192.50244 6272.03
1193.50635 1971.18
1205.43481 1159.21
1271.48230 2057.71
1272.49854 1410.72
1288.52454 1899.61
1289.50977 3120.79
1290.50830 2150.24
1306.53406 15512.6
1307.53247 11572.3
1308.53491 4301.72
1404.52466 905.202
1436.59387 1283.71
1453.60010 3981.31
1454.60754 3788.39
1455.59937 1668.19
1457.62244 904.165
1463.56433 998.982
1532.61609 963.136
1533.64380 1699.89
1534.61230 1100.81
1550.65076 8188.21
1551.65747 6832.74
1552.66296 2837.06
1665.66431 1303.45
1666.67322 1772.21
1794.70850 921.263
1795.72424 948.453
