3155.36196 4
129.06595 466.694
129.10207 2137.52
133.04291 2982.51
136.06215 561.029
136.07547 521.466
157.06056 2087.61
173.12827 1012.23
175.05424 483.233
175.11896 2099.61
187.10756 1790.82
189.08699 1028.57
201.12311 1134.15
216.13326 986.932
217.08159 4274.48
220.07504 3813.06
230.05928 771.786
233.12798 550.727
243.13321 750.424
244.16519 883.173
248.06970 6225.12
257.12631 442.645
258.10828 433.235
261.12399 584.288
264.13422 538.436
284.12372 429.686
285.12000 443.882
288.20297 616.975
298.13913 695.897
302.13467 921.4
303.12973 918.918
304.16132 2938
305.12537 454.227
305.16342 406.816
312.15552 638.555
316.14960 570.456
330.06055 416.503
330.16547 2906.8
331.16974 407.818
339.16614 450.24
345.08566 4104.85
345.21204 568.05
356.15591 835.732
363.09637 20234.3
364.09964 3093.4
365.09494 875.068
371.15686 532.533
373.19693 753.315
374.16910 501.04
399.18509 851.005
402.24777 986.1
413.16971 682.693
416.16107 571.079
417.19711 1844.2
429.23529 488.559
429.73767 840.971
431.17780 1220.43
432.11603 585.17
434.17017 8160.32
435.17197 1319.09
445.13657 692.124
450.12766 598.866
453.70792 721.903
462.16519 7356.06
463.16870 1384.73
468.20676 512.865
488.22125 577.837
500.19708 637.18
526.76428 532.646
530.25641 7302.17
531.19263 1460.82
531.30273 744.032
532.17175 666.702
537.23041 434.096
543.23120 518.772
544.26807 586.527
549.19659 1836.21
550.19843 584.19
555.24133 1005.34
559.79529 6516.34
560.29669 3773.42
560.79779 1545.19
561.16217 1059.01
561.30054 512.131
583.76636 812.975
584.26227 601.49
589.25916 896.384
589.75909 724.753
591.62494 476.205
610.28180 1618.93
610.78253 851.006
615.30701 437.754
622.79071 475.947
624.31158 869.612
631.29016 1092.21
639.78510 966.265
640.28888 914.097
640.80365 442.998
642.98297 1330.84
643.21429 530.819
643.31476 1936.39
643.64874 898.128
643.98273 448.871
658.35602 1193.5
659.28137 499.024
659.78851 651.092
660.22858 1957.04
661.22980 715.586
668.29144 1767.73
668.79498 1700.09
669.66211 805.79
670.00275 534.138
675.33368 21056.5
675.66693 21889.9
676.00122 13931.3
676.33606 5725.08
676.67108 1448.19
678.23743 2188.39
678.35895 1479.05
679.24713 619.148
679.34857 525.78
682.30634 489.934
684.79279 1238.02
685.28455 783.492
688.34473 852.111
688.84851 560.349
689.36127 525.253
692.26245 508.123
697.30933 468.053
698.34088 7685.3
698.67505 10081.7
699.00867 6013.86
699.34467 2997.97
699.67627 870.265
704.33752 480.99
709.31592 539.333
712.30615 556.788
721.34735 7332.4
721.68176 10139
722.01569 5397.59
722.35760 2510.51
722.69525 686.093
722.80670 1593.95
723.31226 1000.83
723.40143 760.316
723.75519 451.606
725.31366 472.244
727.35040 2467.32
727.68463 3227.82
728.02081 2511.48
728.34991 578.342
730.81830 512.444
731.00195 834.734
731.31537 4831.45
731.67133 692.864
731.81152 3501.36
732.31799 2067.93
732.81610 684.63
739.89453 2355.65
740.31598 9505.53
740.82147 9151.47
741.32428 4545.08
741.82660 1254.91
744.36572 473.193
745.38501 5908.13
746.39014 2243.4
750.04980 667.066
750.36493 1288.67
750.68695 1662.25
751.02161 1496.59
751.35040 679.183
751.68134 634.471
752.11029 508.584
752.35004 561.161
755.73883 901.205
756.07928 2950.66
756.33679 3275.7
756.60541 2632.36
756.85706 1764.09
757.01758 1785.24
757.13159 553.84
757.37872 2445.75
757.64545 1283.5
757.87360 462.26
758.02496 516.025
760.34644 1560.47
760.59760 2470.7
760.85004 4171.41
761.09991 3574.86
761.35101 2529.17
761.59912 1233.71
763.32562 814.583
764.32776 555.247
764.85260 604.636
765.07892 1469.46
765.33423 1936.9
765.58221 1445.71
765.84326 642.242
769.34430 480.669
771.29004 879.651
771.79016 623.768
773.30621 799.901
780.29517 2584.99
780.79651 1450.97
781.29980 1040.97
781.78802 1077.47
782.39142 783.007
782.70935 664.797
783.04877 566.471
783.36060 832.238
783.67126 911.127
783.97314 832.069
784.29279 877.11
784.63025 496.218
785.08795 662.867
785.34521 1077.14
785.59534 1543.39
785.85040 501.813
788.05493 5492.97
788.38831 6072.93
788.72406 7945.33
788.89307 4806.41
789.04633 4792.26
789.38135 9537.46
789.69666 5383.32
790.00848 2490.54
790.31720 4577.5
790.45447 1046.18
790.58380 928.525
790.76404 1826.93
791.02441 1283.26
791.31659 2409.93
792.32611 902.791
794.05334 1036.05
794.39282 1040.69
794.72235 953.052
807.40485 950.218
821.04797 464.8
825.06262 1269.35
825.40106 2306.93
825.73340 1782.63
826.05914 857.493
826.71576 3012.36
827.04755 4374.95
827.38477 3648.17
827.71802 1372.94
828.05981 611.666
831.07068 2180.46
831.40088 2414.82
831.73376 2789.82
832.07056 925.976
848.07697 550.387
852.41620 847.625
854.07330 1067.68
854.40454 1815.85
854.74005 1237.19
858.47150 1901.8
859.47552 957.173
860.07861 6935.95
860.41333 10113.2
860.74591 7690.85
861.07904 4739.9
861.41962 1984.05
863.72089 1230.55
864.05334 1668.24
864.39996 1397.9
864.72583 858.285
866.07855 593.088
866.41479 1056.61
866.74567 933.389
869.73022 818.036
870.05872 1480.7
870.39478 948.231
870.73450 520.964
878.34961 1213.24
879.36151 599.028
880.73029 610.071
886.93610 2211.77
887.43384 2098.84
887.93103 1000.24
892.74048 704.503
893.08667 1456.68
893.42853 2033.48
893.76331 1665.73
894.10193 645.828
898.74109 4795.24
899.07434 6459.05
899.40900 5218.09
899.74310 2366.25
900.07269 1048.89
906.41229 2076.39
907.41528 1028.53
909.44196 690.722
915.44238 2947.85
915.94452 3298.92
916.44550 1951.85
916.95142 603.468
922.43420 879.014
925.43683 641.882
926.42889 539.51
931.45154 1054.75
931.77374 2086.54
932.10767 1677.16
932.43793 1545.57
932.78107 685.891
933.10974 492.764
955.46729 531.755
963.97076 9891.71
964.47144 9665.32
964.97186 5151.65
965.47156 2299.36
965.97284 578.565
970.10535 756.889
970.44244 1131.83
970.78467 562.877
975.42920 695.057
975.95953 1023.3
976.45667 1456.32
976.95959 946.82
993.44714 466.043
1003.49854 668.322
1003.98853 1124.65
1004.49414 921.856
1012.49780 19492.1
1012.99768 23032.9
1013.49780 15150.3
1013.99896 6136.08
1014.49890 1539.4
1016.38721 1058.26
1017.39471 508.796
1021.53717 788.518
1037.45032 1127.88
1038.47339 691.676
1044.45093 678.597
1045.44824 524.441
1047.00781 2531.96
1047.50903 2689.57
1048.00781 1797.1
1048.51074 822.097
1052.53333 914.456
1056.51807 527.761
1061.51685 567.072
1073.00256 9572.96
1073.50635 9976.17
1074.00720 7730.88
1074.51111 2756.68
1075.01611 938.195
1081.52124 1734.09
1082.02490 1572.21
1082.52234 1479.31
1083.01746 599.908
1090.52380 2242.95
1091.02197 2251.22
1091.52747 1566.21
1092.02734 498.042
1095.98853 1162.55
1096.49597 895.534
1096.99512 731.331
1106.47412 1200.46
1107.47424 648.66
1116.51428 785.32
1118.58545 4381.31
1119.58533 2724.3
1120.58459 979.667
1125.03015 1711.9
1125.53564 2189.78
1126.03967 1694.59
1126.54626 584.951
1134.04150 1307.05
1134.54053 2019.3
1135.04395 1150.96
1135.53833 475.321
1139.50952 1759.18
1140.01392 1762.74
1140.51501 1078.16
1166.53235 483.384
1167.53235 517.123
1177.50854 2343.34
1178.51685 1448.91
1181.58228 1642.64
1182.08264 2026.72
1182.58191 1097.37
1183.02625 3553.1
1183.52954 4714.62
1184.02966 3084.06
1184.53003 1592.21
1185.03918 546.039
1190.59216 713.477
1191.08984 643.356
1191.59277 732.732
1204.44800 1970.36
1205.46777 757.278
1239.56470 834.837
1240.07068 1573.98
1240.56958 1080.44
1247.64734 772.435
1275.49475 563.037
1276.46741 466.64
1290.11450 661.581
1299.60632 508.948
1304.56519 500.696
1348.09912 482.279
