1363.72539 2
110.07106 3285.92
112.08664 630.325
115.08640 653.809
117.10171 609.644
120.08057 11787.2
121.08408 875.271
124.11217 477.074
129.06575 2668.63
129.10211 9403.15
130.06464 795.7
130.08614 3645.91
130.10356 491.3
133.04279 519.657
136.07556 3879.44
141.06577 3169.32
141.10175 587.054
143.11765 1633.15
147.11263 6710.36
152.10678 736.762
155.08217 762.15
158.09204 1694.21
159.07645 1015.66
159.09126 1621.56
163.07507 793.476
167.08139 540.277
169.09773 538.684
169.13336 11869.6
170.11734 3204.25
170.13666 1101.97
171.11211 1034.02
172.11534 2139.8
173.12814 2589.45
175.11871 8353.75
181.06105 550.548
183.11237 717.099
183.14906 911.546
185.16432 1293.37
186.12347 2163.12
187.07095 2473.38
187.10753 1907.6
187.14490 486.965
197.12825 16065.6
198.08728 553.911
198.13240 1570.1
199.07162 1286.35
199.18001 3442.2
201.08722 539.29
201.12311 3513.43
203.12024 560.633
204.13411 8516.08
205.13847 597.614
212.13869 516.473
213.15930 687.278
215.08574 605.507
215.13870 79993.5
216.09712 1034.84
216.14227 7359.81
217.09215 1371.72
217.13638 17672.1
218.13936 1673.89
219.14886 955.933
225.12299 10460.7
226.08214 3218.5
226.11504 755.876
226.13049 651.758
227.06699 842.067
227.17520 3277.51
228.13348 1206.6
229.11781 2318.65
230.12943 654.523
231.11263 1904.47
233.09312 570.745
233.16451 2907.12
234.12325 7888.98
235.10831 780.83
235.12654 968.099
240.09790 1590.13
240.13438 633.977
241.08339 564.192
242.15047 714.1
243.07213 559.18
243.13358 51911.4
244.09239 12394
244.13725 5565.83
244.16039 541.146
245.09409 1334.07
245.13118 12503
246.13661 906.683
247.14378 941.051
248.13803 1730.35
258.10773 4892.46
259.10822 653.931
260.10651 940.164
261.09088 1665.81
261.15552 36179.8
262.11826 7785.21
262.15872 3072.35
263.12204 900.992
271.17575 1434.73
276.13397 947.56
281.14926 1142.68
282.17972 690.339
283.14328 538.405
283.20221 630.455
285.19849 826.963
288.20261 5371.64
296.19553 618.219
310.21246 2970.42
311.18448 1564.18
312.15280 1070.74
313.15521 1127.79
313.19400 1300.54
314.09653 967.847
314.20804 1058.85
316.16592 1443.95
318.18182 681.852
319.18289 1331.81
327.68713 1934.87
328.12961 1050.51
328.19077 801.276
329.18024 1706.21
330.11008 559.539
330.18192 1064.01
332.10593 607.31
334.17365 937.691
338.20694 13536.9
339.16541 980.255
339.20981 2208.94
342.20218 1422.82
345.15442 3068.76
346.13281 522.697
347.17905 1890.06
348.12109 998.385
356.21750 8260.99
357.17587 15894.8
358.18140 3834.23
359.17578 933.346
363.16852 879.461
367.16187 607.671
371.19183 1189.03
372.17346 1248.17
373.15024 5077.07
374.12238 564.055
374.17523 5050.45
374.23923 20624.6
375.20590 5608.84
376.15912 761.203
376.20883 836.415
382.20984 526.986
384.22165 1016.16
386.20728 570.158
391.16104 12141.7
392.16605 2084.9
393.15793 796.213
393.24905 2063.06
414.19855 518.87
417.24710 1330.88
419.15576 1474.22
425.13062 741.924
425.24097 907.021
427.19879 623.691
429.17645 777.581
432.22668 619.723
441.21313 1590.94
442.15591 691.376
443.19614 1492.72
444.22894 687.313
458.23715 1303.87
459.22192 3748.1
460.22153 1772.48
469.24805 1724.17
470.24747 616.373
471.19241 1076.7
471.25168 887.112
476.25168 7815.05
477.25522 1428.96
480.25482 690.39
481.23898 633.072
486.22971 2446.52
486.28503 766.829
487.21371 2072.5
487.27344 824.918
488.21628 4279.43
489.21689 1304.36
498.26956 1281.26
504.24429 8996.64
505.24628 2465.13
506.24060 1310.72
515.20990 554.547
516.24945 695.486
521.30682 10576.4
522.20490 830.582
522.31116 2679.49
530.32904 3848.27
542.26123 858.546
543.25964 874.57
544.24005 699.163
556.27972 1127.98
557.32227 568.559
558.28540 576.123
559.28632 663.272
571.32855 529.993
572.30469 1984.21
573.25018 572.331
573.31946 604.615
577.30737 812.19
589.34332 1177.75
590.26318 2423.81
591.26941 940.044
594.33264 1106.42
595.32233 554.188
600.22888 551.308
600.31158 1246.37
601.30829 1238.4
602.30426 638.901
607.29059 2967.14
608.29651 806.674
612.34381 897.74
614.33038 1075.41
614.83392 535.392
617.33392 1530.88
618.32660 2762.02
619.33038 1036.72
620.32111 1294.85
629.33044 532.12
635.34723 8328.22
636.35498 3229.51
637.34546 3682.27
638.34442 1192.04
641.36499 790.662
654.36829 3994.21
655.37103 953.496
659.37189 5302.08
660.37219 1748.15
686.34100 549.618
703.34717 1830.64
704.35370 744.001
714.39154 1250.39
714.88513 1095.66
720.37714 689.677
729.35889 545.439
731.34515 1161.25
746.38446 2715.84
747.36987 1784.47
748.37000 2387.92
749.37390 1083.68
758.43890 4323.86
759.44568 1798.3
763.92468 785.029
764.39313 9891.36
765.39441 4939.03
766.40814 855.381
798.33154 554.36
816.33167 768.436
827.42462 592.176
837.45349 1720.45
838.45752 901.942
846.44946 568.183
854.48859 992.754
859.47461 544.448
860.45776 801.205
861.45624 551.695
871.52795 2582.78
872.52161 1111.99
877.47675 9679.74
878.47961 4165.52
879.48260 934.867
958.46942 581.153
966.50555 1351.08
983.53998 773.805
991.50000 1334.58
992.49939 618.637
1000.56622 2510.42
1001.56824 1102.5
1008.51923 4109.51
1009.52106 2449.27
1010.52698 796.032
1054.54163 716.618
1055.51282 576.426
1071.54358 557.698
1072.54089 741.175
1097.54114 1056.46
1098.53125 898.123
1099.65723 549.569
1100.62915 625.147
1114.57788 926.547
1121.61096 918.77
1185.62280 559.795
1210.62634 995.037
1211.63318 642.983
