3411.54482 4
120.08069 474.459
136.06186 400.4
136.07593 556.01
141.10231 246.023
147.11317 586.492
159.11279 362.439
175.11920 345.822
183.11258 561.017
187.10759 594.062
198.08583 274.303
199.07166 632.88
200.13979 337.34
201.12331 473.965
203.12074 284.606
210.02534 350.365
213.15977 241.905
214.09747 345.348
217.08176 1254.97
218.14948 562.021
226.15573 331.928
234.12332 262.031
238.11829 418.513
245.07477 284.537
256.12906 528.469
256.17752 458.018
282.18100 335.649
298.14151 396.46
312.15466 804.128
316.15094 706.932
325.19861 472.081
327.20111 352.862
330.05853 400.607
330.16690 453.653
349.19061 296.267
355.19211 270.88
359.17249 267.042
360.17316 3390.49
360.67438 1117.91
361.16891 366.13
373.13559 348.367
385.16931 513.66
398.11090 300.91
403.18161 415.816
406.21222 1425.84
407.21469 301.731
409.70389 345.114
423.17422 266.129
430.20862 235.174
459.21652 370.834
459.71765 303.515
472.20700 255.189
498.25623 283.447
502.19147 275.799
521.23828 2268.15
522.24133 617.628
530.22284 316.891
553.90228 753.018
555.21820 272.956
573.23663 633.669
591.24084 408.741
592.25421 351.329
593.26398 293.938
594.29974 2253.41
595.30792 661.634
598.93890 249.51
602.59320 485.318
602.92633 641.355
603.26178 249.543
610.29156 311.215
622.28772 1037.71
623.28986 260.475
625.60004 5737.29
625.93311 5447.94
626.26569 2920
626.59875 1189.83
626.93646 469.644
631.60303 3112.09
631.93634 2178.21
632.27124 1969.29
632.60358 545.929
649.29114 366.292
649.61896 569.031
655.29413 399.172
655.62811 469.891
655.95581 261.61
658.62225 5770.15
658.95642 6277.67
659.28967 3268.58
659.62341 1249.92
659.95612 412.949
664.62512 1507.32
664.95917 1210.68
665.29578 1040.54
683.32239 261.552
692.27618 11057.7
693.27612 3411.74
694.27869 700.169
696.31848 444.604
696.64685 418.675
696.98383 268.797
697.32550 495.976
698.68463 309.572
699.00916 266.921
701.32849 1686.92
702.32349 3065.98
702.65424 2162.41
702.98596 1962.2
703.31708 986.315
717.31348 283.154
719.33911 27007.8
719.61218 307.714
719.99951 337.888
720.34174 9697.6
721.34271 3325.45
722.34058 788.495
725.32782 2024.95
725.65979 1715.89
725.99640 987.66
726.32672 611.23
730.37958 276.944
731.32928 1288.23
731.66559 1881.26
731.99829 864.455
732.33020 529.732
735.36041 1280.77
735.68921 1367.3
736.02271 962.029
736.35095 410.736
745.84326 264.375
746.35236 292.127
759.02271 621.998
759.35077 850.563
759.69012 598.123
763.03516 1091.28
763.36816 1295.15
763.70416 863.798
764.03241 352.291
764.35846 267.534
768.34198 1369.6
768.67804 1578.72
769.00995 1018.36
769.34247 567.656
774.34259 295.614
774.67590 600.708
782.37756 316.435
790.36914 353.49
791.36066 455.081
794.82349 360.157
795.33038 329.119
798.38348 288.528
800.39386 305.053
801.70325 270.62
802.35846 370.356
803.80005 561.517
804.04248 283.523
804.33026 429.769
804.40479 408.037
804.92462 1251.36
805.42914 878.225
805.92719 500.564
806.14075 395.524
806.39087 550.629
807.37177 619.832
807.70520 671.738
808.03973 449.833
808.37720 438.903
808.70203 268.216
815.39655 274.686
817.37976 295.474
818.40826 3621.61
819.41382 1518.55
820.40729 459.905
820.73242 375.497
821.39044 536.015
821.73431 322.311
822.07214 380.679
822.31262 302.291
822.43518 333.439
822.71161 1419.6
823.04779 1099.28
823.38568 390.913
825.14734 274.546
825.35193 320.914
829.36115 548.452
829.61182 784.669
829.85693 942.453
830.35107 961.283
830.82416 368.854
831.35681 323.46
835.37329 361.551
836.37567 1222.57
836.71454 1237.93
837.04236 789.797
837.38220 416.845
837.96252 359.151
838.14856 449.992
838.34674 479.902
838.54358 320.109
839.35492 1081.98
839.85028 693.967
840.35449 384.828
841.38843 384.079
841.71252 340.566
842.03729 291.316
842.37408 386.015
844.38300 396.428
844.87854 350.427
845.38684 775.757
845.89447 334.855
846.42224 385.752
847.05005 311.141
847.36829 584.853
847.71790 537.16
848.04169 1038.95
848.36664 1078.18
848.71234 644.883
849.03235 400.542
849.38318 520.035
852.42126 431.954
852.95190 1186.26
853.39087 2898.87
853.88275 2045.44
854.40112 7013.03
854.77026 2608.65
854.88794 2800.04
855.07794 1681.88
855.38812 4168.77
855.70538 1421.05
855.90002 775.907
856.41266 445.864
884.40985 345.187
887.43359 365.472
888.91254 480.8
889.41956 593.591
889.90137 414.449
892.74097 348.615
897.91162 644.506
898.41785 589.969
898.91821 296.623
899.42120 390.131
900.42474 314.86
901.43207 285.289
903.38440 2451.66
903.88647 2281.31
904.38977 1017.64
904.88574 631.31
905.44025 4654.33
906.44165 2414.77
907.44116 977.009
908.43457 698.583
909.43457 513.613
917.42169 748.848
918.41345 344.107
929.89838 292.526
937.89679 5067.55
938.39630 5449.96
938.89673 2860.47
939.09741 370.867
939.39789 1669.84
939.90192 485.084
940.44769 370.705
946.90009 2837.75
947.40234 2860.23
947.92432 1629.17
948.42841 1039.64
956.44836 692.16
957.43445 340.715
958.44360 472.132
961.47369 537.251
961.81458 461.905
962.13055 720.713
962.48132 313.245
974.45587 864.598
975.47327 592.504
982.43420 545.002
982.93756 410.405
983.44873 482.321
984.42810 286.506
985.16193 278.13
985.48541 394.63
987.43018 3809.64
987.93237 3974.76
988.42999 2400.78
988.93420 999.308
989.43073 447.97
992.47119 9035.67
993.47443 4911.93
994.47040 2614.75
994.85034 330.386
995.46979 949.151
996.43488 5629.67
996.93604 5876.93
997.43707 3544.16
997.93677 1628.15
998.43903 822.765
1002.49469 287.226
1003.99219 985.273
1004.49133 1377.2
1004.99933 718.621
1005.49268 591.611
1009.46259 404.308
1034.95911 395.548
1038.49939 566.17
1038.99304 554.385
1039.48999 532.813
1044.47144 454.197
1044.96655 425.339
1045.46704 573.622
1047.50635 364.5
1048.50220 306.577
1052.97437 3673.62
1053.47815 3981.95
1053.97839 3114.25
1054.48706 1721.42
1054.99561 374.753
1060.49646 477.4
1060.97986 317.895
1069.51270 341.986
1073.52051 469.87
1087.48303 2068.78
1087.98975 2870.52
1088.48682 1841.45
1089.00171 465.174
1089.48877 335.368
1091.54175 2948.29
1092.54297 1507.48
1093.53979 761.781
1094.53174 331.847
1096.49805 594.192
1096.99133 854.834
1097.49377 630.897
1100.45581 348.554
1102.53259 394.053
1103.02734 703.451
1103.53284 673.008
1104.01990 459.672
1104.53149 292.51
1112.02368 1343.91
1112.52917 1386.21
1113.03064 1105.44
1113.52820 577.961
1114.49255 542.514
1132.49561 800.706
1133.49719 426.241
1138.02869 546.521
1138.53064 714.635
1139.04956 295.267
1147.50269 292.524
1150.49731 627.245
1150.97949 356.2
1152.01013 1962
1152.50977 1964
1153.01587 1469.14
1153.50757 900.198
1154.01526 307.291
1155.52368 516.027
1161.01440 4939.68
1161.51648 5597.45
1162.01917 4235.04
1162.51575 1878.03
1163.01746 525.841
1163.51257 271.614
1167.52966 336.989
1168.04565 279.893
1169.52246 307.081
1172.50720 307.264
1183.52637 492.977
1188.54077 528.981
1189.07227 283.13
1189.55359 343.435
1201.54004 440.616
1202.54016 319.238
1210.54858 886.804
1211.04602 694.455
1211.55457 543.453
1220.56726 902.067
1221.55249 731.797
1222.55432 323.627
1224.57825 292.596
1231.07336 432.572
1239.58252 794.358
1240.08911 828.849
1240.59583 392.631
1241.09912 344.102
1245.56555 343.023
1246.05066 351.092
1279.57153 1145.7
1280.06531 1834.84
1280.56958 1244.82
1281.07031 492.836
1281.58557 273.91
1282.59009 464.072
1283.60254 332.704
1284.56787 558.289
1288.57385 1282.1
1289.08032 2225.01
1289.58252 1912.28
1290.07935 1169.25
1290.58862 616.04
1298.63062 298.3
1300.59106 832.202
1301.59338 600.888
1307.61414 1585.84
1308.62012 1270.93
1309.62158 439.734
1338.10376 459.224
1338.61938 336.957
1339.11499 277.915
1413.68213 721.534
1414.68933 542.625
1420.69263 438.039
1450.65015 291.935
1629.76697 666.368
1630.74768 633.243
1885.86230 296.689
