1728.85723 2
110.07112 2371.8
112.08699 410.992
115.08627 453.779
116.07041 281.681
120.08059 3446.07
121.08447 293.493
126.05475 180.957
127.04992 179.571
127.08675 337.657
128.10710 262.335
129.06639 360.392
129.10216 4079.06
130.05020 255.898
130.06494 416.932
130.08609 1324.71
130.10507 310.352
131.08171 227.472
131.11769 878.349
133.04288 1931.76
136.06178 895.005
136.07561 3199.68
137.07875 206.112
141.06599 349.024
141.10202 346.541
143.11784 6938.06
144.12123 377.75
147.11272 2366.83
155.08145 705.923
155.11751 345.251
157.06093 254.214
157.09727 519.656
157.13327 449.57
158.09222 618.291
159.07622 623.992
159.09154 1452.88
159.11269 1021.94
165.10146 185.977
167.08139 408.3
169.06061 486.684
169.09755 571.221
169.13338 850.462
171.07889 295.182
171.11272 13824.8
172.11639 1033.18
173.05563 278.157
173.09192 440.531
173.12822 1368.89
175.11879 3435.56
177.10170 421.87
181.06044 223.949
181.09705 315.724
182.12881 362.536
183.11266 793.879
183.14868 357.311
184.07013 199.269
185.05498 322.203
185.09192 646.776
185.12801 538.584
185.16481 4089.39
186.08705 706.538
186.12236 277.656
186.16835 303.434
187.07126 372.055
187.10756 628.073
187.14418 316.108
189.08669 351.406
193.09695 194.206
195.07710 341.742
195.11270 413.849
197.12820 464.65
197.16628 198.742
198.08746 368.026
199.07164 488.484
199.10745 500.494
199.14359 213.456
199.18028 422.872
200.13904 864.191
201.08780 302.737
201.12320 3071.6
202.12839 200.532
203.06718 256.258
203.08533 187.82
203.10226 278.318
204.13445 264.637
205.09685 740.112
207.11244 417.452
208.09595 202.328
210.02515 520.393
211.10837 199.439
211.14359 354.886
211.18082 196.964
212.10214 453.159
213.08688 726.92
213.12283 264.143
213.15964 2575.26
214.15202 260.922
215.13925 609.099
216.09744 422.063
216.13258 192.349
217.08308 703.585
218.05937 496.983
218.14973 2898.11
219.15173 245.809
222.12288 243.213
223.10730 297.327
223.15662 242.626
225.09874 216.187
225.12331 677.487
225.15897 295.471
226.11794 888.752
226.15256 269.889
227.10121 492.588
227.13918 463.521
227.17455 329.484
228.09749 187.082
228.13324 714.448
229.11771 616.725
230.11238 414.777
231.09891 572.746
233.16576 209.344
234.14439 222.803
235.10632 534.753
237.12213 249.401
238.11412 195.271
239.17526 2216.28
240.09819 257.485
240.13377 1102.61
240.17896 236.076
241.08153 431.931
242.07657 865.319
242.11279 188.604
242.14969 2698.16
243.13234 376.45
244.09315 260.667
244.12808 211.941
245.07742 296.576
246.12576 299.359
247.10835 251.853
249.12207 216.509
251.10223 206.06
251.14992 352.962
252.13431 188.769
254.14828 849.495
256.09335 261.999
258.10883 297.729
258.14413 767.798
259.09177 230.806
260.08716 528.819
262.11908 412.199
264.13351 252.976
265.11716 225.368
266.14697 313.781
267.11057 197.573
269.12396 303.641
270.10715 368.347
270.14368 392.731
270.18011 433.095
271.14862 255.66
272.15836 1103.37
273.15875 231.611
274.11902 905.779
276.06473 799.87
276.13464 194.975
277.11584 258.528
278.11142 238.721
280.16492 320.223
282.14200 220.721
284.12463 195.096
284.15683 287.537
284.19653 8534.08
285.19983 1192.27
286.13470 254.822
287.13443 283.227
288.20349 201.87
289.09720 210.252
292.12927 1359.86
296.19620 709.071
298.10074 284.357
299.13568 202.405
300.11591 197.731
301.18521 236.82
303.17621 231.432
309.15518 238.593
311.17078 662.594
312.15091 210.621
313.18680 405.69
314.20724 780.395
315.16757 225.78
316.17130 253.205
318.14661 286.89
319.10687 627.926
323.17038 300.694
327.16467 348.607
329.18188 450.631
330.18311 527.974
331.14191 340.237
331.23346 1291.54
333.08527 702.915
340.22195 435.852
341.14951 197.8
341.17920 221.467
341.21872 297.929
343.12234 311.184
345.08289 271.01
348.19360 213.198
349.15002 436.12
351.20233 344.161
352.16623 247.906
353.22003 208.095
355.15851 308.849
355.23718 691.854
359.20734 248.979
361.15381 348.508
363.09695 534.021
367.23196 309.727
371.22723 359.279
379.16260 378.155
381.19122 222.268
383.26056 472.389
385.24512 200.939
387.20432 597.994
388.25650 295.37
394.17529 254.639
400.25217 209.135
402.10669 323.055
405.21112 246.549
407.15964 278.467
416.12195 223.541
418.16943 322.902
418.26569 3056.3
419.26611 477.356
420.11594 532.171
421.18613 328.471
424.25821 228.467
426.26984 227.026
427.19760 277.748
434.13367 806.697
435.13528 279.679
439.19449 251.831
444.22610 251.602
446.17337 267.836
448.25781 255.16
451.23209 1192.63
458.24097 415.949
464.17484 428.909
468.22211 392.862
470.18753 226.129
476.24973 421.656
477.13812 224.457
478.20566 255.42
488.19653 211.113
489.20761 277.235
496.21689 437.982
503.15469 311.315
513.25055 228.709
521.16443 247.527
522.16333 293.491
531.25580 228.577
533.20251 401.186
536.17737 298.369
539.18927 273.501
542.16925 416.01
547.22150 212.433
560.17682 510.503
565.33588 1136.44
566.33875 371.726
567.18457 228.449
578.18494 322.429
579.18970 234.278
583.25250 308.209
596.21039 241.328
606.19525 497.995
611.24457 358.56
622.35559 3257.01
623.35913 912.869
624.20959 585.69
641.22693 207.578
646.28192 656.072
656.30194 209.419
662.33014 239.189
663.31091 450.394
664.34106 609.387
665.34363 252.847
671.31012 296.124
678.42664 220.746
680.25861 272.659
681.22687 398.478
687.33899 279.451
688.33142 892.135
689.32465 439.306
698.26660 315.183
705.35754 241.605
707.24506 488.998
708.24182 210.268
725.25885 580.955
726.25037 230.738
733.31451 277.174
738.40625 212.1
746.26025 299.709
750.34546 530.263
764.26398 574.627
769.42780 891.9
770.43146 534.961
782.27051 297.8
797.33527 257.822
826.44861 1518.87
827.45605 601.92
828.29871 224.89
850.48834 215.013
865.45844 230.902
867.44690 298.527
901.34613 311.37
911.32111 284.097
913.48364 1831.11
914.48761 760.612
915.49078 237.585
966.51984 389.175
967.51874 361.018
998.34869 274.817
1028.51270 923.313
1029.51306 505.954
1064.60767 213.951
1073.43091 812.114
1074.43567 533.503
1079.60352 226.059
1080.60156 454.602
1172.50098 602.877
1173.50134 372.848
1188.53625 331.544
1189.52283 323.79
1217.60376 233.211
1245.55298 1075.56
1246.55200 699.051
1303.53918 538.046
1304.54285 322.7
1328.59607 270.97
1329.58484 232.431
1346.59912 1013.73
1347.61035 667.776
1348.61743 236.357
1374.57410 417.97
1375.59180 229.638
1487.63806 227.954
1488.66553 294.597
