2560.14292 3
110.07103 1588.17
115.05007 629.385
120.08044 2269.77
127.08634 2661.82
128.10674 850.184
129.10196 4815.14
130.08597 1017.95
133.06042 613.033
136.06166 512.675
136.07549 7051.53
143.11768 540.418
147.11252 1798.82
157.09685 1028.04
159.09171 612.254
161.07397 563.95
169.06166 420.751
171.11234 734.136
172.07098 899.418
173.12807 4150.21
175.08955 3393.35
175.11781 1005.56
183.11250 914.475
186.12315 530.425
187.07178 630.79
189.06898 1497.3
198.08653 533.309
199.18040 1046.61
201.12309 4943.86
202.12617 539.319
203.08455 1294.2
210.02527 448.455
213.15971 486.487
226.08218 1014.67
226.11871 674.967
227.17516 3146.24
228.13448 887.147
233.16469 1359.41
234.14429 635.837
235.10718 435.427
237.12047 566.834
243.10803 1470.82
243.14516 1147.19
244.09247 1004.25
245.07687 684.395
249.15808 563.761
253.09322 1135.61
259.09122 596.564
260.10620 1856.59
261.15833 1608.43
262.13940 2482.02
265.11755 807.911
271.13931 845.395
277.15402 709.089
278.11368 1461.94
283.10138 575.249
284.08630 537.371
301.11227 739.723
314.18338 524.581
315.14832 573.182
320.10898 1068.37
329.22162 490.583
342.17572 512.595
346.17569 2887.46
347.18036 476.851
352.14047 882.476
354.17532 1276.8
358.13644 1190.56
364.18610 1366.37
372.18781 3427.65
373.17010 3422.38
374.17566 556.674
374.24301 3757.49
375.24789 643.912
378.20447 763.467
382.17410 463.458
389.14877 464.213
390.19766 3508.19
391.14545 749.112
391.20090 494.247
400.15353 612.8
406.17139 881.077
413.12988 1226.46
449.27417 876
452.17764 562.816
459.33026 531.462
465.24741 716.235
466.17398 916.259
469.20547 1125.49
470.18616 1323.57
473.31479 561.464
474.25537 593.849
477.27087 2583.26
478.26932 773.457
487.21393 3111.42
487.32736 469.823
488.21481 610.889
493.70663 1185.83
494.20789 522.337
504.24039 8814.06
505.24277 1746.65
521.19348 1236.97
529.20276 1755.13
544.16949 1045.51
552.77081 648.185
553.26880 542.788
576.33685 1041.24
577.21210 645.916
594.23535 962.234
602.76465 785.656
614.32849 556.504
617.29456 977.202
617.79187 686.231
618.29535 507.543
624.77911 653.339
628.26660 705.491
633.25098 701.51
637.30188 503.951
644.28241 571.206
645.80664 1532.52
646.30829 947.884
650.27954 1982.54
651.28845 539.106
653.29199 1283.25
653.78650 961.454
658.24469 1570.26
665.31085 759.462
665.80743 838.114
667.30286 10838.6
668.30817 3232.22
674.31158 1757.18
674.81396 1534.62
675.31689 591.667
685.40894 632.37
688.82587 778.444
689.32452 572.934
691.38538 1032.91
692.23645 604.746
693.81732 1947.2
694.32550 852.115
694.82269 525.304
702.82446 3907.28
703.32446 2991.73
703.82593 822.997
706.35260 602.2
709.25867 1076.4
713.39941 2407.86
714.40308 1203.57
715.26544 642.304
725.27307 486.252
729.35663 1419.49
729.85669 824.163
738.35632 1222.59
738.86761 830.661
739.36261 495.143
741.35742 841.069
752.36066 776.285
757.30707 962.621
758.31366 490.465
772.28766 676.348
775.37762 940.161
781.32343 487.435
788.38092 542.423
798.34344 5816.82
799.34564 2264.42
800.34821 854.281
814.33917 488.478
828.42468 3541.32
829.31781 2701.93
830.30627 1254.55
838.33643 2717.34
839.33179 953.939
840.29510 600.676
853.42755 1484.66
853.90125 628.012
854.41266 863.047
854.48499 976.523
854.93439 624.843
855.36322 34657.1
856.36755 13851.5
857.36646 4653.38
858.36719 530.511
870.40228 705.577
871.36493 482.976
876.42389 1291.16
877.42596 632.552
884.46716 574.687
900.38074 1021.81
904.41742 1455.52
905.42596 816.952
911.35040 842.299
927.41333 596.202
928.38025 2416.3
929.37665 1472.25
935.42499 716.511
947.50012 538.337
953.47626 1258.37
969.37836 1500.36
970.37500 723.093
975.49341 3425.68
976.50195 2011.12
977.48560 602.112
984.41815 658.999
986.40375 14313.7
987.40387 7805.76
988.40320 3275.46
989.39734 809.307
999.41467 810.654
1005.46515 1865.7
1006.46857 1144.46
1015.44641 530.926
1033.46008 1449.42
1034.45166 1057.4
1040.41492 1785.12
1041.44641 1568.72
1042.44470 1035.35
1057.44202 20476.3
1058.44263 10908.1
1059.44312 5040.43
1060.44250 1073.12
1064.45667 624.179
1076.54797 902.938
1090.48267 1061.18
1099.48840 527.95
1104.53516 6688.41
1105.53967 3766.95
1106.54419 1398.42
1107.53040 659.745
1110.47888 486.348
1121.48621 4347.78
1122.48999 2278.07
1123.49658 869.174
1132.49390 622.521
1134.50708 1273.35
1135.51563 850.709
1140.53857 498.953
1147.49951 1243.48
1148.50977 893.354
1156.51392 1291.18
1157.50159 828.535
1180.52283 520.245
1191.54065 609.571
1192.50330 656.388
1204.52454 2693.14
1205.53235 2143.61
1206.54199 924.254
1213.53369 1252.78
1215.55725 1022.03
1220.55359 3366.26
1221.55640 2096.82
1222.55371 1116.94
1223.55554 548.559
1233.57629 4863.38
1234.57947 3622.64
1235.58704 1001.57
1248.56128 1074.87
1270.55579 863.095
1272.57776 598.212
1280.59998 515.484
1290.59558 1948.53
1291.59900 1229.62
1303.58850 860.057
1305.57678 2263.28
1306.57507 1778.54
1307.57129 578.91
1327.58508 1005.6
1328.58032 949.19
1329.59412 819.061
1333.63989 734.68
1347.62024 2262.08
1348.61780 1577.36
1349.63757 729.65
1376.64075 1742.94
1377.65723 1086.21
1378.64563 742.824
1386.63416 1768.21
1387.63501 1431.77
1388.67004 511.165
1404.64050 20909
1405.64526 15838.1
1406.64417 6181.54
1407.65601 1508.84
1475.70874 1378.84
1476.70825 961.131
1480.71594 495.278
1503.70874 2153.73
1504.71143 2114.19
1505.72424 1025.46
1574.74365 1591.96
1575.74231 1460.63
1576.74915 567.272
