2517.20742 4
110.07113 1252.85
120.08048 7317.84
121.08406 614.28
129.10199 1751.05
130.06468 1274.61
132.08037 499.457
136.07542 4238.12
143.11745 3413.66
145.09657 734.595
147.11267 1473.06
157.06133 806.116
157.13318 30542.2
158.13683 2447.51
159.07619 2506.03
159.09145 823.812
171.11246 1747.73
173.09216 573.816
175.11841 2584.5
185.12805 11033.6
186.13232 771.593
187.07330 518.612
187.08366 538.685
193.09677 941.248
199.14282 468.737
201.12299 2122.27
210.02519 523.097
218.14923 1287.53
219.14931 1030.49
221.12857 1262.87
229.11815 1010.93
231.11256 1105.46
235.10764 718.966
242.14948 4414.45
244.16566 1067.78
247.14333 868.326
249.12305 1189.53
258.14398 1077.91
270.12399 2795.88
280.10770 544.132
288.11597 1449.14
288.14102 659.819
288.20258 877.604
298.11908 1543.43
312.17599 541.384
327.23874 1855.79
330.18155 693.229
343.15369 975.505
355.13843 654.808
355.23358 811.302
358.15710 674.33
369.19965 1153.04
378.67267 2098.46
379.16812 579.757
405.21591 666.658
420.68475 538.148
428.28549 989.793
429.19604 3437.37
429.69604 1823.5
430.19745 646.792
440.75330 711.203
454.75006 1085.77
456.23087 5298.08
457.23306 1425.64
481.20456 1576.79
485.77182 707.191
487.22568 724.469
493.72415 1443.79
494.22238 1634.02
494.71716 494.003
502.23602 2646.93
502.57300 1708.01
502.72986 5887.31
503.23041 3845.91
503.73300 670.093
509.71835 496.894
520.24683 704.743
530.73932 1625.18
534.89673 4886.26
535.23163 3134.63
535.56372 868.772
536.28345 688.027
543.25812 1360.94
543.75879 749.677
552.26410 2862.48
552.76355 1808.97
553.26111 697.939
559.24683 595.026
559.75275 596.562
566.25696 3316.08
566.75958 2121.9
567.26367 533.198
571.25787 3027.44
572.26019 692.232
578.80865 554.995
580.27045 1107.29
582.29437 820.169
591.28424 491.973
593.28601 817.959
593.79071 637.765
594.52606 596.891
598.25079 493.133
601.79645 1746.33
602.29529 1538.47
602.79626 725.663
606.78802 551.473
609.97125 1536.38
610.30029 1775.89
610.62830 652.827
615.79175 4393.39
616.29266 3343.17
616.79370 1101.26
622.79919 697.862
623.30310 555.927
629.26392 526.53
629.34357 1827.06
629.82306 609.173
630.32996 1054.36
630.43018 509.357
630.65155 884.654
630.99438 1307.82
631.21155 936.215
631.33105 1488
631.41388 1356.49
638.97803 1325.73
639.31018 1771.67
639.64990 507.045
646.81769 551.212
648.30310 2086.4
649.30981 1426.12
656.65271 575.304
656.98309 702.873
658.32306 787.57
658.82269 647.937
662.65833 3061.35
662.98999 3304.06
663.32062 1228.78
665.32227 1347.37
665.82623 1334.89
666.32562 639.061
672.32959 620.981
685.29968 10616.5
686.29852 3894.91
686.64783 580.314
687.30267 1626.4
692.65814 663.926
692.98993 1691.94
693.32385 805.309
704.33087 1411.99
704.82458 661.464
715.99817 1277.01
716.32477 656.266
717.00787 951.936
717.34125 1401.56
719.34088 1118.16
721.66663 2405.67
721.99982 2489.33
722.33362 1447.55
722.67377 653.222
727.38348 573.122
730.34601 1283.03
734.38824 695.172
736.01849 5624.05
736.35052 8680.86
736.68469 2034.38
737.84747 723.385
739.29895 1065.29
743.84833 845.291
752.85345 8295.95
753.35498 5365.69
753.85596 1446.19
756.33630 13217.3
757.33667 5459.81
758.34076 1242.15
759.34515 510.882
760.39203 546.357
768.36725 979.234
772.36627 1179.8
772.69690 1518.66
773.03198 912.857
773.35266 639.977
778.36908 2462.99
778.70331 3152.09
779.03552 2224.92
779.36670 1525.22
780.35889 545.032
788.90057 1774.34
789.39758 1271.53
789.87860 516.295
799.39209 701.202
801.84210 5754.28
802.34155 3677.05
802.84125 1174.69
808.35376 845.081
808.84528 562.96
832.35999 899.336
833.46893 860.397
837.40820 691.879
839.36639 676.663
840.35815 1237.94
845.91431 1682.59
846.41125 1620.4
846.90515 627.569
857.38348 17980.7
858.38434 8017.04
859.38446 2010.36
860.37769 592.455
874.37360 1663.19
875.37054 750.468
876.37396 711.577
882.40240 593.948
889.88068 1137.35
890.38373 1617.15
913.44202 739.814
914.45007 884.817
916.41162 1028.43
931.42670 1247.94
957.96429 608.583
961.39990 3637.05
962.40228 1807.81
970.53839 916.747
973.43475 1336.89
974.44226 1124.87
984.47101 629.081
986.44714 1801.7
987.42871 2566.37
988.43079 1082.73
995.45050 620.364
1002.46655 1833.29
1003.48248 1137.61
1004.45294 20026.2
1005.45270 11520.7
1006.45837 3131.94
1007.45947 684.307
1018.42285 720.129
1030.97278 624.502
1038.48474 879.016
1038.98242 996.463
1060.46851 4280.58
1061.47021 2413.11
1062.47803 827.332
1072.51025 916.781
1073.50598 1034.7
1074.48718 656.58
1081.99414 565.941
1082.49805 909.944
1085.52722 582.876
1086.50269 1013.74
1103.52197 5105.18
1104.52502 3645.12
1105.52295 1013.6
1117.49622 1180.57
1131.50745 12062.3
1132.51196 6496.01
1133.51074 1895.43
1134.50354 577.465
1159.53809 2397.23
1160.54114 1539.49
1173.55994 770.69
1202.58350 1392.08
1203.58813 1220.14
1230.57654 10425.1
1231.57739 7649.68
1232.58215 2925.21
1233.59387 835.766
1244.60767 605.115
1315.63098 1124.03
1316.63184 820.802
1329.64392 5965.4
1330.64636 4163.5
1331.64307 1887.08
1332.62830 742.909
1414.68933 528.311
1476.70618 913.209
1477.72668 729.647
