1739.93625 3
110.07108 1047.42
113.07063 73192.6
114.07381 3907.17
120.08043 23212.2
121.08363 1730.91
124.08061 730.478
129.06625 840.762
129.10194 10147.5
130.08600 1646.44
133.08562 6178.89
136.07539 5477.21
141.06560 4479.59
143.11713 698.713
146.09346 1116.75
147.11250 3740.98
159.09160 877.564
161.07394 42236.9
162.07774 2277.9
163.06927 1185.71
166.08623 1510.03
169.09669 556.481
172.04274 1449.96
173.07373 542.953
175.11900 996.361
177.11177 3366.25
185.16437 6466.29
186.08696 12239.2
186.16850 583.239
187.08974 1226.19
189.06885 13343.7
190.07219 827.455
191.11745 2425.05
193.09714 807.65
213.15936 8102.8
214.16261 595.592
219.11183 3082.89
219.14886 6062.05
220.15227 796.159
221.13777 1149.29
228.13310 731.259
229.12991 589.372
231.11229 1092.6
240.13383 3158.83
242.18581 3556.65
243.13353 660.764
245.07652 2939.96
245.16512 719.787
246.09099 2270.66
247.14365 6004.96
248.14667 645.489
249.15923 1715.44
254.14864 737.361
257.16055 1159.02
257.19666 2427.66
262.12036 551.511
273.15921 1717.54
275.20688 11583.3
276.13333 4715.57
276.21075 1450.49
277.11945 802.23
277.15570 1161.51
279.09564 2610.37
285.15506 3547.06
286.08411 630.916
288.13342 2959.53
289.13644 723.226
298.15085 1744.27
299.17200 1199.2
305.16006 16327.2
306.16345 2603.5
312.22693 1779.78
315.20432 870.67
318.18042 2891.16
322.18622 756.1
326.24316 1906.55
330.18817 554.133
333.15482 18602.2
334.15857 3140.02
339.10959 631.298
344.14435 677.964
347.20706 1210.34
353.21823 2254.42
358.15997 3216.14
359.20667 2871.47
360.22885 3620.68
361.23026 648.131
368.16003 547.565
370.24524 756.68
371.17105 664.162
373.22440 778.044
375.20221 2267.87
376.22998 608.9
380.14441 578.63
387.20142 6124.93
388.20166 1149.67
388.29114 5501.89
389.22208 575.419
389.29221 1295.44
392.18121 3402.31
398.24359 1759.43
401.21631 2867.38
402.22369 593.982
404.22845 11950.6
405.23206 2907.96
408.13934 10391.6
409.14319 1757.26
414.21375 603.313
418.24500 2198.92
431.26376 993.92
432.22308 12375.1
433.22644 2635.42
443.26550 581.689
445.21179 654.692
446.23877 3604.16
447.24002 692.775
454.75424 1413.3
455.25278 785.122
457.22864 1643.89
459.29730 1250.25
460.29355 664.648
464.19962 623.068
470.23727 596.262
471.24478 1502.35
472.28998 1458.79
475.22180 590.44
486.17877 1225.91
486.27118 1382.77
488.28592 1224.27
489.30103 751.047
491.24841 1267.04
493.22656 4639.97
494.23361 964.446
497.30862 701.993
499.32452 2094.84
500.28394 4013.07
501.28735 773.476
503.20901 1745.08
504.28830 1085.25
507.20831 608.318
517.32690 6989.68
518.33002 1995.93
521.22260 15182.7
522.22449 3530.15
527.30042 691.612
531.28693 983.309
545.30725 8573.69
546.31049 2800.84
559.78778 659.294
560.82770 1254.67
563.26489 988.337
570.31250 1917.56
572.28094 1070.2
575.26410 740.112
579.33521 759.498
580.32550 609.159
581.26190 1600.25
581.33600 940.935
585.24518 836.828
592.29449 1922.05
593.30182 628.773
599.35278 1122.74
602.27399 3514.57
603.27710 1438.85
604.33331 955.77
606.31207 2318.52
607.31891 1206.23
610.36768 916.806
613.36237 635.074
614.35547 637.131
616.37946 1809.53
617.37518 577.07
620.28992 7847.86
621.29657 2385.38
630.39484 820.762
632.36011 10266.5
633.36566 2652.75
634.30554 5621.2
635.31140 2018.66
641.33313 1181.88
644.37476 3012.04
645.37805 1064.59
658.39331 958.396
666.77032 1364.57
667.25970 648.424
669.32330 1354.66
669.82739 887.684
683.39282 645.236
683.90063 648.044
684.40082 603.417
688.34442 1097.27
705.37958 2046.88
706.38483 889.083
715.36102 4097.34
716.36200 1378.57
733.37354 7311.94
734.37695 3113.14
742.38184 2733.04
743.37427 768.212
747.38672 678.482
748.39331 618.784
757.46857 613.546
776.43866 1140.39
776.94312 737.912
777.40918 1151.58
780.40594 934.493
795.42279 25596.1
796.42566 10869.5
797.42804 2432.24
814.42920 1029.82
832.43878 1177.55
833.45270 764.649
841.45361 1592.29
846.45721 2132.32
847.45953 1037.8
879.47687 1061.41
890.50116 971.548
908.50562 35596.4
909.50970 16827.3
910.51221 3820.13
970.49066 1629.86
971.47186 583.916
989.56946 1151.31
990.56262 767.901
992.56219 1068.18
1007.57367 31515.5
1008.57880 16285.4
1009.58258 4303.53
1010.58118 889.19
1102.64502 987.722
1103.66284 813.739
1117.57092 973.932
1118.56689 585.906
1120.65747 35174.1
1121.66101 21449.7
1122.66321 6430.47
1123.65881 1200
1219.72717 10107.5
1220.72998 7210.98
1221.73291 2499.12
1366.80042 1153.5
1367.80762 1056.2
