2295.99771 3
110.07098 14029.9
111.07446 530.819
120.08039 1501
129.10197 4598.29
130.08595 1707.75
131.08163 676.696
136.07527 1395.8
136.08656 633.465
138.06593 987.534
141.06587 1161.44
141.10138 566.041
147.11258 4103.56
157.09740 789.833
159.07607 1651.81
159.11261 2555.98
164.08189 696.982
166.06114 518.795
167.08170 629.284
169.13324 2467.54
171.11220 614.974
175.11873 1029.47
181.10808 7939.52
185.09184 1744.3
185.12833 586.563
187.10756 1787.93
197.12827 2086.17
199.07053 814.005
199.10730 813.614
201.08690 1841.32
201.12323 776.921
209.10304 21319.4
210.02527 616.14
210.10654 2110.87
212.10257 2252.76
212.13853 681.146
215.13864 640.97
225.09764 2188.1
226.11794 773.288
226.15492 1864.09
227.10240 1251.79
229.11821 597.771
230.11411 690.552
234.14444 617.255
240.13370 1926.1
244.16515 10823.4
245.07738 763.779
245.16840 1071.51
251.15073 657.624
256.63416 4710.62
257.13593 1572.64
258.14343 552.215
260.19699 832.866
261.62631 2618.87
268.16525 2207.45
270.10709 532.775
270.63138 8858.14
271.13245 2635.05
271.63635 556.628
275.20639 789.504
284.15854 805.276
288.11746 924.134
298.13965 1006.24
306.17014 533.593
313.18549 700.439
314.17010 885.225
320.16547 4424.02
320.66702 1388.12
321.11758 786.968
331.19699 13069
332.20013 1648.87
337.18671 1387.98
338.15915 4887.11
339.16183 952.168
341.14557 1802.17
355.19736 2321.63
355.68378 6553.44
356.16757 3683.77
357.17447 1016.71
359.15518 2095.35
359.26355 690.841
376.19653 600.654
383.19147 859.769
385.20172 1445.85
390.19406 8402.62
390.69632 3983.47
391.19739 835.707
396.14951 553.304
399.19876 3377.52
399.70270 1183.37
401.20117 713.43
424.21918 609.56
425.19217 5156.04
425.73260 2796.14
426.23105 2525.13
427.22000 770.006
430.19058 984.583
431.22940 807.952
433.73904 2137.66
434.24103 713.395
434.73941 566.215
436.25510 1006.47
437.25122 893.495
439.72812 4156.7
440.22983 2229.2
443.20270 10458.7
444.20560 2963.56
448.73541 601.227
450.24411 2651.77
451.24866 662.993
454.22769 1779.59
468.25314 10076.7
468.75180 2152.85
469.25900 1949.76
472.23965 1694.94
473.24014 645.062
482.24954 1667.72
484.25009 697.851
498.25226 712.151
502.26532 1587.3
503.76852 3066.49
504.27094 1813.09
504.77383 737.192
507.17917 1239.38
522.24243 694.453
523.29388 572.169
525.27002 1073.33
529.27094 974.166
529.76825 1169.19
530.27155 772.463
531.26886 695.321
538.27917 5207.31
538.78076 2621.2
539.27472 862.439
540.25421 986.812
543.27655 2017.81
544.27802 659.548
547.28784 870.82
552.27777 1432.13
552.77881 1100.46
563.28052 1188.87
569.28638 1686.04
569.79010 647.646
571.28668 704.413
573.30115 602.924
581.33917 6667
582.34039 1742.59
584.78937 1598.39
585.28467 747.398
587.26837 1526.21
587.76715 1073.36
593.79474 11665.7
594.29626 7567.27
594.79614 2883.82
595.29730 877.091
602.80029 4172.87
603.30200 2677.3
603.79755 856.362
605.30627 970.884
606.25903 659.625
611.33459 1517.99
616.25763 868.233
621.31348 1081.31
622.31805 762.033
623.31366 1603.67
631.81500 1033.58
632.30817 627.879
639.32416 14343.7
640.32739 5355.58
641.33118 1172.66
642.78363 1907.05
643.26160 645.346
643.34680 756.97
646.30988 854.674
652.33636 3919.58
652.83783 1970.33
653.33783 835.321
662.39648 671.972
670.35242 877.851
680.40924 5601.24
681.41266 2206.77
682.35999 1346.55
686.84955 1008.06
687.34332 782.789
688.68103 867.672
689.38416 1016.24
692.34381 2495.04
693.34784 1033.83
694.68457 3201.7
695.01843 3017.04
695.35333 1976.7
695.68451 1037.34
695.85193 2818.06
696.35443 1436.19
696.84552 1038.83
700.68829 6388.36
701.02216 6697.34
701.35614 4822.22
701.68805 2382.75
701.82257 1291.59
702.31995 694.865
703.28241 601.306
710.36133 12275.8
710.82440 2329.3
711.36615 4531.47
711.82458 791.889
712.38397 810.965
716.38477 622.296
717.30560 1355.64
717.80615 1213.72
718.29932 690.228
721.38867 1781.45
722.37665 1055.74
727.67792 1201.5
728.01477 655.789
728.35486 789.39
731.37140 1896.54
731.86945 1647.56
732.37347 1224.79
733.34521 1910.8
733.68091 1897.28
734.01489 1168.52
734.35107 712.121
737.34363 588.186
744.83862 1486.48
745.34729 1492.32
745.82452 662.578
746.37177 621.415
759.81787 1178.32
760.37952 690.066
761.37054 1332.07
763.37531 730.963
765.35321 2202.27
765.86011 1201.78
766.31787 732.724
766.42590 1564.26
767.44348 9894.19
769.40063 1282.44
779.38184 15892.2
780.38739 8108.17
780.85077 989.566
781.38873 2099.45
783.31195 740.169
797.39301 13809.5
798.39575 6035.53
799.39966 1442.02
809.44714 1309.67
810.46100 744.202
814.39276 648.199
818.42120 1000.55
820.42773 1637.52
820.92780 905.05
829.42798 5003.06
829.93378 3540.4
830.42914 1914.67
830.93188 813.301
832.39258 831.83
835.43683 1151.62
848.47021 647.223
852.87866 2279.79
853.38019 1206.16
863.93994 649.807
866.47247 4920.73
867.47156 2517.26
868.47766 2032.9
869.91534 607.07
870.42535 655.196
872.94647 2171.58
873.44385 1426.09
873.95270 694.598
874.40228 1073.04
875.44586 8881.82
876.44556 4381.34
877.44800 1224.74
878.44629 6053.99
878.92023 2299.33
879.44592 2763.45
880.45160 845.803
885.94421 636.571
896.46405 4941.44
897.46875 2206.02
898.47870 829.039
900.45026 720.28
913.45508 1026.55
917.48297 903.361
918.47186 1992.4
919.47583 786.678
921.93457 1082.8
928.95361 770.291
929.45099 1300.13
935.49481 4708.47
936.49683 2201.47
937.49567 1302.05
938.47339 611.589
943.41071 1205.86
944.42316 706.099
945.46960 608.391
946.47705 2043.36
946.98065 1543.4
947.48181 966.961
961.43396 2240.13
962.43970 1229.47
964.47211 678.057
978.43518 660.94
979.46149 753.157
982.49908 742.66
988.53015 5750.69
989.53308 2801.94
990.53558 846.179
995.45679 688.828
995.97455 654.142
1006.53296 3211.3
1007.52338 2032.01
1008.52856 805.847
1015.45911 629.356
1025.50891 2290.31
1026.50610 1592.88
1027.51428 801.494
1033.47034 2532.94
1034.47107 1315.61
1035.48621 652.161
1057.54492 706.364
1058.52820 3258.83
1059.56531 6578.86
1060.57422 3114.89
1061.52881 2102.52
1062.52429 981.099
1075.55286 3118.21
1076.54907 2451.02
1077.55066 866.516
1093.56238 1647.08
1094.53369 1995.76
1095.52771 1562.78
1103.53857 766.993
1104.51648 618.229
1156.50403 1286.16
1165.56042 789.278
1166.56702 865.136
1168.56641 897.746
1169.55066 641.411
1172.66565 1865.36
1173.50024 1971.29
1173.72778 741.172
1174.51050 904.115
1186.58301 6482.59
1187.58240 3693.25
1188.58716 1212.67
1204.59436 15373
1205.59436 9622.78
1206.59802 3038.8
1207.60486 905.016
1222.61072 1287.4
1223.60266 687.251
1284.55823 2507.46
1285.54993 1533.2
1286.58484 742.368
1302.55823 1885.62
1303.66370 2014.92
1304.67773 1647.62
1305.68054 747.759
1372.71301 894.375
1390.69592 3581.46
1391.70178 2439.51
1392.69946 1008.03
1401.63757 837.837
1461.72974 2380.35
1462.73706 1533.82
1463.74243 774.878
1488.65601 1389.38
1489.67786 1104.89
1559.70557 853.797
1560.71057 681.31
1632.80334 661.267
1633.81116 950.447
