1713.83695 3
110.07100 7090.1
111.07432 382.785
112.08614 449.506
120.08056 1001
129.10201 3327
130.08638 467.449
136.07558 504.989
140.08145 370.116
147.11266 664.082
157.10829 651.923
166.08571 481.116
175.11861 1328.71
179.09267 369.149
185.16476 806.332
197.12866 549.186
207.08792 760.414
215.13884 455.149
223.15450 473.625
226.11732 598.442
240.13347 489.141
243.13327 334.709
244.16512 559.815
251.15002 1580.7
255.14473 1690.22
272.17148 2072.66
281.11221 374.487
285.16669 403.115
295.13800 424.237
313.14999 337.739
320.17123 963.966
340.68857 484.879
349.20291 1921.83
349.70520 511.657
378.14328 558.394
383.71289 953.918
385.25610 586.048
406.13196 496.915
411.73145 1431.93
412.23404 460.031
415.17206 397.171
416.72427 366.987
425.72916 2417.62
426.23239 1044.49
443.26968 381.949
451.23761 567.461
451.74286 369.251
452.24228 3887.1
452.49179 374.089
452.74478 1465.22
460.23996 7280.26
460.74155 3196.02
461.24539 878.533
469.24728 1056.16
469.74478 550.092
471.26605 880.308
472.28711 2503.76
473.28757 496.936
494.77185 877.586
499.93423 361.318
501.23181 1613.95
501.73181 721.766
505.28021 1306.69
505.60928 1309.56
505.94467 511.515
508.78281 1343.18
509.23004 1616.95
509.73242 703.604
511.28052 657.397
511.61514 755.371
522.25250 870.845
523.29999 396.575
523.54095 358.284
528.28357 424.678
533.29126 1726.73
533.61969 5335.97
533.95380 3470.45
534.28613 1408.09
537.93170 1158.03
538.26514 678.669
538.59528 749.66
538.92358 370.909
539.29309 31480.6
539.62616 26420
539.96051 12150.5
545.29547 1434.15
545.62970 1775.26
545.96338 789.254
558.27252 453.624
564.29541 408.869
565.94513 567.478
566.28296 678.055
566.61450 533.478
570.84320 399.683
571.27802 1399.07
571.35114 579.984
571.64832 685.214
571.82544 739.652
571.95056 4667.21
572.28064 3995.67
572.61664 1726.43
572.79639 779.826
573.30005 722.005
599.95941 484.294
600.30469 8038.11
601.30719 2253.45
607.30524 946.618
607.80353 864.411
616.31311 495.046
626.59595 489.907
649.85016 413.538
656.29376 386.426
663.84686 490.731
664.35199 936.627
664.85175 397.403
666.36005 548.231
672.85608 491.031
679.38898 626.022
685.39929 2194.94
686.40387 655.518
695.38281 674.089
696.37286 463.197
697.39838 12823.8
698.40161 4208.22
699.41034 581.789
713.39398 9586.81
714.39667 3079.19
730.39539 412.446
766.41937 4776.01
767.42200 1955.5
784.43341 1184.23
785.44244 414.502
793.35120 740.101
794.42615 799.429
795.41528 408.677
846.38483 653.219
850.45813 1182.64
851.47339 395.33
864.39197 826.679
903.47821 1436.66
904.48608 611.76
919.47443 1681.69
920.47601 692.291
