1225.57781 2
110.07099 1092.72
112.08698 221.696
129.10201 12835.2
130.08603 1663.92
130.10492 543.143
139.08661 320.976
141.10178 300.434
143.11743 185.177
145.06058 207.191
147.11249 2606.86
151.08656 265.55
153.10170 249.835
167.08144 411.958
167.11781 215.869
169.09691 1653.54
169.13341 546.224
175.11865 576.978
185.12756 300.359
186.12334 5314.19
187.10747 1898.46
187.12732 333.483
196.10832 508.287
197.12782 654.94
198.08731 646.833
198.12236 328.545
199.07120 335.518
199.10699 434.299
212.13829 259.241
215.10239 1585.71
216.09644 658.946
216.13385 1328.95
217.11826 231.77
222.12311 500.007
224.10248 558.367
225.13400 287.89
226.11803 225.469
228.13315 246.771
234.14436 5362
235.14764 243.321
238.11815 289.011
249.12383 319.156
250.11707 581.597
251.14961 296.553
255.14336 249.368
265.12946 373.275
266.11392 223.834
266.14890 699.676
272.12326 462.481
283.13962 2915.13
284.14313 327.409
285.00769 204.671
287.17136 289.468
295.17639 424.184
300.15295 283.883
301.14993 1064.99
309.15524 224.691
311.13477 424.479
321.19098 583.001
323.17157 337.51
325.18631 1405.54
326.18414 540.233
327.16449 649.083
338.18164 321.653
339.20178 262.491
340.16534 212.153
340.19800 230.546
342.68607 370.831
344.19226 3078.8
345.17474 4083.58
346.17911 596.179
349.18759 943.645
355.07303 200.549
355.69489 496.382
356.19330 636.257
357.06744 408.32
362.20273 2881.65
363.20526 357.905
364.12653 202.871
364.19724 320.151
366.18179 343.044
366.20895 368.302
382.20621 633.037
384.18903 390.497
394.20654 591.559
400.21899 460.137
402.19720 502.582
412.21729 564.22
419.73972 214.918
434.20285 283.892
435.24509 319.001
439.23590 267.153
439.74438 256.601
448.25247 531.766
448.75482 230.157
451.22897 653.873
453.20834 390.505
457.25720 201.043
461.27094 547.204
465.17200 254.036
465.24402 716.407
466.28033 347.402
471.21664 593.25
477.24393 1191.27
477.73453 371.918
478.24530 334.684
483.25726 293.017
492.75699 261.844
496.76004 264.109
497.24533 220.66
501.26453 613.925
505.76581 646.74
506.24368 407.926
526.26215 208.918
534.31207 289.139
538.26111 351.861
540.31378 619.748
541.29785 367.811
550.25891 207.455
552.27209 931.389
555.30396 214.729
558.32275 5308.75
559.32599 1139.43
563.75421 213.611
564.27081 487.412
569.20129 203.369
570.28497 852.151
571.28583 208.786
609.33344 385.929
610.31842 406.914
621.33838 216.138
622.29126 315.879
623.31091 342.36
627.34467 2219.99
628.34717 555.865
631.31885 201.253
645.35675 652.943
649.32813 715.455
655.33954 362.174
662.35919 270.081
666.35730 406.55
667.34045 790.507
675.34009 330.826
676.33179 276.914
684.36609 3305.08
685.36810 1326.97
693.35565 2817.51
694.35822 944.223
707.30914 208.895
710.38159 2804.45
711.38568 981.656
720.40845 234.387
722.38605 264.078
725.31989 333.122
728.39227 2555.27
729.39563 823.238
730.38983 321.372
731.38068 245.184
737.31836 453.812
746.40540 986.096
747.41144 311.772
748.39978 613.556
749.40289 308.627
751.37805 229.921
766.41492 254.079
767.40143 238.988
777.38336 401.832
826.37018 607.51
864.41296 218.923
869.48053 264.093
895.49609 791.871
896.50098 426.186
913.50977 373.903
914.50922 218.004
931.52155 212.217
984.51233 289.545
993.49408 203.514
1010.52338 874.218
1011.50763 459.548
1028.53784 318.702
