1739.74199 2
110.07117 6751.49
111.07413 282.068
112.08672 303.57
115.08658 383.102
120.08068 4716.94
121.08424 346.935
127.08675 254.342
129.06627 355.888
129.10226 2564.43
130.08624 717.928
131.11780 282.224
133.04289 2103.39
136.06160 496.066
136.07570 3563.15
137.07870 339.658
141.10257 276.711
143.11795 428.527
147.11263 1290.82
155.08159 565.786
155.11797 274.929
156.07693 249.285
157.06026 320.416
157.09700 347.91
157.13370 275.829
158.09213 479.772
159.07652 468.786
159.09146 1133.15
159.11287 248.759
166.06114 272.501
166.08624 1366.08
167.08211 386.338
169.09738 487.885
169.13329 384.799
171.07649 362.699
171.11308 288.928
171.14926 699.617
173.12834 2308.61
174.13226 209.124
175.11885 1912.75
179.09282 413.294
181.06110 366.188
181.09776 255.977
183.11235 448.021
183.14928 445.207
185.05573 841.881
185.09270 415.425
185.12799 267.162
185.16484 2674.18
186.08705 794.737
186.12222 248.219
186.16861 248.997
187.07120 291.128
187.10739 343.059
189.08730 280.668
195.07721 290.418
195.11151 208.598
197.10284 366.62
197.12874 874.72
199.07152 538.509
199.10809 298.253
199.14424 456.384
199.18004 292.839
200.13863 307.706
201.12338 1773.62
202.12753 189.979
203.06743 188.043
203.10381 224.422
205.09702 333.114
207.08792 721.001
210.02475 462.707
211.11917 2440.96
211.14433 311.972
212.10263 392.45
213.08629 435.93
213.15984 2866.64
214.16687 265.12
215.13873 1006.95
216.09758 205.327
217.08226 982.626
223.15575 327.159
225.09843 1632.63
225.12239 292.078
226.11789 633.579
226.15518 210.371
227.06680 281.797
227.10219 489.988
227.17375 294.891
228.14658 1502.27
229.11365 284.796
229.13383 219.296
230.06065 542.341
230.10934 189.046
231.09848 426.898
234.12308 263.992
235.10698 576.979
239.11456 193.578
240.09834 278.64
240.13351 554.805
241.08206 189.971
242.11308 241.454
242.14964 399.46
243.13287 549.414
244.09354 237.546
244.16559 194.016
245.07681 1659.89
246.12613 331.977
246.18181 251.088
248.06998 353.359
249.15768 210.612
251.14980 506.337
252.13396 223.48
253.09453 292.838
254.14815 258.897
257.12482 374.733
257.15915 203.723
258.05396 286.801
258.09088 334.986
258.14404 664.035
259.03912 479.827
259.09158 259.736
261.09006 290.947
262.11700 266.537
263.10233 294.996
265.13379 200.999
266.14670 236.093
269.12427 218.639
270.10751 552.109
270.14447 472.632
272.17349 485.883
274.12161 660.358
276.06464 5049.97
277.06830 512.245
278.11264 225.585
279.17010 813.354
281.11288 623.878
288.13800 275.172
290.16174 366.411
292.17725 236.582
293.11050 440.604
297.15671 300.206
298.14014 584.695
307.14307 482.929
312.15344 322.322
312.22711 507.757
314.09668 280.061
314.17001 221.582
315.11230 218.067
319.17120 237.189
320.17239 404.418
323.17120 207.679
326.16931 271.645
329.19360 1016.4
330.16541 251.094
334.18738 543.18
338.18100 537.394
341.18463 351.573
344.12540 274.02
346.66019 227.642
350.13275 438.897
351.16382 197.238
352.16187 520.026
355.16568 256.765
357.18768 1296.82
358.15848 399.04
361.15213 533.982
366.20209 999.685
366.70370 267.36
367.16605 235.605
374.17349 196.752
375.20139 424.939
377.11145 596.168
380.19827 2482.9
380.69968 1107.71
385.16711 206.97
387.09668 558.848
389.14886 754.396
389.20554 1002.69
389.25040 319.909
389.70636 406.185
398.14526 321.846
398.21198 285.12
400.71149 445.624
401.20691 380.532
403.14227 237.544
403.20477 429.361
404.19476 753.496
405.10696 4739.99
406.11279 612.014
407.19733 230.86
408.19299 243.094
409.17935 222.712
409.71716 722.244
410.21796 269.832
414.70920 4048.98
415.18350 2187.21
415.22177 748.797
415.68539 794.557
416.18875 286.649
416.23221 226.107
421.21765 555.467
423.71466 5399.27
424.21631 2466.76
424.71774 450.571
426.20901 10628.9
427.21335 1956.88
428.22153 233.495
429.18637 5205.52
429.68732 1980.72
430.19003 457.074
432.24643 274.249
432.71890 1441.55
433.21930 630.241
438.19455 286.294
444.22092 597.636
449.70035 783.619
450.19403 1082.51
450.69525 341.914
452.21225 346.365
454.69223 278.72
457.25323 1072.05
457.75424 790.296
458.70370 1068.58
459.20343 459.352
461.21649 1337.21
462.21127 280.4
463.69751 7161.42
464.19858 2868.8
464.69980 780.48
466.25879 1229.34
466.75983 719.108
470.22003 322.52
471.25244 1434.04
471.75275 538.82
472.18219 283.375
472.70276 4659.17
473.20428 2096.77
473.70532 532.529
474.12805 237.934
475.26376 328.36
476.17993 662.226
480.25494 997.196
480.75671 394.829
490.19421 354.711
490.23257 257.116
496.19177 369.559
498.20999 427.973
506.23911 1311.18
506.74133 540.861
514.76837 612.426
515.24506 1418.03
515.74670 742.365
516.29358 266.349
518.18994 935.451
519.19196 223.928
520.23969 1260.81
520.74213 580.175
523.26129 620.89
524.18652 2120.41
525.18646 247.472
529.24426 542.629
529.74524 222.209
532.24976 221.537
534.30554 267.344
537.27112 226.315
546.27478 506.206
560.27173 733.974
560.77222 552.753
561.27631 306.811
563.75433 392.706
564.25214 352.911
569.27844 254.295
572.28027 432.964
572.78326 315.265
577.31177 226.713
587.20056 276.094
587.26819 216.814
594.33557 4811.82
595.21478 416.629
595.33746 1446.14
595.75958 275.349
596.27484 424.778
596.76587 264.662
600.26404 247.163
600.76282 404.221
601.27271 260.658
603.34894 347.945
604.32935 286.538
605.23370 322.257
605.31293 324.053
608.77954 940.231
609.27167 1043.63
609.77026 566.025
612.34729 1295.94
613.23895 2128.87
613.35803 293.378
614.24139 439.717
617.78455 4911.13
618.28589 2885.31
618.78571 1228.79
619.28387 551.428
621.24756 1154.64
621.77380 294.008
622.33044 5517.28
623.33380 1498.09
624.34766 314.439
626.78912 1515.25
627.28882 877.454
627.79449 314.4
640.34033 1808.25
641.34479 529.874
648.32135 291.176
657.76349 435.297
658.26764 327.956
658.76190 225.32
659.30902 226.36
666.77307 2262.47
667.27258 1336.17
667.77429 657.61
668.31415 670.595
668.80768 659.54
669.30396 211.62
673.29895 462.725
674.30450 311.047
677.31799 236.876
682.30542 1016.05
682.80621 833.908
683.30414 356.214
689.38556 251.203
691.30695 445.447
691.81537 286.063
692.31189 3494.92
693.31689 1081.57
694.32404 284.028
696.26837 224.5
702.28918 236.079
714.28491 476.93
715.40002 370.957
716.34094 258.973
717.79431 211.256
719.35614 454.527
720.30597 4960.4
721.30896 1570.86
722.30280 438.601
724.27209 427.737
731.39282 2617.4
731.80438 241.357
732.39453 1134.65
733.40417 313.214
741.37775 247.769
742.28662 989.51
743.28717 297.418
749.40564 834.921
750.41370 225.987
759.38922 3757.9
760.39203 1394.71
772.39447 363.922
772.90485 334.629
777.40094 1646.41
778.40564 542.031
781.40283 333.618
791.35144 314.107
802.41858 235.629
807.32361 522.544
808.32892 232.045
809.35657 892.573
810.35938 332.388
818.43036 815.542
828.40967 1213.26
829.38562 904.372
830.37714 311.287
832.43976 336.188
836.44427 297.039
846.42102 1600.37
847.42395 732.72
857.36462 1643.09
858.36438 550.419
864.42981 524.163
865.42505 224.361
872.44531 1381.54
878.37628 223.123
908.36664 394.3
909.36182 313.643
910.39441 219.78
913.50970 364.615
914.50568 386.143
926.38092 1161.82
927.38177 516.122
931.51196 2330.06
932.51282 1086.19
933.52734 298.997
938.39563 372.541
941.49323 244.541
942.48804 229.634
944.38763 269.714
949.52264 861.778
950.52368 446.49
958.52612 313.669
959.50708 1161.8
960.50391 661.521
970.49329 279.368
976.53687 249.968
977.51447 588.234
978.53766 230.01
1007.42145 222.968
1011.48254 259.359
1029.47998 251.314
1039.48157 316.581
1063.45105 216.062
1066.42310 310.925
1076.57361 253.197
1091.54504 232.315
1117.56836 383.93
1156.65198 234.42
1162.57556 233.47
1217.53638 295.102
1234.56396 1097.43
1235.56653 777.427
1236.56946 292.725
1252.57446 492.444
1253.56396 483.934
1335.60144 376.993
1336.63062 215.955
1337.63525 235.292
1363.59521 369.949
1364.60168 260.526
