1455.80262 3
107.04907 410.628
110.07097 2369.45
112.08676 790.166
116.07056 479.277
120.08051 27915.8
121.08388 1634.83
123.11664 480.22
129.10204 9242.35
129.11223 400.563
130.08600 1940.78
130.10431 485.755
133.59006 619.936
136.07549 16461.6
139.09764 3422.37
140.08119 608.748
141.10208 937.762
143.11781 660.508
146.04436 570.73
146.11766 512.072
147.11258 3606.14
147.58682 1085.54
155.08131 562.379
156.11287 721.294
157.10788 1400.22
158.09242 1622.47
159.09123 1387.54
159.11252 3971.15
170.05975 892.917
173.12808 5344.94
175.11865 11445.1
176.12254 698.639
180.08885 526.399
185.09196 1333.56
185.12762 433.351
187.10735 1724.96
191.12804 447.493
199.18047 1680.58
201.11008 850.642
201.12485 3463.63
202.12729 540.667
206.10919 574.893
207.11212 690.826
210.02510 442.844
213.08670 6651.29
214.09013 672.582
214.62167 1450.57
215.13609 460.734
217.63434 2181.73
223.10670 601.446
227.17491 2193.97
228.14500 849.99
232.11923 461.749
233.09291 563.238
235.11972 880.268
242.18576 1682.14
245.17229 414.208
246.18042 735.225
249.12622 954.277
249.14371 1141.25
251.10245 1048.43
252.14700 450.411
253.62668 24120.5
254.12805 6350.81
254.62874 903.271
256.12933 473.582
257.19653 821.009
257.68793 466.214
259.09134 1334.27
260.11252 2201.64
265.64493 985.743
266.13513 781.653
266.17160 2369.46
271.17578 4332.14
272.17331 655.82
274.14011 538.483
274.64984 632.897
275.20721 4009.54
277.13776 3313.69
282.17957 796.551
288.20227 5045.09
289.20557 750.069
294.16669 16494
295.16962 2204.92
300.19073 654.578
304.16150 1745.08
312.15536 2082.88
312.65555 406.853
314.20837 3162.1
314.68729 533.171
315.21228 604.674
321.16058 8710.65
321.66220 3239.07
324.10083 458.928
330.14352 658.532
332.13443 623.549
332.19202 1643.36
334.17487 461.09
335.15808 6788.59
335.65979 2068.59
342.18759 3593.46
343.16669 436.21
348.15231 760.732
350.14569 434.185
355.67026 1214.99
356.16580 935.653
360.66190 800.776
364.67703 2224.58
365.17798 859.545
369.20947 760.208
369.66861 17433
370.17029 6624.88
370.67056 1496.86
376.14966 1386.47
378.67422 8175.21
379.17545 2990.27
384.19913 475.255
384.26022 2499.23
385.25772 786.395
388.29105 1722.94
391.55118 467.018
391.88638 547.282
399.20651 414.191
401.22467 5312.8
401.28622 15080.9
402.23065 662.625
402.28888 3168.32
405.20624 1823.9
405.70633 724.026
406.15997 2391.9
407.16013 485.313
408.24377 582.266
408.70242 599.324
411.20905 3732.07
412.18784 406.227
414.20972 628.925
417.17722 475.758
419.20340 574.941
427.29349 414.187
428.20181 417.28
429.21936 18638.4
430.22388 3193.31
434.26114 990.472
437.17545 456.782
445.17120 2246.72
445.27747 1160.29
446.17477 478.086
453.71243 517.941
458.24338 631.836
462.24756 694.705
462.57785 497.28
462.71918 2679.31
463.18112 1523.56
463.72186 441.986
467.10074 615.304
471.72449 903.665
472.22568 447.615
484.32098 440.723
485.11328 715.534
485.33261 457.946
485.77689 941.796
486.23703 3990.41
487.29840 1772.75
489.21994 1195.99
490.22635 495.928
494.90298 562.598
495.23816 930.776
495.57135 466.962
497.34985 465.12
498.33771 463.331
499.32462 951.714
500.31982 424.328
506.24570 24937.3
507.24832 6318.32
508.25220 1139.24
514.37036 14246.5
515.37274 3942.29
516.31342 2537.27
517.33246 1972.49
525.30243 796.255
530.28180 454.057
531.26251 773.381
532.27130 691.296
546.27728 664.292
548.29370 7275.91
549.29810 1522.41
558.28168 971.202
559.26135 872.272
565.27930 1341.77
573.25995 467.905
576.28784 10982.8
577.29004 3019.22
583.39215 1595.15
584.37842 1339.39
585.37317 1231.04
587.31299 430.908
601.40186 58300.9
602.40491 19236.2
603.40717 3322.88
610.35394 774.754
615.38110 1456.65
616.38983 579.2
628.36456 1828.2
629.37122 515.355
636.33862 926.69
641.31213 1174.98
646.37671 3454.47
647.38068 757.622
650.37079 585.489
654.34253 887.394
669.30792 8238.37
670.31238 3466.11
671.31897 853.992
678.36517 1974.66
679.34747 1396.88
680.34814 477.993
682.45850 672.917
695.36102 1460.28
696.36365 445.607
700.47058 15115.7
701.47382 5732.13
702.47443 1294.1
710.33374 836.284
711.32867 873.086
721.30676 798.488
723.35730 2106.98
724.35889 903.355
726.32880 1312.38
727.33496 678.699
728.34637 5383.56
729.34839 2210.2
730.34100 657.899
738.33008 17365.6
739.33185 7354.4
740.33282 1487.31
756.34094 17038.4
757.34338 7070.98
758.34314 1535.46
769.49237 1354.89
770.49371 586.14
775.43732 523.348
778.44128 614.646
783.40540 730.615
787.50159 14274.7
788.50488 5927.02
789.50555 1196.48
793.44366 3626.43
794.44641 1459.55
801.41528 563.734
809.41327 427.203
824.41327 477.491
827.41364 4535.67
828.41760 1969.86
829.41510 495.464
841.42737 650.433
842.42255 418.916
852.39441 897.918
855.40955 2453.97
856.40796 1155.24
873.42780 428.536
914.44727 726.317
924.43127 2348.25
925.43652 1104.47
932.55225 458.959
942.44104 1595.89
943.44763 1046.21
950.56366 5505.63
951.56665 3162.47
952.57819 813.224
981.43976 970.887
1065.59241 2719.38
1066.59729 1449.85
1067.60498 513.418
