2365.33152 3
110.07106 907.363
116.07036 2182.23
120.08061 3317.12
121.08397 206.004
129.10216 1785.63
130.06488 308.398
130.08604 330.898
131.11794 246.016
133.04321 332.195
136.07559 2006.45
143.11804 378.249
147.11272 740.666
157.13341 651.043
158.09180 184.77
159.07594 255.348
159.09143 1040.1
169.09601 197.523
169.13339 202.31
171.11278 488.011
173.05527 359
173.09180 373.423
173.12801 510.499
175.11879 1884.6
177.10226 707.745
183.14893 420.059
185.12823 704.251
185.16487 705.55
186.08656 182.6
187.07129 1261.16
187.10768 633.86
187.14365 766.954
197.12851 414.056
199.17984 751.871
200.13896 449.701
201.08723 707.277
201.12286 812.237
205.09689 596.504
207.11255 229.075
211.14413 516.761
213.08641 315.99
213.15955 591.411
215.10216 667.917
215.13899 755.417
219.11349 197.173
220.09151 260.7
221.12805 1268.51
225.12346 184.933
226.15401 270.727
227.10249 2044.33
227.17532 692.611
228.13416 529.072
231.09680 237.295
233.16403 302.346
235.10611 265.121
235.14326 359.411
240.13342 481.618
241.08109 228.441
242.14941 979.045
242.18454 241.29
243.13326 353.15
244.09238 190.815
245.07634 378.378
246.12675 208.74
249.12300 1090.47
249.15984 319.984
254.14943 262.518
258.10794 890.364
258.14435 367.537
260.19559 186.167
261.15829 293.127
262.12091 203.202
263.10303 222.019
272.14163 349.722
274.12119 231.914
275.17157 196.47
276.13336 359.477
277.11832 484.406
277.15512 245.948
284.08594 248.293
284.15973 409.055
284.19733 274.493
289.16177 1452.28
290.16562 189.266
300.15442 336.412
302.09766 990.14
302.17328 205.226
307.14221 265.356
310.21207 806.951
314.17123 230.473
316.11252 830.701
321.22876 209.743
327.13074 219.442
330.12924 322.966
334.13812 285.355
339.23874 440.496
341.21738 396.053
342.20239 191.75
349.22098 224.968
355.15662 251.812
358.15872 295.056
362.20602 313.706
371.22513 424.568
373.13458 500.332
376.18542 217.036
385.21942 438.326
395.20538 304.985
399.22681 294.545
401.16513 215.656
402.24561 2705.65
403.24863 419.795
405.17542 378.515
415.18155 336.212
423.29718 667.59
429.19531 320.802
438.30688 1389.59
439.30835 312.563
440.24341 244.787
470.29913 265.004
490.29459 729.291
490.79593 266.545
501.31390 4028.75
502.31662 1099.25
516.18811 345.795
528.26208 208.998
530.20844 361.929
536.38013 409.729
542.28174 205.235
551.39044 1846.04
552.39484 637.333
555.26398 299.822
569.31073 220.878
571.32971 579.844
583.38208 244.361
587.22870 269.252
597.34082 627.468
597.84271 538.731
614.39777 2917.42
615.40057 911.552
625.85382 696.726
626.35626 520.075
641.34686 236.344
643.28546 236.786
664.47443 2369
665.47845 845.394
668.34406 311.295
669.34943 291.952
676.38110 502.061
676.87708 217.949
681.36682 335.663
690.37317 877.179
690.87494 596.611
691.37622 302.282
715.44659 4413.54
716.26422 345.614
716.44904 1662.72
725.89099 903.755
726.39282 460.268
729.41669 332.271
734.35529 254.321
735.51196 1200.57
736.51599 524.173
760.36682 238.075
766.45593 1398.29
767.47498 362.869
784.47327 347.086
785.45758 493.4
788.48230 448.04
789.01013 215.894
789.41656 709.06
790.36163 859.289
791.35413 258.067
802.47607 11105.4
803.47894 4863.58
804.48175 1091.96
858.46155 214.522
860.36389 214.759
864.55139 1221.89
865.56110 488.86
866.46790 233.609
876.49475 416.322
877.51794 392.11
878.51794 470.846
879.52661 766.668
880.53235 244.299
882.44299 482.705
897.55261 301.768
900.38556 263.869
915.56152 5026.68
916.56494 2384.79
917.56360 587.782
922.47803 379.462
945.53644 512.836
950.57739 244.041
961.56488 345.374
965.56445 339.494
976.59821 221.774
977.60107 460.846
978.59143 779.958
979.58356 3598.47
980.58307 1945.91
981.59106 543.474
986.59772 3442.39
987.60175 1952.49
988.60645 393.754
993.50751 258.724
1002.94659 254.13
1008.50885 219.427
1024.48950 293.85
1035.56543 223.248
1045.50159 1285.28
1046.49854 315.938
1049.42273 469.59
1058.61719 357.475
1077.69104 260.813
1078.65308 1784.86
1079.65515 977.334
1080.64771 309.464
1112.61963 287.639
1115.65503 420.877
1116.65137 216.194
1121.59753 271.824
1129.66699 577.831
1130.66309 263.227
1137.63232 373.705
1144.56799 502.341
1150.46130 578.559
1151.46057 317.264
1172.67126 1030.02
1173.66272 587.949
1174.67285 259.863
1186.68628 906.574
1187.68542 709.992
1193.67688 1227.41
1194.67871 916.281
1195.68079 341.327
1206.70215 492.233
1250.69543 1218.08
1251.69934 862.665
1252.69324 383.524
1257.65723 271.242
1263.54041 530.657
1264.55676 337.25
1266.65369 261.467
1267.66455 241.994
1279.66638 248.129
1287.69348 990.472
1288.68774 798.878
1289.68420 255.18
1333.74170 513.47
1334.74756 690.24
1335.74121 1594.39
1336.74658 639.942
1337.69714 364.528
1361.73596 285.133
1376.64734 369.398
1377.64478 319.556
1379.74756 838.132
1380.74622 697.331
1381.75049 321.035
1432.77625 232.348
1450.78125 1202.43
1451.77734 1076.61
1452.79529 511.217
1462.80200 255.208
1463.80713 327.472
