1574.57195 2
110.07114 723.428
115.08692 207.807
118.03210 697.778
127.08662 432.53
129.06728 234.844
129.10225 7543.81
130.05046 255.489
130.08623 1722.71
130.10547 468.879
135.05867 297.58
136.06175 2958.71
139.08705 213.569
141.10165 227.253
142.08612 524.557
143.11790 329.45
145.06081 331.279
147.11276 3746.73
155.08162 584.968
157.06070 298.986
157.09727 440.987
167.08156 292.04
169.09720 937.654
170.09230 962.679
170.11731 424.652
171.11278 283.046
173.09221 357.297
175.07091 211.994
175.11880 706.726
181.06061 466.144
185.05560 779.523
186.12383 1947.76
187.10768 10752.8
188.11124 808.56
192.04221 495.118
197.12859 846.489
199.07149 1179.24
199.10719 235.592
203.06668 337.918
204.13428 6634.12
205.13809 495.516
209.09084 276.36
213.08661 355.921
213.12311 221.382
215.10207 1671.51
215.13892 18603.5
216.07896 221.047
216.14294 1844.61
217.08170 1306.98
226.11913 566.773
226.15355 287.935
227.06641 3138.65
227.10135 304.796
228.06973 233.897
231.06068 495.013
231.09787 407.36
238.11897 216.257
240.13394 866.031
241.08176 1159.25
242.07704 3739.72
243.07547 344.868
243.13385 12281.8
244.09410 200.742
244.13823 1260.54
244.16461 236.644
245.07663 7107.45
246.08054 572.648
250.09517 323.463
254.11208 223.318
256.12848 312.225
258.14496 314.532
259.09027 774.721
264.06329 942.392
268.09171 202.801
272.12433 638.507
273.15503 1047.37
280.12885 803.434
286.10266 304.915
286.17523 725.57
291.16608 13057.8
292.16919 1547.23
296.08719 746.231
297.17807 282.783
298.13916 1110.11
300.08209 349.849
307.10379 231.338
308.08667 337.911
312.04889 2024.87
314.09833 1452.98
315.10031 197.111
316.15045 425.352
318.09384 437.897
318.14774 1011.91
319.16138 476.947
322.14066 313.313
323.13486 274.724
325.11319 276.402
326.13446 1203.52
330.05951 1390.42
338.09827 212.397
340.14923 620.045
341.14557 1270.35
342.09265 734.476
343.12515 1117.24
344.14645 457.89
353.10968 1246.01
356.10849 850.897
357.10556 677.891
358.16052 17605
359.16345 2854.06
360.10300 633.69
360.16309 377.209
369.17325 238.515
370.16962 238.991
371.11969 4224.72
372.11954 532.126
374.11926 758.066
383.14688 308.918
388.18204 1757.89
389.15494 360.97
393.21188 196.524
397.13477 321.542
398.11157 339.565
399.11697 205.82
406.19281 9438.75
407.19559 1522.66
410.16684 413.528
411.11362 356.497
415.17834 224.726
416.18192 320.282
422.12759 240.333
424.17923 250.979
425.13022 497.804
429.12494 656.933
429.23474 1088.28
430.23886 247.005
436.14896 293.916
437.13235 265.117
438.16309 409.368
440.14096 448.332
442.19138 419.404
443.14133 828.71
447.13745 257.9
450.12292 350.229
451.02396 351.571
452.03470 297.834
452.17700 625.1
453.12457 535.589
454.15317 410.642
456.17270 494.697
464.13989 450.018
468.13501 800.6
470.18790 916.22
471.13654 886.012
472.17044 472.132
482.14911 1502.19
483.14856 307.899
485.20056 403.021
486.14352 631.272
489.14374 640.456
498.17993 205
500.16232 3188.87
501.16586 828.297
501.68597 1008.46
502.18878 284.839
503.21017 1303.8
504.20410 305.89
510.69098 3452.8
511.19254 1435.66
511.69260 329.248
512.15692 255.166
521.21960 9040.49
522.22272 1910.56
523.22083 332.036
533.16498 260.951
540.15460 609.026
549.19391 491.27
551.16931 412.465
554.21075 228.347
558.16736 971.472
559.16614 309.415
560.22955 457.195
560.72266 231.796
561.14929 314.65
565.20557 235.223
567.20380 1486.27
568.20435 299.131
569.17932 672.539
576.17584 266.82
579.16663 1040.93
580.16754 240.995
583.16260 266.946
585.21411 847.079
586.16278 203.228
597.17694 2317.01
598.17804 643.643
599.23639 376.541
604.17450 211.403
614.24530 531.747
615.18823 3418.25
616.19128 800.966
617.19147 203.865
632.25250 2811.66
633.26172 617.959
643.37402 241.794
650.26239 6356.09
651.26733 1871.64
652.27014 300.401
655.18127 363.498
666.19421 274.296
673.19495 709.885
676.18286 309.187
678.24170 398.938
684.20728 423.899
694.19580 812.987
696.25031 1147.86
697.25562 260.834
712.20453 2068.29
713.20691 608.833
714.26117 936.804
715.25995 260.737
730.21606 3145.55
731.21753 782.763
742.20990 290.971
743.28619 754.619
744.29639 375.691
761.29388 3406.04
762.29559 1107.46
763.30737 226.962
779.30481 6079.44
780.30768 2049.63
781.22504 652.126
787.40247 368.365
788.39667 444.607
789.27380 233.893
794.24878 231.385
799.23834 1313.96
800.23798 404.437
811.26996 369.378
817.24774 1523.63
818.24811 450.053
829.28271 1025.83
830.29175 309.976
838.25372 370.752
839.26385 266.801
856.25714 603.565
859.29095 325.439
874.27020 659.906
876.32336 398.096
877.30127 343.96
892.26788 280.751
894.33258 2074.41
895.33752 855.245
898.30170 257.717
916.32721 214.59
926.30048 276.697
927.31085 226.341
928.31342 227.861
944.30920 346.258
945.33582 882.226
946.33185 618.424
955.32526 286.499
963.35120 3365.92
964.35449 1528.11
965.35645 241.624
973.33508 1349.65
974.33691 710.339
984.35315 724.797
985.34717 483.508
990.36908 314.518
991.35205 552.101
1002.36340 3415.08
1003.36261 2052.04
1004.36804 492.005
1020.37372 18961.2
1021.37610 8657.54
1022.37842 2565.03
1023.38300 268.043
1030.34070 238.047
1031.33826 300.929
1038.38745 572.689
1039.38660 281.835
1061.33228 246.14
1101.43445 913.708
1102.42883 315.624
1119.44519 3230.01
1120.44458 1587.03
1121.44238 520.753
1129.41797 233.8
1137.45642 262.064
1199.42566 215.887
1216.46204 717.261
1217.44812 774.769
1218.43762 270.207
1234.46899 2855.37
1235.47241 1616.43
1236.47314 495.393
1327.50171 260.02
1345.49854 759.545
1346.50806 687.476
1363.50867 623.853
1364.51636 458.931
