2466.11284 2
110.07099 12910.7
111.07404 701.158
120.08063 711.331
129.10196 2846.91
130.04941 557.903
130.08612 1713.44
133.04297 773.809
138.06569 522.843
147.07649 530.41
147.11258 3155.76
155.09236 775.442
157.09683 266.811
159.07622 1099.73
166.06068 958.542
175.11877 299.936
185.16463 1290.17
187.07097 1408.56
197.12851 388.774
199.07152 760.982
205.09985 785.632
207.08751 1215.29
213.08649 729.653
215.08498 306.164
215.13902 454.973
216.09770 479.671
223.15477 386.568
224.11417 1124.42
226.08084 465.934
231.09773 526.263
233.09518 1061.31
233.14017 437.09
234.09875 757.656
234.12329 636.377
235.08157 1106.56
240.13338 710.798
241.08104 332.199
243.13327 983.43
244.09198 1848.18
249.12245 388.546
251.14999 2053.75
252.10883 8478.22
253.10963 574.028
258.14468 1859.58
259.09082 498.444
261.13443 343.135
262.08463 378.633
270.10724 280.744
272.06982 1095.67
272.10648 340.47
276.15430 1021.15
279.14478 1331.14
280.10287 381.855
280.14886 269.609
288.11826 1068.21
290.07999 2788.64
290.11655 372.661
298.10260 397.024
300.15482 449.365
306.22824 854.662
310.10269 445.01
315.16235 325.724
316.11185 1083.49
326.17081 604.973
328.11420 414.428
332.20758 2677.99
333.17609 4791.98
334.14359 386.882
334.17834 591.432
344.12692 432.464
344.17822 425.585
350.21790 10838.4
351.22079 2108.28
353.15698 546.168
360.15393 304.575
363.13998 3366.98
364.11597 400.234
364.15323 358.642
365.19324 801.664
372.16995 312.382
373.15060 553.723
381.15100 4803.62
382.15652 587.796
391.16144 1796.83
393.18747 992.035
401.11197 1828.46
401.20111 383.376
403.16428 1457.67
416.21289 982.738
419.12296 1746.08
419.23895 496.059
429.19354 519.203
434.22369 6961.19
435.22690 1290.36
436.26535 1113.83
447.22607 302.756
455.21277 386.944
457.17245 338.795
458.12808 402.903
463.18439 281.046
464.26031 2914.25
465.26401 529.391
466.23599 298.734
474.19714 1090.02
476.14362 579.114
483.19852 989.734
484.19421 333.653
486.20001 514.963
492.21127 707.862
494.23328 940.019
500.22437 1214.57
502.20074 378.76
504.21237 558.761
505.20096 312.988
511.19507 597.248
512.24042 307.132
514.19556 733.013
520.21082 368.457
522.23071 794.05
528.21930 1894.18
529.22205 445.717
530.15472 392.408
530.25885 343.775
532.20502 1164.88
533.21826 328.948
547.25360 576.511
548.16223 321.849
548.27948 483.871
565.25995 3421.59
566.26385 561.315
571.21259 288.254
576.27417 595.664
585.23047 371.863
587.17249 385.845
587.28461 378.131
593.30341 4568.26
594.30145 1328.81
601.27130 287.95
605.18445 999.277
611.25616 2403.36
612.26001 753.651
615.23700 585.082
622.23218 305.668
627.28735 353.994
629.26831 920.975
630.28192 357.482
633.24951 382.54
641.30487 296.935
643.23938 371.92
648.29926 849.32
659.30017 453.885
666.31116 5371.9
667.31378 1576.78
668.31464 469.823
669.29907 348.444
677.30585 295.637
690.27301 637.499
695.34583 390.127
696.34827 290.962
698.32446 346.305
700.25287 471.981
707.30475 415.516
712.37549 754.978
714.36090 344.421
718.26843 1235.27
719.26221 435.563
723.34222 446.553
724.33807 1305.5
725.33313 710.571
735.31055 422.873
740.37115 1834.18
741.37897 669.449
742.35004 1079.27
743.35480 533.935
777.34381 1226.13
795.35321 2768.02
796.35651 859.331
799.37610 303.016
801.30481 635.949
802.29547 307.367
806.38177 604.226
819.33020 412.693
823.40863 2238.97
824.40314 992.606
829.30579 318.798
831.36383 356.062
841.41870 1319.52
842.42090 382.479
847.31232 492.433
908.43414 1393.26
909.43915 494.483
914.39606 298.786
928.41437 573.13
930.34314 359.989
936.49524 1114.91
937.49683 414.383
948.36646 556.594
954.50085 875.043
955.50934 437.649
1011.53094 583.008
1012.53528 328.747
1037.48108 692.984
1038.48730 305.511
1043.41870 308.562
1057.45349 385.605
1140.56104 805.184
1141.57886 403.477
1197.51086 681.615
1198.51672 461.525
1269.61768 706.97
1270.60608 428.6
1321.68591 336.783
1326.55725 583.881
1328.53674 330.567
1346.52722 386.549
1347.56030 323.922
1512.62427 986.712
1513.62268 899.716
1514.62476 371.107
1625.71643 340.909
