2466.12027 3
110.07104 475.622
120.08061 832.625
129.06560 269.085
129.10210 770.001
130.08649 183.605
133.04297 826.502
136.07545 384.693
147.11261 744.5
159.07625 450.849
171.11263 282.964
175.11856 218.941
185.16420 198.568
187.07111 1256.15
187.14471 182.6
201.12253 213.849
215.13892 326.841
233.09547 304.97
241.08112 288.271
243.13341 375.216
252.10855 309.172
258.14542 243.251
259.09116 303.956
262.08450 369.274
272.06918 460.937
276.15347 222.964
290.07971 987.126
298.10358 242.937
300.15518 291.407
310.10291 401.493
316.11038 551.665
326.17221 199.235
330.05771 234.143
333.17590 1352.56
334.17947 251.714
350.21765 746.49
381.15018 237.506
401.11258 619
403.16483 251.45
416.20953 211.735
419.12238 276.266
434.22372 2071.76
435.22739 275.112
464.26169 576.812
506.26849 250.428
528.22083 229.738
532.20837 211.417
565.26215 1336.27
566.26105 239.188
570.78900 298.394
593.30267 1347.98
594.30377 311.121
611.25452 401.149
629.26904 200.248
648.30188 201.66
666.31207 3283.51
667.31659 780.364
668.31885 202.289
712.37921 308.403
724.34155 301.618
740.37451 1358.06
741.37268 577.997
742.36115 297.41
777.33856 848.524
778.33942 318.077
795.35370 3724.21
796.35541 1277.94
797.35638 306.83
822.47571 252.038
823.40704 2652.8
824.41125 956.734
825.40479 244.622
841.41852 1751.44
842.42023 788.171
890.42126 347.017
908.43762 3150.75
909.44122 1218.95
910.44812 324.526
926.50745 224.534
936.49261 1107.86
937.48730 749.923
954.50476 1155.37
955.51007 653.605
1001.55542 243.158
1011.52905 1472.37
1012.52216 695.01
1019.47095 604.952
1020.47412 273.172
1037.47961 1935.9
1038.47778 953.511
1039.48438 247.889
1140.57141 1329.75
1141.56738 780.928
1179.50122 260.762
1180.48804 303.317
1197.51245 1882.18
1198.50745 995.686
1199.50977 342.912
1269.60962 944.158
1270.60657 622.503
1308.53210 366.783
1309.52954 217.335
1326.54785 675.33
1327.56653 431.311
1512.60193 501.318
1513.60938 319.662
