1419.74146 3
110.07104 9748.44
120.08051 22026.8
121.08389 1753.13
129.06607 817.69
129.10205 13189.6
130.08603 9926.39
130.10478 856.388
133.08577 3322.84
136.06165 2275.78
136.07555 3986.8
138.06586 701.024
146.09207 828.966
147.11253 22630.4
148.11571 1118.27
155.09241 1785.11
155.11783 768.256
157.13301 519.779
161.08023 501.095
166.06085 5720.74
175.11876 1984.81
177.11195 1546.87
181.09752 595.861
183.11234 2302.4
197.12775 1483.62
200.13908 5535.28
201.12328 3085.41
203.11736 3097.5
205.10667 1264.14
211.10692 777.527
212.11757 2294.4
215.13832 1746.83
216.12312 750.156
219.14896 4089.36
225.12375 538.115
228.13336 780.014
229.11787 6125.68
233.16457 3619.26
239.11406 809.105
240.09741 1561.88
242.14825 675.831
243.13339 4111.21
247.14375 5930.6
248.11327 671.325
248.14680 932.224
249.09846 1670.83
249.16034 1016.7
249.64526 918.852
251.12071 4822.21
252.12265 559.611
257.14035 6808.72
258.14365 1028.86
260.14212 3381.16
261.12796 758.705
261.16211 580.075
263.64066 1498.53
266.12439 7524.78
267.12521 1455.25
268.10764 7879.33
269.11166 1235.97
272.15491 11389.2
272.65677 3345.01
273.15900 557.058
277.15457 1387.98
278.15280 26759.3
279.11603 1901.93
279.15616 3002.57
280.14709 659.988
283.15039 1843.75
285.13391 30132.4
286.13718 4745.07
287.13873 496.153
294.11771 645.208
294.18207 744.987
296.64700 2384.63
297.14182 607.62
297.67218 629.935
299.20618 493.437
305.16049 3980.71
305.66281 1125.06
306.18701 706.823
308.15802 741.332
310.64563 714.588
312.04712 578.123
313.12964 949.589
313.67352 5546.09
314.17618 1506.16
319.15784 975.327
319.65796 519.103
325.18576 1373.88
327.67108 3112.64
328.17227 1479.38
333.21201 1242.73
339.19067 1120.39
340.72589 1483.78
342.20148 2673.93
343.20557 591.403
347.70422 767.909
353.18552 4156.94
353.68924 1200.03
354.16125 613.935
358.17572 3520.16
359.14465 792.56
359.17462 725.337
361.70224 7670.65
362.20401 3441.53
362.70599 687.14
366.18808 696.48
369.23663 936.971
370.21466 5256.88
370.71661 2511.97
371.19250 682.6
373.19464 906.274
375.69916 561.902
376.18726 5837.72
377.18851 1127.79
378.16068 721.65
378.18033 726.974
380.20880 1599.95
386.20139 552.292
391.19617 503.394
392.19214 1107.58
394.18271 4358.76
395.18365 1236.04
396.16046 708.853
398.21771 10684.4
399.21979 2596.53
413.19196 10240.7
414.19485 2296.7
415.24347 2781.45
416.25119 590.205
422.17688 760.702
425.22073 22284.9
426.22382 5823.87
427.22116 1234.18
429.26859 1649.48
430.21875 5728.14
431.22333 1751.41
441.18625 997.332
446.29752 1599.38
453.23309 984.496
454.22903 546.903
458.26453 859.787
459.25833 550.969
461.27621 508.648
462.24252 556.898
464.21292 587.023
466.27911 1023.46
470.26129 941.557
472.29123 862.109
473.28531 5207.62
474.28879 4311.78
475.26706 639.821
479.27161 565.29
481.24332 1100.08
482.22189 2897.38
483.22891 795.226
489.26849 760.098
494.25137 560.063
496.22842 536.73
498.28513 1122.26
499.24973 1637.93
500.25317 536.714
502.76230 1039.8
503.26151 1247.54
507.26920 1674.68
508.26984 521.765
509.25296 997.364
513.25671 2230.68
518.26288 563.651
524.28839 16207.5
525.29132 4999.37
526.27625 9218.59
527.27985 2992.76
541.25104 7726.63
542.25171 1982.7
543.30353 5547.32
544.30719 1663.03
554.26880 953.115
554.76837 688.05
559.38184 1926.38
562.77979 2370.91
563.28101 3446.31
563.78015 986.608
564.28101 686.74
569.24451 2444.36
570.24963 598.741
571.29010 527.84
571.78894 2556.19
572.28998 1568.25
572.78906 727.586
574.39746 865.988
579.27527 570.492
580.30017 10275.1
580.79980 6213.55
581.29755 4404.89
581.80200 682.522
582.29535 1026.21
592.28870 1021.28
594.33960 584.351
597.40778 2567.24
598.31787 1296.92
599.32288 663.464
609.31329 3051.08
610.30927 976.951
617.32886 686.238
619.28802 1189.57
620.28607 706.9
626.33948 3173.15
627.34076 1002.89
635.32031 6196.57
636.31702 6331.56
636.81476 1233.22
637.31000 6735.82
638.31018 1763.22
644.82806 773.12
645.32117 2890.94
645.82257 1672.89
646.30914 602.815
653.33173 16222.9
653.83350 4557.79
654.33405 28306.4
654.83191 1402.14
655.33710 9135.22
656.33606 1785.16
711.34650 538.351
722.44659 4978.73
727.38318 703.201
728.35687 827.352
735.37726 2911.54
736.38068 886.923
737.48029 535.952
738.36029 745.614
739.43793 650.47
745.38000 721.378
746.39624 516.743
750.39282 1448.72
751.40112 590.084
766.31329 1117.34
766.42566 5187.9
767.42218 5988.41
768.42273 2522.04
769.43005 603.363
783.37433 6125.41
784.37665 2348.45
785.38037 659.3
788.52557 557.913
832.48315 1059.39
845.51379 1348.51
847.40961 1070.64
854.45422 885.776
859.44177 517.882
864.43762 800.984
865.42096 2514.83
866.41992 1043.84
876.44940 912.441
877.44714 3002.7
878.44720 1248.24
879.43738 1832.31
880.44409 563.598
882.44495 6951.61
883.44727 3518.03
884.44073 1001.39
886.41644 592.944
894.47083 3700.64
895.47784 1740.75
896.46204 4330.02
897.46106 1964.06
970.47711 628.245
978.51373 584.44
984.50342 598.236
987.49695 3255.48
988.49261 2711.95
989.49390 1352.49
990.49207 531.642
995.52966 1074.73
1004.52606 2442.55
1005.50757 7002.58
1006.50830 2961.12
1007.50610 978.187
1012.49219 1393.35
1013.48749 1442.33
1022.53064 8097.48
1023.53522 4380.32
1024.53552 1677.52
1029.51343 2364.42
1030.51172 1420.74
1031.52234 634.508
