2933.54331 3
120.08067 193.425
129.10233 250.815
136.07549 6203.5
137.07883 417.977
145.09679 410.922
155.08130 268.082
157.09674 391.966
158.09224 366.923
169.13354 300.533
173.09192 972.737
175.11856 2395.63
186.08711 477.956
197.12813 1098.45
199.18025 238.576
201.08665 731.383
213.15871 266.697
215.13849 780.628
227.17520 385.809
228.13393 360.49
229.12912 1229.47
243.10928 482.731
243.13342 2290.38
244.13646 248.539
246.15555 1280.16
249.15881 450.349
254.14868 553.99
257.12408 3121.34
258.12692 275.946
265.11868 261.176
268.16516 446.029
277.15372 420.938
284.19693 196.306
285.15579 572.964
293.11267 417.46
302.13425 1648.37
303.13669 188.04
311.17038 923.842
312.17661 190.954
314.16623 450.248
317.19241 1074.99
325.18582 197.357
328.19730 2615.71
329.20007 314.866
342.20142 455.683
356.19131 3564.61
357.19476 558.95
360.19095 3170.76
361.19574 680.657
378.20087 450.783
387.22617 245.947
397.21130 242.06
406.19623 586.987
414.20920 433.919
415.21671 856.831
427.26181 239.142
431.23486 2631.9
432.23923 527.549
453.24869 414.081
459.22070 281.485
459.27130 203.394
471.22607 929.88
484.27313 451.178
486.27048 242.657
488.25647 11598.9
489.26245 2180.15
490.26743 304.383
491.22757 691.359
494.74890 1030.98
495.24973 592.28
495.74747 201.356
524.31903 316.303
528.30353 275.499
536.24884 328.919
542.26642 405.842
544.28265 2123.26
544.78516 944.15
545.28168 324.109
552.31262 1271.94
553.31488 361.122
559.29346 8552.52
560.29663 2233.26
561.30048 310.174
562.26703 933.147
563.27448 318.008
578.27991 417.115
600.82410 2183.26
601.32709 1735.81
601.82739 485.253
602.31671 570.461
615.31067 289.589
616.31311 448.228
633.30499 2158.69
634.30920 743.287
635.30585 330.03
647.34064 347.317
655.34979 382.004
656.35492 245.091
657.35052 315.275
665.34552 2641.94
665.84735 2368.71
666.34961 775.603
666.84375 233.892
672.37738 6673.28
673.37958 2046.06
674.38702 322.683
690.32220 280.251
691.37469 202.674
697.36450 226.708
701.38562 207.67
703.37445 288.483
704.37897 316.267
707.32349 214.209
715.37543 1240.11
716.37988 372.023
732.37360 1973.97
733.37500 1012.09
734.38000 386.188
740.37799 228.057
746.87775 1863.93
747.37830 1360.06
747.87927 545.524
748.37726 340.418
761.36847 329.457
761.79834 219.698
767.37793 255.753
772.42841 327.783
778.37708 544.601
783.40845 626.396
784.39954 523.004
785.40100 228.797
789.38556 215.589
801.41907 9327.79
802.42126 3850.02
803.41815 1730.38
803.91949 716.617
804.42004 714.767
818.39703 288.756
820.40668 593.33
831.44342 324.747
832.42651 271.941
843.46161 305.756
844.93787 1410.1
845.44733 2434.29
845.93982 617.889
846.42230 1460.48
847.42084 637.598
848.41882 311.802
853.94269 554.955
854.44775 823.888
854.93787 472.09
860.42889 694.124
861.43231 341.947
880.45416 1492.99
880.95685 1610.61
881.45728 972.434
881.96368 273.518
889.43237 491.873
891.45386 252.104
896.50000 223.685
897.48273 493.813
898.47742 206.966
914.50317 9769.92
915.50537 4975.84
916.50476 1161.36
917.45227 1308.4
918.45276 607.195
919.46771 327.445
933.50153 264.221
934.51105 220.568
953.97595 233.64
959.50720 233.385
960.50348 312.785
970.48517 430.972
971.48987 321.375
974.50073 1908.27
975.50055 952.652
976.50189 328.615
977.49445 201.591
978.48553 413.446
979.00122 317.538
979.49426 520.142
988.49078 3417.2
989.49188 2103.93
990.49384 828.445
991.49139 223.655
1000.58008 298.911
1010.56897 230.172
1011.56042 225.007
1016.52118 253.563
1027.58667 4556.58
1028.58862 2353.29
1029.58850 709.758
1038.53442 405.565
1045.54248 336.967
1046.55981 229.156
1061.55896 235.821
1069.54883 444.793
1073.58191 232.058
1087.55725 4378.9
1088.56006 3039.65
1089.55725 1186.76
1090.56274 212.896
1099.65857 355.901
1101.56946 288.072
1102.58093 312.439
1103.57544 246.25
1137.56567 1267.26
1138.57483 938.594
1139.59204 647.609
1140.60852 268.451
1151.62585 212.222
1155.57666 204.215
1156.62952 5201.92
1157.63098 3355.61
1158.63831 1007.51
1159.63892 291.727
1183.72119 252.977
1200.64160 1533.92
1201.63879 1106.96
1202.63953 478.721
1209.65796 258.219
1210.66479 340.168
1227.66699 3830.53
1228.66931 2495.87
1229.67126 825.846
1230.62158 500.547
1231.63147 226.909
1250.64331 598.426
1251.65503 477.32
1284.67993 321.278
1310.70007 449.001
1311.69177 863.977
1312.70154 300.751
1313.71301 240.49
1328.71313 5055.13
1329.69922 6923.07
1330.69421 3694.2
1331.69153 1442.75
1332.69421 302.962
1333.67542 579.834
1334.68433 522.316
1335.68933 236.656
1351.67053 382.985
1404.70581 317.154
1405.72351 273.467
1441.80200 1133.12
1442.79761 904.564
1443.80103 312.176
1492.75049 1023.96
1493.74878 680.89
1494.75354 313.715
1575.83557 246.434
1587.85754 209.914
1604.86243 695.55
1605.85583 848.62
1606.85278 554.769
1733.89197 401.617
1734.90137 428.705
1846.98499 309.766
1847.97449 279.577
1848.99780 277.658
