1985.92673 3
110.07087 11385.9
119.08114 77405.8
120.08009 24004.4
121.08372 1408.91
129.06548 2051.88
129.10173 5163.34
130.06404 1359.96
130.08609 2233.07
136.07539 8031.81
140.07028 2551.66
147.11250 5249.75
159.09178 2161.57
168.06528 1640.03
169.05974 1438.41
171.11235 21278.8
172.11606 1295.64
173.12801 1851.78
175.11789 2201.71
178.04942 8324.48
181.09691 3725.67
185.09216 1947.33
186.08627 3029.4
189.08580 1584.25
195.07582 41201.8
196.07974 2601.01
199.10738 14965.4
201.12268 2000.42
202.11797 9290.06
209.09090 1669.48
212.10245 8781.79
213.08681 3349.71
217.08096 5922.38
217.13629 1678.33
225.09772 5587.13
230.11285 63835.7
231.11636 5931.79
233.16408 8979.44
245.07643 4886.37
249.15852 1520
257.13922 2749.16
259.09140 3997.26
261.08917 1803.44
261.15945 4590.41
276.17065 1415.2
285.13373 9110.74
286.13919 1628.57
294.18024 17480.4
295.18491 2765.55
296.12317 7848.44
297.13010 1369.72
303.14407 1719.7
314.13394 24303.8
315.13754 4234.71
328.11166 1796.83
346.12317 6095.06
356.10953 2470.9
370.15033 4310.91
372.16498 6266.74
374.11844 10484.7
375.12128 1674.59
388.15985 9611.07
390.13220 3643.48
392.19855 1628.81
397.16968 2623.65
397.71393 1359.51
413.22580 2026.13
415.18079 7896.99
425.16650 5761.67
431.23862 27533.7
432.24271 5457.06
443.17581 26283.1
444.17786 4385.17
445.17285 1442.83
457.15707 3011.71
471.24265 2280.04
473.24600 1941.54
475.16605 6436.44
483.23331 3380.02
485.14954 2593.24
500.25885 1998.03
501.24332 2446.96
503.21841 1683.12
505.15787 4798.98
507.23300 3595.73
518.27069 34421.9
519.27386 9424.86
526.21112 3812.69
527.22021 1447.91
535.22845 6731.97
536.18188 1512.66
543.23077 1370.1
544.22296 7007
545.22351 1940.77
554.20703 9279.3
555.21326 2493.39
572.21753 38970.9
573.22156 9858.97
574.22278 2378.93
588.19495 1993.07
589.24261 1588.34
590.24847 1406.58
606.20508 2659.03
609.24762 1635.64
618.24133 3310.26
620.31683 7919.05
621.31934 2614.3
627.26031 11644.8
628.26617 2575.85
630.30237 3743.97
648.31293 8489.89
649.31415 4267.12
654.26825 1427.69
661.36041 5919.95
662.34454 19791.1
663.33459 8250.74
664.32233 2783.98
672.27649 1772.36
675.26605 1650.4
681.33362 61186.6
682.33710 21311.9
683.33588 4136.97
685.23785 5212.28
686.25037 1722.93
701.27655 1469.42
703.25842 25829.6
704.26080 7831.51
705.25909 2341.11
719.28473 2183.9
720.29065 2085.6
743.38824 1657.43
761.40125 1450.47
765.30078 2819.59
766.29797 1761.29
767.38837 2091.29
776.40100 2369.24
783.31085 3389.61
784.29889 1672.48
788.34619 8394.47
789.34540 3872.73
794.41724 41516.2
795.42120 15928.4
796.40204 4030.41
798.32581 3654.01
799.33484 1450.87
801.32324 6593.54
802.32935 2824.2
816.34314 13779
817.34302 4875.81
818.34210 1862.22
830.89526 1767.06
870.40894 1834.12
878.91266 8494.66
879.41400 10652.4
879.91730 5211.3
892.44598 1650.19
897.33191 1470.62
908.46948 2642.03
913.45294 1632.42
914.35107 2848.75
915.35565 1523.41
923.47351 2538.51
932.36664 4242.88
933.37164 1707.11
935.41754 1463.56
941.48474 58737.5
942.48798 32398.6
943.49463 8968.38
945.40253 2811.07
963.41144 9281.1
964.41797 4024.42
1026.55176 2016.41
1039.50488 1900.43
1054.56995 29339.6
1055.57166 18279.7
1056.57336 5957.9
1076.48279 2481.79
1077.50769 1834.15
1185.60742 20321.7
1186.61023 14469.1
1187.61255 6379.44
1188.63403 1472.66
1296.63782 2646.86
1297.63232 1710.89
1314.65332 10758.8
1315.65479 7019.9
1316.65894 4721.16
1425.69080 1875.32
1426.69470 1467.77
1443.70178 5684.23
1444.70093 4169.49
1445.69580 2696.32
1541.71533 1731.08
1558.72131 12253
1559.72302 9691.55
1560.72644 5259.27
1561.70337 1785.11
1641.78992 2190.63
1659.76807 8983.94
1660.77051 7957.04
1661.76831 3820.37
