2550.17246 3
120.08035 1126.6
129.10223 389.854
131.11734 528.312
133.08585 194.179
136.07544 784.502
145.09648 193.536
147.11243 567.03
155.08130 229.444
173.09158 290.914
175.08955 222.759
175.11868 390.907
185.16368 183.745
201.12225 237.627
205.09866 233.085
230.11307 227.969
235.10712 293.478
240.09683 449.047
241.08160 207.558
246.12633 277.696
257.09598 244.657
258.10812 823.465
258.14380 362.119
263.10278 274.004
274.12128 1790.75
275.12494 225.888
276.15372 383.967
277.11829 308.541
304.16443 385.855
324.09778 184.741
334.17438 208.11
344.19592 264.367
346.17380 460.429
369.13876 189.345
389.23929 241.388
392.14539 271.283
405.17734 218.349
423.16763 402.071
437.18396 1396.62
438.18933 229.662
476.27063 677.554
494.20425 390.085
508.26605 251.446
520.20068 273.944
536.25250 591.518
562.28394 233.548
563.30212 575.803
579.29517 344.293
607.28918 971.026
608.29248 316.012
649.24554 527.403
650.33295 907.392
651.33301 231.497
692.37653 269.333
720.37445 926.279
721.37555 337.742
737.36536 2071.18
738.36871 712.529
790.39563 344.316
801.45898 715.256
801.95782 678.482
802.46539 352.056
808.40332 2915.62
809.40509 920.46
832.40942 342.84
833.39227 712.318
834.39020 310.8
835.39636 667.469
836.40546 239.902
849.46527 201.902
850.41650 7391.43
850.94702 248.01
851.41803 3722.37
865.43768 262.32
869.39709 260.017
879.43835 1493.01
880.44104 612.57
881.43597 201.545
978.53088 226.797
980.48560 1958.19
981.49274 871.41
982.46973 389.155
1033.51929 325.575
1034.51526 234.989
1051.52563 1561.67
1052.52783 776.359
1058.61230 299.89
1111.51331 249.789
1164.55640 266.248
1182.56885 771.884
1183.56921 384.619
1239.59106 210.757
1240.61108 506.497
1241.61450 273.342
1293.58167 283.578
1297.63379 334.884
1298.61926 208.026
1311.59399 346.846
1312.60852 261.864
1368.60913 433.69
1369.61169 388.443
