2001.84299 3
110.07094 18854
111.07407 827.565
112.08624 711.164
129.10191 6518.14
130.08559 561.547
130.10500 550.301
136.06146 3152.08
138.06575 957.77
147.11264 1410.55
158.09251 744.275
161.09111 639.364
166.06079 986.692
171.07567 814.981
175.11845 6473.49
181.10780 1469.68
185.09155 580.42
185.16449 14263.8
186.16782 1400.5
199.10648 684.213
200.10191 813.922
209.10306 4473.05
213.08699 1799.21
213.15935 3456.58
215.13834 1445.45
223.15405 836.907
225.09866 666.851
234.12308 893.082
240.13361 1200.1
244.16470 993.462
251.14957 4415.5
252.15462 683.643
257.15939 1585.02
264.06256 629.54
270.10483 638.228
274.18661 55510.8
275.18967 6191.19
279.14380 993.159
282.10803 1425.94
298.09543 1448.03
303.63083 6852.23
304.13278 2245.92
306.22861 1059.22
312.04877 1358.95
317.62845 4141.41
318.12692 1036.1
319.15115 1711.95
322.18604 769.557
330.05899 1114.72
332.20728 2415.51
337.16220 1539
338.13647 680.719
338.63364 1901.12
347.14767 755.432
350.21768 14760.8
351.22040 2985.93
352.13873 5187.32
352.64130 1427.43
353.14279 1639.2
360.13519 1123.28
360.17017 1060.42
361.14487 5637.14
361.64618 2261.88
362.14633 712.846
374.17126 839.676
380.08438 723.228
380.64740 1368.91
385.13266 772.784
388.66583 1610.33
389.16806 814.436
389.21271 2999.91
389.65210 989.749
393.65778 1542.47
394.15936 894.738
397.67001 1121.45
398.11649 1071
402.66302 7834.43
403.16431 3690.41
403.65747 799.556
406.18494 743.335
408.68167 1072.62
409.70685 9473.02
410.20663 3578.97
410.70883 1616.73
411.66760 4315.12
412.16949 1756.82
413.21005 577.217
417.68723 897.727
421.25497 2813.46
422.25909 905.004
423.70483 5628.5
424.20709 2572.59
424.70837 884.624
435.69998 7673.9
436.20264 3902.44
436.70267 574.593
444.70895 1618.34
445.20950 942.775
453.22406 1990.32
453.72516 825.313
458.21567 5181.83
458.71597 3792.42
459.20667 2150.6
459.70630 879.61
467.22113 6409.19
467.72269 3438.34
468.21289 1859.39
469.19757 1690.87
484.68823 10014.1
485.19009 5364.13
485.69290 1442.76
486.22379 1254.32
486.72876 1496.11
494.74173 1643.65
495.23868 889.788
495.73822 1060.44
497.19147 4468.58
498.19189 1298.73
499.73557 1693.37
500.24100 847.636
503.74695 1246.44
504.25015 682.104
508.74023 6448.72
509.24197 4067.01
509.74094 1476.68
511.72534 1004.96
517.69299 1114.79
517.75507 1740.59
518.25476 3333.18
519.25604 716.567
535.21088 894.951
535.71216 615.765
549.31482 2486.29
549.90137 598.111
550.32324 617.41
552.22150 1408.11
552.56818 2758.96
552.90375 1809.95
553.23022 726.288
558.57269 2171.06
558.90576 1686.88
559.23987 1560.38
560.71753 901.59
564.57623 6240.54
564.91144 4641.7
565.24408 2589
565.58331 656.231
566.21375 814.149
570.58197 931.42
570.91663 766.185
571.24426 608.392
579.20294 954.302
584.22205 1946.56
585.22656 2906.85
585.56299 977.661
587.73535 939.444
588.24005 732.771
589.29449 5659.11
590.30182 1506.67
591.23260 1370.49
591.56549 1189.95
591.89832 640.702
597.21985 6892.49
597.56897 3812.71
597.90527 2708.29
598.20740 1557.08
598.76135 717.622
602.26630 1631.81
602.60547 1236.55
606.25537 1848.72
607.25537 816.403
614.23212 673.044
618.33698 1482.75
623.61676 1466.31
623.95703 833.871
624.28040 846.719
629.29376 1040.03
629.62756 736.17
634.24878 4551.82
634.90649 973.491
634.98798 1272.78
635.23291 1384.9
635.31830 2124.35
635.63580 2310.47
635.97168 1470.07
636.70581 1304.54
647.25165 732.106
649.24072 603.411
652.26276 611.711
657.27942 615.955
658.31317 8732.79
658.79834 846.065
659.31824 2703.38
660.32813 609.563
667.25616 2281.74
667.31720 1950.52
667.95221 1275.13
668.27301 1909.46
668.62280 1000.9
669.28033 1011.72
669.37579 906.21
678.27600 1346.52
678.77924 886.056
681.34900 827.305
685.26685 2511.29
691.76227 1204.62
693.81696 671.423
694.31604 733.166
695.19092 3257.22
696.19092 785.128
698.25647 850.289
700.76599 1504.1
701.26080 1327.26
701.76483 665.639
703.27466 1191.84
709.34393 4822.25
709.77039 4045.49
710.27173 2181.4
710.34778 1793.13
710.77490 1487.99
721.27985 1844.32
722.28009 713.356
722.41650 1021.64
724.30548 637.413
724.79059 882.565
727.26733 653.563
733.30920 1841.46
733.80170 2163.45
734.30383 1267.14
734.80078 863.057
742.31396 1549.92
742.80664 626.564
747.33942 774.336
756.29260 3699.97
757.30011 1015.54
758.33630 838.68
758.76044 830.857
759.25024 658.263
759.82538 1708.39
760.32343 1103.24
760.82617 769.474
766.32513 756.503
768.82642 2946.34
769.33112 1492.58
769.83081 1425.79
773.33936 7969.73
774.33856 2589.28
775.34113 773.831
776.32318 616.067
777.83185 9533.53
778.33124 6925.89
778.83582 3380.24
779.33356 1583.31
782.79779 655.656
783.31207 1013.96
786.30682 1426.68
786.83966 716.884
787.32184 1022.23
794.33643 774.867
797.83923 725.283
798.33472 898.911
801.33301 773.657
804.32019 3000.48
805.31879 1745.04
806.84595 863.427
807.33081 629.044
809.30084 833.923
815.84790 1720.18
816.34888 1958.56
816.84747 851.399
817.81390 874.382
818.40668 1107.23
819.48041 1467.78
821.40149 633.661
822.32965 3106.99
823.33209 1464.05
824.84497 607.357
826.82086 3115.24
827.32196 3434.15
827.82275 1347.18
828.34485 1278.4
828.84875 959.522
829.35229 892.745
837.35645 1852.15
837.85712 2414.64
838.35150 1601.73
846.35956 11953
846.86279 9795.6
847.36188 4827.04
847.86530 1326.5
852.37964 1438.58
853.38373 1313.05
855.36578 1006.35
855.86530 1044.95
870.39288 40679.6
871.39728 16423.8
872.40088 4116.77
873.40363 819.597
877.33099 843.772
886.34052 846.853
888.40601 3741.09
889.40503 1679.79
895.34766 2751.21
895.84839 1723.41
896.35822 829.437
897.33295 714.924
903.40588 983.029
915.43787 1101.76
927.41418 968.847
933.43542 1600.42
934.43640 726.5
935.41003 738.803
953.42596 960.997
968.37067 10235.3
969.37305 4238.85
970.36890 1103.59
971.44183 6610.76
972.44513 3595.07
973.44073 1247.23
989.45972 691.933
990.46381 1341.52
998.46082 1062.41
999.46381 727.496
1016.47290 2892.12
1017.47412 1381.57
1022.45624 2466.37
1023.45111 974.044
1034.49902 2349.9
1035.49890 1181.78
1040.46436 1327.48
1041.46875 922.091
1058.47314 7897.53
1059.47546 3361.44
1060.47791 1201.83
1069.41443 1701.55
1070.41797 782.596
1076.47705 764.298
1120.42957 999.436
1121.43018 755.12
1156.44543 1822.72
1157.45374 1261.34
1195.53296 1684.26
1196.52466 1197.37
1281.48010 1757.36
1282.47363 1112.09
1355.55029 827.451
1418.53149 1776.18
1419.55139 836.833
