2387.90384 3
126.05488 1261.15
129.10217 12903.4
130.05045 467.671
130.08630 1924.49
130.10448 543.35
136.06189 1494.63
136.07626 761.911
147.11270 4608.68
157.09708 740.444
169.09747 454.028
170.09166 645.096
171.07637 2948.8
175.11874 3428.81
181.06148 813.496
181.09650 456.954
185.05548 595.06
187.10767 6556.95
188.11139 670.975
189.08687 3370.51
193.09700 1666.06
199.07129 3830.75
199.10757 1679.75
209.09172 667.394
215.10240 2115.03
215.13924 702.498
217.08147 2712.79
221.09186 2164.54
226.11855 2411.07
226.15390 803.426
227.06625 4621.09
227.10258 5746.65
228.10625 433.463
231.06198 493.56
231.09703 456.055
240.13400 1482.44
241.08186 1401.86
242.07683 2526.69
243.13374 1737.91
244.12885 2258.49
244.16557 845.172
245.07671 6916.48
246.07967 528.307
258.14465 3814.61
259.09198 2869.75
264.06216 673.822
272.17017 723.1
276.15515 5933.73
277.15771 635.285
280.12958 646.541
292.12866 2719.15
293.13147 510.343
296.08783 1005.76
298.13882 858.102
314.09784 2626.72
318.14737 481.418
323.13425 1449.57
330.05994 1016.74
340.18634 3442.18
341.14603 2115.14
353.10812 896.265
355.19592 948.191
356.14279 1058.22
358.16083 3022.72
359.15930 1057.47
370.12399 1104.55
371.11975 2424.15
383.12277 1036.03
387.18710 4595.81
388.13504 1211.99
388.19064 995.464
392.15988 851.693
401.13474 504.812
401.21353 3280.23
402.21738 1181.09
405.19797 4636.27
406.20410 775.169
410.16513 456.929
411.11807 520.458
423.26108 541.02
425.70078 717.692
429.12427 2536.42
430.12631 517.879
434.70724 897.159
443.14218 486.573
447.13492 1499.29
448.70364 691.25
468.29150 653.856
469.22992 2847.6
470.22723 1224.23
479.68555 521.188
482.15073 1150.05
488.69031 2006.6
489.19189 651.148
500.16187 2585.44
501.16364 678.136
508.19534 2574.46
508.69672 1409.94
509.19754 527.936
513.22528 672.092
516.23022 2610.75
517.20099 19854.4
517.70276 10713.9
518.20398 2838.83
518.70471 767.606
521.19946 1750.86
534.24030 7117.71
535.24078 1626.91
539.20813 3663.48
540.21039 915.502
557.22028 3274.51
558.22314 1089.92
566.23462 1024.02
566.73456 4042.64
567.24158 2546.21
567.73492 753.242
575.22986 2004.32
576.22742 579.555
579.74365 1258.36
580.24933 839.782
583.31036 960.818
584.25586 7862.87
585.26019 2740.04
586.26312 597.797
593.17877 541.563
597.32446 859.454
599.22546 562.125
611.19696 1763.68
611.62109 481.414
615.72253 1605.7
617.30249 1223.72
618.31097 795.774
624.25024 519.473
629.20508 2361.85
630.20575 534.542
645.27063 1915.64
654.27454 672.796
655.34564 595.497
663.28229 7976.6
664.28296 1952.16
665.29175 507.639
668.25104 1061.68
670.30261 636.766
672.28967 1053
679.76843 786.955
680.26147 583.343
683.32916 1100.98
686.26215 1028.19
689.68152 1211.1
690.01001 788.82
690.35529 797.717
694.33057 696.607
696.24432 638.828
698.33020 1618.03
699.33630 1038.41
701.22089 702.74
705.85059 810.582
706.35443 1543.85
706.85297 1020.26
712.34955 3207.2
713.36047 1433.42
722.33966 698.83
728.35419 534.69
734.33411 520.962
738.11700 1269.42
738.37250 1725.6
738.61603 1473.74
738.87213 573.282
740.23627 1414.97
740.80505 550.541
741.22278 567.697
742.87036 545.023
744.37018 1304.56
744.61975 967.469
744.86902 733.144
747.28540 553.663
747.81329 713.566
748.39056 1031.65
748.62683 1698.29
748.87598 4785.52
749.12469 2394.46
749.38336 1244.66
751.69836 567.099
752.29840 564.257
753.12134 775.935
753.37640 1225.92
753.62164 802.504
753.80408 927.847
754.03217 497.612
754.32239 1056.87
755.33301 1550.64
755.84827 633.029
756.31506 865.91
757.03900 933.718
757.37537 2157.4
757.70392 2377.46
758.03888 887.47
758.24536 3000.29
759.24628 892.364
762.70416 2148.6
762.86859 2467.4
763.03741 21421.1
763.37305 44940.6
763.70593 26921.9
764.04126 10325.8
764.37543 3248.05
764.72076 1301.76
765.29883 2363.91
766.30096 993.266
768.61224 500.724
768.86450 1126.89
769.03381 2415.62
769.14484 553.219
769.37537 5573.36
769.70880 3154.97
770.04340 1299.7
770.37659 620.098
773.11530 3698.95
773.36890 4864.65
773.62030 3771.98
773.86987 1999.2
774.31183 3249.95
775.30817 835.966
783.31396 18644.7
784.31854 7245.91
785.31250 1716.02
786.30640 531.574
786.41205 1205.79
787.41376 863.991
787.88684 504.065
788.39661 579.935
790.02606 587.852
790.36658 788.341
792.32422 7979
793.32806 2948.78
794.33282 853.026
795.69952 4077.92
796.03088 6740.64
796.36188 4552.44
796.70300 1535.2
796.90942 553.001
796.99591 522.182
797.38788 790.591
797.61353 1051.99
797.86066 1860.49
798.12555 574.051
798.33215 552.256
798.45795 1264.33
801.32513 3827.04
802.32495 1525.32
803.33875 571.6
803.84369 542.594
809.36688 672.698
811.41766 645.331
812.39612 752.898
812.88092 1116.7
825.29681 524.466
827.37616 3157.83
828.37927 1410.92
835.40765 1031.57
835.90802 3337.76
836.40936 2460.9
836.90686 918.768
843.29749 658.122
849.34650 640.966
849.84174 578.411
854.39063 557.775
857.30774 505.977
858.35834 1164.51
858.86475 1095.59
860.37909 627.16
861.37744 628.94
868.40613 2998.55
869.30286 1209.4
869.37158 1194.38
878.39069 3000.54
879.40198 1390.04
880.40179 716.404
886.42401 960.468
887.29071 2431.09
888.30243 791.946
893.40961 558.375
896.39948 15070.4
897.40344 6706.21
898.41156 2030.29
902.40778 980.697
902.91040 1093.79
907.35187 4700.63
907.95282 545.528
908.34009 1672.49
914.40967 4441.67
915.41376 1865.66
916.41565 642.243
916.92755 3169.21
917.43286 2212.55
917.93939 672.223
922.40973 862.186
922.91101 509.064
924.38965 608.814
925.41425 510.796
926.44244 564.757
927.96155 525.407
939.94525 558.247
940.44995 2345.47
940.94934 2224.7
941.44562 905.971
942.40625 2399.02
943.42950 1584.93
943.95074 4242.74
944.45331 6019.16
944.95624 1853.96
945.45825 746.391
948.96844 855.864
949.46228 1699.32
949.95178 825.328
950.45361 537.841
958.34497 742.866
959.34613 532.471
966.45941 641.277
966.95886 514.556
976.37146 7242.68
977.37134 3496.86
978.37189 861.846
980.42737 691.089
980.92072 670.185
986.35315 1561.73
987.34924 560.046
988.96924 643.424
989.48395 696.1
989.97839 777.838
990.49377 819.214
997.46478 817.102
997.94489 616.964
998.47266 1340.41
998.98901 636.124
1004.37225 593.494
1007.42749 1107.42
1011.42487 581.975
1015.37842 4903.39
1016.37836 2481.14
1017.38245 988.118
1023.97235 578.606
1025.43896 3432.29
1026.00269 893.599
1026.43921 1521.9
1029.43188 1632.19
1030.43542 1065.54
1033.39380 57267.4
1033.95239 698.225
1034.39453 27556.4
1034.63098 530.523
1035.39893 9023.75
1036.39648 2120.04
1037.43164 1065.4
1037.93091 1100.06
1038.44348 811.985
1043.45996 2270.22
1044.46558 1102.16
1056.99622 1313.61
1057.49890 1351.58
1057.99731 793.103
1058.50439 565.752
1066.01331 544.256
1066.50818 942.246
1074.35242 2701.84
1075.35168 1539.63
1080.94238 653.928
1081.45374 1336.24
1081.95154 687.02
1114.45837 977.286
1122.45764 2447.25
1123.45825 1213.59
1131.37048 5661.3
1132.48389 5529.93
1133.47827 3487.71
1134.48352 1154.39
1140.46704 17555.4
1141.47058 11274.5
1142.47363 3733.91
1143.48462 1103.46
1158.47876 15047.4
1159.48059 8700.39
1160.47827 3110.9
1211.54041 532.716
1229.48694 787.434
1230.44971 2195.31
1231.43823 956.782
1232.44836 527.526
1239.53748 1363.95
1240.54565 1058.61
1247.48853 6996.25
1248.49512 4380.45
1249.49036 1399.05
1257.53662 1476.88
1258.54492 1017.62
1345.46948 1473.59
1346.47864 699.339
1358.51917 1905.56
1359.52307 1164.88
1376.53369 2447.11
1377.53442 1488.91
1378.53442 530.743
1489.61035 576.305
1715.71448 772.944
1716.72058 764.766
