3115.42197 3
110.07114 338.418
120.08054 3748.94
121.08380 331.706
129.10205 1333.33
133.04279 2284.38
136.07550 1067
147.11288 384.906
155.08109 331.398
157.09734 487.837
158.09123 329.629
169.09706 865.988
171.11272 339.009
173.12813 1211.3
175.11864 2000.86
183.14868 564.589
187.14394 297.083
197.12878 288.731
199.17995 820.595
201.12314 1055.12
211.14363 359.186
214.08151 756.061
215.13873 618.481
217.08363 463.299
218.05899 467.501
220.07355 316.731
227.17491 614.647
228.13371 614.198
229.11736 479.329
233.16431 2196.29
240.13385 3493.04
242.11308 397.614
242.14937 341.666
243.13347 1204.39
245.12865 318.275
248.06931 1004.68
249.12282 400.069
261.15906 1802.92
268.16510 650.391
272.13803 402.18
282.17978 318.547
284.19479 287.109
286.13864 514.284
287.07971 316.313
289.16113 3362.31
290.16418 339.92
300.15472 704.311
305.09103 1221.01
308.10638 806.188
311.20700 1970.52
312.15485 338.284
313.15320 333.711
317.12741 1098.46
325.11227 366.972
329.14545 428.323
339.20184 2956.25
343.15912 501.633
359.10138 336.964
373.18607 395.991
374.11301 516.095
376.16364 814.325
389.24661 354.595
390.20535 304.21
402.24576 825.859
404.15836 772.662
416.12338 596.52
417.21341 418.59
421.18915 2005.32
422.23883 2048.96
423.24417 323.128
428.19391 607.817
429.24518 616.063
434.13318 364.648
435.19427 612.262
440.25085 1192.7
447.23679 307.225
452.22510 2417.09
453.22858 426.797
460.21753 333.878
463.19705 311.048
473.18088 622.677
473.28131 1846.8
474.28009 379.888
475.19516 452.847
487.19266 450.896
490.20920 299.359
491.19299 337.645
503.19092 637.646
505.20929 440.154
508.22406 484.477
515.18988 639.11
521.30884 1430.48
539.32019 1001.15
540.24188 836.764
540.74634 660.684
560.20667 352.191
565.24707 395.822
571.28168 382.144
572.21033 355.723
575.26556 587.567
576.27704 404.743
586.21960 329.707
587.32574 1373.01
588.31409 1219.66
589.30341 527.145
590.22302 1024.31
591.22467 375.024
595.22388 508.815
606.36163 499.112
607.30902 431.895
612.25391 4579.25
613.25482 1305.37
613.77612 1346.14
614.27209 786.176
614.78186 563.762
618.29456 306.291
622.78485 319.368
634.25977 568.795
638.26117 391.79
646.28613 347.994
652.27356 987.536
659.29767 305.296
660.36090 440.258
679.32727 529.897
679.82990 317.262
688.35693 856.999
689.35016 413.987
695.29224 354.742
700.41107 860.181
701.40320 579.458
705.34039 309.754
713.30237 6329.84
714.30292 2081.43
715.31213 897.302
718.35089 558.074
719.25714 498.491
723.34961 451.416
724.34448 335.027
733.33105 1551.74
734.33539 618.091
736.35565 569.227
743.85187 441.294
751.34100 1386.53
752.34155 641.895
766.40295 328.014
770.31866 431.659
775.38464 612.591
778.32861 513.002
779.33856 362.373
796.32794 518.49
797.32043 456.191
802.34985 392.321
806.36676 416.584
814.35040 17588.6
815.35016 7253.74
816.35022 2126.44
819.31738 340.256
820.35712 523.195
823.38031 476.888
832.33801 707.498
838.34943 364.321
869.43207 331.249
889.39697 500.646
907.38873 529.402
909.42816 348.587
913.45764 586.199
927.43079 9670.75
928.43030 4494.84
929.43054 1812.89
930.46979 375.546
961.43103 333.089
965.45624 344.491
966.38635 542.087
978.43060 835.782
979.42712 728.868
984.41296 366.809
991.51776 378.658
996.44354 676.184
997.45782 454.557
1004.54279 427.846
1020.47101 487.343
1028.58765 1424.66
1029.58130 904.06
1030.59937 416.742
1034.46887 403.244
1037.50537 334.423
1038.50598 809.004
1039.01086 404.975
1039.53015 1085.56
1040.04102 575.427
1040.51587 7832.07
1041.51782 3379.55
1042.52502 946.592
1045.02515 517.226
1045.52209 992.956
1046.02576 766.364
1061.46875 535.198
1079.48059 2490.1
1080.47742 1416.77
1081.46716 690.779
1094.50708 685.725
1095.49866 347.522
1097.48889 1115.26
1098.49255 755.515
1099.63647 602.654
1100.62256 622.972
1107.48279 389.085
1109.55408 426.106
1112.54126 424.8
1121.49194 354.2
1137.53284 502.384
1138.51978 438.808
1139.49890 480.274
1152.55005 424.962
1153.52026 337.582
1155.54382 7524.08
1156.54565 5012.67
1157.54724 1813
1158.54407 999.084
1167.60522 883.418
1168.61646 671.297
1169.61389 420.458
1208.54883 1142.87
1209.55444 1024.42
1210.56946 465.324
1214.63025 1463.88
1215.12036 796.351
1215.64172 1091.05
1216.63049 384.038
1226.57776 12383
1227.58301 8487.06
1228.58215 3383.91
1229.58691 981.287
1230.58496 409.289
1236.54114 489.712
1244.55920 854.418
1245.56946 711.273
1246.59521 409.572
1254.59973 543.505
1258.64294 496.823
1263.61511 393.469
1281.59583 720.887
1282.11670 489.975
1290.10864 898.376
1290.61438 976.006
1291.11316 897.723
1291.61462 362.802
1299.61914 486.642
1321.66028 368.443
1322.67151 450.535
1325.65613 1326.15
1326.66064 1112.34
1327.66199 471.925
1339.64380 363.254
1340.64795 559.297
1343.69702 651.2
1344.68579 700.859
1353.60107 337.827
1354.59778 355.689
1357.62891 585.882
1358.65222 569.662
1359.66248 428.329
1382.67334 3543.65
1383.67639 2816.97
1384.67212 1340.18
1385.68909 453.755
1473.73621 478.67
1480.60144 442.564
1481.57910 359.869
1486.70349 430.248
1542.71179 1270.34
1543.70959 1294.99
1544.69971 617.665
1559.76978 578.781
1560.75220 589.322
1629.73950 1497.58
1630.74280 1664.11
1631.73401 797.604
1632.72339 409.098
1758.78003 922.153
1759.77747 942.785
1760.78406 584.533
1805.84204 484.386
1891.90369 359.989
1892.87646 501.464
