1700.79746 3
110.07117 5679.21
111.07395 243.602
112.08675 403.626
115.08666 233.706
120.08070 19829.9
121.08403 1764.81
129.06642 372.131
129.10219 2697.38
130.05016 524.729
130.06499 568.913
130.08627 528.434
136.06148 367.958
136.07570 3406.61
137.07884 285.141
138.06641 256.282
143.08157 336.235
143.11777 332.382
147.11290 1336.86
155.09172 317.696
156.07718 437.446
156.59262 770.057
157.10835 467.867
157.13315 301.794
158.09203 786.329
159.07626 280.091
159.09155 1217.94
167.09227 481.704
170.04488 252.46
171.07629 547.34
171.11296 434.268
173.09299 249.199
173.12863 377.764
175.11891 8566.8
176.12296 447.3
183.11195 272.26
183.14949 271.168
187.07121 1558.14
188.10277 840.97
193.09706 731.785
195.08769 4872.08
196.09140 315.917
197.12827 1022.18
198.08760 384.094
199.07056 234.314
199.18034 2265.18
210.02583 390.696
211.14400 304.544
214.10683 668.713
215.13914 1577.61
216.09790 2216.64
217.09877 234.928
221.09109 572.738
221.12856 387.434
222.12320 1220.08
222.62473 331.364
225.09842 376.151
226.15404 295.361
227.08711 493.041
227.17564 511.136
229.11882 686.879
230.07820 245.886
231.11221 823.41
233.16501 354.37
234.14622 290.073
235.11990 248.835
243.13341 573.247
244.16541 905.617
249.12315 1948.49
249.15956 1515.45
252.14575 387.787
253.09360 561.456
258.14215 237.598
259.10950 418.538
260.19574 315.327
264.63306 245.999
269.12390 749.515
271.61951 935.635
272.17416 390.811
277.11841 4297.23
277.15799 466.595
278.12283 959.472
287.13422 973.246
288.13358 478.944
288.20596 233.822
294.16629 1539.21
295.15060 1172.99
300.15308 489.944
304.16107 727.903
312.17761 36936.9
313.18066 5184.68
314.18344 485.774
322.18579 320.296
325.18689 353.747
328.16141 3147.6
328.66229 929.942
329.15173 453.515
330.15674 885.367
334.13995 589.588
334.17593 621.648
340.14133 2201.78
341.14423 546.632
350.10910 339.401
355.18567 359.402
357.19543 676.896
358.15057 6754.3
358.20126 366.025
359.15396 1326.74
368.12137 306.509
381.15179 305.657
381.21710 273.583
384.70367 1278.01
385.20370 366.355
388.14990 295.814
390.20233 391.435
391.20020 234.005
402.69019 332.474
409.19000 843.957
410.17719 469.025
427.20456 6702.35
428.20673 1296.16
433.20743 352.981
440.21759 1433.12
440.71884 575.24
442.17111 275.608
443.24020 1896.25
444.24530 487.735
449.22006 267.758
451.23138 467.547
453.20975 554.028
460.19366 260.249
463.17770 516.093
463.22055 264.881
470.14102 358.438
471.23532 6699.58
472.23962 1881.64
473.24750 337.414
481.20047 361.567
482.19772 515.56
489.27762 607.82
490.23526 284.608
492.24008 307.433
494.23517 364.053
498.23380 283.204
499.22385 239.907
500.26105 674.625
501.94351 311.549
507.19949 334.333
510.24347 391.598
520.25464 315.791
522.75708 241.914
524.21997 969.28
525.20526 1130.07
526.20294 433.188
527.27155 261.263
528.25665 6579.02
529.25946 1908.11
530.26233 388.683
535.22125 383.179
542.23096 17072.7
543.23401 4186.49
544.21539 978.451
545.22064 348.461
552.21283 410.866
555.25989 284.615
559.76831 513.448
560.27039 254.689
566.29834 318.234
566.43091 322.635
567.30597 1186.9
567.39447 764.697
567.81262 313.82
568.35449 1100.57
568.79138 731.146
569.31207 2305.56
576.26917 275.423
577.28156 566.637
591.35712 393.582
595.27856 632.587
602.36023 1214.66
611.29572 530.279
612.28851 369.617
619.28259 515.807
620.28595 619.315
624.27216 332.419
629.30402 3681.67
630.30890 1170
633.28094 364.899
637.30322 1153.49
638.29193 1293.82
639.28845 2429.6
640.28998 843.621
641.30280 370.642
651.34003 452.486
655.31494 26109.7
656.31775 8497.58
657.29858 26149.9
658.30096 9129.62
659.30585 2171.34
660.31506 269.785
664.38379 260.066
665.29706 440.298
667.31055 305.412
682.88574 251.068
691.28180 695.693
708.37189 271.653
726.37878 441.247
737.36389 719.441
739.32373 319.722
740.34540 1359.48
741.33423 378.538
749.43036 3786.13
750.44177 1113.33
751.37378 721.937
752.38379 375.746
758.36267 507.645
759.34833 364.764
761.41937 293.617
768.40021 14055.5
769.40308 5504.25
770.41492 1189.93
771.41492 321.772
776.37036 3856.06
777.37372 1671.86
778.38470 515.785
786.35461 1664.83
787.35669 574.681
793.43866 262.807
804.36639 13205.5
805.36914 6271.22
806.37128 1538.08
807.37390 273.115
820.32080 631.047
821.31281 289.388
848.50037 2474.35
849.50159 1290.79
853.42993 690.24
854.43250 320.331
859.39172 262.06
861.40674 572.007
862.41174 283.13
872.41431 367.177
879.43347 2997.94
880.42780 1492.64
881.43018 426.498
887.41278 516.172
888.39508 396.953
889.39667 275.998
897.44183 6319.32
898.44501 2695.78
899.44708 606.049
905.41302 3222.38
906.41125 1362.22
907.41705 656.266
915.39935 1973.89
916.39661 1155.23
919.53503 2497.76
920.53577 1135.18
933.40930 17857
934.41174 9721.16
935.41229 2555.62
936.41339 442.357
1000.48560 390.508
1008.48981 694.703
1009.49591 283.658
1018.49951 1292.39
1019.50049 694.14
1020.47827 258.916
1028.48547 431.095
1029.48230 263.009
1030.57129 329.35
1044.50940 1835.12
1045.51111 1059.54
1046.49524 3221.95
1047.49573 1683.57
1048.48804 487.371
1230.57727 895.912
1231.57300 729.216
