2323.17258 3
120.08049 3248.81
129.06563 951.56
129.10201 2466.7
130.04967 340.556
130.08618 489.23
133.04272 387.608
136.07556 1449.52
143.11761 497.563
147.07660 462.617
147.11258 1226.53
149.07419 1109.71
157.13326 903.253
159.09122 895.704
167.08067 466.794
169.09695 315.467
171.11240 752.592
173.12791 407.19
175.08594 290.718
175.11876 1336.13
183.14890 5950.37
184.15286 558.769
185.09113 304.877
185.12823 921.694
185.16669 360.414
186.12260 526.551
187.10767 328.883
197.12799 600.202
199.17946 516.559
201.12279 787.651
210.02516 374.017
211.14378 2799.18
212.10226 522.018
213.15993 387.984
215.08498 319.335
215.13902 563.356
217.08089 456.384
226.11818 469.141
227.10127 298.733
228.13359 539.186
228.17010 727.939
229.11760 322.764
240.09740 1559.42
240.13293 327.471
241.08154 310.944
242.14955 1201.95
243.07971 1123.18
243.13287 1594.81
244.16444 350.192
245.07710 802.773
248.16003 882.488
249.16136 339.282
256.12906 717.133
258.10788 1745.92
260.10605 3470.95
261.10886 308.793
268.16504 2782.74
269.17078 342.717
278.11444 306.355
282.18112 935.154
288.13620 307.098
294.17725 298.893
297.15604 459.72
297.19028 407.693
310.17514 317.135
323.20825 475.701
327.23761 369.528
335.19229 1915.65
339.16696 431.119
339.20218 549.578
353.18283 304.726
357.18085 421.504
358.15723 345.491
360.70630 509.521
370.15479 830.533
371.13583 829.817
371.18735 1508.9
376.23819 619.475
379.19681 834.632
380.15601 698.65
381.24835 381.318
382.28128 325.913
388.16583 1107.25
395.16833 344.725
395.26242 340.269
396.22446 337.986
399.20587 1727.73
410.27518 1392.4
416.21622 608.18
425.22668 2180.07
425.72900 883.11
426.20053 310.723
433.73801 478.848
434.23859 515.879
440.26920 693.186
440.76999 335.079
470.28159 472.471
481.35046 657.372
485.27289 1133.25
489.25641 960.209
489.76016 467.336
498.27567 1202.53
502.23581 377.94
503.28168 12369
504.28400 2987.65
505.28912 440.491
505.79132 373.552
508.25146 491.723
509.34421 4088.67
510.23914 439.235
510.34586 1042.89
510.74335 326.291
524.30768 641.48
544.29395 5013.35
544.79413 2556.88
545.29504 1060
553.29382 375.713
554.29407 423.98
554.78180 645.403
555.27893 465.128
561.74554 509.021
562.24579 681.573
562.74292 361.834
567.29626 515.023
572.30304 947.217
579.32690 1109.92
585.30762 1231.87
590.31378 10351.7
591.31665 2933.08
592.31921 693.284
594.43494 681.786
596.26904 425.976
599.31738 1922.63
599.82025 1075.58
600.31995 582.02
607.31976 4542.1
608.32434 1483.88
608.82635 351.029
609.32410 638.693
622.42719 4183.93
623.43256 1168.61
630.28522 850.469
645.32709 332.648
652.36359 441.264
667.33167 607.355
689.38135 6322.77
690.38367 1719.48
691.39160 346.455
692.41071 517.715
713.31830 325.639
720.40515 5106.67
721.41040 1642.23
723.48322 346.396
729.35309 330.288
731.33478 424.247
733.46222 676.435
742.00482 347.228
751.47125 3855.09
752.47327 1668.77
753.38684 617.893
754.48730 373.877
774.40497 994.517
775.35901 3047.98
775.74615 476.947
776.34955 1424.71
783.40015 406.201
784.40338 334.495
820.41980 3247.71
821.42383 1591.49
822.41913 688.643
831.37073 677.089
840.42963 695.98
841.42920 674.556
848.38452 382.719
849.45038 4761
850.45642 1622.2
859.43494 696.466
860.43475 478.725
861.52216 673.875
862.51361 630.23
863.51251 429.99
866.47681 894.136
867.48364 559.716
877.44342 17982.2
878.44531 7804.37
879.53717 6527.54
880.53638 3036.64
881.53766 767.868
885.42950 401.656
902.47699 533.666
906.46631 571.276
928.43365 1720.16
928.93250 1381.22
929.42908 983.427
941.47766 429.2
947.45135 356.572
948.46136 920.17
949.48029 522.196
956.96149 356.073
959.49249 785.639
960.49207 754.873
961.49719 425.923
965.54834 871.994
977.50513 9644.39
978.50702 4678.04
979.51031 1075.07
984.97296 1424.8
985.47528 1406.93
985.97534 976.258
986.47278 420.983
987.43982 358.936
988.44104 408.726
990.52740 4576.62
991.53009 2451.46
992.54449 1036.29
993.54803 557.118
1000.53064 354.974
1010.56958 3534.91
1011.57532 1817.58
1012.57788 524.116
1021.48346 406.018
1027.59827 399.176
1051.57678 371.494
1069.57886 1068.08
1070.57288 779.065
1077.05823 336.138
1077.53137 411.689
1087.58032 24497.6
1088.58167 14027.3
1089.58228 5056.83
1090.58191 917.222
1108.54395 2417.43
1109.54980 1254.45
1121.60730 1023.64
1122.62805 451.798
1125.57336 631.881
1133.56091 682.45
1134.54529 1353.14
1135.54419 1288.25
1136.51831 492.189
1138.62524 3992.35
1139.63293 2363.1
1140.63696 898.758
1178.67834 403.71
1198.61243 1912.66
1199.61621 1254.75
1200.62854 431.661
1215.64880 538.201
1216.63538 669.261
1217.63184 540.894
1218.60657 410.557
1219.58765 413.33
1233.62939 335.535
1236.60474 3051.47
1237.60706 1795.32
1238.59729 588.782
1346.69910 411.666
