2044.91347 4
110.07106 7679.19
111.07404 352.115
117.06575 946.4
120.08046 1308.29
129.10205 3026.61
130.06491 9572.25
131.06804 1052.65
132.08075 303.757
136.06110 436.607
136.07550 3306.51
138.06584 326.362
143.11780 2348.19
145.06068 1118.18
147.11269 704.208
157.09703 449.726
159.09137 1348.34
166.06122 306.608
170.05975 390.429
171.11250 799.73
175.11880 3774.69
184.07133 332.816
193.09755 434.021
195.08751 5340.77
196.09163 369.832
199.08563 468.85
199.17982 591.298
201.12279 434.275
205.10030 721.732
211.08653 504.522
211.60013 2880.87
212.10229 663.105
217.60013 2678.03
218.10161 713.792
218.14940 609.179
218.60785 511.933
220.60574 919.526
224.58998 1010.87
225.59718 980.196
229.11752 599.711
230.14969 781.058
231.59756 6506.27
232.09920 1479.63
233.09575 368.451
233.16327 333.465
234.09818 637.314
239.11356 981.975
240.11072 725.54
241.11284 411.924
244.56801 428.963
246.09798 694.57
252.07947 358.15
254.10878 353.506
260.58859 2361.03
261.09027 539.871
264.10895 2599.34
265.11325 374.168
266.58823 1347.5
267.09003 456.876
267.59644 978.076
269.10623 1904.74
270.12500 338.857
274.62152 2295.2
275.12360 471.471
280.58636 1504.48
281.08737 598.269
283.62750 941.023
285.13364 406.3
286.14069 1744.31
286.17056 4177.06
286.67264 1141.56
287.17249 352.151
288.20218 880.823
288.61899 1922.06
289.10007 833.46
297.62427 1797.74
298.12381 354.723
303.09656 2226.03
303.13242 1405.57
303.59689 544.39
303.63504 409.411
312.13736 1140.9
312.63696 381.425
313.12796 722.115
313.18323 1987.13
313.51791 967.934
317.12915 1450.42
317.63138 488.682
323.61032 1157.5
324.11243 510.99
326.13507 1359.82
326.63681 478.079
332.61490 1311.67
333.11325 423.571
337.60754 854.884
346.61273 1100.15
347.11627 377.919
349.19769 597.437
350.15836 658.437
350.21933 638.741
350.86066 353.895
352.11905 754.979
356.86328 3705.47
357.19775 2438.47
357.53223 911.052
359.67120 414.183
362.08575 865.922
366.11923 1599.06
366.61975 452.548
367.20844 628.128
368.67987 373.996
370.15152 637.657
373.17133 701.258
378.15094 3251.89
379.15402 666.147
384.13263 1894.31
385.13269 351.161
395.20526 1993.21
395.54001 1523.07
395.87320 513.999
396.16122 475.644
400.74246 1091.9
401.24451 786.883
408.66187 1122.75
410.46060 350.563
420.17807 566.496
422.19095 667.25
423.79358 392.529
428.28760 700.919
431.18417 801.423
431.68893 386.788
432.17920 360.464
432.89993 2244.5
433.23474 1925.52
433.56989 888.812
447.53323 364.507
450.18820 3064.96
451.18976 762.376
451.90720 2504.34
452.24109 1640.97
452.57663 727.336
460.26587 4475.08
460.76746 2356.24
461.26865 496.932
469.27200 10338.4
469.77264 5663.86
470.27469 1387.37
473.59631 350.975
474.28186 1817.63
474.91553 619.641
475.25113 418.755
475.28116 365.514
475.73941 367.095
476.12839 4860.08
477.13208 839.659
478.48669 1622.35
478.73596 2390.68
478.98529 1433.33
479.21707 676.593
479.48907 345.857
480.24274 452.378
480.91815 1904.97
481.25156 1232.85
481.58505 709.748
482.98804 6705.25
483.23914 7258.71
483.48880 4624.08
483.73965 1939.42
483.99023 795.027
485.17987 1052
487.49057 4386.55
487.74115 5124.22
487.90930 348.768
487.99261 4028.55
488.24414 2014.93
488.49274 725.749
488.58353 379.395
489.19778 451.543
493.92184 1024.81
494.25623 1036.88
494.59106 451.924
497.22302 341.548
498.25388 433.92
502.98093 783.572
503.22620 904.437
503.48145 413.33
507.20908 7916.73
507.48199 3164.18
507.73355 3349.7
507.98273 1901.98
508.20935 1869.24
508.48615 424.482
509.21399 564.098
511.29810 735.278
511.72690 369.404
511.99051 583.088
512.22675 587.175
512.29956 1319.42
512.79510 1614.09
513.31012 634.497
525.21661 539.618
525.78687 2562.78
526.28949 1454.44
534.79114 9950.41
535.29309 5905.62
535.79340 2335.68
536.29559 554.086
544.83325 752.789
550.27600 410.596
550.60645 431.243
554.24390 1113.06
556.28589 429.66
564.31714 457.472
565.97424 2147.86
571.33411 18278.6
572.33691 5932.5
573.34161 1116.94
575.79034 390.448
576.22809 926.321
583.29932 3418.8
583.79913 2734.68
584.29749 1483.31
584.79132 438.409
586.35291 524.112
592.30414 22234
592.80585 14477.2
593.30695 6448.24
593.80847 2482.28
594.24237 1377.8
595.25513 823.418
597.30115 366.704
597.96301 726.137
598.30383 611.177
598.62775 346.854
603.96655 567.137
604.29858 663.728
604.63416 553.179
605.18628 5353.96
606.18750 1843.5
606.63104 583.192
606.96185 491.189
608.67145 2079.49
609.00226 352.004
613.27502 2324.57
614.28162 352.63
623.27039 546.642
633.25098 2930.28
634.25739 981.982
639.84253 1210.58
640.34180 816.758
641.26746 654.629
648.84717 7227.67
649.34814 5964.03
649.84985 2563.75
650.35254 922.63
651.26227 5583.48
652.26703 1916.53
653.26434 533.218
655.28149 988.036
660.33820 439.385
668.35315 3169.7
668.85254 2311.83
669.35315 1669.29
669.85358 488.06
674.20770 1742.54
675.20886 514.876
677.35730 22822.1
677.85889 17459.4
678.36035 7718.56
678.85986 2409.12
679.35535 457.659
682.34558 510.745
692.36865 747.254
699.42993 6035.11
700.43475 2224.53
701.44244 398.926
702.87213 367.277
703.35126 791.555
703.85040 642.919
711.86969 2254.91
712.36816 2406.78
712.87006 1013.84
720.87268 13020.9
721.37445 10830.1
721.87671 5096.15
722.37842 1912.38
722.88342 691.772
731.22821 2451.16
731.36511 577.386
732.23444 813.39
740.37891 2794.51
740.87988 2172.63
741.38226 1141.42
741.87805 444.842
742.31720 559.286
743.32922 356.283
749.23950 2793.98
749.38507 3137.41
749.88446 2912.58
750.24042 1170.05
750.38788 1312.69
750.88513 528.056
764.34393 679.838
765.36084 418.011
782.47125 548.181
783.38019 531.205
783.47125 374.93
784.37390 461.884
791.43805 1403.32
792.44281 636.405
799.94269 479.608
800.47717 10160.7
801.47888 5062.83
802.48163 933.41
848.46027 908.771
861.36255 693.62
862.35449 379.697
870.40802 495.52
879.37054 1510.66
880.37665 750.097
919.52356 391.947
937.53510 3533.15
938.54059 1863.11
939.55377 464.73
959.33563 390.643
977.35291 771.791
978.34851 388.005
1068.57605 819.825
1069.57764 374.899
1183.59155 593.052
1184.61096 342.847
