3725.59170 4
157.13348 1244.89
175.11867 5456.22
183.11169 1721.11
199.10797 1823.4
200.10277 2612.18
201.12320 8919.4
211.10742 1748.92
217.13675 8618.83
227.10240 5342.56
229.11794 10741.5
232.13998 1155.49
235.11842 2441.07
245.13133 5089.91
258.15076 2286.52
260.10657 7618.29
303.21323 16716.6
304.21683 2505.35
306.15588 2129.61
310.17572 2499.89
313.18683 1849.04
328.18655 3532.44
331.14267 6431.93
342.12881 12636.1
343.13232 1601.53
371.13547 1073.04
385.17313 2693.48
388.16400 2004.06
393.21078 1274.86
409.70514 1326.87
410.72897 2189.55
411.22403 3736.97
413.16623 32430.7
414.16837 5148.15
429.23169 1874.55
442.17328 1212.28
444.22629 1957.41
452.24786 1678.94
459.20209 1619.18
466.24417 14123.6
466.74576 6947.55
467.24930 1656.32
473.73148 3599.59
474.23181 2691.17
479.24063 1582.66
480.24423 2073.53
493.76242 1689.93
498.25546 19028.5
499.25705 4727.7
500.73627 1564.73
508.23895 2010.23
509.24927 17039.3
509.75122 9079.47
510.25226 3483.52
515.29303 26881.8
516.29681 6097.88
526.25000 35296.3
527.25330 10469.2
528.25574 2135.03
530.27533 2829.73
530.77118 1454.07
531.76379 10194.6
532.26624 4826.79
532.76569 1836.29
540.27808 10374.1
540.77850 5394.22
541.27905 2868.28
550.27930 10119
551.28308 2781.44
551.79547 1746.05
552.29095 2210.36
557.28027 2565.09
557.78461 1128.79
559.29822 2878.1
560.29938 1387.55
565.79126 17139.9
566.29517 9862.41
566.79614 3956.36
567.29718 1463.12
574.76801 6434.36
575.26965 4566.78
576.27203 1325.13
581.79602 2483.91
582.29810 1809.27
587.27649 2402.35
587.78436 1126.88
588.27667 1152.34
593.31207 2066.34
593.81793 1180.68
595.79346 27591.4
596.29456 18374.8
596.79492 9668.24
597.29102 4207.46
608.79498 1879.43
609.55780 1799.46
617.31329 5087.4
617.81586 3698.88
618.31433 1919.67
622.32849 3682.18
622.79523 5833.69
623.29797 4038.33
623.79620 1756.06
629.83081 1196.95
630.31799 4355.9
631.31183 60636.5
631.81293 38304.6
632.31378 22453.9
632.81512 6690.6
633.30811 1395.63
639.33649 2540.71
641.30310 1611.21
652.76575 1702.14
665.34723 2061.8
673.85699 4087.97
674.35669 3316.28
674.85577 2019.78
687.35754 6694.5
687.85254 7330.82
688.35571 7146.82
688.85571 2492.39
689.36041 1509.53
710.37708 1433.76
712.34436 4666.71
713.34442 1163.99
751.78174 1191.53
751.97876 7902.48
752.31323 10271.5
752.64667 5431.75
752.98450 2822.62
759.35913 2033.2
784.63824 17159
784.97180 18132
785.30463 11719.3
785.64056 4951.37
785.98010 1177.21
789.67926 1251.49
790.01056 2136.8
790.33154 2860.43
790.65161 1791.62
790.98682 1590.19
800.43994 1873.17
803.42188 10600.9
804.42358 5109.05
805.42664 1264.27
815.33832 1619.44
816.32709 1327.29
818.40210 2356.51
822.33038 1788.01
822.66669 3313.74
822.99042 1811.37
823.32245 2982.75
823.65765 2934.32
824.35950 1909.12
825.42993 2531.7
826.43854 1455.75
846.36426 1283.41
846.86743 1352.16
855.84357 2732.02
855.98145 1954.36
856.33459 4821.51
856.68268 1435.66
864.84491 34695.6
865.34613 26166.3
865.84698 14615.6
866.33972 3300.37
866.83173 1448.21
881.39124 1565.24
883.40485 1623.35
883.91882 2622.66
884.40497 1278.54
888.40570 5049.41
889.41193 2523.24
893.93268 1207.57
895.84369 2221.34
900.04950 1182.35
903.88098 1461.18
905.33136 1306.71
913.83295 38056.8
914.33337 32004.6
914.83374 15428.4
915.33258 5964.01
921.38123 2262.22
921.88257 3557.99
922.37921 1280.29
931.48511 20239.9
931.88318 3109.84
932.33942 3526.86
932.49976 14913.1
932.73389 3982.9
932.98077 2311.9
933.11523 1555.52
933.37628 4026.45
933.50287 7382.56
933.80505 2774.87
939.25519 1377.88
946.45593 6183.19
947.46771 2949.17
947.89960 1187.29
950.40308 1377.67
952.86194 1630.03
953.36548 1229.74
956.90417 2958.26
957.39197 2062.64
957.90442 1886.96
970.37305 2334.41
970.87421 3731.57
971.37695 1519.71
975.89447 1705.14
976.40802 3312.57
976.90668 1560.68
996.87695 1557.76
1003.41077 1987.04
1005.89203 4937.77
1006.39783 4032.37
1006.88593 2362.75
1014.41730 3094.44
1014.91418 2707.72
1015.42200 2387.87
1015.91309 1451.39
1017.49249 5647.17
1018.50781 2886.49
1019.49554 1551.97
1020.94757 1711.12
1024.89111 3818
1025.39319 4845.43
1025.89001 2098.53
1033.41370 2669.62
1033.91479 2100.3
1062.51953 8462.24
1063.37610 2728.51
1063.54456 5162.92
1063.90955 4783.69
1064.38049 2424.45
1064.55359 2780.47
1078.94189 1526.85
1079.42993 2378.04
1079.93213 1491.33
1082.40881 3495.46
1082.91248 3583.14
1083.41003 1261.34
1083.90491 1447.46
1090.93127 3397.35
1091.43176 2984.82
1091.93176 1868.89
1092.93860 1640.96
1093.44775 1828.32
1109.44897 1322
1109.94592 1251.97
1118.46167 5174.95
1118.95654 7126.3
1119.45935 5775.47
1119.95129 2180.46
1127.46655 71287.8
1127.96643 78729.5
1128.46558 51042.4
1128.96753 24022.1
1129.46851 9394.07
1129.96631 1575.7
1130.58118 5870
1131.57922 3422.38
1132.46155 3541.9
1133.46216 2064.25
1134.44495 4919.42
1134.94946 6047.54
1135.44788 4520.18
1135.95496 2871.33
1136.44788 1852.89
1139.92346 3567.66
1140.41956 2958.2
1140.91846 2736.61
1148.54004 1478.43
1154.53931 1227.12
1158.93701 1393.67
1167.44849 4553.58
1167.95300 4391.51
1168.44824 3045.26
1168.94397 1303.13
1174.43604 1210.42
1175.41785 1294.55
1176.01331 1898.17
1176.45483 69012.2
1176.95447 83119
1177.45410 55619.5
1177.95447 22561.1
1178.45532 8331.56
1178.96814 1620.75
1183.43799 5885.68
1183.94299 6911.82
1184.49255 6518.66
1184.97461 9586.77
1185.47339 10758.8
1185.97644 7094.98
1186.47778 2604.87
1186.97314 1234.94
1190.58154 3259.02
1191.58545 2495.64
1214.39014 2635.8
1219.52502 3083.42
1220.03235 3925.71
1220.55896 1765.73
1221.02405 1346.67
1224.96680 1193.34
1225.46399 1939.23
1232.99670 6099.81
1233.48071 4764.06
1233.97485 10586.8
1234.46777 12403.8
1234.98303 10522.5
1235.48169 6028.31
1235.99268 2703.04
1261.61987 20985
1262.61951 13018.1
1263.61841 6506.13
1264.62280 2438.84
1268.51245 5108.88
1269.02124 5414.45
1269.52002 5107.7
1269.99329 1629.99
1275.04529 1551.78
1275.53345 1933.17
1276.04004 1373.98
1283.49805 2087.53
1283.99622 4358.69
1284.50305 3019.5
1284.99170 1848.84
1304.51990 2794.48
1305.52417 1630.34
1312.37537 3611.27
1313.37573 2967.39
1324.03528 2073.97
1324.52063 2328.92
1325.04150 1453.79
1346.72974 1209.62
1347.68262 1210.25
1374.70300 18875.6
1375.70740 15712
1376.71082 7253.61
1377.69861 3215.04
1399.07031 1297.65
1464.49841 1314.89
1471.52380 1217.95
1502.60693 1262.57
1711.67737 1384.16
1728.68506 16635.8
1729.68896 14206.7
1730.68262 7572.56
1731.67542 2448.78
1739.64014 2039.18
1740.63013 2217.83
1826.66199 12850.1
1827.66309 12233.1
1828.66077 6050.72
1829.65637 1699.63
1837.61377 3042.29
1838.61548 2422.45
1839.60364 1205.04
