2109.01396 2
110.07092 851.634
112.08662 575.539
120.08131 483.482
129.06560 1856.25
129.10194 2303.74
136.07559 832.446
141.10205 428.382
147.11255 791.41
153.06573 397.522
155.08093 680.916
158.09201 1103.33
159.11272 404.55
167.08124 418.843
169.09589 416.843
169.13332 1137.17
170.09166 459.628
171.07622 1247.51
171.11098 378.829
173.12791 525.756
175.11855 4197.01
181.06061 1214.76
181.09679 593.775
183.11226 577.543
185.09148 434.063
188.10231 712.197
197.12811 5659.99
198.08708 3553.38
199.07100 2708.29
199.10492 505.285
201.12289 1110.4
202.08179 698.145
203.06535 412.865
213.08559 513.866
214.15425 818.27
215.11293 704.375
215.13860 5044.21
216.09753 6471.91
217.08221 774.984
217.09898 498.176
225.12277 4466.81
228.13483 539.139
230.11354 500.972
231.09653 381.903
233.12459 600.363
238.11678 433.041
240.09685 376.817
241.08101 818.157
242.14941 3427.98
243.13361 2465.31
244.14214 382.449
245.07774 354.779
245.12402 814.51
246.18034 573.993
252.13387 465.671
256.12900 581.593
258.10770 1229.4
258.14352 460.124
262.15027 2838.43
268.09256 358.261
270.14349 1226.74
272.17114 1489.65
280.16107 354.263
282.10699 471.606
284.12381 690.898
284.15912 568.991
286.10229 777.142
286.17545 581.185
294.14307 624.778
304.11188 881.464
308.13498 496.745
309.11829 2689.87
310.10147 786.947
311.17117 1109.43
312.15347 1018.51
323.20630 722.324
325.18625 903.462
326.14569 3017.7
327.12820 3838.05
328.13678 449.82
329.18115 1538.19
334.10318 479.082
336.15482 385.195
339.16547 372.11
341.15555 426.139
342.14130 947.292
344.15594 2782.17
345.13245 482.729
351.20074 568.721
353.18106 9409.2
354.18698 1421.42
355.12543 643.89
357.17987 826.839
358.18414 524.178
359.16626 1860.9
371.19150 3644.36
372.19470 467.426
373.13394 962.569
376.19321 14107.4
377.19794 1337.16
387.22174 361.704
394.20865 484.793
395.19238 928.674
403.17932 411.525
405.17630 628.184
412.21756 1387.33
414.26563 389.189
422.20236 3228.91
423.18192 857.821
426.19714 416.973
438.15671 433.171
439.14313 573.424
439.22650 1285.77
440.21262 4330.64
441.21805 800.159
448.14938 709.518
454.18982 530.229
455.18973 409.969
456.17279 638.265
457.16211 572.634
457.23935 1672.82
458.22318 1802.44
468.21127 444.604
472.20340 1997.33
473.20468 749.84
474.19333 1306.04
475.24945 685.846
490.21201 918.611
491.22009 3206.46
492.22134 481.013
527.24243 616.344
528.23151 365.703
535.17621 432.539
550.25952 1127.01
551.24731 625.968
568.27032 1928.1
569.26361 644.98
571.26978 681.289
585.28448 515.087
586.28235 1003.11
589.28192 794.528
597.25879 407.543
604.30420 384.552
605.23450 477.074
622.25970 2517.59
623.26013 904.256
632.35352 422.584
641.28784 374.311
675.24017 385.423
681.35724 921.793
692.26208 916.361
693.26508 419.28
699.36902 470.668
709.29199 8113.42
710.29352 2599.9
711.28882 578.115
761.41260 389.817
804.35907 445.906
805.35248 917.972
822.37518 6745.18
823.37781 2830.71
824.38055 690.813
865.51819 927.369
903.42511 390.385
904.41992 593.438
921.44434 7432.2
922.44482 2940.5
923.44824 676.929
962.49011 431.08
1020.50787 2585.76
1021.51190 1194.32
1022.49835 399.464
1024.51831 962.572
1025.52344 486.687
1063.54810 409.416
1095.55969 495.75
1107.54492 3669.18
1108.54590 2476.14
1109.55042 466.112
1164.55896 670.849
1165.55847 392.153
1190.58862 1012.06
1191.58203 741.065
1208.58972 8336.4
1209.59265 4822.39
1210.59424 1875.99
1305.60925 484.922
1306.59216 647.287
1307.61743 401.934
1323.61816 2798.86
1324.62134 1976.26
1325.61426 725.673
1380.64294 453.725
1392.64429 1680.74
1393.64246 1468.51
1394.62585 614.703
1410.65027 10924.8
1411.65259 7906.76
1412.65112 2944.91
1505.73560 511.148
1506.74744 541.679
1523.73438 4386.27
1524.74011 3364.39
1525.74097 1429.71
1634.76892 909.85
1635.77295 547.984
1651.79126 676.4
1721.82690 422.021
1738.83289 1608.36
1739.83118 1753
1740.83777 755.183
