1605.74924 3
110.07117 7073.3
111.07449 362.519
112.08685 744.852
115.08652 558.158
116.07052 355.153
120.08069 11069.8
121.08392 1057.54
127.08663 464.989
129.06743 280.84
129.10223 16033.3
130.08607 1107.88
130.10535 904.541
136.06166 1827.16
136.07570 3318.56
137.07845 332.187
138.06665 333.654
139.08679 326.086
141.10248 545.799
143.11768 537.947
147.11275 1979.04
149.04523 599.379
155.08160 793.378
157.10812 529.353
158.09233 1184.82
159.07683 379.177
165.10179 357.59
166.06100 1452.71
167.05585 288.697
167.09225 1277.69
169.09711 1428.45
171.07645 343.219
173.12830 2103.88
175.11893 8561.88
176.12302 378.309
179.09232 1226.57
180.07678 504.937
183.11357 310.563
184.10788 560.326
185.09311 295.83
185.12778 458.507
195.08768 1662.52
195.11279 395.116
196.10661 349.724
197.10330 3409.05
198.12341 527.268
200.13927 1091.05
201.12363 623.898
207.08745 1357.38
207.11288 1261.83
208.07153 3678.04
208.10739 707.551
209.09164 1498.1
209.13991 530.648
212.13838 480.734
213.08623 516.12
217.09534 419.799
221.12697 503.025
223.10622 349.802
223.15489 382.645
224.10291 4343.8
225.09816 16835.3
226.11813 8611.92
226.15234 416.001
227.10609 619.161
227.12103 785.825
228.64990 3156.31
229.15092 691.887
230.15096 654.584
232.12003 363.954
235.10706 966.92
237.13556 419.578
240.13312 337.389
240.62685 476.497
243.14537 1668.92
244.16490 1494.33
245.16861 551.653
246.12346 299.72
249.09795 633.212
250.13206 331.758
251.10220 1563.09
251.15024 800.254
254.11298 350.622
255.14610 682.261
255.64969 395.841
258.09756 340.018
258.14581 519.034
259.59100 369.644
260.11823 299.186
260.19650 547.393
261.15924 375.812
262.11880 775.972
264.10956 1767.34
266.12500 331.221
267.14374 413.062
269.16086 628.12
270.19092 386.241
271.17606 767.128
272.17163 5098.75
273.17642 510.619
274.11920 506.298
276.10904 1274.61
276.15469 313.155
281.05081 727.903
282.14532 315.801
282.18115 630.454
283.14163 609.405
284.18295 503.415
288.20285 1103.77
292.10660 699.505
292.69675 1384.74
293.19797 299.763
294.11954 4357.52
295.14029 1776.32
296.12357 593.997
297.68912 338.81
299.06137 3605.81
300.06235 800.647
303.17822 679.511
305.06451 297.268
310.13892 1217.8
310.17603 433.102
313.15277 389.434
322.07889 506.809
322.64389 450.659
323.14252 566.619
327.16687 438.927
332.14648 306.217
339.21127 537.978
341.19247 1705.62
342.21371 399.838
345.17722 923.129
349.71960 1204.91
350.21933 365.976
351.14066 1719.47
352.16345 1355.37
356.68958 607.668
358.13269 358.606
358.69144 371.398
359.02914 531.348
359.23972 2375.57
360.24326 409.526
362.70801 603.528
363.20825 489.685
365.12192 365.03
366.21292 469.933
367.13553 699.688
369.18887 1491.05
370.16995 310.806
372.12903 443.689
373.18613 1180.52
374.19165 345.676
382.71097 611.79
392.09665 1014.48
396.25958 342.369
407.67667 314.175
408.23706 595.877
409.72266 1578.58
410.22568 564.789
414.74341 441.926
415.03622 1545.85
416.03793 435.8
416.26105 1286.91
418.26846 732.336
421.18338 1184.86
423.25528 797.86
423.75443 721.196
431.66403 515.734
438.24582 35517.3
439.24777 5117.24
440.26749 646.366
449.11832 1040.97
450.22922 592.299
451.27197 358.204
455.89743 356.981
456.19229 496.68
456.22198 380.691
456.29266 43472.6
457.29559 10120.5
458.29718 1536.29
459.23230 765.721
464.56625 418.321
465.27750 403.477
466.24252 361.494
466.77014 1110.65
467.27402 618.402
468.23846 673.536
468.57733 887.851
468.91028 572.67
470.23895 2310.12
470.57315 4127.61
470.90189 1678.02
470.95486 1051.9
471.23239 667.31
471.28644 655.681
471.59201 1597.78
471.92517 796.577
472.25568 416.403
472.76135 344.352
474.25333 1811.69
474.58771 1430.25
474.91986 667.691
476.24820 356.11
476.57712 1317
476.95383 473.112
477.24374 563.786
477.59433 714.198
477.76120 330.5
477.91452 643.449
478.76028 1592.86
479.25229 2206.27
479.75363 771.108
480.25494 1160.5
480.59061 519.695
482.30960 604.715
483.58560 346.794
483.91757 368.254
485.58469 331.686
485.91071 473.876
486.76633 1304.02
487.26535 552.932
487.76361 23701
488.26608 9581.69
488.76474 2649.94
491.23038 422.039
491.58432 593.462
491.91791 605.523
495.25055 1885.27
495.78143 1342.23
496.25385 448.716
496.76917 3339.32
497.27457 1120.04
497.58853 1894.53
497.92258 1387.42
498.25882 552.018
498.75375 497.006
499.22351 542.52
501.23517 855.265
501.57129 714.042
503.26755 3264.23
503.59793 4195.52
503.93344 1648.3
504.25113 612.672
504.58005 393.205
504.95816 408.571
506.91177 2448.11
507.24432 2086.21
507.58032 935.379
507.75769 1758.67
508.25827 1062.12
509.27179 1293.49
509.60211 1519.43
509.93677 487.852
510.23819 532.653
510.57037 351.55
513.26923 327.293
515.25238 572.747
517.24115 472.712
518.24054 907.088
518.57025 485.563
519.23077 1386.39
520.23132 462.669
524.25415 904.639
524.57593 439.719
525.27136 665.012
527.29706 552.229
527.74658 406.633
528.25616 448.314
529.91986 635.107
530.24976 1809.03
530.58014 744.44
530.79913 605.754
530.91217 498.674
531.24335 502.893
531.30853 631.219
535.29120 1604.94
535.92334 4841.37
536.20288 2097.37
536.26447 2035.57
536.31152 1956.1
536.58618 1968.36
536.74969 3611.93
536.92462 1500.99
537.25342 2010.9
537.32385 564.614
537.59711 441.473
537.75757 400.994
543.24585 643.728
544.32001 2760.02
545.32324 554.936
546.26349 386.288
547.30896 1284.15
552.59656 401.091
552.92682 383.395
558.23889 722.041
561.26465 330.842
565.23773 563.727
568.24689 576.261
570.32330 455.854
570.81732 777.677
571.32153 386.389
572.78876 485.266
576.25177 2796.23
577.25555 673.274
579.32568 3703.61
579.82678 2808.08
580.32703 985.198
584.38788 6684.26
585.39008 2147.59
586.26575 410.772
586.39655 360.696
587.34619 539.214
589.21979 588.839
589.79572 517.442
590.31390 731.826
590.81055 524.336
591.32574 492.411
592.31152 335.379
593.23303 3996.75
594.22626 726.565
598.83185 955.747
599.32391 1918.68
599.82635 1159.14
600.33618 428.278
607.83514 6221.41
608.33643 4429.05
608.83740 1326.02
612.82941 477.08
613.33087 342.971
617.20807 1432.22
618.21051 459.639
618.35266 801.936
624.83002 711.129
625.32397 730.085
625.82300 335.879
627.25226 506.002
631.28241 982.479
633.34064 965.797
633.83545 2956.44
634.33649 1562.96
634.83942 755.806
636.31238 651.262
642.34662 11054.4
642.84680 8866.46
643.34802 3253.81
643.85303 773.268
645.27130 2386.51
645.80054 397.118
646.28870 727.258
651.35339 1609.76
651.85089 1511.71
652.35675 718.075
653.85114 388.268
654.34552 505.045
654.84406 348.186
656.22119 1160.44
656.34143 686.665
663.28375 3426.3
664.28351 1249.65
669.36298 417.083
674.22809 2437.72
675.23761 682.928
681.38330 3277.79
682.39667 1096.31
682.82593 357.991
683.32983 458.037
685.33228 390.953
690.28308 1017.87
691.34381 1010.86
691.83698 1065.98
694.30487 374.085
694.80627 509.514
695.30359 473.589
697.40027 938.546
698.43140 10746.9
699.43475 3764.07
700.30322 608.754
700.43964 656.149
702.35840 421.165
702.84149 420.95
703.31769 1177.67
703.81250 453.438
705.38586 1346.28
706.39087 424.33
708.30157 362.01
709.39679 707.367
712.37659 821.921
714.30737 355.238
719.65479 345.025
724.41174 777.043
725.24536 641.497
725.42816 437.87
739.41553 442.539
743.25201 4427.7
744.25427 1395.14
745.25500 404.95
751.33423 688.403
759.37036 378.205
759.85590 953.759
760.35754 828.704
761.26031 2735.88
762.26251 954.065
782.35889 697.082
783.36157 362.102
792.33881 1157.33
793.34583 534.902
800.40887 370.672
802.39093 437.108
810.35181 1718.83
811.35529 874.854
813.43457 386.596
818.43488 1225.07
820.40228 1846.06
821.40393 692.723
828.37531 687.483
828.48724 585.648
837.37299 353.805
844.42139 394.83
845.49976 3213.17
846.50452 1521.22
870.38239 499.005
890.31696 1126.96
891.31750 488.238
899.44897 911.429
906.37817 507.565
908.32446 650.19
915.50610 478.034
917.45691 2291.24
918.46204 900.763
924.39606 1411.03
925.39661 620.805
932.52979 2385.07
933.53943 1087.52
942.40717 453.33
972.52631 894.103
973.53308 398.149
989.55109 4337.45
990.55359 2322.94
991.55365 774.757
1022.37091 1191.11
1023.37488 605.938
1043.56775 822.096
1044.57764 327.497
1060.58862 4063.55
1061.59204 2251.94
1062.60095 760.765
