2626.31137 3
120.08037 1107.85
129.10211 591.374
130.08595 410.818
133.04305 308.859
133.08575 180.378
136.07539 2149.8
141.10226 215.454
143.11763 408.973
147.11241 1197.94
157.13313 291.507
159.09126 213.808
169.09676 550.004
171.11313 235.384
173.12807 566.86
175.11844 216.942
183.11276 305.874
185.12866 336.395
185.16458 235.616
186.12370 216.803
187.10724 1186.56
197.12822 646.013
201.12274 971.108
215.10211 882.335
227.17519 197.139
229.11742 259.998
231.10037 193.38
235.14224 300.105
242.14955 355.982
243.13359 643.872
244.09131 249.477
251.10364 216.167
254.14807 254.432
258.14471 203.452
260.19647 388.842
263.13861 296.364
270.18121 226.483
272.12354 2072.66
276.15350 199.073
279.09674 348.674
282.18253 197.514
284.19675 203.273
297.15433 1060.32
300.15237 202.529
310.21155 606.518
314.17075 526.818
331.23276 1235.14
332.23807 214.865
342.20068 366.605
347.10141 264.905
355.23123 219.254
357.21255 706.13
383.22992 328.531
385.20709 881.624
386.21515 219.477
389.23972 322.802
413.23898 328.997
427.25305 306.092
430.30161 621.825
439.12790 311.447
444.22119 207.176
456.24606 290.27
460.21436 423.947
476.14243 302.908
490.70306 626.475
491.20367 215.955
498.28961 379.095
501.33789 621.634
502.21503 250.63
504.26376 352.918
505.27139 222.507
547.24109 275.872
559.28760 234.959
569.32794 745.428
572.37769 601.551
588.76392 1678.93
589.19891 270.54
589.27649 665.632
589.76404 243.033
591.16779 196.613
597.76904 466.089
598.27435 300.327
605.31360 476.377
610.79193 277.065
625.19366 435.032
633.24707 251.321
638.29785 965.494
638.80005 460.866
672.32654 210.338
674.31866 345.229
682.41437 362.598
683.40881 261.039
698.37097 232.222
701.41846 715.291
702.31476 372.035
703.84003 508.319
704.24994 272.467
704.35162 542.789
704.84680 207.394
716.33917 273.411
733.36938 617.413
734.38129 267.479
754.23285 795.348
777.37732 279.891
785.35480 240.007
791.32654 298.405
811.45856 538.601
812.46222 360.026
817.33698 365.498
830.46295 932.379
831.46893 261.129
839.32233 234.861
848.39825 1954.37
849.40210 670.588
867.31641 2062.82
868.31573 920.31
869.31281 225.126
875.53339 842.596
876.45178 788.867
876.93359 285.752
877.38257 220.056
877.51746 930.123
910.52100 515.456
911.51624 232.027
930.43884 204.272
931.51141 1574.53
932.51251 746.188
947.46429 1637.18
948.46674 702.581
962.38525 219.979
980.39832 1977.27
981.40417 1045.31
982.40350 319.039
1018.42975 304.877
1062.54871 1361.86
1063.55872 737.064
1064.56494 257.339
1083.55066 274.236
1093.47729 550.966
1094.48193 342.369
1110.53076 1488.78
1111.53210 902.878
1133.58130 833.914
1134.58838 453.612
1135.59033 222.329
1176.51941 935.33
1177.51965 530.617
1178.52979 222.43
1194.52771 361.8
1202.61475 241.346
1220.61353 1592.36
1221.60291 989.486
1222.59241 487.744
1238.58716 422.704
1239.59497 313.23
1275.57813 288.876
1309.62756 576.208
1310.63928 356.221
1333.70593 487.067
1334.70239 433.389
1389.63269 222.359
1406.67871 2082.94
1407.67957 1611.82
1408.67395 605.794
1553.72546 242.52
1554.74084 223.345
1717.81226 239.133
