1313.66960 2
110.07096 2033.5
112.08646 622.696
115.08633 389.99
116.07024 435.539
120.08042 17907.9
121.08372 1529.48
129.06653 183.041
129.10185 1601.4
130.06470 857.232
130.08595 363.812
132.08044 1122.47
133.04311 226.049
133.08487 225.744
136.07538 2529.99
137.07860 226.797
141.06541 228.149
141.10194 293.747
143.11755 11157
144.12086 701.31
147.09129 458.806
147.11256 710.908
155.11748 296.811
157.10776 353.272
157.13316 613.226
158.09195 1535.91
159.09129 9316.15
160.09473 778.803
166.06105 188.764
169.09724 191.748
169.13324 222.614
170.05936 850.103
171.11246 6766.23
172.11574 612.375
173.12796 438.05
174.06915 898.529
175.08611 8170.58
175.11852 7384.47
176.08987 764.792
176.12242 344.087
177.10176 256.711
183.11208 345.824
185.12798 1008.53
185.16455 537.591
187.08607 2324.47
187.10611 252.074
187.14365 406.926
188.08864 186.555
197.12828 436.443
199.18028 429.606
200.14247 375.652
201.12244 500.203
203.12045 756.966
205.09619 308.526
207.11267 226.043
209.10399 218.527
213.15950 616.69
215.13860 1651.45
216.09793 256.414
217.08508 232.624
219.14861 594.291
223.15578 269.12
227.10046 316.287
227.15488 431.301
227.17261 376.66
228.13336 304.144
229.11911 255.507
231.11478 921.837
233.16345 187.897
235.14363 1260.67
240.13356 229.934
242.15050 239.53
243.13332 4992.63
244.09264 271.678
244.13884 290.727
245.16396 344.622
246.12640 500.656
247.12411 416.995
247.14221 302.005
251.15010 399.165
253.19054 1180.58
254.14772 215.999
255.14905 1201.17
258.14365 244.601
261.13968 483.626
263.13858 1099.1
264.13956 362.21
265.11761 1524.56
266.12485 209.619
271.12308 262.666
272.17505 3573.06
273.15952 1214.53
275.10165 434.227
283.14273 445.937
284.17740 471.989
289.13223 5385.48
290.13525 394.788
293.11240 2785.63
294.11609 348.37
298.21234 281.363
300.17053 1770.16
306.15927 8677.54
307.16266 1272.91
312.17212 346.983
318.18051 1861.04
319.18369 262.573
322.18234 211.267
330.18335 201.393
334.15414 5715.35
335.15701 1188.69
338.20752 281.948
346.17505 327.803
356.21759 445.901
358.17288 222.209
374.16974 605.576
388.20117 1614.11
389.20374 304.214
390.20090 211.547
392.18097 1700.27
393.18539 258.549
394.17883 243.47
405.22693 1690.86
406.19592 3728.43
407.19861 621.799
412.18567 350.179
429.21222 1985.66
430.21655 381.227
433.22189 271.922
447.23840 702.103
448.23874 201.223
467.25311 252.957
476.26367 209.137
477.26947 548.665
485.25937 453.153
501.20712 242.927
504.25818 547.217
505.26337 976.448
543.22882 213.887
551.26404 1048.8
564.27936 402.401
565.27667 216.873
568.28918 7969.8
569.29272 2365.46
570.28992 421.632
576.28284 583.271
592.27490 560.049
598.33978 371.273
601.34619 331.712
601.85034 236.969
620.27551 213.474
640.28326 420.846
657.30371 1674.74
657.39063 505.461
657.89026 353.516
658.30219 490.753
658.39410 720.011
662.32562 945.934
663.33057 540.831
679.31995 1357.31
680.31476 740.946
681.32251 206.492
691.34735 325.473
697.33112 11180.8
698.33466 3743.98
699.33240 621.213
700.35022 216.703
758.41223 409.681
793.39142 555.001
794.41144 351.57
810.41528 14878.4
811.41785 6254.84
812.42084 1258.64
813.42676 246.362
845.43817 232.545
932.48132 497.188
979.46448 401.692
996.49323 7178.88
997.49677 4024.36
998.49976 1025.34
1045.56006 640.336
1046.55566 305.519
1143.56104 3431.35
1144.56531 2352.79
1145.56177 692.089
