2395.09458 3
110.07105 1178.52
118.08640 989.099
120.08010 869.428
129.10194 4541.48
130.08600 1549.14
136.06110 825.421
136.07527 1137.9
143.11736 911.719
147.11253 2298.13
155.08153 1300.95
166.04958 3600.08
167.08087 822.007
172.10786 3056.76
175.11842 2051.54
183.07608 20250.2
183.14807 1072.49
184.08009 1359.68
185.09193 2185.47
187.10757 1155.76
195.07628 1117.21
197.12859 1033.37
198.12294 716.543
199.07156 1062.84
199.10725 3164
200.10255 74342.7
201.10641 7130.1
203.10223 1376.81
208.10725 1035.19
211.14363 1569.57
213.08649 4910.52
214.15411 971.764
215.13812 1193.87
217.08142 1919.09
226.11803 1082.91
227.10229 6689.28
228.10469 649.133
230.11278 726.173
231.09721 2704.62
233.11272 2429.62
234.14458 1993.7
235.10667 1543.5
241.08105 757.501
242.14807 1013.71
244.09344 765.081
245.07698 1141.18
248.16010 2830.28
259.09152 1377.31
263.10110 665.517
268.16467 1328.59
274.10361 824.129
284.12292 895
294.14343 1150.43
294.17981 1740.5
295.17667 663.375
296.16013 984.752
310.13873 2638.09
312.15500 2461.62
313.18622 10895.2
314.18805 1310.86
322.17386 1051.89
328.14948 8635.74
329.15628 831.368
338.18146 2464.93
340.18573 713.723
341.14420 772.939
343.19083 669.279
347.22815 894.826
356.10785 784.632
359.15543 746.383
374.11624 930.155
381.17639 1196.13
395.22681 655.908
397.20715 848.202
398.16919 969.43
399.18839 837.424
407.26639 2096.73
413.23917 1667.01
423.22327 2646.77
426.20874 738.707
427.21664 722.19
428.17493 869.447
435.25934 1383.93
441.23358 3753.05
442.23425 748.829
458.22693 691.241
473.19287 717.278
491.19623 985.244
502.17575 645.256
507.26099 2427.99
508.25940 1397.77
522.73926 974.045
523.24097 1525.72
523.74011 851.125
526.32495 869.753
543.32758 965.69
554.31622 730.095
557.21942 896.799
569.29510 2049.19
570.29395 819.973
571.72559 1066.35
572.22833 1248.54
580.77124 782.627
598.82123 944.545
599.32025 882.682
601.24756 1106.29
606.29407 1024.11
615.28461 1756.78
618.78632 933.05
620.34283 1890.48
621.34076 1536.27
622.34174 726.784
623.28204 727.538
623.62286 954.928
633.32605 794.756
649.94397 676.47
650.27930 737.524
655.94867 2855.38
656.28198 1223.82
656.61969 836.343
662.32159 891.484
662.65002 1320.81
662.98578 1090.84
664.27271 1095.06
664.77032 1010.6
666.30719 749.68
667.76807 888.159
668.25720 768.194
672.24384 968.742
683.30280 687.102
683.79047 853.784
684.31921 3993.09
685.32349 977.975
688.97552 803.088
689.29297 945.793
694.97626 2566.75
695.31213 2783
695.64697 1599.78
720.30524 1096.8
721.31079 823.456
733.35883 690.028
738.87036 1042.56
739.38184 1214.4
740.86176 6037.62
741.36279 4835.18
741.86389 2767.51
747.87988 2082.14
748.39325 1502.44
748.84589 1041.4
749.35699 2946.17
749.92535 997.851
750.40729 1398.22
750.90302 899.638
763.65149 703.209
763.89307 1490.73
765.70038 1221.06
766.05023 770.144
769.35675 1191.83
771.30176 1061.83
783.39191 1180.14
789.31964 1883.63
789.84332 1767.92
790.34509 1998.54
790.84247 1034.96
796.87073 1168.23
797.38794 1481.35
798.41858 1911.35
798.88629 2314.19
799.35333 2209.18
799.44708 1281.48
799.84210 1864.32
799.96625 1439.69
800.37122 1517.51
803.39539 784.976
803.89355 1388.96
812.40021 4068.28
812.90161 2722.94
813.34375 887.662
813.39038 870.555
821.39014 1189.4
821.89514 911.664
829.40417 756.866
830.40546 1093.18
834.45911 1096.57
842.09064 725.101
842.42657 906.507
847.50299 784.521
852.38702 1033.14
853.89978 860.558
860.45160 777.322
861.37793 2124.97
861.89325 2415.1
862.39404 1289.27
862.91809 709.059
867.91638 1274.83
868.41473 2148.88
868.93231 1262.21
870.37439 1803.34
870.88721 1426.42
871.40521 1043.81
876.46753 1924.63
876.92096 4912.31
877.42273 3691.87
877.91974 1574.17
878.39429 1398.11
879.92468 3220.92
880.42712 3745.93
880.93036 1086.08
885.91608 965.888
886.40997 1814.61
886.91693 727.215
900.41150 845.278
903.43134 1498.15
905.48029 860.992
908.41382 715.282
908.91522 1000.84
909.39880 761.787
912.42163 1793.33
913.43213 1159.02
916.91156 1757.68
917.41632 2431.16
917.92114 1779.3
918.40802 1332.91
920.49896 1887.66
921.50037 2539.79
922.48572 1160.69
925.43433 1462.45
925.91809 4958.45
926.41614 4359.68
926.91699 1802.99
927.42584 1067.39
928.91608 3978.57
929.41577 3992.43
929.91510 1436.81
930.41388 1016.35
933.46368 1247.1
933.96167 829.049
934.28564 939.783
934.45099 6719.93
934.93573 9096.78
935.44659 5190.74
935.94153 2881.8
936.45972 796.205
943.43927 4213.83
943.94019 3740.7
944.44281 4998.06
944.94983 3380.04
945.43646 877.488
952.94855 891.078
958.42938 947.605
964.42181 1181.23
966.46088 950.134
970.48407 936.826
970.96429 1099.97
973.43604 905.993
974.41803 908.586
974.95947 1908.7
975.46002 2729.25
975.95850 1703.17
976.44946 974.073
978.96887 811.14
983.42554 5141.74
983.95288 9506.27
984.46088 9641.53
984.96411 6453.96
985.46509 2861.61
985.95557 846.693
990.97351 1555.78
991.48169 1816.88
991.97888 1477.76
992.43628 1373.55
992.97455 32022.3
993.47412 33099.3
993.97345 19564.9
994.47369 6254.09
994.96826 1026.55
999.98145 1383.9
1000.48932 1512.62
1001.98090 2119.78
1002.48279 2354.34
1002.98993 1122.66
1024.45581 1159.85
1032.37695 1298.86
1032.95618 2417.24
1033.45825 2638.16
1033.94812 1631.7
1039.97168 1404.96
1040.49353 2991.77
1041.00562 2774.29
1041.51221 1946.19
1041.96301 19086.1
1042.46423 18163.2
1042.96497 9812.27
1043.46082 3198.35
1047.44202 5115.32
1048.44226 2242.59
1049.52051 9582.79
1050.01648 7406.55
1050.52234 7520.69
1051.02710 1480.03
1051.52771 1587.78
1063.56055 768.344
1068.53540 1766.5
1069.51843 1173.93
1073.51904 2110.56
1074.52979 754.697
1098.50427 4608.6
1099.00745 4458.63
1099.50208 2428.59
1099.99976 1250.44
1143.44031 861.939
1160.53308 1266.95
1161.55042 1057.53
1171.48596 1049.74
1172.49500 802.658
1178.58899 1383.09
1179.57959 2088.99
1180.57739 1299.85
1184.55798 1298.23
1185.56091 1414.74
1196.62720 6252.55
1197.62793 4390.45
1198.63611 1556.62
1202.55774 1845.73
1203.57410 871.598
1233.55249 1149.26
1247.63013 1138.2
1248.61414 856.165
1265.62341 3568.59
1266.60986 6488.52
1267.61218 3633.95
1268.61621 1121.59
1273.62000 901.037
1282.53308 793.913
1301.63330 2241.91
1302.62683 1376.19
1309.71277 1389.42
1310.72839 762.904
1365.67126 728.143
1366.68347 1388.83
1367.69836 773.593
1399.59863 1720.56
1400.60645 1241.33
1416.65759 2659.99
1417.65759 2103.89
1418.66394 855.924
1514.62781 1221.99
1526.74170 1052.06
1527.71667 1614.36
1528.69287 1178.05
1544.71985 2769.22
1545.73840 1758.83
1625.66663 987.515
1657.82153 753.825
1758.84509 821.496
