2550.16509 2
120.08031 769.058
129.10170 701.349
130.08615 241.213
131.11752 1629.6
133.04279 768.418
136.07533 4338.26
137.07913 292.355
138.05443 349.171
147.11246 672.956
157.13295 804.036
171.11235 421.25
173.09123 297.179
173.12741 311.643
175.11801 299.386
183.11214 322.794
185.12819 367.27
201.12341 392.666
204.13315 231.689
226.11792 344.717
229.11705 247.599
235.10623 483.578
235.14317 1033.63
240.09702 607.873
240.13390 338.729
243.13249 240.352
244.09145 443.196
246.12643 1119.48
249.12331 270.778
257.09497 1099.12
258.10788 947.782
258.14410 1001.14
263.10379 388.438
263.13849 1292.91
270.14328 306.296
274.12131 7775.95
275.12418 825.472
276.15442 873.013
277.11746 744.321
284.19705 249.038
296.10550 1510.36
300.13382 240.065
300.15646 778.484
301.15570 256.878
313.11267 244.857
324.09988 1768.2
331.12088 243.298
332.16162 266.837
334.17511 1171.19
342.18399 233.593
345.15866 612.266
346.17496 2501.53
347.17758 504.099
357.17883 239.11
360.15549 384.925
369.14249 443.905
372.12073 356.758
372.19321 237.541
387.15002 366.606
389.14792 455.822
389.24054 684.312
392.14127 414.606
395.16977 458.036
399.22879 239.274
402.23984 260.748
403.19751 471.791
405.17822 397.457
415.16333 244.357
417.21561 266.194
423.16824 2492.7
424.17480 549.022
437.18417 3111.07
438.18713 809.861
443.15671 243.963
463.19513 244.173
476.27039 1027.38
494.20502 1232.82
495.20660 250.286
508.26569 494.983
520.20282 270.097
526.19635 273.528
536.25818 390.127
563.30438 1007.14
576.26288 295.239
579.29620 333.769
597.23309 384.215
607.28839 432.62
649.23730 491.22
650.33282 1221.22
651.34222 371.868
719.36121 294.754
737.36713 1940.31
738.36829 649.616
808.40442 1722.3
809.40320 523.169
879.44135 1261.53
880.44196 582.152
980.48779 1136.52
981.48950 496.489
1051.52429 957.505
1052.52234 542.91
1182.56812 416.246
1183.55652 377.338
1311.61060 332.131
