1754.86521 3
110.07101 2248.61
120.08047 6130.05
121.08408 292.097
127.08640 1153.02
129.10199 5056.2
130.08600 915.76
131.08118 1274
136.06310 351.956
136.07545 12318.2
137.07875 859.106
143.08195 292.926
143.11746 548.8
147.11244 1662.41
157.09793 329.988
157.13289 386.235
158.09248 893.248
159.07614 1049.85
159.09094 416.79
171.07578 306.469
171.11270 826.401
173.12769 876.695
175.08960 977.299
175.11848 4481.31
181.09711 373.586
183.11230 314.302
185.09161 363.162
185.12767 287.24
193.09700 438.064
199.17987 673.679
201.08669 624.835
201.12289 1229.8
203.08484 390.202
209.09180 461.168
215.13799 485.954
217.08159 737.05
219.14874 7776.75
220.15228 511.633
225.09766 311.506
226.11830 973.996
228.13382 752.56
230.11324 768.222
240.13287 430.013
243.13373 297.544
244.12804 1003.19
247.14366 3177.45
255.14503 385.748
258.14255 369.285
260.10663 353.678
260.19714 378.977
271.17615 1424.56
272.12305 433.185
284.15973 521.323
288.20218 6050.42
289.20602 670.024
294.17874 545.888
341.14554 356.045
344.11816 488.156
359.15491 1302.03
361.19705 1628.31
362.17215 496.813
382.20844 436.731
400.21594 560.693
408.19037 303.336
408.68594 513.324
409.21927 432.481
417.24405 1492.29
418.24664 326.191
428.18622 620.817
434.28146 304.114
435.19308 311.919
441.76114 403.315
455.18710 550.11
462.15875 474.689
463.70651 330.585
471.25714 411.104
472.20001 362.309
472.25647 307.284
475.71799 529.431
476.21454 1523.95
476.71472 847.34
484.72650 2789.05
485.22916 1451.18
485.72815 312.261
488.28168 6956.97
489.28531 1876.76
490.15799 551.77
507.18405 387.839
519.29242 604.436
521.75970 355.481
526.78821 548.872
527.25488 1357.58
527.76080 949.449
535.79352 1922.51
536.29858 1550.93
536.79968 478.825
537.27594 392.525
538.25879 841.036
545.73053 796.717
546.22699 591.219
546.61237 910.094
546.94464 607.695
547.28748 315.157
552.20319 422.68
552.30121 522.98
553.30334 573.969
559.31891 7748.68
559.73187 714.951
560.23566 630.362
560.31976 2018.43
560.73395 318.838
561.74475 498.315
563.30103 361.628
569.22388 528.614
570.21130 968.544
579.64856 776.966
579.98120 632.554
582.25806 374.902
584.29596 6722.58
585.31396 4322.51
585.37982 1071.69
585.65607 2916.18
585.80841 521.204
585.99310 1583.86
586.29968 1876.13
586.39294 378.293
587.23230 884.205
602.27661 669.286
602.77795 782.905
605.28741 783.737
607.28271 369.355
609.31067 338.919
618.25220 731.544
628.34344 855.796
629.32990 780.115
635.27142 680.758
644.37170 327.419
646.35065 31926.3
647.35315 9453.29
648.35425 1344.38
649.35040 378.901
658.81561 326.637
659.31354 582.427
660.34241 1058.82
661.34448 445.895
662.36432 2802.41
663.36578 859.304
667.30042 2447.35
673.39923 1046.04
697.42700 328.366
705.27679 1355.7
713.33411 417.689
715.26746 471.77
717.28925 647.84
719.31995 408.09
722.30597 1499.16
723.30988 600.128
728.84576 328.676
733.27759 1427.29
734.30139 670.354
737.36749 422.927
741.42743 510.715
746.35889 414.526
750.29651 950.09
751.30939 433.228
754.86731 785.565
759.43445 11112.5
760.43750 3554.56
761.43903 596.062
772.46863 1104.58
773.47601 372.519
774.39819 481.059
776.35059 963.344
777.35565 773.649
778.32697 802.561
795.36157 3226.34
799.43384 492.804
804.90936 362.331
815.36353 1183.88
816.35352 1547.94
817.35712 637.544
819.89661 447.615
828.39990 398.877
828.90100 331.121
833.37628 4901.02
834.37854 2010.76
835.38574 563.56
852.34540 840.534
853.35236 398.62
857.34515 414.814
861.45953 345.69
869.37225 805.372
870.38391 419.229
875.46191 764.446
880.34241 636.601
886.45648 732.341
887.45544 498.269
897.35809 458.156
900.52289 942.053
922.49744 718.357
924.47791 532.997
925.48523 498.253
926.39917 8731.06
947.52277 332.127
951.42389 762.185
961.39832 604.568
968.44165 731.186
978.42969 872.859
979.40247 1995.49
979.54248 850.004
980.40515 1119.94
980.54956 370.987
988.53729 492.418
996.43964 2873.73
997.43860 1481.16
998.43036 520.492
999.60089 514.114
1025.47021 919.307
1118.45496 387.964
1119.46252 482.401
1122.49377 477.146
1150.58350 716.72
1151.58264 502.373
1265.60205 1125.21
1266.60876 578.135
