2575.26981 3
110.07117 1091.29
114.09131 436.13
120.08069 3137.69
121.08381 241.058
129.10220 2471.59
130.06557 240.694
130.08659 253.586
133.04309 411.454
136.06215 284.224
136.07578 1169.8
140.07072 357.299
143.08162 246.833
143.11734 358.456
147.11269 757.913
155.08156 230.777
157.13271 301.761
159.07755 344.822
159.09218 562.542
159.11273 14125
160.11633 930.428
167.08145 261.825
169.13347 244.321
170.04471 256.414
171.07668 258.702
171.11243 350.288
172.07172 289.778
173.09137 241.029
173.12859 388.849
175.11887 4131.34
183.11290 422.54
183.14868 264.46
185.09203 807.133
185.12772 231.016
185.16499 2025.12
187.07025 591.477
187.10765 8058.14
187.14433 884.225
188.11160 582.453
197.12839 349.508
198.08719 348.191
199.07114 302.494
199.18025 864.152
201.08731 504.031
201.12337 1114.86
203.10260 4002.38
204.10609 268.963
210.02502 427.038
213.08713 1474.06
213.15981 3191.33
214.16470 483.971
216.09778 1129.12
217.08302 762.318
217.13670 360.562
219.11229 228.505
219.14915 543.896
226.11919 339.963
227.10248 253.704
227.17595 608.688
228.13429 392.887
229.11749 388.376
231.09753 7413.2
232.10072 583.476
233.09435 253.381
233.16588 279.964
240.13428 473.021
242.14954 529.338
243.13284 836.074
244.09201 293.312
244.12816 229.691
244.16521 566.732
245.07710 227.561
246.18028 371.487
247.14429 1264.49
249.12326 535.465
252.13493 292.292
256.09280 447.015
258.14594 304.404
259.10825 349.762
261.16003 657.536
262.11768 584.023
263.10312 404.67
270.14459 3263.2
271.14902 430.056
274.10315 628.801
274.18704 556.174
277.11923 317.166
286.13861 376.878
287.09909 351.077
288.08185 611.021
288.15512 3368.62
289.15634 653.065
298.17816 270.652
300.11798 237.745
300.15469 504.303
301.18661 1205.11
303.21393 1272.62
312.15555 511.793
317.14600 536.934
319.13913 237.491
326.24335 945.502
340.14969 384.53
341.18332 322.259
355.15970 249.464
360.15903 243.522
360.22763 699.358
369.17490 573.291
370.13577 453.253
371.11783 1121.53
371.19263 740.387
381.17679 492.065
383.15390 333.941
387.18958 250.663
388.14612 688.665
389.12781 896.158
399.18680 2930.23
400.18863 671.835
417.14020 274.738
417.19745 1466.43
418.20157 299.096
434.16638 449.668
435.15033 643.696
445.24405 258.097
447.18503 425.352
448.18701 271.501
456.21344 325.922
466.27689 3083.45
467.28244 611.812
470.22815 235.735
474.22342 371.811
482.28485 356.608
483.22144 308.219
484.20331 943.171
488.23596 253.067
490.19583 256.737
500.17493 267.544
501.23077 404.399
502.21704 442.766
518.18231 698.279
531.22577 316.208
532.21423 386.424
532.80627 468.733
535.20306 240.963
536.20703 315.568
536.27185 440.373
546.25134 444.493
549.22424 343.757
560.25696 255.63
564.26605 333.202
565.34521 2258.57
566.34741 643.188
575.32764 348.801
584.26599 282.725
585.25562 568.532
586.26886 241.87
589.32404 294.916
598.33105 456.372
601.21704 778.196
603.26776 577.548
613.25848 349.353
619.22888 250.012
621.28961 353.92
629.21869 349.396
631.27069 561.978
632.27057 254.479
647.23560 660.558
648.85449 455.186
650.27698 270.972
659.34509 394.586
663.32520 316.887
664.25366 326.241
668.28717 255.266
674.39661 621.296
676.36353 258.454
678.42896 4293.1
679.43427 1446
680.43860 343.83
696.29486 249.426
697.37421 288.05
697.87067 251.765
703.31683 256.209
705.87268 636.531
706.37787 490.323
721.02954 248.812
721.31665 310.833
730.37329 595.143
732.30927 276.151
747.39673 363.754
747.88928 748.245
748.37750 605.746
756.40045 2293.71
756.89691 2069.95
757.39001 1880.17
757.90594 297.244
758.39313 482.981
773.46204 721.728
790.36029 255.492
792.35553 574.56
793.45605 1747.02
794.45770 574.233
796.38208 248.924
804.43958 288.373
809.66705 287.558
809.92285 405.956
812.94000 825.345
813.44189 675.49
813.93500 508.769
816.35614 378.83
818.34302 440.925
829.85938 343.347
839.43787 386.625
840.43146 269.23
841.40497 478.323
842.41510 361.349
845.41064 776.751
846.37915 345.401
850.47742 8960.54
851.48041 4039.27
852.49597 893.72
854.45581 510.119
854.96539 501.278
855.46222 366.864
858.40997 3715.94
858.95605 463.993
859.40985 6240.15
859.97668 295.504
860.41113 4295.91
860.94440 415.069
861.41943 974.689
863.47418 1316.19
863.96417 1395.83
864.47906 423.56
878.37897 321.765
879.35992 298.703
883.38898 316.892
885.49030 303.362
891.40717 259.237
899.94025 324.934
912.47937 310.989
920.97620 604.27
921.47607 751.647
921.97241 318.779
940.48578 765.843
940.97614 771.322
941.48315 757.231
941.96906 381.975
946.46204 1242.89
947.45245 495.759
949.49091 2363.21
949.98804 2563.96
950.49054 1457.91
950.98840 672.228
954.46021 266.928
955.47870 262.467
963.56226 4220.44
964.56555 2114.05
965.55908 573.243
968.46698 345.712
968.94891 283.822
973.57947 748.187
976.46973 266.153
984.49414 287.579
984.97980 331.858
985.48297 436.125
988.98663 404.101
989.48383 599.169
989.99573 369.887
996.96362 400.635
997.48981 451.571
997.99231 1221.03
998.49365 1467.13
998.98969 1031.62
999.48932 494.486
1000.00299 377.885
1006.51099 1208.9
1007.00427 3279.99
1007.50549 2889.86
1008.00244 1612.79
1008.50549 709.996
1009.45203 256.667
1012.47070 271.387
1029.46484 282.277
1031.47607 290.406
1033.52026 279.954
1034.52002 506.066
1035.01318 312.832
1035.51807 297.667
1037.56226 457.243
1040.47986 459.625
1040.98682 496.87
1041.49634 366.059
1047.45190 255.86
1060.46729 310.221
1063.54761 276.177
1064.60913 8051.94
1065.61243 4454.77
1066.62170 1321.81
1067.62463 280.243
1068.99329 1646.67
1069.49268 1831.79
1069.99207 1339.03
1070.50427 498.079
1071.02112 303.918
1071.53284 967.325
1072.03455 1433.94
1072.53845 891.567
1073.02771 548.104
1073.55981 262.705
1080.04822 1002.33
1080.53857 4250.81
1081.03882 3774.32
1081.54199 2182.26
1082.04248 825.334
1082.52783 529.833
1083.02710 267.602
1084.03369 296.35
1084.51404 302.478
1101.52759 312.817
1114.50134 295.458
1116.52734 266.289
1125.53357 1281.49
1126.03821 1414.29
1126.53821 887.098
1127.03540 645.654
1127.54016 423.517
1132.53491 809.241
1133.54248 448.46
1134.58081 308.534
1135.54639 441.746
1136.05542 532.895
1136.56409 573.128
1137.04321 366.464
1137.56592 306.762
1144.55933 440.132
1145.06702 612.892
1145.56055 817.484
1146.05676 539.35
1157.46350 278.619
1158.45996 276.852
1159.50903 309.64
1182.08032 339.633
1182.58203 745.275
1183.09070 344.118
1186.57678 425.847
1187.07141 487.086
1187.58765 353.513
1188.06860 287.848
1194.55420 290.189
1195.10083 358.729
1195.65320 4499.71
1196.08508 1345.79
1196.65698 2988.4
1197.07922 559.394
1197.66394 1012.02
1246.58240 1351.57
1247.58191 663.408
1278.70642 318.859
1279.70056 270.303
1296.69763 3299.09
1297.69873 2154.92
1298.71594 1017.24
1305.65820 546.83
1306.64368 368.192
1359.67175 448.145
1393.72607 724.629
1394.72424 711.835
1410.74280 3632.27
1411.74500 2849.77
1412.74854 1194.04
1413.75391 657.142
1493.78552 640.089
1494.77075 1221.92
1495.77222 839.665
1496.77832 385.702
1511.78857 6342.72
1512.79053 5603.27
1513.79480 2801.43
1514.80249 836.635
1515.77063 307.573
1624.87244 987.23
1625.87744 807.722
1626.88037 558.197
1725.92358 400.595
1726.92383 374.834
