2126.09941 2
110.07101 1756.41
120.08049 6370.9
121.08382 676.928
129.10196 5722.05
130.08598 3786.71
136.07545 4707.16
141.06564 1404.13
147.11255 4834.61
155.11726 695.046
157.09731 1146.49
157.13321 928.446
159.07626 1040.13
159.09106 1435.06
167.08185 812.302
169.09726 765.299
169.13292 574.771
173.09126 632.05
173.12802 3149.9
175.10818 3498.98
183.11209 1689.38
185.09175 22572
185.12869 1406.25
185.16452 4433.73
186.09596 1626.46
187.07112 1087.44
197.12790 1332.99
199.07089 772.323
199.18008 6041.44
201.12291 7098.02
202.12787 695.319
203.10243 11009.8
204.10620 683.934
205.09622 898.601
211.10724 572.76
212.13861 962.929
213.08673 845.14
213.12273 630.679
213.15947 7072.22
214.11833 1398.48
214.16409 547.602
215.13785 2208.75
216.09760 1673.2
226.08226 963.169
227.17517 7705.37
228.13422 1361.37
228.17937 800.197
229.11819 2123.17
230.07669 2314.77
235.10481 553.705
238.11859 1150.38
239.13841 2267.97
240.13333 3350.83
241.08191 981.895
243.13332 763.206
244.09206 7663.15
245.07793 1174.38
249.15918 1368.67
253.15399 549.52
253.22734 559.991
254.14948 984.167
256.12949 1347
256.16534 1156.68
257.14597 678.716
258.14404 1489.44
259.09033 640.47
263.10220 960.528
266.14874 1443.86
268.16492 1106.22
271.16428 703.87
272.15698 768.265
280.16492 2216.19
281.11121 791.595
281.22134 1030.98
284.15988 43555.8
285.16327 6196.4
288.13501 1164.39
292.16486 1456.79
296.19565 2190.38
298.13849 636.027
298.17563 3914.08
298.21100 1259.49
300.15466 6640.88
301.15735 1043.67
302.17032 19057.7
303.17325 2209.39
306.14444 1110.57
310.17557 11814.6
311.17862 2059.66
312.15433 957.307
314.20706 3323.19
315.16507 1034.28
316.18784 824.925
325.14990 734.713
326.13361 827.033
326.24210 1642.5
328.18802 601.718
328.22079 623.912
329.18329 737.574
339.16776 1047.02
342.20358 808.537
343.16061 6844.84
344.16586 954.467
351.20248 884.193
352.22391 797.875
353.21906 873.037
355.19366 1383.63
357.17603 5225.11
359.20889 680.922
360.11969 630.511
367.23288 965.734
369.18213 1131.87
369.20554 1083.54
370.23196 2215.07
371.15665 575.509
371.22977 1076.47
372.18677 1094.78
377.14499 3059.7
379.23273 1873.61
385.24451 1625.47
387.19968 574.184
387.25827 3361.85
393.24838 1837.07
397.24390 4928.78
398.24698 802.229
399.22256 669.641
403.16064 2345.82
409.28094 1093.49
411.25800 2303.12
412.25726 593.707
413.23901 3794.81
414.20178 822.612
414.23691 791.418
415.25436 7436.44
416.25821 1379.25
417.13989 634.24
421.16998 1043.98
423.25934 4231.18
424.26050 1316.03
426.19946 900.2
427.29095 718.52
428.25458 646.873
434.16324 1101.82
440.17352 574.166
441.26959 682.217
444.20844 2295.38
445.20905 1450.79
450.26941 820.319
456.25381 739.001
458.18604 2997.11
458.29471 671.276
459.18924 842.369
464.28613 678.045
466.18790 879.62
468.28293 1531.74
474.23761 698.215
482.25989 595.93
483.21796 1803.22
483.31381 817.506
484.20273 1413.5
486.29187 827.304
492.31750 1431.35
500.17551 2741.3
500.34384 705.25
501.23062 3340.33
502.22958 3116.31
510.32590 2016.71
511.21893 690.999
511.33218 659.476
512.19843 940.8
517.20313 3217.03
518.18835 982.226
520.23987 1185.58
528.33911 1647.35
529.22400 1852.76
534.29248 1718.82
535.21088 1378.28
536.22998 656.209
552.30249 3763.28
553.30914 1116.09
557.29822 694.115
563.35754 932.81
569.28778 686.891
571.25720 626.272
579.26819 675.739
581.36224 914.956
583.31659 578.63
585.26050 877.794
596.30402 1064.29
599.24512 1925.17
600.24573 728.641
603.26831 612.48
605.25323 924.751
613.25824 1734.98
616.27161 2309.75
617.25708 1111.79
630.27802 1309.12
631.26666 1833.98
634.27856 888.85
635.28784 592.46
642.31512 820.987
648.29327 2319.59
649.31763 1567.54
658.28680 700.521
659.26654 945.604
662.27789 615.859
666.34515 7035.05
667.34741 2681.89
676.29364 1008.12
728.28613 1230.45
743.36768 699.767
744.36218 631.934
745.31110 1677.83
746.30090 1334.31
763.32135 2474.06
764.32556 686.425
765.41443 2997.8
766.42120 1008.47
816.34601 952.05
817.33264 708.287
844.38824 817.46
859.34924 677.249
860.32556 834.974
866.46088 1716.05
867.47083 914.538
877.36053 1111.25
878.35950 645.221
898.39514 644.286
923.48553 3128.27
924.48358 1653.68
1070.55078 2229.07
1071.55884 1514.18
1185.56934 1089
1186.58582 838.212
1299.62390 1390.52
1300.60828 1098.14
1413.71643 622.04
