2138.99997 3
110.07098 5988.65
116.07057 622.458
120.08055 3799.85
128.07039 763.913
129.10208 8444.71
130.08604 1899.08
130.10489 727.148
133.04277 5365.13
136.06198 630.331
136.07552 2180.52
138.05505 645.301
147.11259 3154.25
153.06551 1039.93
155.08118 7408.68
157.09689 3552.07
159.09119 952.435
166.06065 719.143
169.13364 948.415
171.07631 1171.34
171.11252 5566.3
171.14908 1139.31
173.09181 31384
174.09535 2284.17
175.11880 2775.92
181.09691 2909.94
185.09184 1199.05
187.14394 1432.94
195.08618 640.734
197.12823 839.932
199.10750 8995.13
199.14330 860.434
201.08676 27325.2
201.12184 873.981
202.09077 2278.02
203.10397 1387.01
207.11247 925.143
211.14409 2604.5
213.08678 4241.81
215.13828 800.796
221.12811 7902.3
222.08592 642.358
222.13127 1054.95
225.09825 1501.17
226.11771 1276.79
231.09755 2950.28
239.11342 1984.98
240.13359 2528.75
241.08124 626.792
244.07800 689.385
244.12872 1680.01
244.16545 743.988
246.15529 1499.99
249.12296 4777.15
254.14905 622.247
256.12775 764.568
256.16507 3064.47
257.11234 673.907
257.14017 848.104
258.10797 745.194
258.14468 3369.65
262.08505 1075.39
265.11768 624.769
268.10971 885.061
276.15488 4167.71
282.14249 671.457
284.12369 4987.24
285.13458 3121.19
286.13733 657.098
289.16129 1675.86
302.13358 5564.35
303.13623 907.636
308.66852 4856.92
309.17078 1601
310.13934 6432.37
314.15173 751.847
323.17038 1396.84
328.14972 5396.91
332.16153 2748.71
340.12402 2294.1
341.18149 12208.2
342.18445 2148.18
350.17050 2078.55
353.21561 619.435
357.15906 801.924
372.16739 648.062
385.17014 738.616
386.18140 2448.55
386.23923 1373.16
401.16833 696.276
402.24509 2406.69
403.19870 1442.64
404.24951 11400.3
405.25253 1975.52
411.18622 1857.26
425.21539 641.873
429.19720 3809.67
431.18912 1054.53
443.19019 832.811
452.21326 3621.4
453.21082 1885.79
454.26309 1055.95
461.20377 676.025
466.22452 697.795
468.20602 725.856
470.22369 11820.1
471.22729 2594.31
479.22626 1215.12
484.23087 660.484
486.22345 1046.87
487.18930 1122.39
488.23560 2553.98
495.74826 1464.89
496.25400 953.224
500.70532 670.672
503.29279 7143.42
504.29510 1378.79
505.25598 788.703
509.71567 2165.11
510.21259 944.655
519.27570 3787.21
520.27966 1041.82
521.27679 720.699
529.28876 1729.02
532.23828 977.604
533.24518 980.296
539.24121 1004.54
550.24316 718.75
552.25427 680.302
557.25171 1314.52
561.26196 1140.92
561.76636 743.484
565.30145 778.272
566.25354 802.159
577.81146 8938.75
578.30994 5332.33
578.81097 1093.52
583.31171 1011.6
586.81616 51548.1
587.31757 24819.5
587.81750 3789.7
588.23975 2950.91
589.24359 876.507
598.31854 5761.69
599.32080 1257.08
600.27155 856.454
600.76782 973.731
606.30670 2325.57
607.31409 701.655
616.32635 53142.1
617.33173 16136.8
618.33459 2834.57
634.29767 2281.33
635.30371 1111.84
636.35583 2410.82
636.84735 1503.41
649.30798 695.244
651.29095 824.535
653.32056 712.261
662.82666 904.218
666.35382 689.93
670.33606 1263.86
679.30194 807.966
684.36530 928.152
687.41254 4242.66
688.41840 1129.47
701.32208 1510.97
711.40656 791.113
712.84442 3244.95
713.34515 3827.77
713.84869 2356.37
714.36102 1412.59
715.39148 683.726
717.36066 850.046
721.32611 1646.02
721.84955 9094.33
722.35120 9272.44
722.85260 3314.36
723.35101 1103.81
729.41357 8760.7
730.41559 3089.04
735.30457 1961.38
744.43530 18946.4
745.43646 4992.12
753.38098 711.22
756.35327 867.455
786.36621 1280.42
786.87775 1079.41
787.37079 892.596
795.38361 3820.86
795.88519 3605.08
796.38446 2318.04
796.88910 992.598
809.35931 774.957
812.45313 779.118
816.36731 747.315
818.34760 1313.19
820.39551 837.73
827.37396 1931.31
828.37024 1104.84
830.46301 10283.3
831.46722 4773.17
832.47266 1188.12
834.36938 1493.45
835.36194 980.999
836.35388 4890.94
836.90240 1854.23
837.37738 2109.46
837.89630 1277.85
838.37958 739.433
845.48273 23290.6
845.90759 6305.58
846.38068 3584.24
846.50354 6464.47
846.90967 3463.89
847.39624 1201.5
848.39197 1863.12
849.41016 882.821
861.35168 1400.73
864.44269 796.642
896.91235 867.501
897.41901 1376.82
905.91705 891.894
906.41693 1048.53
906.92651 799.117
910.43744 1905.12
910.93762 1430.77
911.43915 957.153
912.44299 762.718
919.44153 5867.47
919.94183 5481.64
920.44226 3719.5
920.93799 1414.51
921.44336 1376.35
922.44049 823.879
931.42706 1046.48
938.41858 862.163
943.53302 706.127
944.37738 818.274
947.39374 1568.92
949.44159 4191.51
950.44324 2581.82
951.44672 834.858
952.44452 893.257
956.53070 1737.22
957.52264 1060.34
960.95776 2372.08
961.46301 3372.02
961.95917 2197.72
962.48291 872.444
969.96594 10323
970.46814 10298.8
970.96460 5709.31
971.46967 2734.84
972.49261 878.557
973.47296 1260.36
974.52631 21787.6
975.53052 8605.03
976.54749 810.671
990.48944 7864.01
991.49414 4459.54
992.49567 1844.56
1000.45776 891.226
1008.41864 707.541
1018.43835 2287.44
1019.43884 1303.81
1025.47620 1008.39
1025.98901 932.21
1034.48584 988.45
1036.43604 6637.89
1037.44092 3896.73
1038.44690 1234.52
1039.44629 823.341
1057.58850 1772.06
1058.57031 1880.98
1059.56592 1228.51
1060.46521 858.179
1075.57434 18578.7
1076.57825 7829.97
1077.58521 961.73
1078.48462 929.374
1081.48962 713.94
1085.55603 4238.94
1086.55774 2334.61
1091.45105 985.599
1092.47302 777.461
1101.50195 882.793
1103.57898 3180.24
1104.57910 2465.57
1109.47095 2012.42
1110.45947 1328.93
1121.51025 862.465
1131.50647 1334.47
1132.51367 747.306
1149.51770 4516.96
1150.52100 2716.59
1151.53333 854.179
1154.61853 1928.4
1155.62122 1621.26
1159.54150 729.198
1172.62512 38209.8
1173.62695 18287.1
1174.63049 3057.34
1187.58911 2038.92
1188.58435 1870.92
1189.62170 699.868
1192.50403 2147.6
1193.50635 1356.49
1204.54358 865.579
1210.52112 1555.21
1211.52271 708.133
1218.59802 3292.33
1219.60437 2400.28
1220.61194 833.424
1222.53857 1132.15
1223.54077 755.896
1229.56519 1215.98
1230.55054 721.751
1281.57800 759.538
1287.59900 1098.55
1288.60339 1158.92
1295.59399 773.088
1305.62903 11657.2
1306.63074 7396.75
1307.63452 3345.62
1308.64563 1081.67
1309.55396 1117.62
1310.55322 770.218
1323.60071 2499.32
1324.59521 1651.44
1328.70276 861.886
1392.58704 1693.21
1393.58630 1251.56
1394.57629 971.178
1411.61401 697.326
1442.69556 2808.91
1443.69592 3090.33
1444.69714 1417.03
1589.78235 747.312
1590.76941 725.065
