2126.09844 2
110.07098 1444.93
120.08045 12236
129.10188 11995.9
130.08603 10410.6
136.07542 8314.88
141.06551 3073.3
147.11230 11939.6
155.11737 1920.92
157.09688 3602.48
157.13283 2048.42
159.07544 3292.71
159.09030 1822.98
167.08147 1673.88
173.12784 7262.46
175.10744 10702.9
183.11240 4679.28
185.09163 64367.6
185.12846 3991.66
185.16449 10302.2
186.09563 4113.62
197.12781 3037.56
199.07231 1702.03
199.18010 16102.1
200.18378 2038.76
201.12286 19793.6
203.10226 27371.3
204.10638 2450.75
205.09650 1652.78
212.13904 2462.62
213.15929 15416.1
214.11835 3702.65
214.16260 1820.3
215.13841 5265.72
216.09731 2836.97
226.08151 3075.24
227.17500 19353
228.13361 3472.76
228.17816 2087.93
229.11783 5867.24
230.07674 6656.27
235.10545 2106.07
238.11821 3127.22
239.13794 7043.61
240.13329 7129.25
243.13245 2511.8
244.09204 20657.3
245.09491 2137.77
249.15904 3229.88
254.14990 2486.28
256.12854 2876.96
256.16388 1820.41
257.14819 2098.29
258.14410 3009.14
263.10132 2571.87
266.14951 3649.6
268.16486 2665.63
269.18420 1845.26
271.16544 2704.37
277.15491 1594.44
280.16486 6769.35
281.11234 1990.18
281.22156 2386.89
284.15973 119139
285.16318 15786.7
288.13440 4393.92
292.16406 5215.74
296.19650 5725.36
298.17538 9385.66
298.21094 3677.34
299.17581 1728.46
300.15494 16051.1
301.15784 1678.14
302.17017 49955.9
303.17355 7277.97
306.14487 2819.53
310.17548 34178.3
311.17862 4229.15
312.15274 2002.77
314.20615 8018
315.16534 3426.16
315.20752 1861.97
320.12244 1996.2
326.13351 2622.12
326.24265 4362.38
328.18878 2174.12
328.21921 1810.38
329.18106 2109.04
339.16522 2212.51
343.16071 18674.1
344.16586 1914.43
351.20120 2755.2
352.22607 2346.22
353.22034 1895.98
355.19601 3568.17
357.17609 14038.3
367.23264 2646.1
369.18430 2126.57
369.23825 2565.11
370.23303 4828.03
371.15408 1744.51
371.22958 2848.47
377.14548 7739.74
379.23233 3737.86
381.25198 1658.45
385.24368 4275.21
387.20071 1738.29
387.25854 9724.76
393.24698 5443.7
397.24399 13609.2
398.24686 2165.88
399.22107 1613.12
403.16052 6288.8
409.28000 2706.82
411.25882 5896.25
413.23837 11128.6
414.21796 2465.97
415.25385 21715.7
416.25635 4895.66
417.13834 1604.06
421.17047 3100.87
423.25873 11064.7
424.25995 1979.21
426.19711 1600.05
427.29376 1601.89
434.16299 2283.86
441.27115 1906.31
444.20615 4991.71
445.20892 3604.53
450.26840 1861.55
456.25082 1644.86
458.18790 7126.53
464.28433 1686.24
466.18716 2380.78
468.28473 2515.49
474.23666 2723.41
480.32117 1833.89
483.21954 5413.11
483.31812 2009.27
484.20645 2491.8
486.29239 1629.41
492.31720 4535.37
500.17401 5384
501.22943 8428.65
502.22928 7011.64
510.32742 4806.26
512.19318 2363.96
517.20178 8243.35
518.18744 1928.65
520.23553 2294.39
528.33636 2902.76
529.22571 5960.24
530.22235 1990.26
534.29596 4823.28
535.21088 3599.56
552.30145 9422.42
553.30994 2271.87
563.35626 1820.36
569.29370 2370.45
581.36682 2198.65
585.26367 1822.05
596.30505 2452.06
599.24481 4897.14
603.26776 1837.3
613.25702 4668.96
616.27173 5684.06
617.26337 3043.66
630.28302 4158.28
631.26697 3257.57
634.27808 3610.49
641.25421 1695.06
642.30872 1692.51
648.29565 5577.53
649.31537 5373.49
659.26520 1968.58
666.34387 19047.6
667.34711 6863.08
676.29187 2266.82
728.29108 2946.41
744.35846 2061.32
745.30658 4070.02
746.30347 2790.57
763.32269 5645.41
764.32837 2138.4
765.41144 8297.52
766.41895 3067.63
816.34344 2301.16
834.35516 1714.36
844.39331 2003.45
860.34399 2583.71
866.46332 3739.99
877.36768 3997.4
878.36243 2426.85
905.48004 1979.45
906.46161 1842.99
923.48499 9364.19
924.48358 4718.77
1070.55518 7138.19
1071.55811 4867.29
1105.48352 2217.62
1185.56641 3475.16
1186.58252 2052.78
1282.61182 2330.15
1299.61462 3659.85
1300.61902 3553.25
