2909.43454 3
120.08018 427.707
129.10176 606.667
130.08598 219.903
136.07480 285.992
143.11777 219.148
147.11227 497.071
170.09201 571.623
171.11234 341.751
175.11865 235.366
185.16487 466.881
199.18042 340.932
201.12378 225.611
213.15877 522.128
214.11873 280.576
215.13817 373.975
218.09520 920.138
227.17505 530.886
228.13332 363.485
234.14423 1869.51
242.14980 292.283
246.09029 2240.32
247.08261 189.576
258.10883 273.51
271.17542 193.304
277.11649 302.346
284.19669 393.377
299.16989 282.537
326.24261 254.4
327.20065 350.117
334.13922 225.511
347.22696 399.911
355.23322 221.631
359.17346 2496.75
360.17651 337.424
404.24933 1392.01
405.25168 286.778
460.22128 1011.25
475.28583 1617.62
476.28964 430.023
552.75262 205.544
580.25323 986.057
580.75366 730.025
590.74500 259.238
591.23627 584.832
604.32678 716.437
617.24823 241.53
618.29132 593.132
625.75940 924.993
626.26056 962.166
626.75977 313.01
630.29279 256.616
661.28918 302.687
666.28198 291.852
666.78015 247.018
675.29242 2108.66
675.79279 1717.52
676.29333 671.186
687.30261 201.443
690.30402 346.425
704.31976 250.741
705.32684 279.819
723.32800 389.857
731.83636 1198.87
732.33734 998.238
732.83368 546.051
747.32367 236.187
751.39679 1219.67
752.40405 505.158
761.34552 402.674
788.37665 560.774
788.87793 420.351
789.37646 283.207
833.36328 230.874
838.42096 224.105
842.39850 207.254
845.37329 216.848
860.41156 281.704
880.44153 839.991
881.43958 385.196
890.35840 206.03
892.36371 271.272
904.41199 329.831
905.41052 218.852
919.44647 207.102
937.46051 4005.18
938.46271 2064.81
939.46442 515.397
969.52063 604.075
970.50000 730.96
970.99237 270.96
971.50073 750.889
991.40930 585.891
992.40759 305.31
1003.44049 218.594
1019.43597 231.135
1036.52979 1162.69
1037.53320 746.023
1086.47021 289.912
1087.46899 272.517
1088.47961 221.001
1093.55029 4291.16
1094.55286 2697.07
1095.55640 706.49
1104.49817 851.15
1105.49304 433.383
1110.59631 239.425
1142.61304 255.871
1146.57922 220.709
1164.58521 2154.14
1165.58972 1419.36
1166.59180 453.613
1179.46313 247.747
1217.57996 558.714
1218.59863 414.095
1232.49841 352.968
1233.48608 320.052
1235.62634 1889.53
1236.62830 1121.13
1237.64319 367.404
1250.50964 1333.51
1251.50623 1174.86
1252.50427 460.443
1331.54871 314.504
1332.56116 516.826
1334.70020 1097.23
1335.69409 949.263
1336.70081 224.257
1349.57703 1755.82
1350.57947 1238.87
1351.57837 561.435
1444.62976 230.645
1445.63330 361.876
1447.80481 344.068
1448.79272 271.232
1462.65649 831.238
1463.65173 779.334
1464.65576 262.906
1561.87097 233.937
