1684.64536 3
129.10205 32688.1
130.08603 7619.18
130.10503 2003.35
136.06326 720.965
136.07550 27688.1
137.07860 2336.12
139.08641 5709.4
140.01047 8171.69
147.11258 13832.6
148.11575 931.45
157.09666 1635.4
160.07559 995.391
167.08125 4861.15
175.11920 1056.35
178.08591 5838.64
184.10791 1639.64
185.05579 715.068
185.09222 2235.92
186.12341 4275.76
195.07603 716.898
204.13428 1472.57
205.09645 1958.57
213.08691 3778.09
214.08134 2264.61
216.06476 983.206
223.10741 110450
224.11082 11958.2
225.11302 848.195
226.11674 2004.87
233.09171 4328.6
236.10158 995.003
244.12877 2379.4
251.10231 32819.1
252.10593 4045.95
257.19696 5827.43
258.18179 1795.74
264.09650 1829.36
265.05905 1129.75
270.10748 1512.85
273.08575 1017.66
275.20728 35471.9
276.21078 5069.35
278.65741 1837
282.10797 21147
283.11221 2364.05
287.66278 3755.74
288.16473 1295.65
300.11826 2683.84
302.11292 1209.67
303.07401 783.004
310.10452 760.224
311.13510 899.39
320.12332 17806.1
321.12723 2744.74
322.17325 1971.36
331.06805 1990.91
333.14700 2555.4
339.12814 975.672
347.21088 2382.94
362.07428 1124.05
367.67758 1176.95
372.22260 1061.15
377.68939 1495.53
378.18869 1258.08
380.08450 1759.65
380.19501 1185.1
382.13876 996.036
383.85596 2005.75
384.18906 3599.71
384.52774 2932.59
384.86130 1164.98
386.69455 790.412
389.85910 3396.06
390.22812 3142.79
390.53046 8307.82
390.86459 3629.76
391.20813 809.868
398.20239 3933.08
398.53195 1321.75
398.87091 1185.71
399.20734 1112.64
401.53015 1445.42
401.86523 1238.15
402.19577 791.018
404.20126 777.915
407.53372 5660.75
407.86728 3929.79
408.20026 1935.49
413.53815 19702.3
413.87213 14058.4
414.20651 3511.79
416.51236 1635.59
416.84613 1063.95
417.18573 2571.81
417.52112 1637.65
418.10074 8398.43
419.10272 1311.95
422.51935 3571.13
422.84995 1866.2
423.18979 8497.17
423.52298 5214.56
423.85831 1695.58
428.21298 3892.71
430.24939 885.116
431.53122 1111.58
431.86871 785.221
439.18628 791.264
440.19263 2960.22
440.52664 2312.03
440.86301 1163.99
445.87860 991.992
446.19525 13553.7
446.53165 8114.16
446.86533 2538.42
448.19305 1991.36
448.69522 1166.52
450.73959 882.4
458.19907 825.308
459.25589 1059.74
462.21530 1672.78
462.54752 925.757
464.75894 2494.38
465.25964 840.801
467.22424 3524.44
467.89297 3202.27
468.22650 3388.15
470.24759 3466.98
470.74808 1279.02
473.69550 1322.33
477.26584 3375.58
479.25278 17818.4
479.75476 8061.88
480.25421 2126.45
482.70319 4832.19
483.20605 2531.87
485.22961 930.72
490.89673 2173.2
491.22607 2424.19
491.57080 1025.24
494.24655 813.666
494.87601 1469.21
495.20779 1011.86
496.89572 1811.56
497.22183 2994.48
497.56982 896.298
497.67947 1119.45
498.18112 1320.97
499.21738 1361.78
500.55185 5053.17
500.88544 3476.27
501.22034 1513.25
509.23456 2320.96
512.23834 3343.28
512.73865 1634.11
513.74622 3343.22
514.25372 1231.75
515.24872 824.636
519.23785 2814.29
519.74048 1102.58
521.24316 2261.1
521.74908 872.943
522.69006 1011.23
523.55316 807.181
527.24451 2227.11
527.76123 2723.09
528.24231 13414.7
528.74127 7309.3
529.24182 2654.96
529.55280 1509.08
529.60187 1906.14
529.91608 1088.14
530.24524 1224.85
531.69141 5110.75
532.19482 3471.12
536.76660 12329.9
537.26672 5860.89
537.77124 1214.03
541.76007 1266.45
545.77563 1773.09
546.75000 2212.33
547.24701 1843.82
550.76227 1544.85
554.29590 980.192
555.76013 2559.51
556.30945 5228.5
557.31720 1298.18
561.21857 1804.15
561.72473 854.356
562.25409 1371
563.29749 1904.55
564.23224 1321.06
567.28644 1434
567.78522 1240.01
570.23181 1200.95
574.31848 22714
575.32446 5735.45
576.28467 9804.59
576.79236 6696.98
577.22632 1115.87
577.30096 1918.61
578.25488 1698.89
584.28320 4215.42
584.78760 1492.71
585.29254 43022.3
585.71967 2723.08
585.79956 22457
586.22754 2475.59
586.30560 7278.3
586.81104 910.56
588.80243 1595.78
589.29736 1285.82
594.30737 819.841
595.73578 1771.58
596.26794 6843.84
597.27271 2483.64
597.80786 6454.85
598.31250 4363.81
598.80939 1475.01
601.79132 2911.98
602.28949 2044.28
602.79205 1110.02
604.75250 1257.87
608.25836 900.103
610.79803 11613.5
611.29651 10347
611.79541 4721.23
612.29810 1230.21
613.22003 1456.78
616.27753 849.063
618.79828 868.422
619.80328 29789.4
620.30432 20363.8
620.80609 6484.43
621.30438 2117.48
624.26404 845.637
624.80078 1717.92
625.27191 4241.51
625.77618 2957.76
626.26617 1736.51
628.80969 1819.44
629.31714 1077.67
633.27026 2363.54
633.80139 7799.32
634.28174 22138.7
634.78296 12571.6
635.28351 4577
635.77875 886.404
637.28711 904.561
637.78894 1048.31
643.34045 6095.14
644.34668 1970.11
646.79559 2774.59
647.28302 2394.02
650.77911 1470.51
651.28235 1676.51
659.78705 9105.54
660.28595 7989.29
660.78705 3044.08
661.35986 1151.67
665.28864 6229.72
666.28839 1127.27
668.30774 1519.59
668.79175 20701.6
669.29333 13066.2
669.79535 6297.16
670.29602 1190.88
673.78314 1677.1
674.28882 1334.25
680.31165 1326.55
680.80719 1897.23
681.30334 1057.57
682.78986 5063.88
683.29443 7574.89
683.78845 999.064
684.30713 1596.33
692.83337 829.37
701.33752 4191.32
701.83600 2331.24
702.34619 1216.5
708.77832 1426.83
709.28278 852.776
717.77936 1709.15
718.27258 812.068
723.31000 852.975
729.35919 904.809
729.86212 857.587
736.36755 865.514
741.31879 3698.45
742.31866 1498.42
750.32129 1862.8
750.82330 1084.67
754.37231 5379.53
755.38086 1316.02
763.26617 3053.38
772.38208 9120.09
773.38641 4382.43
781.27356 3249.51
782.26953 848.875
798.32434 2153.39
811.39758 1900.53
812.39325 933.351
829.41003 1277.2
852.34924 1982.38
870.36542 2041.35
871.36487 969.315
877.36981 1396.29
895.37823 7517.61
896.26031 1221.8
896.40320 2000.94
897.40381 1042.87
900.48248 1392.23
909.37091 2129.68
910.37488 908.798
915.38214 974.61
920.41443 1116.28
926.42963 1328.33
939.49127 1813.51
946.39508 1387.37
957.49896 9579.63
958.50348 4587.29
959.49738 1293.04
964.39587 3549.98
965.40204 1774.78
982.40961 807.221
993.35486 3349.24
994.35571 1768.96
1023.47211 2034.97
1024.49292 1033.24
1037.47693 1358.22
1041.48792 1458.43
1044.36133 1392.59
1055.47827 6200.33
1056.47729 3171.24
1057.47681 1070.33
1062.37573 2985.8
1063.37793 1347.34
1072.52429 3486.89
1073.53284 1700.76
1100.52576 1308.77
1121.45740 912.929
1170.49646 1879.64
1171.49182 863.834
