2834.37412 3
110.07102 2134.17
119.04816 574.092
120.08069 1217.95
129.10204 1198.7
136.07555 43785.2
137.07893 3215.92
141.10197 1529.2
143.11766 13278.3
144.12135 842.296
147.11203 636.344
159.07617 892.313
159.09164 695.437
169.09694 2597.3
171.11259 6366.59
172.11676 551.167
175.11870 10958.9
176.12270 715.342
181.09784 871.606
187.07048 821.809
199.10747 1267.91
199.14403 1354.62
201.12320 1380.37
209.10364 1384.58
213.08678 3138.2
226.11864 2301.06
227.13875 2100.79
230.11201 588.125
244.16495 1147.58
249.15944 1218.47
252.13371 980.034
254.14928 1739.57
257.12469 1035.43
261.15735 602.878
265.11792 8218.45
266.12222 1108.39
270.10919 695.595
270.14481 974.943
272.15976 3102.22
276.08734 1267.33
277.15372 842.206
283.14005 728.464
288.11884 1496.69
289.15460 3091.1
293.11279 24571.6
294.11597 4011.73
299.17023 646.107
300.15338 1015.97
301.13116 762.436
309.15503 3893.14
310.13828 2091.56
316.16675 1182.46
327.16608 5674.76
334.17557 11987.9
335.17853 1806.14
348.15405 696.724
350.13339 1537.66
355.19568 2401.18
357.17508 1008.04
358.13644 699.801
361.17563 1326.07
372.16345 716.91
373.20810 1695.33
376.14975 3381.16
383.19208 1399.73
385.24350 712.013
390.20038 1393.26
394.16025 10747.2
395.16431 2002.36
400.18484 644.557
401.19916 1529.5
407.15915 681.038
407.23300 868.476
410.20477 1008.22
412.25546 1964.56
414.21164 1129.11
417.21292 908.252
421.18558 1300.95
422.23874 3814.59
423.24115 1016.6
428.21362 730.902
433.17145 1764.09
435.22336 4105.81
436.22693 905.313
440.25015 4678.6
441.25369 793.91
445.20581 904.957
451.18079 1955.12
452.18497 638.179
463.21805 5296.62
464.21960 1067.1
485.24078 912.88
517.27844 681.681
518.25897 2567.23
519.24335 1843.23
520.24042 825.672
522.23242 3221.59
523.28650 1017.93
525.33929 2152.03
535.32379 1965.05
536.27148 5548.19
537.27319 1502.91
541.29620 638.229
546.25427 2596.83
547.25824 798.927
548.30804 663.409
553.33282 4692.44
554.33978 1324.17
561.34119 927.948
564.26599 5076.1
565.26837 1671.68
585.30597 740.416
618.35913 1639.99
620.29620 589.638
622.31287 885.435
626.38141 692.861
636.38123 649.415
643.30957 789.291
645.32996 1019.53
645.83746 938.036
654.38196 684.092
657.37360 747.101
669.30103 3544.43
670.30737 961
674.32239 2795.63
674.82349 1870.82
675.31818 766.986
685.36877 1048.06
688.40814 1534.59
698.38757 2367.79
699.38989 1201.85
709.83777 1415.22
710.34149 779.234
714.34027 594.954
716.39874 2736.33
717.40240 1209.59
735.39819 741.842
740.33783 8257.66
741.34302 2986.62
742.33484 764.694
751.71283 1143.85
752.04065 1864.88
752.37769 717.526
756.40497 1889.76
757.40826 756.175
757.71136 3547.58
758.04663 4716.75
758.37695 4398.85
758.71375 1150.81
759.04083 920.317
766.39172 797.54
766.89789 784.122
778.36798 6182.03
778.87018 5291.09
779.37335 3338.7
779.87622 625.218
785.39233 2200.98
785.72247 1921.89
786.05536 1325.78
786.39673 747.828
791.39374 1127.26
791.72931 1369.98
792.05908 1381.17
792.39215 842.624
799.43048 1035.1
801.92029 646.122
822.41321 954.954
822.72797 1022.54
825.46143 2265.6
826.47162 725.702
827.44269 1071.05
828.49768 5999.27
829.50061 2670.11
835.44476 1212.53
836.44733 622.573
850.41882 833.765
851.38654 689.632
853.45544 5839.41
854.45984 2662.63
859.90057 5638.39
860.40149 4992.54
860.90167 3150.27
861.39874 1053.24
869.37952 5565.29
870.38330 2392.14
871.38141 808.526
883.09540 668.515
887.90643 612.905
895.44684 614.837
895.95288 1918.43
896.40240 1767.15
896.90625 1941.12
897.39551 1142.19
906.47540 799.674
916.44281 7236.82
916.94525 7180.78
917.44391 4588.01
917.95044 2290.55
924.49255 6568.01
925.49390 3184.7
926.50073 1310.26
930.54498 717.316
944.44885 705.445
945.41620 1418.16
946.41193 623.982
946.52118 675.974
947.45978 773.486
949.55548 606.54
954.51086 1014.86
964.50220 789.655
972.98383 4708.02
973.48718 5515.65
973.98358 3266.61
974.47748 1599.77
982.46600 12351.3
983.46680 6977.76
984.46558 2298.41
985.46967 909.192
997.56543 673.433
998.07123 778.669
1007.52789 684.347
1015.49084 681.804
1023.50885 3502.96
1024.01062 3298.86
1024.50745 2067.21
1025.53943 1233.15
1026.52747 856.461
1033.55933 845.26
1043.00208 1023.61
1043.51880 1398.9
1044.02100 1212.07
1044.53015 940.603
1049.53674 672.65
1052.01721 11559.2
1052.52112 13701.9
1053.02283 8591.44
1053.52124 4288.86
1054.02344 1004.6
1061.55005 3109.54
1062.55859 1590.41
1063.57324 806.84
1079.03394 1121.93
1079.52893 1213.36
1080.02771 620.914
1087.53589 9439.93
1088.03662 9903.47
1088.53931 7808.19
1089.03418 2437.81
1089.53857 1213.36
1090.63892 825.375
1092.52441 952.871
1093.02625 1175.29
1093.53699 730.654
1097.49146 11794.9
1098.49194 7283.97
1099.48914 2695.25
1100.51172 623.151
1105.04956 615.193
1114.04321 627.108
1114.54651 938.019
1115.04358 661.799
1115.55188 665.085
1118.55273 922.442
1119.05786 675.776
1127.06042 5430.38
1127.55798 7979.69
1128.05798 5204.1
1128.56091 2696.1
1129.05994 929.416
1130.65466 675.513
1136.06299 53874
1136.56458 70888.1
1137.06409 50221.5
1137.56421 24715.4
1138.06348 7957.85
1138.56433 1572.02
1155.58313 645.101
1164.57336 2160.6
1165.07092 2356.08
1165.58044 1845.51
1166.08398 638.201
1174.65955 1525.19
1175.64331 1251.51
1177.57813 2357.28
1178.08142 2559.4
1178.58228 2231.73
1179.07776 1268.56
1186.58789 12873.3
1187.08740 15532
1187.58838 12198.6
1188.08887 5607.6
1188.58020 2280.68
1189.09680 1042.53
1192.58594 749.291
1201.68726 701.964
1210.57666 11027.7
1211.57739 6440.73
1212.57959 3096.14
1213.58167 1179.24
1219.67395 1159.22
1220.70605 651.942
1229.61035 623.063
1233.07971 619.701
1233.59924 776.359
1234.10876 1126.2
1234.63184 731.516
1242.10461 4011.02
1242.60413 5112.95
1243.10791 3700.63
1243.60864 2570.08
1244.11694 739.291
1244.57483 622.642
1251.11145 4954.08
1251.60828 7415.89
1252.11194 5514.36
1252.61157 3242.64
1253.11963 721.987
1272.70837 880.217
1289.66345 3199.54
1290.66687 2541.09
1291.68420 1114.13
1314.63647 677.074
1315.63879 743.265
1323.62793 640.9
1324.13965 1328.46
1324.64185 1148.27
1325.11646 632.729
1330.60339 621.564
1331.62012 650.339
1332.63440 3896.98
1333.14441 4841.99
1333.63989 4250.59
1334.13977 2723.31
1334.63098 752.843
1347.63391 17778.9
1348.63745 12876
1349.64197 5912.03
1350.64148 1709.82
1371.63306 1361
1372.62573 694.231
1381.60864 699.439
1391.71667 709.291
1402.74878 865.984
1403.73535 697.559
1405.75012 1020.69
1418.67358 16039.4
1419.67419 12209.4
1420.67542 5797.44
1421.68359 1799.09
1531.79358 1129.97
1532.79504 750.249
1533.80396 869.441
1555.73230 13742.4
1556.73486 11367.6
1557.73474 5094.47
1558.73889 1664.09
1718.79346 7801.71
1719.79700 6329.44
1720.80188 3754.62
1721.81384 1031.57
1831.88843 3219.89
1832.88318 3377.05
1833.88306 2220.7
1945.94519 738.023
