2211.30777 3
110.07093 547.491
120.08054 4497.13
121.08400 332.377
129.06731 290.93
129.10205 12283
130.08604 1274.49
130.10532 834.375
136.07549 1563.26
141.06555 317.557
143.08075 440.8
143.11760 622.4
147.11263 3385.99
157.09749 543.596
157.13321 2261.8
159.09137 729.949
171.11241 1589.83
173.12755 360.479
175.11879 702.44
185.12822 1146.07
185.16489 386.929
186.08688 881.365
191.11772 491.209
197.12840 419.018
197.16524 325.762
199.10675 525.568
199.18040 817.397
214.15382 452.289
215.13937 398.496
218.15045 519.807
219.11205 324.028
221.12781 394.191
227.17491 608.717
228.13364 2298.85
229.11731 414.251
231.09885 658.422
240.09692 527.641
242.14934 1293.94
242.18610 2661.33
243.13211 452.182
243.18857 291.017
249.12376 676.21
252.13373 659.843
254.14983 349.221
257.12354 321.743
258.10748 1071.56
260.19635 2649.01
261.16074 328.44
270.14484 2067.7
270.17984 447.974
271.17590 572.858
276.13376 360.704
284.19586 349.537
287.17154 317.887
289.18494 320.2
299.17093 2147.42
305.16089 445.805
313.18622 504.561
313.21771 310.681
325.18356 333.672
333.15338 686.55
336.11862 330.65
341.14621 311.504
341.21826 850.1
353.18185 481.202
355.23245 1775.33
356.23669 308.069
359.15433 2366.44
360.15570 773.061
367.23218 327.484
369.25262 328.11
370.20679 299.618
371.19333 642.95
373.27991 2032.9
377.17911 332.748
381.13028 7920.56
383.22882 4352.81
384.25534 830.755
390.18753 294.656
390.75223 298.253
397.76126 1601.34
398.16705 291.609
398.22961 524.187
401.21579 367.904
403.23096 951.853
412.25394 1452.74
416.19208 556.894
426.27057 1467.51
426.77029 351.326
433.29901 1129.51
433.79855 566.675
434.20377 678.907
437.21448 367.491
439.74899 509.116
440.25180 593.725
446.23849 350.782
447.29401 2183.49
447.79492 1518.75
448.29593 348.902
454.30408 664.243
455.26920 297.319
460.30200 487.978
461.78781 490.214
466.26651 418.503
468.31793 628.64
468.81641 469.509
469.31891 633.408
472.24002 1214.09
473.23962 394.456
482.81213 1972.62
483.32141 1258.26
484.31268 979.201
488.21359 724.302
496.31281 3540.54
497.31006 716.177
501.33875 3544.38
502.34451 588.58
504.33432 414.86
506.22250 1976.16
507.22919 456.244
511.32339 1714.48
512.32733 510.264
516.31403 510.843
518.33093 565.602
525.33972 1284.21
527.22168 443.779
529.27710 350.686
539.31586 1114.81
540.29816 336.418
540.36188 553.41
545.23450 1005.61
546.23590 366.196
546.59766 348.271
551.25470 432.31
553.33417 1853.43
554.33093 577.436
557.26862 310.335
563.24231 803.857
568.35071 395.931
575.35315 347.37
577.25366 358.695
580.27252 452.73
582.35278 400.713
585.32477 360.79
588.84155 306.763
601.29187 450.741
606.39984 313.355
609.39313 318.925
610.34509 494.457
612.37012 425.219
616.26855 343.626
619.30957 1045.39
624.40887 3246.43
625.41498 821.298
630.38171 3354.34
631.38239 1320.25
634.28064 753.971
634.38806 314.703
652.40265 3379.88
653.40216 1246.53
656.25421 402.945
658.32086 346.43
663.37811 975.494
673.29224 1233.38
674.28992 431.438
681.43176 2087.28
682.43549 541.042
690.35205 486.37
691.30005 1818.4
692.30713 649.782
695.44135 687.899
696.33057 338.554
702.33655 326.09
704.82568 320.73
705.42621 521.149
709.42017 645.545
714.41248 327.298
723.43915 3006.32
724.44366 1156.15
729.35815 441.958
731.42889 7272.72
732.43536 2818.38
733.44586 568.493
736.40320 514.883
737.49213 2152.55
738.37048 794.917
738.51221 796.472
739.35815 540.762
747.37347 992.562
748.37421 326.365
752.46722 339.589
753.86871 376.831
759.36609 692.698
763.50067 374.243
765.48645 443.47
766.48724 783.203
767.48315 438.123
769.34723 605.215
774.42450 329.131
776.38965 377.513
776.47540 318.375
779.36798 1917.98
780.49377 2228.52
781.49652 940.342
783.38556 357.275
786.37585 1284.48
787.37286 1008.82
791.44000 513.521
794.51263 7566.58
795.51367 3361.53
796.52087 667.587
803.44678 320.053
804.38556 2956.69
805.39075 1590.41
806.39313 365.485
808.50848 469.764
809.48700 1189.35
810.49182 508.396
816.46460 463.138
820.52399 315.044
836.52954 511.945
850.44385 486.595
851.53503 2997.93
852.53613 1659.69
853.55261 313.633
860.47382 473.247
865.55798 732.1
878.50751 6717.42
879.50861 2700.25
880.51074 885.295
893.57953 5761.98
894.58313 3182.64
895.58478 930.039
899.46490 465.372
900.45947 347.03
904.43622 381.92
907.56604 806.695
908.56226 587.748
917.47449 1741.69
918.46948 797.296
919.48669 542.736
920.48035 485.498
922.57111 3838.77
923.57495 2053.42
924.57489 561.621
929.53857 363.047
936.59717 767.832
949.53363 3139.27
950.54474 2029.75
951.56207 648.436
964.61725 6139.24
965.62030 3165.36
966.62079 917.868
979.58252 417.875
988.53851 409.782
989.51898 348.616
991.51837 810.494
992.52869 414.093
1006.55408 8452.9
1007.55408 4588.57
1007.74091 320.729
1008.55298 1278.3
1017.64136 543.957
1035.65381 11753.9
1036.65601 7091.96
1037.65784 2127.18
1042.63196 645.543
1045.56677 961.407
1046.56299 885.62
1047.56140 585.631
1063.57581 26884.5
1064.57910 15222
1065.58325 4799.42
1066.58789 936.978
1091.55908 801.958
1092.68640 856.316
1093.70471 401.112
1148.75037 681.355
1149.71790 766.605
1150.72424 417.9
1176.66003 4029.38
1177.66516 2970.13
1178.67175 659.368
1220.56763 362.827
1247.69653 2018.37
1248.70117 1553.99
1249.71741 606.488
1318.73425 1236.71
1319.73279 943.158
1474.84534 435.535
1475.81787 429.089
