1838.97544 3
110.07089 1196.35
120.08051 1933.66
121.08364 203.256
128.10664 1002.91
129.06612 291.564
129.10197 2554.21
130.06456 201.68
130.08624 357.181
133.04257 419.394
136.07553 1379.52
141.06573 240.051
143.08102 375.665
143.11751 667.166
145.09680 1098.92
147.11261 975.603
155.08015 242.429
155.11736 481.009
157.13313 718.367
158.09166 186.122
159.07570 280.679
159.09123 601.945
166.08649 281.187
169.06091 247.865
169.13307 281.659
170.09198 249.81
171.07614 646.394
171.11252 1362.69
173.09276 1354.78
173.12805 25116.1
174.13161 1716.22
175.11845 2699.88
183.11269 295.354
185.12820 532.974
186.08661 470.374
187.14346 657.887
188.10258 1149.54
197.12770 400.182
198.08698 1151.74
199.07167 331.486
199.17966 246.394
200.13838 188.908
201.12297 5784.24
202.10841 225.863
202.12695 575.007
210.02533 185.809
213.15874 188.324
215.13820 841.497
216.09755 6470.93
217.10043 489.918
225.09824 730.892
226.11761 260.478
229.11707 187.986
240.13184 204.629
241.12910 575.517
244.12772 262.643
244.16559 257.301
248.06895 277.532
249.16153 267.874
254.14755 388.094
258.14505 230.837
259.13940 896.032
262.13635 351.195
267.14902 205.069
268.16510 486.536
269.12390 1838.49
270.10736 528.221
272.15842 1081.16
274.11957 202.799
284.19580 281.104
286.17474 712.526
287.13452 3855.89
288.13779 395.236
288.20172 320.216
297.15518 433.935
303.21396 421.404
315.16571 1021.77
325.18588 396.325
339.20325 243.275
340.16904 209.459
340.19208 222.517
341.17984 409.578
343.19485 657.371
355.19629 205.897
357.21432 255.226
358.20206 373.378
367.23322 497.801
368.19260 767.694
369.17361 482.752
370.17078 249.777
380.19177 223.411
381.25076 208.167
382.20782 254.423
384.69589 338.241
385.24481 300.252
386.20291 2131.37
387.20657 310.398
388.21683 341.077
393.19135 198.864
398.20575 259.682
404.25977 300.887
412.22067 279.822
416.21335 303.451
428.20938 839.599
428.71375 331.74
438.26877 392.757
439.23145 675.342
440.21234 711.524
451.22864 306.452
453.24808 204.448
456.28198 443.582
457.23944 1371.93
458.24304 318.556
461.28250 1444.23
462.28345 195.864
469.24103 611
471.25607 214.587
484.75232 774.407
485.25305 410.1
487.24924 246.715
524.22888 353.034
525.29932 208.156
526.27155 279.492
527.29004 199.662
535.27588 1907.91
535.77673 1295.17
536.28082 462.925
547.29059 205.072
547.63123 227.769
547.96039 356.765
548.29559 270.02
552.31610 320.83
553.29846 424.31
553.96503 252.732
554.29834 261.595
564.81763 528.74
565.32782 207.041
570.32867 318.51
580.62286 282.308
582.81415 374.608
583.31622 296.83
591.81799 1620.66
592.31940 1053.04
592.81525 372.243
595.22876 555.632
608.34949 1927.44
609.35327 588.24
612.34705 2899.64
613.23547 1694.56
613.35217 2355.38
614.23352 324.989
614.35828 818.46
618.33020 614.259
618.83112 342.5
627.33582 2951.59
627.83722 1986.62
628.34045 480.45
636.33240 421.391
653.35846 666.882
654.35535 461.471
660.37903 411.437
668.37018 212.523
671.36536 228.541
676.87146 2035.86
677.37091 1295.42
677.87390 452.86
697.40210 202.459
703.38831 249.083
712.39136 1469.2
712.88843 1147.58
713.39294 501.152
733.85077 306.111
734.34747 260.998
739.38300 276.09
751.35126 217.119
754.41193 295.553
762.91278 771.013
763.41779 458.034
764.41003 261.993
767.42194 224.448
768.38031 3085.76
769.38019 1088.83
793.47345 229.254
807.44360 291.974
810.92969 362.704
811.42841 895.784
811.92444 535.128
812.42749 279.971
819.93237 1118.62
820.44061 957.44
820.93384 608.006
833.90723 207.309
835.47711 214.41
837.39410 221.251
837.84338 209.329
838.38989 371.99
853.48285 214.543
855.41083 10031
856.41486 4066.6
857.41583 1233.2
858.42169 218.603
864.46509 355.426
927.47455 219.988
950.48932 281.343
951.48242 1078.77
952.49750 510.722
968.49664 6390.78
969.49823 3190.15
970.50244 938.169
1025.53101 258.743
1051.53760 330.841
1052.52588 684.032
1053.53088 318.644
1064.55322 209.116
1069.54333 11056.1
1070.54626 6433.59
1071.55090 1979.53
1072.55835 400.385
1164.62427 342.146
1165.61218 441.544
1182.62891 6130.79
1183.62793 3813
1184.63184 1431.25
1185.60767 203.996
1235.65356 481.744
1236.64380 637.737
1253.66528 8825.16
1254.66797 6070.98
1255.66602 1875.28
1256.65820 406.333
1352.73169 2582.65
1353.73779 1783.31
1354.73560 681.6
1423.77502 943.751
1424.77283 738.259
1425.78674 327.457
