3736.73037 4
120.08042 4675.14
129.10190 7543.93
136.07535 4825.23
173.12798 2702.79
175.11810 3980.08
183.14899 1648.77
199.10684 2870.74
201.12285 2320.41
212.10387 1060.6
214.11810 1254.77
215.13844 3326.58
227.10225 6789.31
230.14906 1143.66
243.13322 7374.48
249.12254 1453.32
275.07996 5152.05
277.11801 3081.56
283.14316 1164.12
304.16003 1945.54
310.13873 6041.61
311.14145 1388.47
321.20233 919.225
328.14911 3469.09
329.21756 2177.58
329.71329 994.657
389.12357 3252.25
390.19931 1722.25
400.29199 926.175
406.16006 1768.88
410.27716 1188.13
412.73254 2027.35
417.24368 2883.2
428.28552 9470.05
429.28644 2048.92
435.72870 1827.44
458.23923 3133.47
458.73935 1440.66
488.18988 944.631
499.35852 1605.09
504.27710 10504.8
505.27725 2618.27
506.76642 1522
507.26401 1003.95
509.34747 1116.44
511.76050 1189.61
519.24200 1570.79
527.35358 14195.9
528.35602 4863.18
542.24957 1008.68
549.27899 1272.73
554.76056 1061.44
557.28918 2232.47
562.77069 2464.6
563.27148 3206.08
563.77032 2004.47
571.28564 2261.02
571.78540 2113.44
572.27960 1615.79
593.29559 980.663
599.30267 1291.08
603.79926 1027.66
604.29169 3414.55
604.78925 1793.6
605.29474 1236.28
612.80389 7913.65
613.30170 6693.72
613.80469 4531.68
614.30365 1499.09
615.21637 1760.79
617.35956 6775.74
618.36298 1972.36
621.80969 5160.81
622.31000 4085.02
622.81165 1330.77
623.31366 1176.69
624.37634 1099.65
634.34198 1403.48
636.30420 1923.8
641.38965 3687.66
642.39771 1202.27
648.34406 1335.8
648.83875 1658.59
649.33618 1117.37
653.82385 1006.41
662.33673 2997.1
662.83759 3859.12
663.35052 1220.05
698.25165 1329.13
705.85632 1944.86
706.35138 1908.13
710.41113 1120.53
714.37225 1125.67
714.86255 1237.17
721.40131 5863.56
721.90875 1111.12
746.40295 8295.67
747.41223 3463.9
778.41284 1608.51
778.91455 4276.1
797.31927 1940.19
798.32117 1328.31
801.42664 4222.24
802.43243 1502.32
824.46088 1227.72
850.08911 1423.37
851.41223 2697.55
851.91589 2089.41
855.76569 5190.08
856.10431 1849.64
858.89844 1154.07
859.15521 1628.61
875.44568 8646.21
876.44977 4012.28
881.42468 1111.34
883.40778 1816.51
883.65295 1508.96
886.42871 1159.75
896.39185 1186.72
898.44574 3167.85
899.45032 1432.51
901.98755 2175
903.43073 1186.18
903.76221 1098.51
907.42480 1549.92
915.47040 24636.4
915.93237 3746.7
916.46777 15231
916.93799 2264.77
917.46826 4833.9
918.47040 1439.32
926.41718 1626.35
926.67401 1693.63
926.92542 1537.94
929.16650 1290.47
929.38763 1212.32
929.73364 1533.53
930.06934 1041.61
930.47687 2013.19
930.92957 2474.51
931.19360 1501.25
931.44196 1393.77
934.48029 2632.28
934.81842 16782.1
935.15173 24105.8
935.49475 22308.6
935.83502 10558.8
936.16919 6610.37
936.48004 12545
936.80872 2137.22
941.42596 2774.07
941.75824 6969.9
942.09656 5839.21
942.42889 2794.09
942.76324 1083.69
959.49542 5352.65
959.99438 1254.06
964.43494 1064.03
972.12329 1829.42
972.46027 1155.22
973.44153 5192.69
973.94452 5483.62
974.43347 3578.88
974.94946 1620.84
1009.02814 3167.06
1022.51428 14937.5
1023.51746 8611.21
1024.52795 2363.39
1028.15125 2318.07
1028.48181 2906.62
1028.82507 1866.42
1046.97717 11049.2
1047.48035 14370
1047.97913 8071.83
1048.47961 3446.46
1048.97461 1182.13
1052.54614 10338.3
1053.05298 4040.26
1061.50171 1630.22
1095.97168 1197.7
1099.40430 1094.93
1104.49219 14717.4
1104.99036 17029.7
1105.49402 12413.1
1105.99133 6747.25
1106.49182 2447.28
1108.05542 1348.85
1116.57520 3396.33
1124.47168 1160.91
1141.56860 5452.31
1142.56897 3904.8
1143.56531 2700.24
1145.08569 20841.3
1145.58679 7744.34
1145.99597 1123.22
1146.50671 1574.4
1147.02100 2173.82
1147.49146 1299.88
1155.01587 18076.1
1155.51575 23127.4
1156.01440 16524.6
1156.51563 7891.42
1157.00708 2812.15
1157.50378 1398.36
1172.00488 3730.94
1172.50928 5314.94
1173.00708 2421.76
1173.51270 2008.85
1179.06995 1127.19
1180.50781 1623.08
1181.02283 2292.64
1181.53125 2042.99
1185.57715 12555.6
1186.58313 7315.28
1187.58704 3112.32
1189.52307 3819.27
1190.02576 5050.48
1190.52563 3532.94
1191.02002 1517.51
1198.53137 38845.7
1199.03223 57371.3
1199.53333 43835.6
1200.03210 21901.2
1200.52917 8145.98
1201.07300 1450.22
1209.60620 9492.99
1210.10852 4399.72
1211.47095 1955.34
1212.46655 1363.45
1220.52905 1268.02
1221.05078 1375.45
1221.56714 1357.78
1224.07471 5826.11
1224.58728 9937.7
1225.07312 2494.24
1225.59583 4513.66
1226.59851 2192.62
1239.56201 1642.22
1240.06287 1641.84
1242.61279 3689.7
1243.60852 2433.88
1244.61023 1206.68
1247.65405 1512.97
1248.06409 14237.5
1248.56421 19225.5
1249.06677 15674.7
1249.56763 8503.46
1250.07275 4003.42
1268.07959 1069.45
1268.56335 1255.28
1274.64099 1788.63
1276.58728 3891.7
1277.08643 5925.57
1277.58337 4047.9
1278.07544 2582.36
1280.57788 1497.31
1281.08105 2424.89
1281.58655 1909.14
1283.14136 21128
1283.64343 11427.4
1284.10510 1255.83
1289.59436 1466.04
1290.09314 1484.52
1290.58105 1695.66
1291.09448 1535.89
1298.59143 20894.7
1299.09009 31856.1
1299.58936 25906.5
1300.08923 13675
1300.58606 5331.12
1301.09363 1467.79
1324.67310 1191.69
1338.68201 1343.38
1341.67578 3567.95
1342.68811 2686.07
1343.69189 1439.07
1346.09851 1079.17
1347.66284 3914.58
1348.16016 1760.38
1354.11523 1458.65
1354.60095 2642.77
1355.10449 1852.32
1358.11084 2426.9
1358.62170 2969.51
1359.11987 3109.05
1359.60913 1916.94
1363.10828 2472.97
1363.61194 5257.51
1364.11475 3150.86
1364.61780 1713.8
1393.62830 2118.97
1394.13171 3747.74
1394.62158 2804.59
1395.11145 1203.35
1402.64111 1585
1403.13037 4096.81
1403.63330 3973.84
1404.13428 2082.9
1404.63000 1308.96
1411.63989 8544.07
1412.13989 14988.8
1412.63843 9948.43
1413.13306 5489.82
1413.63428 3261.21
1426.75928 2314.43
1427.77100 2174.01
1428.74280 1139.12
1441.79321 2571.14
1459.67627 1107.43
1460.68628 1344.79
1469.15515 1081.3
1469.65723 1436.56
1541.77246 1155.24
1542.78833 1118.81
1830.87048 1076.13
