2415.07596 3
110.07093 2024.98
116.01622 943.553
120.08049 6874.24
129.10202 4433.52
130.08623 3285.94
133.04272 13815.8
134.04616 693.974
136.07558 3707.51
144.01102 753.842
147.11263 6526.17
153.06609 951.318
159.07603 2498.1
161.03781 1891.84
171.07620 3987.36
175.08961 1473.68
175.11894 1762.05
181.06044 1785.25
183.11385 805.552
185.09196 652.787
187.07088 4445.5
189.08679 1415.07
199.05389 4311.21
199.07083 7646.77
199.10680 716.855
201.12292 3836.09
203.08444 2170.72
204.07907 849.48
215.04953 662.202
215.13921 781.184
227.04884 1855.25
227.10104 733.841
228.09624 1359.95
229.11784 4150.76
232.07445 2698.3
233.16412 919.841
239.11345 766.499
240.13306 1208.32
242.11360 858.737
243.13470 770.94
244.07642 1293.76
245.06047 1237.7
258.10837 858.724
258.14508 755.336
260.19647 4701.82
261.09097 878.708
262.08502 24344.4
263.08759 2229.18
270.10764 974.103
272.06927 2342.19
272.10675 769.045
273.05310 1809.9
280.11157 2001.56
286.13950 4339.42
288.11804 5764.07
290.07993 44187.8
290.11606 983.674
291.08316 5166.28
292.07532 1458.88
299.13623 702.691
308.10617 1332.48
320.16013 962.182
329.18503 710.564
331.14365 1826.8
332.12393 757.583
339.13068 1000.97
342.20178 783.746
347.15637 1020.2
357.14774 2424.3
358.70767 1197.4
361.11847 706.653
365.12473 740.183
369.17606 874.039
373.15125 1010.33
375.15009 4675.89
376.15054 653.368
387.18396 1819.21
391.16425 890.26
393.12402 1476.98
401.14334 647.01
403.11069 1958.82
404.09195 1627.94
407.26495 4232.12
408.26712 928.15
409.21951 686.628
410.17038 1183.58
421.12012 24514
422.12311 4096.08
423.11713 2143.67
428.17734 1772.15
433.65396 1257.55
438.19736 1051.41
440.21747 1061.37
443.75580 698.398
446.18723 2341.86
456.20825 2070.16
457.21613 1752.67
458.22522 1848.88
464.16376 847.888
474.14233 667.243
474.22180 1918.1
475.12494 796.143
478.30194 5225.4
479.30481 1078.91
480.25641 1169.04
483.18597 1231.46
484.18845 734.782
492.15732 5625.09
493.15866 1041.74
494.16306 977.305
494.23087 743.187
500.23093 811.466
509.23526 2052.91
517.25970 777.023
527.24469 2585.18
536.79193 2005.92
537.29596 664.705
541.20776 829.207
545.25690 2736.76
546.25842 696.685
551.17993 662.205
559.21564 1178.98
561.17743 1273.78
570.30359 1911.84
577.23047 1388.93
579.18573 1486.5
579.34937 8225.77
580.35181 2116.89
595.28491 778.381
610.32611 2580.84
610.82764 1721.48
611.32727 788.206
616.29327 972.59
627.32092 1589.09
641.29938 699.553
648.31097 981.236
662.22479 1154.41
664.28265 724.907
666.32324 1462.55
681.33374 1323.54
681.83563 723.838
682.33301 762.636
690.34033 3845.21
690.84113 2689.95
691.34265 1015.18
698.39893 2288.28
699.39758 934.727
705.29285 727.456
716.40784 14599.2
717.41217 4743.14
718.41199 978.907
725.86041 3200.3
726.36060 3106.16
726.86707 1217.07
737.25574 846.766
740.41034 1212.85
742.34698 833.441
757.38080 697.674
775.39398 1955.17
775.89551 1653.67
776.40912 694.201
785.39722 826.451
795.37567 1011.07
801.33228 1180.05
804.41797 4795.23
805.42303 4887.68
806.42529 1515.45
809.97357 1220.45
810.47723 1231.74
813.38885 3834.19
814.39258 2000.87
829.49451 2197.67
830.27826 1187.74
830.49768 986.003
834.38287 781.107
848.28937 2502.89
849.28894 1499.12
866.29944 4980.6
867.29706 2069.07
868.40027 2041.44
868.92975 1959.21
869.41046 1242.2
872.36469 1272.4
873.36853 794.411
886.51318 11291.4
887.51587 5459.42
888.52362 904.557
902.37311 801.257
909.95691 786.489
910.46594 1041.89
918.95197 1330.5
919.45410 1313.05
919.95026 1116.36
926.47711 2114.55
927.47913 1572.74
933.41248 1125.23
947.35272 1093.78
948.35217 787.762
955.39899 1115.88
960.45538 2302.15
961.45972 795.108
962.46814 2440.93
962.96722 2580.51
963.46576 1211.35
965.35846 729.669
973.41638 2546.38
974.41980 1452.36
975.40546 975.367
997.55927 705.989
997.98547 1534.71
998.47919 1424.81
998.98950 997.937
1015.55524 3535.51
1016.56580 1996.05
1036.39600 711.14
1038.52576 1044.52
1044.45239 1611.44
1045.44031 733.558
1054.58154 1652.43
1055.57739 1413.41
1063.50232 1390.8
1064.00391 1283.02
1064.50513 867.269
1072.57751 21216.5
1073.57825 12396.3
1074.57947 3940.43
1095.47742 1091.35
1096.46472 1276.82
1120.47937 1668.45
1121.48779 1711.07
1166.49927 1082.67
1167.51758 1829.79
1168.54016 783.813
1191.52844 2021.07
1192.52588 1954.35
1201.63904 1343.94
1202.63782 1217.25
1219.64478 15459.6
1220.64844 10591.5
1221.64722 4099.82
1222.65540 814.617
1233.57080 2079.75
1234.57703 1147.3
1267.54712 713.229
1268.54126 1319.16
1304.61377 2013.48
1305.61377 1548.01
1306.61816 1054.83
1361.67126 1830.12
1362.66150 1995.95
1363.66199 1523.05
1364.64807 766.987
1379.67542 14352
1380.67725 11243.1
1381.67688 4996.27
1382.68665 1742.25
1432.70081 1721.93
1433.70166 1353.01
1450.71326 15794.5
1451.71423 13443.4
1452.71411 5873.78
1453.70972 1640.08
1549.78369 3302.11
1550.78735 3389.87
1551.78821 1535.78
1735.85229 1291.96
1736.84399 1611.08
