1945.78489 3
110.07109 1072.69
129.10217 8426.77
130.08621 1985.2
130.10480 556.476
136.06152 1577.87
136.07547 2511.64
143.11765 514.643
147.11266 4381.1
155.08121 383.432
169.09700 414.618
170.09164 377.343
175.11887 1279
186.12308 477.663
187.10756 6909.93
188.11166 480.243
193.09702 3039.13
197.12790 699.064
199.07121 720.597
215.10207 1962.66
215.13876 18538.7
216.14314 1514.44
221.09198 577.708
226.11874 787.476
227.06679 1005.37
240.13387 868.057
242.07680 1841.99
243.13373 11403.9
244.13951 966.296
244.16568 505.978
245.07658 3742.56
257.19696 1293.97
258.18127 403.728
259.09122 462.001
264.06436 464.723
272.17090 360.948
275.20749 8648.67
276.21136 941.013
298.13898 853.457
301.18695 396.118
312.04871 588.927
314.09799 529.918
316.15100 492.58
326.13474 704.155
326.18771 720.367
330.05826 511.91
331.69504 822.674
341.14511 840.948
343.12491 361.738
344.14545 722.489
358.16028 9569.55
359.16299 1881.68
371.11929 1829.43
372.22256 649.438
383.15393 551.329
388.18127 561.522
390.23483 2183.16
391.23346 395.749
398.11377 362.989
401.13065 379.577
413.16827 356.859
429.23569 1658.97
456.17383 926.277
457.22498 615.793
464.53372 346.357
464.86761 468.728
470.18817 651.394
478.22375 391.36
482.15112 446.096
484.16696 363.513
500.15994 1314.16
502.23230 387.666
503.20703 825.636
511.24881 348.463
514.30627 654.679
515.75800 863.251
516.27698 878.108
518.32922 503.795
523.57593 434.492
529.28625 466.538
529.57813 2070.87
529.91168 728.377
538.24780 1442.21
538.58142 561.826
550.76001 469.916
557.21216 355.811
565.29352 594.325
566.75903 1482.21
567.20502 1100.32
573.24744 457.105
575.35132 1491.09
575.76410 1647.15
576.26489 1131.11
576.35449 470.248
578.98114 466.313
583.22437 504.737
583.97552 393.333
584.31299 550.562
584.65076 2751.93
584.98541 1851.69
585.21265 1212.84
585.32233 1403.28
590.65143 590.898
590.98840 750.048
591.33215 859.455
597.17053 427.164
599.81427 516.838
600.78131 1709.7
601.28693 975.716
605.26062 407.722
605.60687 732.124
605.95233 420.099
610.27173 502.574
610.60175 552.758
611.62732 454.776
615.18976 1412.56
616.26489 521.849
617.31378 1161.23
617.64520 1026.43
617.98615 855.205
618.24237 671.32
623.24731 832.062
623.73804 378.54
631.28845 982.853
632.24225 843.251
632.75293 435.187
633.27673 1114.22
633.77899 406.753
644.37585 768.096
648.30438 32843.3
649.30896 10625.5
649.76892 1332.73
650.31982 2110.75
651.37213 1333.88
658.78070 1212.68
659.27716 1582.25
659.77838 872.024
662.38239 6364.36
663.38525 1834.77
667.78851 3357.66
668.29065 1927.05
668.79364 824.083
672.78308 1453.57
673.24225 466.543
673.34418 843.334
678.29205 824.975
678.78424 1207.97
681.78442 583.408
687.29376 6350.06
687.79315 4771.6
688.29236 2045.34
688.79010 454.211
695.38434 845.713
696.29932 27497.2
696.79907 17666.4
697.30334 6254.91
697.80096 1254.17
698.30634 363.192
701.29114 391.114
702.30566 368.481
702.65045 411.393
714.25256 1042.75
728.31378 493.506
730.21808 1276.39
730.83972 513.399
736.82794 2246.42
737.32788 1531.11
745.29034 631.314
745.83435 9321.29
746.33374 7882.62
746.83453 2471.36
747.35175 655.205
750.82410 1051.09
751.32593 681.723
751.81946 510.836
759.40234 676.245
759.82996 552.708
764.34375 601.171
765.35345 1230.59
765.85083 512.357
766.39777 930.527
770.35272 437.275
777.40991 4069.33
778.41443 1613.88
779.34198 572.494
785.33539 753.149
785.82977 1169.89
786.33606 1042.16
786.83691 484.985
793.86243 958.925
794.34460 4541.61
794.83545 5357.7
795.33356 3027.66
795.83484 888.432
798.36261 560.476
802.40326 410.822
803.34583 15590.2
803.84686 11686.2
804.34668 4520.96
804.85150 1256.42
806.87103 940.318
807.37073 438.173
815.87048 1004.31
816.38141 387.405
817.24316 618.633
829.27374 693.221
848.40277 476.398
849.85449 1740.23
850.35675 1494.44
850.86407 770.465
852.33392 2105.86
852.83636 1427.74
853.34088 641.081
858.86133 8183.39
859.36395 7426.88
859.86548 3250.16
860.37323 996.518
867.44659 905.13
867.86621 7851.11
868.36627 6169.48
868.86987 3271.71
869.36151 712.786
874.42560 1180.3
875.37317 549.751
892.43719 4293.87
893.44598 1636.32
902.42133 606.683
907.84882 1203.15
908.34595 935.182
908.85706 517.974
916.85358 776.403
917.35535 630.276
919.42365 382.699
944.30817 604.766
1003.46832 1363.93
1004.46814 699.682
1012.51111 389.329
1021.47986 3913.06
1022.48303 1927.18
1023.49048 423.524
1030.50488 1395.7
1031.50879 418.459
1060.36621 465.134
1099.36536 379.771
1101.43774 450.398
1117.39014 3442.55
1118.39172 1517.38
1132.51721 1264.5
1133.51282 804.129
1150.52161 2960.08
1151.52637 1499.63
1152.52026 518.64
1216.45862 568.342
1217.47363 514.802
1227.46155 465.279
1245.48389 1840.92
1246.48340 830.399
1247.51257 614.3
1248.51929 508.273
1263.49902 686.896
1264.48669 388.843
1265.55103 1047.24
1266.54285 701.044
1317.54297 666.78
1331.48376 1460.78
1332.49316 937.456
1334.57446 410.041
1344.55542 387.384
1373.57104 917.547
1374.57605 677.523
1391.59106 5121.33
1392.59668 2955.79
1393.60034 1046.56
1442.51807 637.173
1443.55493 412.163
1460.54358 595.864
1461.54126 469.473
