1781.90386 2
110.07110 2793.81
112.08686 392.922
120.08055 4057.67
129.06573 10879.1
129.10207 7099.64
130.06419 1239.47
130.08633 1891.4
130.10533 519.434
132.08067 592.069
133.04271 1301.05
136.07559 20106.2
137.07878 1497.77
141.06604 922.552
141.10150 591.822
143.11797 1878.68
147.07617 3596.29
147.11270 5251.72
155.08150 463.8
157.09795 689.186
157.13353 723.809
158.09203 1285.64
159.07642 529.651
159.09145 4494.18
160.09526 573.318
167.08200 859.946
167.11745 465.827
168.07675 463.182
169.06055 1578.73
169.09692 1168.03
169.13306 656.689
171.07558 586.863
171.11269 1963.21
173.09184 768.306
173.12813 1490.99
175.11885 3976.34
178.05011 495.235
181.09790 512.664
183.11247 976.49
183.14885 1419.88
185.09174 1147.99
185.12828 2315.05
185.16466 1322.34
186.08710 5094.24
187.07266 833.045
187.08540 854.608
187.10735 2283.95
187.14389 897.607
193.09708 7460.02
194.10098 602.737
195.07634 1737.15
195.11282 840.557
197.12808 851.855
198.08740 490.472
199.07094 914.983
199.10713 614.871
199.18022 1876.7
200.13895 3019.6
201.08696 392.047
201.12332 1842.55
206.04482 425.56
207.11253 1482.42
211.10728 450.008
211.14398 1121.8
212.10266 3178.34
213.08705 1359.28
213.12038 407.815
213.15962 1581.13
214.08188 2363.98
215.10226 2119.54
215.13898 1151.6
217.08372 534.574
217.13570 396.864
221.09160 4458.34
222.08600 1734.96
223.07146 2686.66
226.11893 810.015
226.15410 412.149
227.10233 527.728
227.17542 1203.65
228.13379 3645.12
229.11841 1195.43
230.11238 688.699
231.09834 486.621
233.09137 580.24
233.16451 725.64
235.10693 3508.13
237.12279 523.332
239.15073 651.266
240.09773 16231.7
240.13354 2024.88
241.08305 3054.82
242.11406 415.021
242.14925 859.801
243.13185 960.446
244.09193 704.698
244.16553 506.022
245.07771 632.724
246.12312 647.596
247.10991 448.621
249.15950 2428.75
251.10234 655.465
254.14944 1430.05
256.12469 524.231
256.16141 435.252
257.16037 2091.75
258.10797 4059.75
258.14426 4066.23
259.10635 606.638
259.14758 616.94
260.10782 419.722
261.15820 450.814
264.13452 784.661
265.11703 461.506
271.17630 833.232
272.15775 763.737
274.11865 3843.95
275.12067 465.513
275.17163 2249.83
276.17261 411.555
277.15433 2800.26
278.15680 407.806
279.09583 2625.95
280.09137 1560.24
282.14282 466.042
284.11603 1481.78
284.19583 1585.75
285.15482 718.402
286.13831 843.355
287.10162 848.871
288.13528 455.073
290.11578 438.131
292.12662 586.249
294.18021 1163.54
296.19681 443.388
297.11896 13217.4
297.15488 1481.06
298.10043 746.636
298.12207 1156.37
299.17096 7349.63
300.15057 612.749
300.17627 769.281
302.11322 5544.86
303.11792 544.19
303.16833 1600.32
304.12976 1419.05
307.14154 484.473
309.15540 579.744
311.17212 475.204
312.15460 1464
313.15356 430.873
315.12988 2828.59
315.16556 2409.49
321.15454 628.088
325.18665 1901.22
327.16699 555.222
328.18652 2157.87
329.14883 424.378
331.14197 516.371
332.12411 2001.06
332.19217 12649.7
333.14584 463.244
333.19449 1609.01
336.11832 13607.1
337.12244 2091.45
339.16708 919.608
343.16351 505.447
343.18890 407.738
348.19116 9874.78
349.15073 1638.7
349.19354 1540.23
353.17831 733.442
355.16113 626.154
356.19363 1099.19
367.22839 445.164
369.17642 1014.54
370.20767 967.611
374.20490 420.764
375.17001 424.785
376.18982 655.268
378.16571 1104.07
384.18930 718.286
384.25986 1155.26
389.18484 459.088
391.23291 551.875
399.22369 3634.22
400.22183 833.582
401.14587 1361.43
403.16113 898.154
405.21161 540.849
407.19168 1357.39
410.20245 643.621
412.25513 1179.09
413.21399 504.058
414.17371 638.476
415.16019 5621.24
416.16354 1199.7
416.25375 697.149
417.21469 1236.12
419.22925 2917.21
420.22913 990.326
422.23941 1083.45
428.24921 1245.41
432.18735 5929.1
433.18970 920.902
433.28055 564.585
434.24152 624
435.18741 2080.32
436.18552 485.469
438.27206 531.931
439.22745 420.801
443.15390 1441.82
445.20755 879.102
445.27710 9249.63
446.16620 2112.99
446.27829 1779.59
447.14929 4553.46
447.26361 506.932
448.15152 1023.71
449.20163 1110.43
450.20004 1163.12
452.24985 449.22
455.26138 589.247
460.18130 3599.81
461.18799 557.263
461.27628 1062.19
462.23373 2403.28
463.22864 514.478
464.17572 1792.56
466.27014 492.778
478.18652 502.125
478.23761 414.603
480.24811 495.878
487.29678 577.035
488.25082 1639.36
497.27029 747.101
504.31781 516.142
505.28644 478.327
506.22195 749.81
507.32846 1011.22
512.17731 1404.36
516.24615 2041.59
517.24384 617.44
518.22119 954.239
524.28528 870.19
525.26532 712.901
529.20148 897.421
530.18750 466.999
530.29907 1211.83
532.30701 1110.24
533.26825 2148.18
534.28210 668.567
535.24237 499.581
542.29333 2877.46
543.29639 679.77
545.23511 568.131
546.21716 1017.66
547.21869 741.052
547.32892 689.645
548.27277 722.32
557.19861 1526.1
558.18158 4271.31
558.28699 850.097
559.18591 1209.84
559.31940 7795.24
560.32111 2020.57
562.28595 1914.93
563.29614 461.466
575.20837 7912.49
575.31866 1513.82
576.20935 2103.63
591.31384 469.259
593.22223 649.164
596.30164 427.668
601.33618 1264.51
602.33673 498.498
613.33026 1770.97
618.36365 511.69
619.30322 691.444
629.32971 1593.93
630.35657 8246.99
631.36249 2440.96
646.35321 2970.54
647.35858 889.746
657.23413 527.743
661.27502 667.364
674.27557 1484.54
675.36011 936.142
676.37469 501.857
692.27405 491.458
726.42792 717.847
737.39862 718.755
741.43402 596.07
742.42389 442.729
743.44092 4592.44
744.44666 1991.51
746.41370 454.623
759.35571 495.856
760.34192 447.116
782.36853 557.321
813.42548 946.783
813.92053 771.947
889.48438 649.444
892.45447 947.437
906.50403 2792.54
907.50317 1642.97
926.99066 667.515
927.49158 693.215
927.99115 464.832
960.51160 706.084
977.54211 4451.95
978.54260 2472.51
979.54224 711.756
1003.42548 696.5
1032.57690 516.154
1033.05408 611.37
1042.56787 939.488
1043.56763 450.707
1072.57739 515.042
1080.58423 1861.4
1081.08203 1537.66
1081.59155 889.448
1090.62659 2081.95
1091.62537 1076.04
1092.63269 585.991
1118.45618 534.039
1167.62500 602
1168.65552 664.226
1281.50513 625.377
1395.76392 486.384
1396.75000 781.041
1608.81982 657.86
1609.79395 513.89
