1502.74720 3
110.07104 5791.42
112.08672 530.237
115.08640 287.807
120.08058 1594.17
129.06610 801.852
129.10205 4997.25
130.06419 260.597
130.08598 864.128
130.10545 318.337
131.11758 957.938
133.08575 380.428
136.06158 1332.33
136.07552 4470.53
141.10181 601.593
143.11769 1626.77
147.11252 1176.06
155.08153 351.819
155.11676 357.693
156.07654 15580.3
157.08025 719.429
157.09689 1068.18
158.09203 633.304
159.09091 325.544
166.06068 257.57
169.09654 317.136
171.11415 1217.02
171.14894 32921.5
171.18666 276.58
172.15247 3313.44
173.12799 332.215
175.11861 2878.75
183.11232 1424.72
184.10718 301.64
185.16461 408.969
187.10689 424.626
195.08778 486.173
199.11113 298.607
199.14388 13274.5
199.17801 385.012
200.14931 1117.4
201.12369 532.332
207.11272 566.436
209.10300 847.189
212.10268 1124.87
217.13449 286.967
218.14891 324.58
219.14981 260.768
225.12321 449.329
226.11681 652.653
226.15309 348.317
228.13377 6733.43
229.13789 415.809
235.14355 945.253
240.13367 533.102
242.14931 979.776
244.16591 308.216
252.13422 305.348
254.14886 925.139
255.14384 619.467
256.12952 499.289
257.15976 589.101
260.19730 320.5
266.16101 1882.34
267.16400 299.056
269.12158 606.685
269.14413 338.248
269.69406 2308.32
270.17816 698.468
270.19925 702.391
271.17612 873.215
272.17120 830.234
274.18689 683.74
283.60779 296.809
283.69110 561.418
284.19669 467.378
288.20322 269.575
289.18570 423.256
292.12897 297.761
292.65128 491.826
297.15570 996.748
297.19147 433.058
298.20535 2664.92
298.70590 676.773
299.17014 1082.04
299.20685 1106.47
301.12857 858.127
303.19708 413.735
305.21213 614.072
311.16873 525.336
312.20224 1129.4
312.70261 280.239
319.13922 5486.72
320.14252 905.422
322.18842 413.949
325.18561 1006.83
327.20239 1119.04
328.16629 522.753
329.19360 270.807
331.23294 429.48
333.72369 5362.95
334.22495 2055.6
334.72803 428.447
337.19785 1257.1
338.49399 343.372
338.71558 376.284
338.82739 1550.4
339.16129 841.511
340.19638 797.004
347.72144 1935.57
348.15866 369.076
348.22269 645.521
351.22906 324.275
361.21869 917.853
368.19223 2357.64
371.16473 588.559
371.50177 440.405
382.71323 482.683
384.70715 340.547
385.21210 278.298
387.15198 356.229
396.22290 552.736
396.66458 586.417
406.74295 413.449
411.24216 739.885
412.22845 297.317
415.25546 2337.9
415.75693 1196.5
420.22476 581.674
421.72592 343.933
429.21924 633.572
429.26175 716.225
429.75278 489.385
431.22742 329.028
435.23038 450.385
435.59210 648.056
435.93152 285.379
439.22961 2724.04
440.23309 506.778
445.65286 290.364
445.73807 362.478
446.22363 416.282
446.26779 334.678
446.72510 364.949
447.23395 4527.19
448.25082 8914.33
449.25293 1685.5
450.28439 768.229
452.24301 537.433
452.71210 316.514
452.75745 405.202
453.24326 664.184
453.73834 470.463
454.73932 3847.62
455.24191 2087.86
455.74200 489.979
457.22076 315.982
459.73218 420.667
462.24579 654.328
464.24710 594.703
464.75421 289.264
465.25687 338.44
466.73611 318.484
467.29968 793.109
468.73672 3339.16
469.23770 1690.89
469.74020 480.394
472.28879 1080.72
481.24561 773.386
481.75119 1160.91
482.24664 351.332
484.33508 369.46
490.25787 17567.2
490.75992 9794.78
491.26089 2953.39
491.76831 454.177
492.27380 303.447
500.26334 1465.75
500.36002 720.094
500.78769 1254.11
501.23123 689.154
501.29745 1989.24
501.78915 709.249
502.28784 569.213
502.34756 574.057
503.72769 397.864
505.28760 555.828
517.28235 389.196
518.26801 340.477
521.31934 416.005
524.32373 927.431
525.32117 317.35
526.28961 470.197
529.31018 307.2
530.78674 430.503
531.28632 376.401
533.28192 1048.22
534.28784 390.57
535.29028 659.745
535.79456 474.196
538.38422 679.273
539.24115 297.762
539.79224 4817.32
540.29315 2619.17
540.79590 971.072
547.31897 6679.39
548.32129 1641.16
550.78717 481.262
552.31348 2257.44
553.31616 842.234
554.30206 325.899
554.67975 301.274
559.29395 811.08
559.35297 356.773
559.79742 671.992
560.29437 336.068
566.28168 702.021
566.38165 389.988
568.30261 9353.16
568.80438 5619.7
569.30481 2123.78
573.30322 405.358
580.82129 547.817
581.32111 450.665
582.30585 320.814
584.29242 5472.02
585.29486 1569.27
586.30023 556.603
587.32782 347.63
588.77686 295.99
589.82257 468.131
590.33972 1250.33
591.33929 393.752
594.81677 2456.71
595.31476 1357.04
595.81848 560.328
600.34558 514.069
603.82098 19300.9
604.32257 12410.1
604.82422 4117.28
605.32410 767.791
612.82635 1328.44
613.33667 1483.03
614.34686 396.954
617.29022 1641.54
617.79333 1095.24
622.29376 291.562
623.33527 737.679
623.41388 809.832
624.34375 337.122
635.39307 335.886
637.32477 993.145
638.33014 377.493
643.80103 422.486
644.37402 331.981
652.80969 2609.53
653.28949 1066.71
653.37897 785.184
653.87073 990.439
654.37036 346.75
655.32996 7290.94
656.33221 2731.63
657.33868 420.307
661.37775 2698.66
662.37823 1248.66
666.43829 1422.9
667.44202 537.453
684.38391 544.914
688.39014 524.099
689.38043 564.269
690.38153 299.887
694.43427 2643.43
695.44141 863.576
697.39850 1723.57
698.40021 695.698
702.33630 369.936
704.33929 910.718
710.38202 5120.16
711.38556 1908.91
712.37103 325.259
732.41125 766.286
735.39325 394.342
736.38837 402.334
750.41168 627.924
753.40155 1162.24
754.40680 668.033
759.42511 3326.31
760.42047 2889.47
761.41998 975.291
766.42084 999.955
767.42133 473.312
768.41284 3872.76
769.41504 1593.27
770.42773 347.65
771.40924 291.393
778.41412 334.757
781.41669 1762.12
782.41559 825.807
792.40607 689.776
806.42871 1069.34
807.43207 702.798
817.46863 985.574
818.47272 321.128
824.43976 2822.21
825.44147 1294.4
826.45404 292.672
829.50983 777.999
838.44061 2182.09
839.44818 2731.33
840.45459 1078.6
841.45587 291.337
842.45270 806.851
843.45856 402.568
857.49579 1465.8
858.49701 713.377
859.49799 293.564
870.46100 670.982
871.45599 562.845
887.48596 371.377
888.50323 2617.81
889.50751 1447.53
890.48712 451.576
891.44598 1677.24
892.44470 1157
906.50922 306.004
908.47211 2613.36
909.47589 1325.7
910.47260 332.507
926.48120 324.214
936.46918 561.016
937.47101 369.043
961.50311 681.688
962.50854 825.403
963.52142 392.411
979.50806 9317.68
980.51361 6501.32
981.51709 1902.14
982.52332 444.089
986.49243 335.412
998.53400 441.106
1006.44098 647.808
1007.44666 461.512
1023.57428 412.225
1033.55786 2089.95
1034.55432 1246.44
1035.55286 401.002
1051.56543 2953.83
1052.56702 1827.24
1053.56396 614.46
1069.57568 1035.79
1070.57874 572.031
1071.57861 291.15
1078.60657 312.285
1131.51794 434.248
1135.59802 799.296
1136.60693 474.313
