1360.69719 2
110.07108 18730.4
111.07423 1020.36
112.08685 716.557
114.09109 511.817
115.08639 374.863
116.07027 746.154
120.08057 10075.8
121.08389 941.898
129.06673 287.882
129.10211 3807.13
130.06491 1198.28
130.08600 631.507
130.09857 206.036
130.10382 232.844
133.04240 348.016
133.08542 258.056
136.06157 385.226
136.07556 4949.27
137.07892 561.233
138.06615 946.528
138.09126 309.337
141.06563 615.153
141.10207 630.714
143.11752 286.725
147.11258 1274.84
152.08144 524.025
155.08240 358.901
155.11769 800.194
156.11273 399.899
157.06070 515.796
157.09831 340.14
157.10735 335.439
157.13322 466.918
158.09230 1803.07
159.07643 611.544
159.09151 3199.75
159.11261 11124.2
160.09482 374.457
160.11601 702.988
166.06094 2314.72
167.06465 219.864
167.08214 285.215
169.06059 286.277
169.13391 249.551
170.06020 217.716
171.07603 231.612
171.11292 404.062
173.12810 1642.08
175.11876 9327.78
176.12260 640.32
178.13368 972.118
180.07640 767.459
181.09810 264.247
183.11235 1216.58
183.14857 350.576
185.09216 427.663
185.12810 490.789
185.16501 414.713
186.08649 215.839
187.07086 1296.84
187.10751 4734.86
188.11160 242.183
195.08746 686.426
195.11272 331.06
197.12737 424.882
198.08624 217.232
199.10724 304.447
199.18051 345.771
200.13916 3454.03
201.08699 375.58
201.12311 6768.52
201.14287 262.42
202.12769 377.08
206.12840 294.029
210.02548 356.684
211.10759 383.713
211.14351 211.948
212.11725 1106.06
213.08696 507.249
213.12180 400.37
213.15990 289.777
215.10172 223.622
215.13905 975.92
216.09613 212.032
217.08226 252.9
217.13333 246.597
219.14932 315.226
223.15509 7958.67
224.11870 229.638
224.15833 903.811
225.09836 314.049
225.12192 264.098
226.11815 396.715
226.15440 255.973
227.10139 399.289
227.17590 313.425
228.13383 1616.46
229.11778 1408.71
231.09850 329.116
233.13957 600.117
234.12595 267.367
240.09898 222.079
240.13289 590.102
241.08133 280.279
242.14941 520.489
243.13332 1633.52
244.09216 669.864
244.12698 317.214
244.16454 231.981
247.14354 314.089
249.13939 316.737
249.15875 285.896
251.15002 3929.99
252.15208 430.838
257.13965 5233.94
258.10815 732.371
258.14404 1360.89
259.09125 385.367
261.13699 309.613
265.11804 244.755
268.10818 2805.33
269.10928 509.983
270.10532 262.436
270.14380 768.553
271.17575 1687.43
272.14096 494.476
272.17322 366.905
274.11923 457.001
277.11667 245.857
279.14490 869.275
282.14471 268.939
283.14090 238.607
285.13409 9465.51
286.13791 2099.99
288.13513 523.014
288.20258 1434.07
289.15396 258.409
298.11908 1350.93
299.11804 328.845
299.17139 667.98
301.11215 445.78
303.21387 226.61
307.14285 724.842
310.13977 343.775
310.17792 293.198
312.15491 356.478
313.12738 280.945
316.13147 679.912
316.16425 297.971
322.18701 339.362
325.13083 330.243
325.18619 338.286
326.16922 281.901
334.17493 316.14
340.19452 279.043
341.14798 224.305
343.13885 1072.35
355.11844 713.061
357.17670 355.225
358.20819 1160.69
361.14969 329.031
362.18182 2406.26
363.18625 337.28
371.19205 291.84
375.23480 1338.52
380.19196 1212.19
384.20023 479.072
385.14999 530.69
390.20001 224.084
396.23294 271.642
398.21805 2381.55
399.21899 503.053
403.16156 340.939
407.15393 294.523
408.18729 400.991
412.19659 470.257
425.23425 262.93
427.22708 268.356
428.21118 308.554
429.21317 570.396
436.15848 693.416
443.23984 3411.8
444.24268 908.886
445.24158 1366.29
446.24249 586.277
451.26700 483.508
454.17197 925.762
455.17877 327.503
456.21362 638.846
456.27899 289.747
462.26697 2934.36
463.26956 574.454
471.23395 3336.38
472.19012 1090.02
487.25052 408.556
490.19086 339.83
498.22742 224.279
501.22305 385.705
505.26578 239.392
514.26892 2476.25
514.76996 1549.6
515.27515 350.056
516.24475 367.118
525.28186 390.175
527.26031 821.484
528.26514 272.422
537.28156 378.088
538.27808 386.023
554.31262 230.323
556.32477 543.353
557.27356 278.473
566.27197 367.235
567.25421 517.351
571.33990 423.026
575.28333 251.882
580.31042 295.126
584.30762 2689.25
585.25677 783.018
585.33130 363.719
608.31342 648.37
614.28986 363.349
615.29553 238.315
630.33557 515.268
631.31952 1533.72
632.31970 478.342
635.30023 265.26
648.34558 10138.2
649.34845 3492.95
650.35327 874.717
653.30908 248.122
661.25287 703.625
662.24188 253.298
662.33148 299.119
693.40430 445.09
694.34210 577.616
698.41144 450.658
704.30396 262.844
713.35291 812.26
714.36310 288.756
721.39899 452.969
722.31696 275.3
731.38776 257.752
740.32910 289.79
742.35266 300.653
747.37823 317.225
753.43219 276.879
759.37842 2504.99
760.37347 1475.22
761.36304 484.211
777.38708 18565.9
778.39081 7395.6
779.39258 1858.2
787.36877 306.398
792.47473 467.864
793.47937 297.887
800.47754 291.344
807.43445 1058.79
818.41193 256.113
819.38971 291.798
835.43842 1207.11
836.43658 545.855
845.47583 325.667
855.45264 234.521
860.45911 419.634
861.46503 244.329
866.50867 562.262
867.52087 276.453
872.46362 1147.6
873.45532 839.382
874.46533 307.673
878.47070 1114.31
890.47107 18600
891.47424 9037.5
892.47791 2361.91
893.47955 412.127
900.45422 435.67
920.53467 814.12
921.55084 368.692
933.41687 289.575
937.54340 1364.59
938.54883 692.491
948.53802 506.192
949.51300 1744.35
950.51007 334.637
955.54645 276.352
960.37311 374.684
1009.51953 452.178
1010.51385 690.071
1027.53101 5817.72
1028.53076 3180.06
1029.53589 893.893
1078.56250 245.615
1110.54395 237.816
1135.57629 1009.41
1157.55835 242.214
1174.59924 2547.91
1175.59973 1821.87
1176.60168 697.205
