1945.78606 2
129.10190 60134.3
130.08606 6761.08
130.10501 3165.32
143.11787 1605.15
147.11249 14810.6
157.09702 1884.18
169.09639 2070.35
170.09134 3037.56
181.05998 1822.62
185.05487 2516.43
186.12320 9788.14
187.10728 34860.4
188.11156 2600.51
195.11276 1955.65
199.07137 2797.01
209.09145 5188.48
215.10196 8957.89
215.13835 49995.1
216.14278 2854.94
217.08150 3296.37
222.12450 1722.81
226.11842 12882.3
227.06567 8868.68
240.13370 9030.82
241.08115 2158.73
242.07669 13059
243.13324 50576.3
244.12694 8635.5
245.07610 28308.1
246.07976 2089.61
257.19672 7097.26
258.14261 4051.73
258.18185 3253.29
259.09076 2145.12
272.12308 3564.37
273.15512 4128.09
275.20685 34343.7
276.20993 3912.29
280.12851 1901.32
286.13965 1637.69
286.17511 2649.07
298.13821 5276.22
301.14896 3202.06
312.04883 1812.85
314.09692 4011.94
316.15060 2581.45
322.14011 2455.52
326.13354 5313.67
330.06015 2009.23
333.17792 2151.94
340.14828 3761.16
341.14526 6285.93
343.12247 3156.88
344.14703 3089.64
351.16379 2732.94
353.10876 3727.36
355.15991 2619.55
356.10645 2089.02
357.10278 1724.75
358.15976 109438
359.16278 17458.7
369.17389 4124.57
370.17096 4644.96
371.11887 13745
372.22311 8577.34
373.16940 2298.09
374.12204 1622.5
383.15396 2402.6
387.18619 4960
388.18179 15986.9
389.18317 2035.85
390.23361 15041
391.23505 2789.19
401.16641 2354.33
411.22690 1738.55
429.12427 2603.3
429.23685 13081.9
430.24045 2537.96
442.19220 2292.65
443.14450 2024.49
451.02545 1917.7
452.17688 1918.34
456.17197 4185.9
457.23062 2376.29
468.13306 1840.47
470.18430 3258.28
471.13943 1894.81
482.15134 3178.23
485.19824 4692.84
489.14966 1790.57
498.25439 2217.09
500.16132 8962.64
500.31732 2751.72
501.16315 1724.22
503.20697 9922.7
504.20865 2596.81
516.27679 10747
517.27966 2136.42
518.32806 6774.9
534.28632 3294.73
557.33868 2462.94
558.16406 3155.97
566.75964 2475.57
567.20197 5680.94
575.34900 16731.6
575.76367 1861.4
576.35046 4180.87
579.16516 1789.74
585.21124 3059.8
597.17682 5741.6
598.18591 1782.3
599.23157 1840.09
600.22278 2462.3
615.18695 9607.46
616.19196 1872.57
618.23810 8813.86
623.24194 1702.37
627.34216 1843.38
631.30402 5757.18
632.24585 1711.82
644.37927 5531.86
645.38049 1758.14
649.30920 1868.67
658.78229 1902.72
659.28082 2662.24
662.38208 44759.1
663.38379 12785.5
667.78619 3494.57
668.29639 2901.87
672.77612 3175.14
673.26062 1971.14
678.30310 1754.96
687.29144 8620.53
687.79272 5097.21
688.28961 1712.35
694.19159 2470.73
696.30365 13398.3
696.79816 9712.05
697.30750 3790.2
712.20099 4959.85
714.25739 4579.91
728.32239 2494.64
729.26031 3455.1
730.20984 7506.2
731.20996 2542.66
736.83075 3785.43
737.32941 2136.55
745.83215 5540.35
746.33112 11478.2
746.83679 1856.03
747.26923 3829.8
759.39813 5902.69
760.39032 3091.31
777.40710 25023.4
778.41193 8548.3
799.24225 2907.27
803.84937 1834.33
817.24231 4087.01
829.27649 2469.83
856.26050 2686.54
858.30573 4479.99
858.85669 1849.61
874.42255 5448.12
875.38593 3291.59
876.31067 5172.3
892.43469 18866.7
893.44507 6046.86
902.42487 2067.77
986.39655 2883.5
991.34314 3044.9
1002.36304 2592.98
1003.47601 6889.82
1004.43091 3444.99
1021.47760 14228.9
1022.47815 7040.75
1023.49091 1830.63
1031.47290 2104.49
1060.36169 3335.97
1099.37915 6475.19
1100.38123 4015.61
1101.42896 2223.9
1114.50488 2750.8
1117.38757 18099
1118.38965 9376.67
1119.40820 2918.84
1132.50964 10040.1
1133.51196 5164.03
1135.39661 1744.61
1150.52039 16058.3
1151.52332 6916.82
1152.53796 1969.53
1198.44446 2897.02
1216.46155 4690.25
1217.46875 2177.77
1227.46643 3612.56
1228.47888 1881.81
1245.48181 10633.6
1246.48047 6186.67
1247.52283 4092.42
1263.49390 6042.45
1264.49609 3287.16
1265.54858 6884.47
1266.55127 2806.29
1299.53894 2012.53
1316.55688 2249.3
1317.54749 6319
1318.55298 3778.76
1331.48035 3813.01
1332.49658 1951.51
1334.56165 5090.2
1335.57251 3308
1344.55164 3514.19
1345.56213 2060.13
1355.55457 2995
1356.56909 2825.06
1373.57703 14377.5
1374.58179 9043.49
1375.57068 2770.55
1391.58972 46820.2
1392.59229 30407.7
1393.59375 10288.8
1459.58850 1841.93
1460.59021 2113.12
1490.65125 6265.6
1491.66113 4123.01
1587.67761 2736.5
1588.64343 2207.04
1605.68652 6063.08
1606.68921 4046.24
1607.69312 1787.15
