2574.99907 2
112.08637 385.471
120.08038 1718.88
127.04977 332.325
129.10191 195.962
136.07539 3520.07
137.07899 197.761
148.07515 242.433
155.08121 564.617
158.09207 816.888
167.08093 246.037
172.07121 720.007
172.10777 653.454
173.05531 288.179
175.11841 1531.45
177.10178 1595.96
189.10175 219.215
193.09663 1210.35
205.09669 1088.26
212.06738 199.088
212.10225 402.47
215.11406 359.169
217.09634 249.14
221.09125 914.834
224.10266 441.136
229.09297 415.592
229.12982 311.645
230.07753 438.06
232.14001 955.108
233.09184 724.518
257.09201 368.219
262.11746 612.158
269.12338 600.131
272.13461 401.987
273.08722 341.945
275.10226 335.422
278.11301 758.451
286.15125 472.203
289.16144 1521.7
290.11237 908.31
295.14297 1915
296.14648 317.347
302.11258 269.264
307.13995 240.276
311.14142 292.97
317.12347 214.784
318.11032 375.624
318.14459 289.429
319.13834 408.527
320.12082 505.127
323.13791 719.753
326.14462 507.27
329.15549 728.359
330.10864 202.714
331.13864 586.1
332.12256 441.507
335.13391 1253.56
336.11432 377.251
338.14606 470.001
346.18231 4758.96
347.13419 1778.11
347.18713 645.339
348.11151 252.35
348.15054 217.461
359.13336 613.092
365.14352 626.559
366.13962 449.29
375.12952 788.605
376.15939 401.279
377.14410 680.857
380.15985 656.614
383.16589 1206.68
387.13074 300.558
388.16144 264.547
389.14215 352.672
392.15646 882.497
395.16751 223.824
399.12790 324.925
400.19250 295.298
404.15765 790.923
406.17007 216.328
416.15732 812.89
422.17358 273.152
423.15948 336.3
428.15298 335.954
432.14966 624.05
433.18552 342.741
434.16556 558.072
435.16510 365.851
437.18393 244.645
440.18863 426.103
444.14993 463.106
444.18576 419.337
449.17831 682.405
453.17291 560.735
461.17749 429.405
462.15869 374.173
465.17352 383.639
467.18918 272.479
472.14304 281.401
477.17691 346.609
480.17987 296.219
483.19940 227.838
485.17166 305.406
489.16895 475.835
490.15500 259.07
492.22235 354.792
494.20395 713.713
495.18515 913.447
496.18921 271.388
501.16046 250.058
501.21536 421.854
506.24118 573.215
507.17426 311.287
509.24692 1693.82
510.20206 657.676
512.21729 393.326
513.21399 367.079
519.18274 349.734
522.19934 324.276
529.16290 283.218
530.24017 453.507
531.23596 305.59
534.19763 399.544
536.21844 234.725
537.20349 301.34
540.20953 256.409
546.18280 285.873
547.17920 434.767
551.22528 976.867
552.20837 679.435
554.23413 315.646
558.23730 326.325
564.20465 481.137
566.26752 1255.94
567.21667 275.681
567.27496 297.341
569.23578 622.818
570.23615 621.178
576.25818 236.322
579.21881 832.66
580.21765 237.434
582.23193 220.55
587.25995 537.664
597.22791 239.055
599.26538 250.605
603.28656 950.092
604.28912 383.315
607.20782 215.051
609.23682 411.698
627.25201 472.378
629.26990 397.592
636.23340 241.233
644.28833 217.123
645.31348 717.011
646.29340 1656.7
647.29089 349.557
648.23413 506.215
663.31915 16938
664.32166 5693.55
665.32666 858.936
666.25769 484.763
669.26556 227.952
676.23511 516.554
682.24921 327.401
683.28851 221.531
684.27429 330.25
687.27277 301.594
688.31348 390.599
688.81720 252.98
693.26007 253.047
694.24469 544.292
695.24353 215.507
696.26404 260.931
697.31250 234.172
699.29926 218.64
701.30322 331.526
711.27753 230.135
713.30133 372.078
715.32281 589.363
723.27466 394.416
732.34137 1631.87
733.24963 398.86
733.34436 456.59
741.29657 313.718
751.26331 583.139
770.32062 227.93
772.33722 321.671
773.34631 234.94
780.29523 217.778
789.36182 2435.86
790.36731 807.109
812.29651 310.418
828.37732 295.684
829.36993 367.856
846.38293 4313.15
847.38684 1980.58
848.38684 330.084
864.39319 814.142
865.40607 300.272
867.35443 295.494
886.34265 297.346
887.33630 231.631
944.36243 374.547
976.43207 262.131
993.45074 2242.69
994.45355 1362.73
995.45325 228.242
1011.47516 462.242
1012.47192 282.61
1073.44092 221.362
1090.46716 425.4
1091.44836 300.494
1107.49731 880.01
1108.49097 772.377
1125.50806 250.719
1164.51379 1196.28
1165.51721 954.344
1182.51477 253.949
1183.51990 229.141
1204.51563 329.095
1221.53613 1279.41
1222.54126 897.04
1223.52661 325.921
1239.54077 414.683
1240.56323 343.677
1278.55676 736.105
1279.56311 565.442
1296.56519 270.581
1357.57983 264.691
1358.59192 514.605
1359.58765 337.525
1375.61035 2512.71
1376.61206 2072.28
1377.61755 566.702
1393.61401 854.167
1394.61096 591.512
1414.60608 249.795
1415.62122 438.386
1432.63501 1626.32
1433.63269 1099.28
1434.62622 342.089
1450.63330 525.762
1451.64050 390.161
1489.65283 1079.99
1490.65857 1235.84
1491.65796 458.644
1507.68518 427.247
1508.65723 390.788
1528.67480 228.944
1529.64648 594.106
1530.65869 230.02
1546.67505 2591.28
1547.67749 2491.84
1548.67529 896.73
1564.68201 1057.75
1565.68152 876.499
1709.72607 520.758
1710.73486 418.468
1766.76807 751.575
1767.76099 907.958
1768.77454 290.82
1784.77356 245.623
1881.81250 376.161
1882.81519 252.915
