3059.26601 4
129.10193 108948
147.11263 33065.4
171.07596 39731.8
187.10757 70598
189.08676 49234.5
199.07121 56834.7
215.10214 18346.1
217.08182 50447
226.11769 13989.5
227.06537 43718
227.10239 28569.8
243.13350 33189.3
244.12718 12465
245.07619 115340
257.19702 22497.3
275.20715 216040
276.21048 22372.7
314.09750 29209.2
340.18393 12300
341.14478 12620.4
358.16010 51393.2
359.16229 17960.2
371.12164 12176.9
383.12640 13924.9
392.16220 21148
425.70007 17664.1
429.12488 42190.4
434.70404 34169.9
435.20636 15895.6
447.25528 62528.7
448.70123 22711.1
449.20374 22002.9
468.28058 20070.2
469.23190 22632.6
470.22894 11836.8
513.22406 41197.6
513.72369 31398.5
521.19580 12554.1
522.22882 11844.5
538.77832 12027.3
539.20801 53963.2
549.91510 36158.7
550.25006 13652
557.21960 51056.7
558.21881 13200.8
561.73029 19947.7
562.28473 34283.7
562.91998 29199.8
563.24548 20970.6
563.58392 12239.1
568.92224 252828
569.25665 178371
569.59137 93929
569.92493 19698.9
570.73676 47709.1
571.23840 33457.7
575.23846 12860.4
579.74219 61094
580.24176 38919.9
580.75006 11887.9
583.31274 16414.5
584.25391 72044.4
585.26086 23166.8
596.27881 16527.3
601.58374 15243.8
601.94598 79499.3
602.28046 81264.6
602.61395 42444.9
603.30249 30573.8
606.27136 15654.4
628.59863 15204.2
634.60535 116669
634.93890 94472
635.27277 48546.2
635.61334 13011.6
640.28845 25909.2
640.62610 15334.2
640.95868 18626.8
654.27344 13556.5
667.82373 57330.7
668.32440 35358.2
668.83472 13691.6
671.29614 19269.4
672.94464 34727.8
673.27936 30049.7
673.61536 15461.9
677.29852 59880.2
677.63202 73961.4
677.96643 40522.8
678.30188 21347.8
683.30322 16550.8
690.37518 31954.3
698.33234 15349.7
709.95709 24332.4
710.29016 34515.7
710.63165 13589.4
712.35150 39540.3
713.35553 14364.8
715.77997 28875
715.95319 13558.2
716.28662 43956.3
723.34247 26339.3
723.83881 25773.6
727.82031 13877.5
728.06665 13327.3
732.07599 27429.4
732.34058 121935
732.57422 21224.6
732.84442 71090.8
733.34436 30312.7
736.82648 14157.1
756.57184 19340
756.81659 39248.9
757.07013 35125.6
757.30902 12454.7
761.07281 23991.9
761.31769 27204.3
761.57098 54633.7
761.81927 21095.3
765.30603 57293.1
765.81549 25171.7
766.29877 21437.7
779.82837 63982.4
780.32922 50082.7
780.83203 33441.9
781.34546 18380.7
783.31354 453572
784.31866 174228
785.31342 33486.1
788.83636 21088.4
789.33478 21287.9
789.85754 90207.7
790.36035 91024
790.85785 32344.8
796.36359 32241.5
796.69653 35388
797.02917 22578
801.32593 49025.8
802.33368 21880.1
815.36755 14170.4
815.86432 40228.3
816.36243 27207.7
818.47009 24202.4
824.37109 127627
824.87189 102829
825.37384 38934.9
827.37555 32002.2
828.37024 14142.3
829.02252 32175.9
829.35773 49762.6
829.69684 14958.2
829.87531 17684.4
830.02380 13246.6
835.87567 12329.1
839.06689 16153.1
839.38898 29515.7
843.87439 180324
844.37708 154078
844.87811 71411.2
845.37866 18469.8
852.87897 1.42105E+06
853.38190 1.17673E+06
853.88318 488139
854.38690 160837
854.89209 41382.6
868.40479 23475.9
871.72241 18946.1
872.05273 23311.8
872.38885 20143
873.35907 117864
873.85785 69570.3
874.36230 33028.6
874.85645 13231.5
877.39655 17053.4
877.74445 22151.4
878.07117 26388.4
878.38611 55491.3
879.39423 24401
886.87903 15252.8
890.36951 13748.3
890.69714 29360.8
891.03369 20556.4
892.85760 25306
893.48401 40543
893.96545 38122.4
896.39832 411385
896.71991 17341.4
897.40076 168729
898.40509 58037.7
901.86914 264067
902.39447 252097
902.91309 184679
903.41388 88412.4
903.92102 34621.4
904.41174 15042.8
910.06677 34086.2
910.40472 33473.8
910.73383 21548.6
911.06940 14826.6
914.40833 47729.7
915.40594 18527.3
915.74298 67803.6
916.07898 101020
916.41211 82878.3
916.74255 45529
923.02423 15038.5
923.36298 22542.1
923.69501 15510.8
933.39801 22582.7
939.07794 25123
939.74982 12616.5
942.40118 61161.2
942.88818 21960.3
943.40100 32030.2
944.75452 39970.8
945.08813 66556.4
945.42316 63920.5
945.75909 33022.4
946.09833 12678.8
947.51135 13980.8
948.40063 63336.8
948.73590 79479
949.07184 66184.1
949.40186 37165.2
950.92468 45504.8
951.41107 140590
951.90955 107485
952.40814 68583.3
952.90326 14897.7
959.92633 377386
960.42908 328669
960.92902 165777
961.42859 69319.1
977.41205 35939.7
977.74451 48364.5
978.07703 41324.6
978.40826 14577.3
999.90778 24913.6
1000.40753 22340.3
1000.91040 18611.4
1006.44720 16564.8
1006.94543 22607.1
1007.43567 23155.7
1008.91687 163395
1009.41553 145305
1009.91882 81615.5
1010.41766 26951.5
1015.44434 126474
1015.94525 116400
1016.44574 65834.4
1016.94757 19408.9
1024.44885 167273
1024.95032 136732
1025.44409 187592
1025.94495 26719.7
1026.44568 59594.4
1027.44666 16575.6
1029.44897 13440.9
1043.45239 32721.7
1064.43005 47431.5
1064.92969 43756.5
1065.43616 29346.6
1073.43677 49580.5
1073.94189 50474.5
1074.43457 26631
1074.94043 13603.4
1076.57031 14076.6
1080.99854 15425.9
1122.45923 53032.2
1123.45422 28790.3
1130.47107 12322.5
1140.46692 482013
1141.46936 278961
1142.47424 86874.3
1143.48706 21419.6
1158.47778 139786
1159.48157 82974
1160.48267 28244.3
1194.04175 32161.7
1194.54016 30491.3
1195.03503 26894.2
1239.54675 31909.3
1240.53796 19010
1243.01294 26995.3
1243.52710 21111.2
1244.03064 19091.1
1258.52332 17676.2
1430.56287 43395.5
1431.54395 21363.9
