1527.90752 2
110.07103 2583.09
112.08667 455.616
113.07080 237.82
115.08640 356.702
116.07035 421.476
120.08057 4118.4
121.08360 394.787
127.08656 553.1
129.06570 541.189
129.10205 2215.74
130.04945 338.06
130.08607 759.232
131.11775 257.952
133.04286 467.19
136.07555 2782.15
141.10194 437.664
143.08136 284.485
143.11783 528.724
147.07602 1282.47
147.11270 1112.85
152.10693 272.574
153.10173 200.516
155.08131 2352.15
155.11758 724.02
157.06059 797.871
157.09804 198.251
157.10707 196.69
157.13316 426.135
158.09201 991.613
159.07635 744.908
159.09134 866.001
159.11174 200.895
167.08194 218.069
169.09740 528.46
169.13316 304.799
171.07645 378.586
171.11263 922.237
171.14903 223.197
172.10699 398.494
173.09201 334.984
173.12817 2548.78
175.07106 2109.9
175.11871 4502.27
181.06096 226.318
181.09698 531.633
183.11252 1021.37
183.14908 549.238
185.05566 269.563
185.09172 362.131
185.12866 364.231
185.16458 678.08
187.07144 359.195
187.10721 503.044
187.14369 1341.82
189.08635 228.492
195.07669 218.341
197.12790 1027.16
199.07147 470.367
199.10724 685.892
199.18021 1306.17
200.10237 187.181
200.13863 230.202
201.08810 237.669
201.12311 2970.78
202.12764 218.39
203.08493 245.883
203.10423 218.377
203.12018 335.142
205.09648 250.861
209.10376 359.974
210.12350 275.649
211.10716 686.468
211.14331 303.641
212.10233 710.493
212.13922 272.05
213.08667 527.047
213.15916 864.652
215.11462 607.569
215.13866 5289.67
216.09753 380.694
216.14412 327.395
217.08214 612.783
217.13487 265.963
219.14838 229.579
225.12238 364.97
226.11800 472.418
227.06566 200.389
227.10242 567.937
227.17509 1850.47
228.13356 800.274
229.11768 956.986
230.13023 248.727
231.10942 680.67
232.13982 1118.62
233.16376 491.517
235.10640 254.857
235.14383 370.595
237.13585 294.321
238.11807 2891.18
240.09776 465.269
240.13359 1281.57
241.08046 197.425
242.14943 1039.61
243.13255 724.907
244.09367 195.661
244.12758 233.233
245.08040 301.386
246.12457 224.099
248.14000 194.633
249.12270 315.545
251.10109 315.197
251.15092 280.058
252.13504 201.304
254.11122 283.251
254.14935 337.88
256.12863 3950.75
257.13211 264.447
258.10767 789.456
258.14325 1014.47
260.16025 406.781
260.19690 264.81
261.15912 351.888
266.14838 218.273
268.16257 194.668
269.12357 306.675
270.10297 279.904
270.14432 6759.66
271.14767 773.182
272.15829 200.091
273.15710 273.482
274.11929 329.759
276.13605 347.931
280.12833 689.166
282.14572 238.733
282.18088 365.389
283.17523 382.389
284.16016 1108.24
286.13196 203.627
286.15613 193.001
288.15518 1397.37
289.16031 207.102
290.11594 779.507
294.18057 209.496
296.19736 331.864
298.13824 1125.88
300.15622 433.655
302.17047 2045.34
303.17383 344.683
309.19104 1359.35
311.17160 820.647
312.15384 375.053
314.20724 595.065
316.16281 1005.22
325.18649 319.179
326.17004 422.195
326.24304 481.243
327.20172 2198.56
330.16440 255.629
331.14215 205.739
333.18793 1622.41
334.18912 242.265
337.18661 2255.27
338.18793 284.035
338.67972 277.049
339.16391 383.644
340.25919 883.104
341.18372 241.859
343.19730 317.536
343.22668 221.42
347.09985 673.888
351.20462 196.022
353.18176 593.161
355.19672 3705.72
356.19675 506.234
357.17703 508.018
360.15695 196.37
365.21478 241.214
369.21088 390.806
371.19705 1308.63
372.20224 278.679
379.16193 239.05
383.22296 203.407
389.20401 2538.77
390.20816 282.756
393.21948 230.075
403.19672 216.052
411.23184 230.152
418.26492 238.052
422.27567 228.047
424.25537 356.055
427.29095 333.997
428.25708 213.714
429.24609 758.671
432.18933 257.553
438.23514 402.987
439.32837 285.456
440.28601 2240.64
441.28522 337.365
446.27118 2851.92
447.27405 686.416
449.21051 364.5
450.27151 1588.01
451.27484 493.057
456.24677 289.691
460.18622 345.14
466.23959 1270.74
467.23990 325.826
468.28101 5209.62
469.28394 1190.47
484.31473 583.136
502.27271 223.341
536.31525 496.217
539.29407 300.246
542.33313 345.103
551.32300 215.834
553.36975 959.472
559.35522 5492.02
560.35754 1611.61
561.35400 421.471
563.35419 1400.33
564.36334 323.547
569.33307 260.972
581.26489 655.064
581.36450 3577.29
582.36743 890.983
602.31421 798.198
666.45581 382.874
672.43890 6535.21
673.44373 2111.61
674.44977 300.329
676.43768 530.659
677.34302 302.312
682.41156 368.436
694.44458 1568.45
695.44989 597.46
752.39417 344.234
765.38733 261.42
768.49481 233.641
785.52307 8664.62
786.52594 3272.34
787.52905 611.867
807.53290 393.414
823.42474 479.454
824.42926 252.453
825.39026 549.196
826.39697 257.311
877.40643 263.703
884.59113 3796.5
885.59332 1676.55
894.46759 309.987
896.42322 603.611
897.42053 307.302
933.48126 232.421
951.48651 1494.12
952.49298 731.404
953.49707 229.146
967.64172 260.016
985.63879 2167.81
986.63672 1040.05
987.64886 232.599
996.52936 232.272
998.62830 274.427
1024.65442 366.521
1025.64697 265.227
1027.45068 211.636
1042.66016 5165.72
1043.66150 3229.99
1044.65698 564.032
1095.68518 1581.95
1096.68848 942.162
1097.69043 360.28
1098.55408 1422.28
1099.55957 894.395
1100.56860 305.84
1114.49292 209.868
1121.69995 1188.82
1122.70142 1051.85
1123.70581 547.651
1133.56519 233.044
1139.71118 24683.5
1140.71387 14104.1
1141.72144 3677.49
1142.72791 529.898
1196.73755 1355.13
1197.73853 890.076
1198.69836 240.755
1223.75269 211.309
1240.76099 2144.36
1241.76282 1431.48
1242.76184 355.889
1298.68628 259.466
