2016.06186 3
110.07098 4118.82
120.08050 27285.7
121.08377 2143
129.10205 8448.08
130.08617 2785.77
136.07542 2435.76
143.11729 1067.1
147.11255 7585.76
157.13315 1986.52
159.09122 872.676
171.11269 1017.96
173.12799 1120.08
175.08977 943.888
175.11880 2762.62
183.11121 612.692
185.12811 2977.74
185.16470 1609.9
197.12910 621.845
199.18013 24454.7
200.18390 2228.04
201.08655 3515.5
201.12299 2103.36
203.08438 2155.71
207.11237 5957.61
213.15971 1510.44
215.13840 4229.74
226.11827 741.758
227.17513 13779.7
228.17853 1566.19
229.11725 1747.63
233.16425 3562.18
235.10710 3785.88
243.13208 1355.15
249.09740 1137.55
260.14163 1465.03
261.08853 990.905
261.15985 2209.29
266.12427 3510.09
267.10837 2684.03
278.15277 11972.6
279.15619 1204.11
285.15515 1674.02
301.22699 619.428
314.11685 1160.79
314.17090 4620.6
315.17026 617.309
316.16748 1005.26
323.14560 656.958
326.24307 1137.54
330.17831 788.705
332.12689 8504.56
333.12970 1305.2
334.12433 819.803
348.19162 2311.01
349.19006 10073.4
350.19302 1350.83
353.21860 614.471
360.12238 942.184
366.17627 3863.59
375.16748 1199.27
377.15503 872.939
383.20380 1197.71
385.20779 1027.88
386.20322 791.509
389.21600 1563.99
394.21945 998.518
395.16714 1565.15
403.16379 8642.7
404.16791 1494.23
405.15912 655.165
417.22156 630.342
422.21146 1761.71
424.75195 3333.59
425.25388 1506.95
427.25726 682.642
428.24832 713.409
438.74835 1036
440.24820 1157.22
443.26593 842.122
445.21082 2338.36
452.18634 1163.72
458.20703 1734.63
463.16666 687.767
471.22241 812.495
473.26044 3638.3
473.76123 2001.57
479.26245 848.707
480.22955 13004.3
481.23102 3227.85
482.22083 977.801
482.26767 2263.07
482.76630 1518.62
485.75903 673.731
488.24927 1778.05
489.77429 869.936
491.23578 1293.38
494.23447 3065.04
495.23920 666.787
498.28024 2141.48
505.25311 687.871
509.24329 1130.85
516.24799 5123.66
517.24957 1483.11
523.26154 1199.12
532.31494 667.991
532.80029 1553.94
533.29865 1882.21
534.20068 1325.52
541.80188 2667.71
542.30273 1337.7
546.79407 854.645
551.25500 4558.55
552.25940 1204.83
554.25635 716.702
555.79926 1882.62
556.29730 936.046
564.34985 2234.39
571.28363 962.37
591.26013 2610.3
592.34308 4661.96
593.34650 1005.42
598.34711 990.467
598.84991 820.684
607.31989 1540.83
609.27197 13933.1
610.27301 3819.02
611.26556 1178.77
612.33698 1194.99
612.84033 843.974
620.27698 1707.52
622.33051 2878.38
623.33093 1084.28
629.32025 4899.44
630.32147 1044.9
638.29077 1541.16
647.28149 1137.28
650.32538 3891.94
651.32928 1452.6
653.32434 686.632
656.32074 843.441
662.29187 750.634
664.34149 2176.29
672.33301 1607.77
673.43353 1004.56
680.30859 39409.2
681.31189 13332.6
682.30933 4963.4
683.30963 761.298
692.33575 724.301
709.35571 1221.91
719.34448 4855.44
720.30542 725.513
720.40955 5975.43
721.41510 2529.45
727.37939 720.728
735.41626 1329.13
737.35559 3451.65
738.35901 1523.75
742.40576 1880.55
759.41852 698.277
763.40839 2623.3
764.41284 1128.93
767.34833 797.531
769.40436 677.123
775.38440 1249.56
777.42480 9997.12
778.42883 3430.5
779.42963 849.008
781.39404 2473.7
781.89685 1961.16
782.40265 1558.61
792.40582 1086.87
792.92523 1154.49
793.39325 37046.9
794.39502 15516.1
795.39380 6086.88
796.39368 848.49
818.42126 1029.81
832.42932 1907.63
833.42529 933.674
838.39758 1023.08
843.45215 1444.35
845.91571 1024.8
848.50128 3012.29
849.49768 1351.07
850.43445 2147.45
851.43811 1037.7
856.42688 1179.32
857.43079 799.049
863.40802 667.349
864.46478 704.116
865.45148 731.058
866.41119 1852.01
867.41968 1084.36
876.49335 11201.4
877.49658 6164.37
878.50702 1185.38
884.42139 2043.12
885.42548 861.87
886.44159 701.195
887.45154 1320.97
887.95978 765.12
895.45203 1797.1
895.95245 1749.64
896.45135 1066.15
898.43054 1212.45
902.47906 690.853
903.45184 929.587
906.47620 12959.7
907.48065 5029.87
908.48291 2101.05
914.94989 851.286
915.44238 1397.52
928.49475 1186.28
930.48181 3291.6
931.49554 1254.69
945.51300 20911.6
946.51654 10530.3
947.52203 2672.43
951.98816 1159.74
952.49670 1231.8
963.52411 12552.5
964.52478 5754.03
964.98236 1065.23
965.52948 1819.03
969.50781 941.797
979.49524 1752.78
980.50256 1215.34
989.47491 1112.94
993.51263 2032.46
994.51013 1233.67
997.50726 3303.9
998.50995 2469.86
1011.52051 1985.27
1012.51703 977.189
1021.53058 784.455
1053.54541 3168.46
1054.54773 1726.96
1055.54883 934.539
1064.59143 1378.45
1065.58362 1308.92
1067.51978 818.229
1077.54895 2265.91
1078.55603 790.981
1082.59570 3351.4
1083.59338 2244.76
1092.58301 12502.8
1093.58350 8820.9
1094.58337 2569.42
1110.59253 12461.7
1111.59302 8017.78
1112.59729 2695.51
1140.57532 5263.13
1141.57874 3451.28
1142.58667 1447.08
1148.59412 952.761
1181.62939 673.824
1195.67908 931.745
1196.68262 662.714
1206.66479 881.275
1223.67603 7184.95
1224.67810 4820.99
1225.68506 1610.52
1235.61633 1584.46
1236.61951 1060.83
1296.66687 3081.33
1297.66260 2167.49
1298.68176 1091.1
1310.67053 840.81
1348.68958 847.559
1349.68347 757.256
1407.68494 839.268
1424.72888 1598.94
1425.72803 1044.54
