1935.02323 3
117.09058 761.805
120.08026 2765.26
121.08344 184.153
129.10193 535.325
130.08604 349.905
131.06996 280.079
133.08542 898.399
136.07558 456.318
145.05974 185.626
147.11218 923.776
157.13292 392.446
169.15839 249.556
171.11261 377.301
171.13751 1081.18
173.05502 585.667
173.12724 421.714
175.12018 216.793
175.13179 311.292
177.11134 454.125
183.11165 284.439
185.12802 458.817
185.16429 673.719
186.08675 548.006
187.07050 285.129
199.17995 778.416
201.12303 272.249
211.10684 311.776
213.15848 292.946
215.13977 198.451
219.11176 405.644
219.14847 626.833
227.17485 466.147
228.13333 1067.51
229.11644 289.163
230.07617 435.042
230.24615 209.139
240.13388 308.213
243.10728 268.555
243.13248 300.983
247.14372 501.627
258.10751 634.968
258.14377 1024.06
262.11789 419.556
269.08563 255.869
276.15454 1203.75
282.18100 247.328
286.13843 1098.52
287.09689 188.876
298.21249 222.213
299.16919 402.79
314.16867 227.422
318.17969 718.154
327.20142 240.863
329.18066 259.037
332.19470 262.156
333.19424 192.099
339.16507 334.213
353.21899 240.804
355.12332 381.034
356.19284 196.084
357.17557 936.11
361.18362 325.66
372.15018 1012.84
377.14594 340.474
385.20688 316.101
388.15842 201.689
389.23880 1269.61
390.23727 214.72
409.17245 209.702
416.15628 245.014
426.19812 333.991
434.16489 277.851
436.18039 207.988
438.22989 247.693
440.20941 290.848
454.19046 837.658
455.19525 200.161
456.24380 451.172
460.27567 2128.57
461.24478 305.133
461.27585 371.78
468.20566 756.247
471.21918 1001.18
472.21893 263.729
485.23380 812.567
505.23987 198.05
515.22284 321.593
522.25238 206.776
533.23596 364.767
539.28033 937.949
549.26337 237.958
553.25989 585.138
556.30634 570.571
567.27545 1778.4
568.27795 446.962
569.32764 216.337
570.28467 592.81
571.28229 201.304
579.28912 309.859
584.30127 2036.83
585.30597 595.62
607.34326 4301.7
608.34650 1321.14
609.34546 271.058
614.32892 327.661
638.35071 477.889
644.40668 922.252
644.91284 408.434
645.31494 236.063
645.41388 502.658
646.37158 623.71
647.31702 4314.35
647.99677 418.686
649.00262 383.05
655.37311 247.198
666.34259 1942.94
667.34662 486.587
683.36798 1284.32
684.37476 425.326
687.34064 243.469
706.41089 2930.7
707.41449 1038.56
733.32391 300.671
779.42822 218.14
853.48517 843.13
854.48230 350.279
864.42242 234.7
910.49890 906.098
911.50372 431.289
967.52148 1538.05
968.51971 705.68
1082.54431 1118.19
1083.54785 620.229
1121.56055 559.997
1122.55945 248.439
1139.57007 3237.08
1140.57410 1779.63
1141.57800 562.284
1252.65308 576.659
1253.65149 282.857
1321.58252 321.686
