1245.44145 2
110.07108 4040.23
111.07407 222.624
112.08678 1225.18
113.07068 373.278
115.08628 731.411
116.07034 440.215
118.03204 403.577
127.08630 188.873
129.06638 303.233
129.10214 6841.04
130.04987 495.866
130.08601 676.279
130.10498 342.121
135.05865 203.74
136.06168 3613.75
136.07568 575.871
139.05061 293.926
139.08653 561.301
140.01056 642.778
141.06529 259.681
141.10197 392.637
143.08144 441.165
147.07610 199.618
147.11285 696.377
148.06036 291.591
155.08189 318.499
157.06111 636.381
157.09711 6693.3
158.09222 1873.94
159.07622 301.867
166.06084 225.765
167.04443 194.88
167.08139 1442.02
168.06534 195.747
169.06093 284.635
169.09766 281.078
171.11293 185.8
175.07144 245.254
175.09004 355.579
175.11882 7491.98
176.12286 421.41
179.09264 571.05
181.09782 232.139
185.05521 810.371
185.09198 6253.11
186.09618 384.778
187.07106 894.871
191.08443 521.819
192.04222 414.058
198.12308 428.809
199.06973 244.629
199.10780 244.12
201.08701 854.03
201.12354 321.323
203.06602 384.489
203.08499 374.621
207.08795 376.282
207.13971 518.938
208.07004 187.482
208.10750 500.492
209.09221 268.486
210.12372 213.355
213.05113 376.254
213.08682 340.89
214.06874 223.881
216.09705 188.208
216.13426 753.821
218.14972 685.306
219.07993 462.187
221.13748 415.711
222.12383 199.302
224.10251 1045.78
225.05223 377.939
225.09747 436.046
226.08162 455.823
226.11821 1257.47
227.10078 246.013
234.14452 283.336
236.10298 1101.72
240.09795 476.717
240.13382 760.756
242.07764 567.072
244.09218 323.859
244.12859 326.693
244.16508 434.786
245.07761 298.969
247.13513 232.501
250.09448 227.53
250.65555 328.01
251.14984 403.187
254.07697 928.695
254.11317 2506.81
254.16173 233.273
255.11803 324.448
255.14493 337.249
255.64810 2544.33
256.14954 559.795
258.10797 526.653
258.14395 457.253
259.09259 505.424
264.06277 623.993
264.65457 311.218
265.05798 385.75
269.12415 547.747
270.10779 299.806
271.18768 363.702
272.08740 1692.41
272.17093 384.302
277.10254 192.477
278.11237 196.77
282.07217 473.706
282.10742 1188.11
282.67108 367.771
283.11600 191.227
286.15128 217.17
287.13449 623.678
288.10123 227.311
290.11603 320.729
291.18491 984.87
295.13971 555.224
296.12268 246.895
297.15274 195.411
298.10281 642.006
300.08267 1194.76
300.19092 343.939
303.63269 341.932
304.16196 534.729
305.18256 1348.12
305.68295 305.242
309.11975 574.244
312.04929 1473.24
313.15146 227.642
313.20990 263.235
316.09250 337.117
318.14645 322.404
320.17075 451.013
323.13510 330.431
326.14542 1207.41
327.12949 3018.55
328.13007 278.407
330.05963 610.728
332.12659 216.614
334.10553 264.925
337.11453 453.431
344.15598 1690.27
345.13055 2678.13
350.21487 236.929
351.12985 660.26
352.08511 312.21
355.12479 246.442
355.70621 1160.46
356.20886 290.064
361.18271 8326.71
362.18475 1238.13
364.71097 609.403
369.13956 1214.38
369.70392 1316.99
370.20535 660.072
375.13245 231.789
376.21179 1227.9
376.54706 549.001
378.70911 790.69
379.21045 287.603
380.08392 423.149
382.21533 457.739
382.55035 230.996
385.11603 448.756
387.15393 419.176
391.22006 404.38
391.55103 264.509
392.21561 270.813
398.16699 674.283
403.12833 862.154
404.69571 434.334
408.87100 378.593
409.20151 275.078
410.16757 244.673
411.20087 212.834
412.17889 202.539
412.24741 512.24
413.11221 633.755
415.67688 223.707
418.69162 883.899
418.90329 201.971
419.20291 254.035
420.15179 235.486
423.87927 211.977
426.24551 369.608
428.25906 341.738
431.12155 723.591
435.25534 223.503
437.18011 314.643
438.16037 647.919
449.10571 413.586
449.25360 235.503
451.02698 232.211
451.23514 272.617
455.18988 353.991
456.17358 484.662
467.11563 413.135
471.77408 227.785
472.21936 803.387
473.19492 1016.67
474.15906 459.743
475.23355 270.751
480.77774 1059.34
481.28128 318.459
482.19821 505.243
482.69626 352.778
485.76938 239.526
486.26764 392.626
487.26279 324.063
489.78476 331.886
490.22504 4685.67
491.22806 1096.07
493.26697 353.699
494.77740 592.43
495.27890 256.726
502.16034 512.91
503.78223 257.663
510.29123 463.459
520.77106 327.353
525.23773 329.602
526.22565 449.267
527.21033 249.188
528.60999 244.101
529.28650 1499.22
529.78400 692.112
530.28503 300.029
530.71899 271.427
533.23633 458.467
534.29333 344.815
536.13666 531.816
538.28973 742.593
538.79034 271.074
540.62262 256.94
543.25037 204.745
544.23383 1137.5
545.23828 337.514
546.28857 352.537
552.29108 475.587
552.62323 483.682
555.30322 240.799
557.96405 597.557
558.29572 557.507
558.62823 576.372
558.96332 482.753
561.26172 12753.6
562.26477 3073.81
563.26196 413.997
563.96564 701.596
564.29834 679.456
564.63544 438.107
565.22375 213.196
569.30737 207.665
571.24603 453.458
574.29968 238.24
577.81006 348.908
582.29584 317.093
586.32922 227.513
586.82605 284.002
587.21222 228.478
592.32611 210.957
595.33179 215.153
610.34174 281.38
615.32129 1691.78
616.32404 399.406
617.33295 351.557
627.84113 421.708
633.33051 511.604
636.84833 244.28
641.84326 557.118
642.34033 430.098
650.84888 380.57
651.34961 323.318
663.36377 214.26
667.83582 277.023
671.36023 221.638
671.86176 383.409
674.28693 274.138
675.27466 336.527
676.84637 315.548
684.34717 501.455
685.34875 447.391
686.34705 232.264
692.30249 5809.18
693.30273 1639.32
694.29822 513.956
697.37695 220.155
702.35992 412.976
703.36707 228.665
704.36487 218.364
706.36407 290.643
711.36353 212.791
712.33502 269.581
714.87317 235.537
715.37592 232.906
719.86505 356.251
720.37122 276.628
721.37122 1001.45
722.37518 326.732
723.88281 233.706
728.87177 315.721
729.37408 221.642
738.40009 462.719
739.38574 517.238
740.38617 213.048
756.41187 275.542
761.32263 1026.36
762.31775 568.588
779.33429 11864.4
780.33618 4264.06
781.33698 1157.95
806.46252 338.713
821.39508 463.258
823.49847 219.839
834.45892 534.381
836.37134 288.72
839.40442 211.569
851.48462 234.026
852.48779 241.365
876.34479 655.685
877.33917 608.151
878.34235 240.386
894.36047 5404.67
895.36206 2266.69
896.36383 678.149
904.34039 708.573
945.36890 1111.95
946.36285 666.151
947.36932 280.13
948.36353 355.293
949.34515 221.99
961.36340 744.624
962.36786 266.286
963.38196 9482.62
964.38385 4445.3
965.38196 1360.91
966.38116 278.137
973.36481 1505.09
974.36304 691.885
981.39325 2108.68
982.39215 949.461
983.38165 285.397
991.37610 11820.7
992.37823 5562.42
993.37964 1690.37
994.36737 262.535
1048.38696 400.003
1060.41479 827.57
1061.39380 450.143
