2227.10520 3
110.07114 3013.49
119.08139 1282.38
120.08064 9996.81
121.08419 866.113
129.06758 235.092
129.10219 14055.3
130.06451 359.358
130.08618 1171.14
130.10503 960.614
133.04283 333.019
136.07561 4119.08
137.07898 367.428
147.11273 2240.23
157.13298 300.379
159.07617 296.887
159.09171 1129.23
167.08186 260.757
169.09644 257.541
171.11266 1383.68
172.11539 302.564
173.12817 535.944
175.11899 1124.47
177.10179 363.969
179.09366 251.723
181.09692 339.588
183.14839 472.382
185.09230 388.097
185.16438 398.62
186.08694 306.556
187.07050 416.197
187.10602 242.97
195.07643 986.27
195.11237 238.351
197.10303 546.622
197.12825 390.608
197.16463 323.733
199.10765 1152.9
199.18108 263.236
201.12320 1071.38
205.09712 459.79
210.02466 440.614
212.10284 883.265
212.13841 290.032
213.08673 278
213.15952 892.527
215.13878 717.408
216.09772 305.757
217.08200 622.974
217.13614 1395.2
219.14870 240.23
225.09831 1670.32
225.16010 443.298
227.10245 276.227
228.13351 283.333
229.11766 618.491
230.11336 3466.48
231.11540 345.809
233.16467 4534.46
234.16817 697.601
240.13348 592.995
241.08246 389.311
242.15198 270.192
242.18625 3939.48
243.13275 700.208
243.18878 462.703
244.09253 492.455
244.16518 521.917
245.07671 858.777
245.13113 679.27
249.12376 251.386
249.15968 855.402
251.10246 238.803
257.14069 742.707
258.10699 251.845
258.14410 602.748
259.09186 835.899
260.19635 441.857
261.09085 357.802
261.15955 2447.41
262.16504 239.587
265.11801 383.084
272.17499 382.576
276.13406 929.945
276.17133 546.046
277.15442 434.833
283.14221 320.427
284.19507 392.897
285.13419 2140.85
286.13766 419.995
294.18063 3974.09
295.18417 606.395
296.12375 549.286
300.15381 301.914
303.14737 500.487
307.14270 336.811
307.21182 242.02
312.22693 385.218
314.13437 2032.82
315.13852 299.261
322.18616 409.427
325.22385 414.37
327.16577 261.422
341.17432 294.978
343.23273 955.611
346.12149 446.516
351.16397 345.244
352.13965 244.698
353.22446 265.593
356.10626 255.11
358.20831 693.219
360.26031 357.025
368.19086 644.854
369.17316 299.94
370.15048 1137.29
372.16675 1371.86
373.17001 306.714
374.11884 937.35
374.24503 316.523
375.20221 282.01
381.21002 269.443
386.20370 1314.93
387.20868 263.711
388.16122 3009.82
389.16415 481.656
390.13269 343.394
392.17395 257.379
392.20737 276.9
392.71201 377.58
395.20728 248.029
397.71387 830.909
398.21460 419.138
400.16348 365.999
413.22986 560.716
415.17996 455.881
424.22040 282.94
425.16672 677.854
431.23944 6190.72
432.24234 1569.94
436.25797 666.725
439.71765 253.301
443.17645 2411.4
444.17856 582.402
448.22638 257.015
448.72830 716.974
453.28284 712.632
454.26416 1004.45
457.15707 253.853
457.23676 635.701
457.73618 350.158
465.22107 271.374
471.28998 2397.4
471.75067 812.106
472.29630 539.567
473.24954 777.571
475.17020 346.161
483.23160 798.683
484.23865 249.982
493.24277 253.667
498.74994 267.977
500.26089 413.992
501.24506 1106.75
502.24469 368.603
505.15662 320.556
507.23389 1069.14
507.76120 576.494
509.31024 433.424
511.26230 274.724
512.75134 376.034
513.25006 441.348
514.25079 349.138
518.27228 8248.9
519.27502 2225.97
520.27783 410.259
521.75482 1280.42
522.26202 525.02
522.75867 473.555
526.20923 328.303
529.30792 590.099
535.22839 2126.75
536.23761 558.897
539.78052 942.836
540.28168 549.85
540.76398 797.101
541.26831 445.27
543.23468 319.067
544.22534 754.804
549.27704 1210.6
549.77911 943.29
553.23419 438.924
554.20593 1137.03
555.20923 353.872
555.78912 380.431
572.21857 4348.31
573.22046 1170.16
578.26807 470.77
578.76678 463.816
587.27618 892.655
587.77679 724.016
588.29962 676.746
589.24341 448.175
590.24695 265.291
602.30865 314.947
603.30029 336.676
620.31799 2842
621.32062 1200.16
627.25702 634.408
628.26447 323.932
628.37659 394.795
629.81848 289.921
630.30499 1569.45
630.82532 259.805
631.31305 652.719
634.81299 317.208
635.31482 273.031
638.29871 269.691
643.81854 510.439
644.32050 452.02
645.33026 312.821
646.29053 293.049
648.31384 3365.01
649.31610 1351.66
650.31427 282.992
663.32581 1177.32
664.33057 511.603
666.33124 288.875
669.30920 330.541
669.40350 278.939
671.32813 475.739
672.27332 439.002
681.33484 18814.8
682.33887 7247.07
683.33929 1831.32
684.34283 338.464
685.23438 456.65
686.32312 278.937
703.25952 2832.3
704.26099 756.095
705.34827 335.672
717.34113 660.675
733.40936 379.616
734.42328 313.167
734.83850 369.465
740.34137 455.371
742.40045 378.639
742.93915 4718.25
743.23218 423.794
743.31903 493.949
743.44568 4638.51
743.94373 1731.22
744.44458 947.294
745.41937 568.031
761.40381 510.015
762.40936 320.4
766.41565 287.771
767.39111 1216.45
768.39307 383.779
776.41394 575.365
777.40210 366.591
783.30646 312.913
784.42133 1661.27
785.42688 850.208
788.34857 648.872
794.41919 14791.1
795.42352 6402.44
796.41876 1622.67
797.38165 1079.03
797.88513 684.272
798.30334 308.063
798.40833 469.339
799.34650 268.819
800.38043 274.644
801.31207 670.577
808.42084 1154.58
809.43042 463.743
811.37866 584.926
812.38501 302.347
813.40289 927
814.28516 380.76
814.38751 368.554
816.34314 1763.74
817.33600 545.111
831.39093 955.091
832.38873 822.105
833.36365 315.778
864.40460 518.439
869.90350 491.441
870.41388 425.975
871.41187 308.437
878.42566 512.282
878.91528 2824.9
879.41589 3105.53
879.91467 1454.69
880.41852 629.164
880.90027 337.783
890.48285 548.442
895.45428 670.795
896.44592 925.153
897.44275 476.574
901.40277 314.098
905.38892 291.011
908.46844 728.037
909.47382 487.8
911.40900 377.837
913.46539 2112.85
914.47131 1113.75
915.47034 335.543
921.51141 538.394
923.48071 1041.04
924.47168 418.684
929.41663 1420.37
930.41699 631.076
931.44592 350.11
932.35699 290.456
933.35602 291.633
933.94012 688.016
934.43939 1070.21
934.93311 592.848
935.43958 488.672
936.42529 287.694
941.48676 20674
942.48975 11214.4
943.49432 3495.85
944.49652 606.773
945.39923 334.234
951.48340 386.862
952.47906 298.588
957.40308 410.721
963.40851 1060.5
964.41522 703.094
965.45135 1515.01
966.46216 725.719
967.46613 339.156
968.43018 328.631
970.50159 280.453
971.49872 324.968
974.42163 355.408
975.44104 380.957
992.55719 332.219
1003.48566 413.32
1006.48175 341.17
1007.46991 447.988
1014.50946 628.462
1015.50281 521.829
1019.52289 458.344
1024.49438 1888.09
1025.49084 1457.3
1026.49194 552.502
1027.44861 402.349
1036.56201 325.489
1038.53345 334.422
1039.51831 384.906
1042.50439 9794.59
1043.50647 4980.45
1044.51135 1666.83
1045.48218 435.417
1046.46106 351.472
1049.49854 272.36
1054.57239 6806.07
1055.57617 4765.63
1056.58228 1554.89
1057.54163 384.049
1058.55310 481.186
1060.45178 1067.93
1061.45825 511.186
1064.53284 644.65
1071.58899 284.574
1074.56433 534.337
1075.56018 401.885
1076.49573 560.338
1078.56982 351.136
1079.56519 284.695
1097.55103 936.777
1098.55432 680.182
1128.52832 308.064
1137.52551 322.029
1138.50769 420.175
1145.54785 392.042
1146.55139 328.78
1155.53320 1973.52
1156.53113 1435.02
1157.52954 870.916
1158.53174 396.062
1167.60132 289.549
1173.54224 8359.93
1174.54565 5039.89
1175.54504 2246.44
1176.54102 690.424
1185.60938 2802.52
1186.61108 1967.37
1187.61609 1074.76
1212.59973 396.253
1258.62732 488.781
1259.64746 355.946
1268.61804 912.915
1269.61499 710.553
1270.62488 496.362
1286.63293 2634.48
1287.62927 1808.85
1288.63782 871.65
1289.63831 408.589
1314.65442 1209.66
1315.65588 790.286
1316.66418 442.53
1433.70142 1113.24
1434.70874 819.922
1435.69714 516.297
1443.68994 491.295
1444.70129 500.208
1445.68970 295.531
1558.71436 576.28
1559.72681 615.315
1560.72083 392.093
1659.76855 431.699
1660.77808 577.718
1756.82605 1383.25
1757.82703 1301.99
1758.82739 650.641
