2193.95488 2
110.07107 1509.68
112.08666 526.502
115.08638 378.426
116.01604 341.41
116.07050 425.34
120.08044 2863.11
126.05426 398.19
127.08648 1521.03
129.10211 2235.2
130.08659 354.075
133.04276 8796.93
136.07552 2989.67
138.05473 726.183
147.11279 742.83
155.08139 4189.26
156.08467 731.432
157.10738 388.077
158.09215 1191.64
159.07564 378.412
159.09085 628.279
167.08124 642.566
169.09702 553.087
169.13312 454.083
171.11261 527.82
173.09183 1094.13
175.11865 4263.41
176.12303 353.056
183.07617 1623.48
183.14885 968.542
185.09155 617.64
185.16426 557.851
187.10725 542.197
197.12906 600.666
199.10736 3398.28
200.10240 953.916
200.13866 358.455
201.08669 906.784
201.10626 334.236
201.12279 747.54
209.10393 390.155
211.14372 819.506
212.10246 426.095
213.08572 560.3
213.15958 417.058
214.09723 590.639
215.11403 374.739
215.13905 539.278
217.08585 332.744
219.11227 356.67
226.11813 479.03
227.10237 9404.52
227.17267 376.124
228.10649 571.459
228.13376 463.623
229.11754 689.927
232.07376 379.597
232.14056 881.953
240.13367 503.33
240.17081 955.007
241.06499 522.878
243.13174 371.527
244.09215 873.731
244.12759 434.123
247.14410 408.226
248.07022 793.635
251.10239 411.69
254.14937 435.795
258.09070 1007.18
258.14355 544.009
268.16504 3186.13
269.16870 867.774
270.10843 740.067
279.09653 984.382
283.14212 882.437
284.12146 353.186
288.13458 380.936
288.20236 666.563
311.13943 815.933
312.19223 465.256
315.11044 554.645
318.18057 553.799
322.21210 344.089
324.22937 470.448
327.13141 351.595
333.12167 373.778
336.22647 431.368
340.18597 3314.23
341.18927 657.655
343.10626 2419.93
343.15973 1017.88
349.15195 534.937
353.25424 1096.56
354.25674 695.071
355.19745 510.822
358.16519 370.716
361.11710 2222.55
370.10245 358.585
375.13962 1005.26
381.24817 658.599
382.24564 437.079
387.13232 3691.69
388.13525 505.96
392.17151 1039.5
393.17612 403.285
410.20657 364.129
426.16553 1170.05
437.20682 1037.39
452.32361 605.213
455.21396 7936.17
456.21536 1470.32
462.17374 1468.17
463.17725 378.853
472.22693 419.651
474.23410 586.214
479.20148 2316.79
480.20392 536.112
500.21701 442.696
501.30069 476.586
525.23456 627.768
526.23486 496.715
557.24213 549.582
561.24139 448.127
569.19934 394.386
575.27954 411.096
578.27057 1136.1
590.28101 1314.25
591.28802 362.798
596.26984 414.288
615.24530 1270.65
618.27362 1110.13
619.27386 424.175
665.30347 2077.17
666.30933 385.784
735.30585 392.303
737.35211 859.463
752.33545 3995.56
753.33496 1206.19
765.34546 662.464
777.35199 549.964
899.40247 4179.64
900.40234 1556.66
901.39795 369.075
905.39722 521.135
906.39972 969.591
907.38745 722.711
908.39532 455.051
952.42157 516.265
953.42896 483.031
970.43842 8459.35
971.43866 3260.33
972.44305 859.047
1051.49243 476.577
1052.48743 370.311
1069.50549 5640.06
1070.50708 2349.13
1071.51001 636.966
1097.49670 392.989
1198.55127 394.619
1216.57458 4992.43
1217.57922 3000.51
1218.57410 860.99
1269.52954 563.209
1270.53259 795.989
1271.54053 577.397
1361.63574 482.074
1369.59937 707.426
1370.60046 576.736
1379.63892 4795.36
1380.64429 3635.66
1381.63464 1333.13
1468.68591 467.927
1469.68335 522.367
1494.66858 3085.9
1495.66907 2412.94
1496.67566 966.334
1584.69812 425.293
1607.75244 1476.37
1608.75500 1034.76
1609.78210 552.017
1833.84937 1680.62
1834.84961 1573.03
1835.87988 751.686
