2575.98516 2
112.08684 671.947
115.08633 564.473
120.08027 3128.26
127.04979 854.196
136.07524 7787.48
155.08101 1033.15
158.09184 1254.02
172.07098 641.753
172.10712 1057.96
173.05518 878.336
175.11812 2443.99
177.10158 2602.81
193.09663 2297.58
205.09598 2151.93
215.11378 608.278
221.09116 1528.73
229.09280 853.184
230.07608 805.837
232.14081 1224.37
233.09167 917.202
247.10455 580.2
257.09131 673.206
262.11807 965.625
269.12344 1103.02
275.10004 586.776
278.11246 884.161
286.15125 1077.18
289.16068 2619.04
290.11240 1481.95
291.09616 1034.61
295.14261 3886.23
296.14520 728.454
320.12085 979.352
323.13892 1342.44
326.14410 1013.58
329.15457 1508.14
331.13928 881.017
332.12219 1295.63
335.13257 1134.36
336.11716 1176.78
338.14468 761.964
346.18188 9141.44
347.13419 2345.38
347.18774 1019.29
348.11197 596.974
359.13852 896.315
365.14352 1231.41
366.13895 575.03
375.12909 1215.85
376.16550 630.702
377.14322 1617.25
380.15915 1352.3
383.16620 2003.51
392.15765 847.169
393.13821 1010.68
404.15625 1095.69
416.15616 1076.33
422.16522 729.312
432.15253 619.526
434.16379 688.25
440.18622 775.701
444.18704 592.851
449.18048 958.264
453.17493 705.547
462.16626 609.77
467.19070 1036.46
479.19006 606.946
489.16785 804.388
490.14963 634.411
494.20267 1326.01
495.18729 1504.45
506.24072 898.983
509.24631 3400.25
510.19830 1135.75
511.18829 608.457
512.21814 825.218
513.20996 857.665
530.23413 1009.37
551.22620 976.932
552.20905 1259.55
566.26672 2592.78
569.23425 1221.79
570.23206 1052.61
579.21765 1231.23
587.25635 760.152
597.23474 650.711
603.29047 1122.63
644.27679 657.051
645.31134 1163.98
646.29358 3035.04
663.31866 28195.6
664.32129 8879.59
665.32617 942.125
666.25421 665.583
694.24188 612.588
713.29395 634.174
715.32629 1208.82
732.34003 1983.3
733.34082 1237.61
789.36316 3668.95
790.36786 1370.39
846.38232 6755.09
847.38763 3488.74
864.39844 1384.01
944.34949 752.787
993.44928 4004.31
994.45160 2547.84
1011.47137 767.715
1091.44580 618.572
1107.49451 1501.01
1108.48438 1289.89
1164.51733 2371.5
1165.51440 1678.16
1182.51575 625.218
1221.53577 2026.77
1222.53748 1583.05
1223.52991 629.217
1278.55298 1485.63
1279.56421 1226.58
1358.59973 788.32
1359.58826 812.363
1375.61230 3957.08
1376.61328 3464.17
1377.60364 960.737
1393.62610 1527.54
1394.62280 1344.82
1432.63660 2218.74
1433.63513 1957.31
1450.61499 637.835
1489.64282 1834.29
1490.65857 1697.59
1507.65857 814.872
1529.64856 887.005
1546.67236 3869.63
1547.67773 3145.74
1548.68115 754.467
1564.67310 1313.78
1565.68933 1310.95
1709.72253 974.693
1710.75037 742.606
1766.75146 1054.74
1767.77747 1519.51
1768.77661 639.236
1882.80127 722.23
