2550.16788 3
120.08045 23528
129.06558 3710.32
129.10216 7737.02
130.08609 4661.93
131.11758 17168
133.04311 2640.14
136.07541 18784.6
145.09688 6654.5
147.11253 10777.1
157.13307 5113.77
171.11256 8959.19
173.09204 9412.09
175.08966 2719.64
183.11197 1784.8
185.12790 2171.05
199.10730 5245.87
201.12314 2410.03
203.08362 2392.12
207.11183 1966.71
212.10342 1968.48
215.13959 1990.16
226.11789 2980.22
226.15457 2046.73
229.11826 2256.49
230.11287 3984.59
231.09808 1844.41
233.09579 2572.64
235.10704 8336.38
235.14352 5250.06
240.09740 13268.5
240.13362 2449.15
241.08257 4846
243.13513 2239.43
244.09395 2108.71
244.16493 14859.5
246.12605 10997
249.12331 2906.47
256.12820 2436.33
257.09479 7317.38
258.10822 30746.2
258.14444 9238.02
259.11142 3039.89
261.08942 2290.43
263.10269 8244.37
274.12143 62394
275.12415 7830.73
276.15448 12437
277.11786 9616.94
286.12161 6787.02
296.10535 4450.03
300.15591 6126.39
324.10016 6989.33
331.12302 2751.08
334.17572 8144.69
341.18048 4476.22
345.15817 3131.62
346.17545 18502.5
347.17886 4022.86
357.17813 3684.42
358.20764 12762.2
359.15668 3719.43
360.15616 3129.28
369.13968 6294.6
370.11621 1864.32
372.12051 3014.64
384.14471 2100.48
384.17908 2285.14
386.20221 1884.54
387.14819 4935.21
387.20193 1919.25
389.14868 3932.7
389.24072 8438.65
392.14407 9690.96
395.17505 2404.18
397.15048 1949.73
399.22794 1884.78
403.19650 5661.28
405.17935 5003.95
415.16705 2025.5
417.21127 1906.09
419.24200 2366.15
423.16803 16063.2
424.17401 2818.86
434.22198 2194.95
437.18448 45653.7
438.18713 10425.8
439.18732 2537.25
440.71985 3621.77
447.25912 4042.01
476.27063 20029.7
477.27518 3668.78
482.23712 4478.33
482.74091 2904.63
488.25565 2231.23
491.23938 5107.57
491.74112 4072.06
492.24066 2966.38
494.20551 14016.4
495.20813 3699.17
497.23111 2614.6
505.22684 4630.39
508.20789 3713.93
508.26559 8147.9
515.24811 2265.14
516.28394 5531.64
520.20197 9175.7
528.31372 7352.12
529.31744 3843.99
534.21521 5716.25
536.25287 20363.3
537.25751 6237.94
546.75952 4716.57
547.26031 5389.1
555.28058 1923.97
555.76532 8491.75
556.26801 5460.14
556.76239 2005.56
560.26385 2357.05
562.27643 5808.26
563.30402 18261.5
564.27020 11053.3
564.77722 7211.31
569.27026 9024.95
569.77124 5527.64
574.25470 2120.11
576.26514 5239.87
577.26959 2056.78
579.29535 8550.97
580.30365 2464.42
591.25598 2073.77
598.28253 1949.39
605.79486 4900.91
606.29340 4162.54
607.28973 29288.6
608.29395 9570.64
609.29608 3648.08
610.78662 5327.06
611.28461 5286.13
611.78467 1945.34
619.79193 22727.5
620.29395 16921.4
620.79449 5007.84
621.30634 4895.5
629.36090 14426.4
630.36578 4478.84
631.22754 2290.83
633.28308 3320.49
644.28320 2117.57
649.24457 18915.7
650.33209 31110
651.33795 8800.59
654.32526 3802.02
655.33093 2001.31
666.30493 2131.95
669.32495 2287.51
675.34814 3550.19
676.34674 3100.4
677.33850 1968.81
682.33588 3605.87
683.33026 1995.6
684.80945 4139.17
685.30304 4002.05
687.33307 2959.57
692.37921 9365.7
693.37921 2907.06
696.33075 3173.02
696.84607 2415.21
697.32977 2400.56
702.82037 2329.92
703.32251 2077.92
704.32550 6032.86
704.84521 7263.38
705.34491 6936.68
711.32892 3247.55
711.83850 2710.07
719.35535 4621.51
720.37250 29906.1
721.37775 11783
722.29639 2189.08
722.39929 2816.17
737.36664 62937.9
738.36871 20598.2
739.37085 5959.33
749.33563 4178.4
750.34259 2580.03
762.33423 5222.94
763.34332 2435.14
767.35034 6190.75
768.34827 3219.72
772.39282 2159.64
776.42908 10972
777.43219 4645.61
779.38312 2665.34
780.28058 3568.87
790.39282 6839.8
791.40240 2769.84
808.40375 89044.1
809.40717 31040.5
810.40930 9216.35
817.38348 2379.41
833.36951 10361.8
834.37787 4994.67
835.40118 21594.5
836.40240 10114.8
837.41199 3341.82
838.39764 2261.51
839.42145 2195.75
849.39642 2344.37
850.36591 2310.92
851.30878 3473.51
852.44232 2327.78
861.42993 3285.24
862.42841 3923.8
863.46100 20703.4
864.46832 9488.39
865.47314 2676.76
869.38568 3961.95
870.38574 2181.22
879.44037 54117.8
880.43964 31176.7
881.43823 9742.35
887.40808 2181.43
893.35980 2151.59
932.43799 3051.23
934.35394 2771.39
935.36237 2268.49
944.47559 2039.69
954.46539 3226.14
962.48486 6169.97
963.48120 4392.99
964.39349 2628.55
980.48816 67194.7
981.48926 33563.3
982.48132 15938.9
983.47455 6405.52
984.47083 2289.04
998.42291 3312.1
1010.53058 16479
1011.53467 9020.57
1033.51733 13404
1034.51855 5564.81
1035.54797 2060.55
1040.47766 3456.44
1051.52502 48712.7
1052.52515 26951.4
1053.52783 7690.75
1092.50342 3662.1
1093.50916 3106.26
1095.49658 5252.8
1096.50732 2326.84
1110.52148 8749.91
1111.51550 14308.1
1112.51196 6607.7
1113.50964 2688.14
1118.49280 2140.99
1137.51587 3672.68
1141.56702 6273.09
1142.56860 4089.22
1143.57275 2286.97
1164.55444 8473.28
1165.55164 4613.48
1182.56702 25888.6
1183.56848 15077.7
1184.57117 4856.2
1198.59155 23224.9
1199.59363 17032.4
1200.59619 7183
1210.57983 2087.42
1221.55518 2646.1
1238.57861 8891.97
1239.57703 12291.2
1240.58130 5325.32
1241.57336 2108.09
1255.53235 2072.6
1293.59766 6584.57
1294.60034 3274.67
1295.59656 2997.07
1311.61426 11731.9
1312.61304 9323.09
1313.61523 3860.12
1351.60962 2415.54
1368.61084 14506.9
1369.61047 10527.9
1370.62915 4895.46
1404.62793 2693.48
1408.68396 3241.7
1409.67834 2664.17
1421.66089 2799.96
1422.65918 4286.89
1423.65381 3230.56
1439.66284 4434.68
1440.66943 2471.61
