2631.17275 4
105.06561 934.824
110.07096 923.422
116.01625 975.413
120.08054 17373.1
121.08377 1127.61
129.10225 2871.59
130.08615 1638
133.04277 5110.69
136.07553 15273.2
137.07883 1547.14
147.11267 3967.46
159.07631 1062.75
159.09157 1925.25
173.12810 2570.82
175.11900 935.755
177.10201 34440.4
178.10529 3105.12
183.11290 2385.51
200.13972 1674.59
201.12302 7819.69
205.09679 18350.6
206.10101 2152.34
211.10707 908.875
215.10216 1717.03
215.13852 3791.9
219.14908 7345.59
220.07440 1182.93
223.10689 1550.05
228.13368 1069.21
229.11821 3919.08
231.09811 1288.12
232.11124 3198.97
233.16667 1121.18
235.11887 1129.32
237.12317 14643.1
238.12758 1656.68
241.08151 2550.33
243.13342 3733.59
246.17984 1142.57
247.14388 7009.46
248.06958 6044.48
248.14606 1151.11
251.10301 1208.14
256.12878 2370.93
258.10849 2470.96
259.09277 5237.51
259.14413 2457.15
260.10858 1381.68
262.11801 11372.7
263.12177 1455.96
265.11801 5698.99
279.14789 1036.61
286.13815 1220
294.18173 2122.09
304.16495 3957.83
307.14484 2409.93
312.15570 1236.21
326.13513 1795.14
340.15009 1737.55
346.17776 1562.98
347.13684 2073.18
358.15939 3198.29
361.18628 2975.56
363.21069 1159.74
364.16220 1480.06
369.17548 974.815
377.68045 1069.17
381.19308 11585.1
382.19678 2453.04
387.20502 1790.76
389.15085 2287.68
393.12192 1938.05
397.17322 1195.37
405.21274 2959.79
406.21298 2304.5
409.18640 8709.72
410.19135 1981.96
411.13312 1404.74
415.18259 1330.42
419.20187 1453.7
435.24176 1027.65
450.22095 5435.24
450.71970 1682.26
451.22699 1591.74
455.17520 2086.4
456.21793 960.616
463.23376 2549.73
464.23215 944.474
473.18781 1125.49
476.18204 2025.59
476.73041 1084.05
480.25977 9223.31
481.26392 2568.63
485.73840 8383.61
486.23898 3161.95
486.73911 1045.8
492.21878 1721.29
494.17157 1441.18
502.22531 1282.1
508.25528 9145.37
509.25931 1727.76
510.23856 1095.18
512.17719 1101.26
512.25604 1005.99
518.19159 1991.83
521.25696 16187
521.75830 9512.66
522.26019 4031.36
535.83362 2666.25
536.33557 1737.61
537.32849 2302.92
544.21545 950.046
550.26862 1671.55
557.76392 1832.85
569.76422 3980.66
570.26648 1995.13
570.76447 1203.38
572.92365 1192.11
578.77002 36766.2
579.27124 25329.3
579.77106 11139.8
580.27167 3971.89
580.77258 1082.67
581.30792 1534.48
583.25073 1122.25
584.25989 1091.31
585.92822 1107.9
591.29346 4094.62
591.60010 2376.5
591.93396 2241.52
592.26422 1585.25
592.59656 1217.53
593.23810 1393.52
605.22009 1434.67
608.36157 4987.81
609.30554 6159.29
610.30731 2034.22
611.24658 2192.15
615.26300 1311.42
619.29388 1421.26
619.79468 1065.83
620.29669 1617.22
620.60931 1212.88
620.93469 1218.69
628.30475 27184.4
628.80652 17183.3
629.30780 7353.84
629.80823 2463
652.79034 980.671
653.28455 2121.43
655.29474 2379.22
657.83112 1754.79
658.10059 1161.91
658.37329 3029.46
658.64825 4914.52
658.97913 3434.2
659.38666 18753.5
659.63879 1434.83
659.82135 1185.03
660.38245 2470.07
661.30225 966.911
668.95959 1163.55
669.29694 1111.76
669.63562 1066
673.42853 1773.25
674.96863 1255.33
675.30035 2471.18
675.78595 1261.36
676.28510 1050.38
683.81989 7448.69
684.32159 5118.29
684.82074 2764.56
692.82574 35730.9
693.32715 25206.6
693.82635 13123.3
694.32520 4624.82
694.82312 1266.42
702.64325 1671.38
702.97723 2072.2
703.30792 1748.13
717.30847 1400.27
717.81219 1681.33
722.28168 1237.02
739.33636 3203.49
739.83508 2821.31
740.27673 1111.49
744.37543 1421.95
748.34088 14492.5
748.84192 11786.2
749.34406 6979.05
749.84570 2441.4
754.35352 4376.46
755.36426 2043.72
757.34753 62291.8
757.84735 46776.5
758.34741 27173.2
758.84796 10472.1
759.34857 2317.33
761.36859 2922.21
761.87128 1671.63
768.39148 12511.7
769.39606 4605.73
770.40247 1164.04
772.36597 4354.4
773.36627 1776.78
773.85406 3332.12
774.36182 2511.28
776.31335 1788.2
786.50226 1480.06
788.86908 1718.84
789.35748 1156.5
797.87720 2958.74
798.37683 2317.83
798.87115 1447.97
806.88153 27394
807.38171 24259.6
807.88263 13093.1
808.38190 5731.71
808.88074 1646.36
823.37811 1242.53
824.37122 1060.94
841.38556 2519.87
842.39099 2366.27
858.38367 1265.68
859.39148 2098.05
866.89111 8510.18
867.39380 8014.54
867.89276 3201.69
869.31720 1108.25
875.37573 1110.39
877.88892 2268.38
878.38837 2835.1
878.88062 2416.52
879.38116 1249.49
886.89728 13587.9
887.39642 12187.2
887.89655 8179.57
888.39496 4051.64
888.89008 1212.56
892.38440 1021.47
896.39197 1016.23
899.43188 14273.4
900.43610 6262.72
901.43439 2886.75
910.40698 2978.63
911.41370 1115.29
913.40076 1218.14
914.40967 1133.56
921.41064 4111.96
921.90833 4334.17
922.40363 4075.34
922.90906 2603.64
923.40546 1230.81
928.41907 1759.04
930.41156 31810.3
930.91364 32522.7
931.41357 22789.3
931.91357 12482.4
932.41449 4614.15
944.52942 1147.9
953.43933 1044.13
957.57312 10573.8
958.57220 4420.23
970.47052 9554.49
971.47241 4993.35
972.46716 2004.41
978.48065 2254.6
983.40961 1999.48
1001.41711 4317.67
1002.41949 2859.26
1002.94861 1240.22
1003.43555 2634.5
1003.93829 1594.95
1004.42731 1890.85
1011.94458 10662.8
1012.44495 11594.4
1012.94507 8835.19
1013.44122 4450.2
1013.94537 2001.1
1015.57239 1672.52
1019.42627 4686.8
1020.42291 2284.55
1021.43207 1161.18
1028.44250 1226.38
1041.50854 7171.52
1042.50928 4278.42
1043.51306 1388.4
1053.45520 1680.06
1053.97070 2238.13
1054.45984 1507.66
1062.46436 11154
1062.96924 11947.3
1063.46765 9744.13
1063.97180 5046.03
1064.47644 2145.42
1070.65625 7241.46
1071.65662 3642.62
1091.56226 2626.12
1100.49011 1473.15
1101.47571 1122.78
1112.00256 1752.79
1112.50159 1679.64
1112.99573 1589.53
1113.51245 1002.43
1118.49634 1969.72
1119.50696 1170.65
1133.47009 2195.28
1134.47229 1022.84
1156.53198 11763.3
1157.53674 6881.39
1158.53699 2502.28
1159.52881 1107.16
1238.55920 1110.67
1247.53467 1888.15
1248.54517 1308.02
1255.60339 2955.09
1256.60510 2455.25
1257.59558 1302.68
1376.56421 1652.55
1377.60034 1059.26
1384.63611 2045.93
1513.69226 1087.2
1514.70508 1382.98
