2079.11002 3
110.07133 220.981
112.08732 376.441
120.08089 15667.9
121.08414 1209.02
129.10213 313.787
133.08614 659.107
136.07596 533.935
147.11253 213.695
157.10898 223.899
158.09254 1090.2
159.09160 277.988
169.09720 275.638
169.13387 292.746
171.07703 464.839
171.14900 254.6
173.12862 238.266
175.11920 5518.98
176.12292 259.925
177.11324 222.555
183.11270 775.019
185.12943 196.573
185.16522 263.597
186.12379 999.466
187.10727 220.213
187.14407 1693.21
189.08734 1216.96
191.11804 6384.59
192.12222 622.47
197.12796 278.428
199.07170 1751.02
199.14499 291.863
199.18083 1643.88
201.08743 1147.33
201.12344 1302.48
202.08189 720.116
211.10774 480.709
212.10234 204.588
214.11900 1187.25
215.10287 1758.02
215.13937 695.196
217.08224 1208.2
219.11295 8130.09
220.11674 1053.05
226.08186 507.853
227.17580 1479.06
228.13460 208.355
229.11839 1523.15
233.16516 6722.83
234.16862 1062.67
244.09283 1607.89
247.14357 239.529
255.10895 612.358
261.15994 5708.68
262.16312 1003.39
263.13937 593.895
272.13605 2451.42
273.14008 227.291
280.12784 243.462
284.16141 378.286
289.16211 4878.4
290.16522 576.46
297.15500 535.242
298.13947 2703.33
299.14090 373.196
300.15552 1199.61
301.68494 302.975
312.15564 1235.94
313.18576 817.51
314.17047 511.844
314.20966 205.518
315.16632 490.575
316.14948 1058.3
317.15268 226.111
320.16089 536.972
324.12955 274.349
325.15152 928.22
328.22391 302.006
329.22238 294.733
330.16608 701.889
340.15079 284.411
341.15665 474.736
342.14020 1308.87
343.16241 3563.61
344.16632 521.153
345.65878 506.187
348.15567 7286.74
349.15857 1347.65
358.15414 373.355
358.18832 461.422
359.16739 3207.83
360.16730 335.005
361.18741 260.879
372.68405 249.119
374.24390 2552.64
375.24725 605.796
376.19421 18989
377.19635 2851.54
378.19983 461.679
379.19516 252.482
381.19510 438.661
383.22958 308.699
395.19284 1332.22
395.69501 471.865
396.22513 304.69
397.20807 917.701
402.20383 534.365
411.22281 626.869
412.22366 204.549
414.23444 798.341
419.22949 1602.56
420.23209 342.609
422.21326 321.062
424.22006 589.954
425.20053 305.484
426.19858 211.006
428.21594 758.942
429.19394 514.227
442.23016 2586.14
443.23077 342.349
444.72760 2118.38
445.17313 269.561
445.23117 704.399
445.72931 227.213
447.22357 3625.32
448.22742 797.091
454.20679 538.01
455.22565 520.995
459.18561 289.396
461.27841 377.314
462.19943 351.271
471.26682 1242.24
472.25024 2317.27
473.20541 409.518
473.24896 421.657
477.19684 539.559
487.32761 364.666
489.12854 230.396
489.27808 29789.3
490.28107 6859.43
491.28522 924.352
496.28165 230.141
501.26993 448.105
502.23328 315.529
511.25082 649.319
512.24420 262.248
516.24200 307.538
525.27161 341.492
526.19867 331.035
526.26807 291.306
529.26367 474.01
529.76343 255.461
530.26038 643.137
531.24329 281.353
535.24677 318.306
538.77045 321.416
541.29883 702.826
542.31647 313.919
543.23199 473.664
543.28729 210.084
543.75897 1716.1
544.25983 1043.61
544.76166 328.242
546.29205 450.279
548.27130 593.711
549.27698 253.81
552.76508 2830.32
553.26440 2906.13
553.76587 396.121
554.25421 590.656
557.25812 809.789
558.25238 723.381
561.26538 767.7
562.27295 291.446
568.31531 265.663
571.27271 2209.99
572.27277 686.964
574.20654 472.83
576.26587 2801.65
577.26776 898.897
584.35333 698.662
585.33765 1399.89
586.29016 343.879
586.80719 263.975
589.30157 206.386
590.31952 481.718
591.23767 437.54
597.28326 447.828
600.30194 2044.7
600.80206 1638.74
601.30548 685.152
602.36230 27696.6
603.36530 8237.24
604.36700 1515.24
609.30640 685.64
609.81146 275.551
614.31531 259.516
615.31390 345.217
623.26715 322.998
624.34180 537.99
625.27435 689.247
626.27747 285.51
627.27161 251.671
630.31311 548.006
631.30884 220.327
635.30646 231.863
640.29199 1154.81
641.28931 382.26
642.30707 1760.63
643.30566 1019.96
644.30524 413.511
645.28699 1194.57
646.28986 389.305
652.32904 314.947
653.32080 237.454
655.26251 525.975
656.33026 519.601
657.33417 266.031
658.31036 683.489
659.30408 551.552
660.33350 957.946
661.33557 330.994
662.31543 668.789
663.30328 489.229
665.85004 248.83
670.34076 558.074
671.36749 275.88
672.29559 734.857
673.28259 3668.92
674.28607 1337.64
675.34882 230.028
676.33948 262.07
685.40192 205.732
689.39001 244.516
690.30902 7341.53
691.31238 2670.14
692.31531 718.939
693.30090 329.768
694.34705 720.932
694.44543 331.275
695.32318 230.736
695.42383 624.588
703.40729 269.163
704.39972 267.954
714.39227 287.684
715.38910 214.656
718.33905 303.848
724.34772 458.528
725.36389 224.117
726.35718 256.766
731.42035 1076.11
732.40790 2407.8
733.40955 847.598
736.34857 364.272
739.36145 863.445
740.36224 489.093
741.37799 599.374
742.38306 493.617
743.37476 353.041
744.35736 2089.12
745.36188 846.696
749.14490 316.906
749.43005 45644.5
749.76434 252.846
750.43439 18544.6
751.43781 4460.51
752.44196 586.324
753.36945 686.927
754.35162 517.535
755.33740 215.203
757.37213 573.691
758.36475 439.351
759.40100 422.871
761.38196 1888.56
762.38574 877.901
763.37451 361.359
771.37109 1395.36
772.35199 6990.78
773.35443 3070.31
774.34741 666.957
785.35559 321.1
787.36871 258.176
789.37708 17141
790.38043 7205.37
791.38232 1770.11
792.38068 267.724
841.39117 215.096
843.42633 772.445
844.51550 716.058
845.49695 1540.59
846.49915 714.78
852.46130 443.517
853.44196 343.198
856.40277 219.568
857.43726 439.021
858.41974 320.398
859.36951 215.238
860.45837 368.935
861.47070 326.556
862.01593 236.352
862.51410 37470.7
862.78247 260.541
863.51703 17846.3
864.51819 4836.24
865.52631 853.068
867.42047 216.721
868.40302 807.768
869.40375 560.407
870.44678 512.394
871.42090 1614.49
872.41821 1081.27
873.40741 434.833
884.47980 284.987
885.45782 248.038
886.41583 918.764
887.42065 438.095
888.44635 4867.51
889.45209 2324.67
890.44861 627.756
891.42725 237.347
893.48169 221.919
902.47040 447.692
904.41699 247.224
939.44073 471.317
940.43854 371.198
953.50665 246.704
957.45551 400.987
958.44897 386.12
968.45380 303.556
975.60010 3952
976.60083 2259.72
977.61047 632.098
981.48981 728.973
982.48840 276.571
985.47498 577.538
986.46613 517.442
987.44391 730.971
988.42737 509.6
999.52209 263.265
1003.47351 3518.36
1004.47668 2001.99
1005.46033 1527.8
1006.45337 651.861
1052.52844 239.61
1053.52405 244.796
1059.48804 238.236
1060.49524 567.034
1061.49036 318.783
1068.49536 309.341
1069.49060 840.935
1070.49927 427.2
1076.64929 3208.72
1077.65076 1839.83
1078.66370 517.705
1086.51086 6022.02
1087.50879 4321.45
1088.50867 1463.9
1089.51123 418.355
1100.51477 338.881
1101.52905 259.021
1104.52136 5365.33
1105.52319 3037.82
1106.52515 1000.84
1118.54578 284.837
1119.54016 228.479
1172.59448 316.548
1173.66992 884.191
1174.66602 805.232
1175.66248 459.946
1182.57715 394.514
1183.58044 306.968
1191.67346 8170.66
1192.67383 5495.92
1193.68054 1903.27
1194.68665 404.108
1199.59570 2344.3
1200.59827 1724.91
1201.59009 661.438
1217.59949 1053.61
1218.60242 648.903
1272.73035 766.938
1273.72485 746.357
1290.74219 2669.74
1291.74646 1983.26
1292.75110 709.518
1312.68091 297.842
1313.66711 273.102
1330.68530 545.961
1331.69177 492.924
1389.84351 352.303
1390.82458 229.364
