1221.67009 2
105.06557 1867.34
110.07081 1724.67
120.08042 75452.7
121.08376 5259.46
128.10666 8695.45
129.10193 9224.61
130.08594 6721.1
131.08125 1665.33
136.07555 1382.91
143.11761 6445.87
147.11246 15365.8
148.11610 739.754
155.11826 767.021
159.07614 5468.41
159.09105 1447.22
162.09108 4509.67
171.11264 6814.79
173.07581 859.458
173.08179 672.566
173.08922 761.477
173.09601 1198.53
173.10178 816.087
173.12796 170161
173.15454 791.141
173.16368 719.271
173.17224 967.195
173.18570 672.872
174.13144 12664.5
175.11809 1362.13
183.11203 757.24
184.07233 907.224
185.16444 3669.88
189.10153 957.935
199.14380 813.463
199.18008 1766.79
201.12291 36988.4
202.12656 3115.62
207.11234 12919.9
208.11577 1439.58
211.18059 643.45
213.12292 3770.99
213.15924 4148.43
215.13873 2480.19
217.09636 20212.5
218.09991 2269.54
225.12270 788.83
227.13802 1441.51
227.17494 1294.95
229.11781 13311.3
230.12201 769.389
233.16423 5093.6
234.12283 2127.56
235.10715 10301.4
236.11058 1106.65
239.17462 871.525
240.13347 2519.3
242.18594 2955.15
243.13243 3097.9
244.16490 1383.27
245.07626 14845.8
246.07988 1065.11
254.14836 838.381
258.14423 17458.1
259.14743 1642.76
260.13501 692.919
260.19614 21290
261.15903 2779.6
261.19955 2466.98
268.12741 764.895
270.18060 623.854
275.17462 1559.43
284.19604 2972.39
288.13354 28500.6
289.13638 3626.57
303.16937 2128.83
306.14417 12447.4
307.14700 2011.94
312.15323 877.13
316.11169 1106.54
316.16858 643.195
323.17102 1255.57
326.20648 1366.69
327.16492 966.325
328.18573 10246.7
329.18863 1615.16
330.15735 1474.71
330.18768 1865.14
340.14902 1729.55
341.18002 1314.71
342.16266 903.339
343.23318 865.392
344.14349 644.098
348.19070 2956.55
353.21732 2487.12
355.16156 766.936
357.15701 1074.93
358.15958 27719.9
359.16284 3789.63
369.17609 1649.68
371.22791 22371
372.23138 3960.35
373.16922 1291.24
374.20532 2147.85
375.16489 1550.91
377.21698 9981.9
378.22052 1864.16
381.21069 849.263
385.13281 1983.47
387.20435 1388.12
389.23868 11269.6
390.16537 803.14
390.24045 2421.26
399.22449 4008.9
400.22601 663.214
401.21912 1251.42
403.14172 1029.15
405.21225 6790.81
406.21634 1015.12
415.18164 1870.45
417.21451 2711.6
419.22656 801.817
425.23895 1333.03
429.19672 2252.59
430.20090 707.354
440.24881 981.465
443.25354 1451.21
457.22794 6711.23
458.22549 953.732
468.24359 3951.11
469.25143 831.64
470.23407 1089.97
471.24542 4234.82
473.27530 1721.39
474.23416 884.411
482.26114 827.113
483.24039 695.578
484.19968 1025.62
485.27176 628.277
486.25507 6373.82
487.24731 1076.49
488.24622 1630.06
489.23157 816.061
490.29996 1545.78
496.23907 780.688
498.21915 2458.88
500.27689 2236.75
501.27264 658.498
502.21426 3058.12
504.26489 21348.8
505.26871 4401.65
506.26926 668.575
510.25607 775.176
516.23303 1996.98
518.29681 1583.12
528.26514 3876.35
529.27161 664.737
532.19824 1405.29
542.32660 907.919
550.21124 702.187
570.32013 688.636
587.30334 1307.44
588.31024 947.243
597.28796 3086.66
599.33893 1395.88
615.29980 5561.5
616.30371 1090.39
617.34888 23665.6
618.35254 6837.81
619.35333 758.672
629.30896 761.989
631.27313 692.187
633.32745 1650.63
641.34552 779.234
645.28424 987.989
649.28253 836.348
663.29382 839.185
716.41736 11986
717.42133 4424.73
734.45679 1475.53
744.35150 1099.37
762.36523 1361.6
770.35547 1033.78
787.45404 12373.1
788.45624 3993.91
856.48248 1235.58
874.48633 14047.2
875.48828 6334.07
876.49597 1172.07
884.46527 1187.71
1003.54248 934.158
1004.53540 817.698
1021.55157 7183.78
1022.55737 3704.99
1023.56134 949.021
1087.43079 712.992
