1954.85842 4
110.07104 277.772
127.05020 296.32
129.10216 5409.05
130.04996 185.612
130.08612 244.855
130.10509 310.743
147.11279 1236.56
154.02660 268.616
155.08153 296.695
159.07648 347.232
167.11830 218.827
173.05553 1495.15
181.09715 259.86
187.07193 383.338
195.11353 340.271
199.10704 260.355
213.08679 207.147
216.13380 448.67
226.15480 2332.73
227.15831 208.595
231.09808 351.575
238.11850 2408.49
240.13440 934.738
241.08362 249.728
241.14188 1942.77
241.64320 605.384
244.16531 13408.5
245.16870 1719.9
250.14709 305.375
254.13251 220.296
258.14444 253.723
259.09344 286.408
278.65723 256.294
284.08765 256.559
287.66470 423.637
290.13040 12590.3
290.63168 3299.33
291.13235 494.497
301.66046 357.961
302.09686 705.897
308.09976 374.873
309.19122 649.557
320.66611 248.508
327.20279 1931.17
328.20724 355.564
328.62921 196.007
329.18167 924.365
329.67377 291.783
330.19464 219.117
334.17365 506.655
334.67398 195.762
336.09537 3857.19
337.09900 510.549
337.63315 285.541
338.18668 3621.31
338.68875 1102.77
339.19098 200.832
340.65448 516.966
341.15604 195.011
343.17929 2629.49
343.67981 838.499
344.18311 229.849
352.18448 2329.58
352.68655 676.481
353.18246 273.098
373.17130 649.579
380.53973 536.741
380.87607 390.923
384.22327 2914.73
385.22620 472.586
389.21164 823.071
389.54633 420.935
395.21555 2099.29
395.55011 1179.83
395.88528 313.322
398.85046 222.846
400.98474 206.233
401.22498 251.728
404.52164 364.629
404.85367 302.933
405.86841 551.396
406.19940 445.135
409.19260 432.756
410.52536 495.318
410.85855 508.027
411.86963 1330.72
412.21481 955.528
412.53873 275.827
413.19580 973.408
413.53165 626.186
413.85828 210.337
415.19778 1016.92
415.53021 569.12
415.86621 357.208
416.19946 259.446
416.53046 820.841
416.86475 585.826
417.19766 248.034
418.99728 240.714
419.85629 394.249
420.18936 330.764
421.20007 781.503
421.45224 236.163
421.53607 541.771
421.87076 1962.76
421.95526 313.798
422.20584 1086.97
422.53915 537.599
425.17581 236.824
425.86154 491.564
426.19867 351.787
427.87396 4650.67
428.20801 2615.59
428.54269 982.473
428.87756 312.32
429.20230 244.197
429.86816 266.145
430.19257 493.134
431.72186 223.126
431.96640 225.389
432.20123 277.753
432.86340 250.542
435.52887 210.144
435.86453 217.576
436.22253 434.426
436.46875 583.579
437.22202 338.564
438.20627 650.174
438.53745 862.342
438.87268 681.256
439.20660 462.882
441.53046 423.52
441.86511 543.932
442.19324 332.572
444.20862 2572.58
444.54102 1978.55
444.87338 1673.74
445.19989 659.652
445.53867 213.43
447.53677 1787.83
447.86853 1446.58
448.20200 658.098
449.46906 280.44
449.70792 562.906
449.96283 317.499
450.21182 5981.81
450.54584 3699.95
450.88031 1336.53
451.21237 611.511
452.20499 338.868
453.53976 4157.74
453.87369 2764.61
453.96609 439.546
454.21027 1352.86
454.47089 276.893
454.54080 415.23
455.56763 238.503
455.90445 226.296
455.97275 442.602
456.21127 932.564
456.46494 737.442
456.70850 488.744
457.91562 413.572
458.21002 216.553
459.54333 3027.87
459.87817 1928.11
460.20895 921.757
460.47394 1217.84
460.72180 2056.32
460.96970 1151.41
461.21716 541.738
461.46957 280.138
461.73419 801.767
462.23901 409.055
463.27032 254.397
464.97717 2160.24
465.22751 1589.1
465.47971 944.681
466.21887 326.189
470.22522 674.733
470.55661 218.131
470.74094 1139.72
471.24469 584.035
471.74408 231.603
473.96072 224.126
474.21228 539.856
474.46274 340.417
476.56189 220.944
476.89493 262.86
477.21838 285.92
478.46475 1088.89
478.71375 945.91
478.96536 341.372
479.88776 327.612
480.22437 233.675
480.46689 511.43
480.71582 546.223
480.96793 327.133
481.27597 5152.77
482.20044 3819.2
482.27963 1143.25
482.56229 489.425
482.89871 453.289
483.19696 742.465
484.20081 463.979
484.96783 2652.3
485.21790 2559.68
485.46930 1214.4
485.71890 556.549
485.89212 774.022
486.22330 591.943
488.23700 2281.22
488.73849 1587.93
489.23956 919.777
489.47043 4169.46
489.72110 4044.4
489.89914 421.119
489.97232 2443.36
490.22302 1152.28
490.47305 245.212
490.57535 288.505
491.89413 450.291
492.22824 261.91
494.23413 616.131
498.89566 224.636
499.28549 885.441
500.24142 666.065
500.57001 318.139
502.21350 215.08
504.88947 222.86
505.23343 271.081
507.25027 376.315
509.24472 486.329
509.56076 224.981
511.23480 241.34
511.89581 244.52
513.59625 212.665
516.25641 381.393
519.27472 334.78
519.60565 330.125
520.25983 325.058
523.58051 212.287
523.90601 893.785
524.23486 359.108
524.28290 218.046
524.57935 215.861
526.57361 609.368
526.90240 488.536
527.24390 421.142
529.25616 813.674
529.58099 332.491
529.75641 356.64
532.57733 1991.56
532.91046 1615.03
533.24548 962.205
533.74280 440.438
534.24738 265.948
538.26349 760.928
538.58014 2968.63
538.76672 614.389
538.91486 2058.33
539.24780 974.763
541.22339 881.273
546.25769 359.299
551.93005 847.121
552.26251 668.707
555.75568 281.987
556.26678 238.819
556.61713 353.719
556.94751 309.188
559.23499 3739.13
559.77100 449.458
560.23456 967.001
561.24152 1026.92
561.60065 298.758
562.23669 276.743
564.76025 898.733
565.26373 394.861
566.77515 317.203
571.27252 242.491
571.76849 435.427
572.26178 228.037
573.76624 912.679
574.26361 514.566
575.27942 265.59
576.93353 253.169
577.27222 396.743
579.25287 20878.5
580.25592 5407.91
580.77997 626.582
581.26038 960.874
581.62494 855.495
581.95868 563.723
582.26959 283.976
584.77533 324.877
585.27795 307
588.78864 266.51
588.94122 329.874
589.27637 404.58
589.60468 327.367
592.76233 249.521
593.27148 269.726
593.78217 692.657
594.28662 266.774
594.94373 389.489
595.27802 377.648
597.79437 330.253
598.32629 262.347
599.27179 251.86
599.61230 239.079
602.32947 216.428
602.78668 589.749
603.28326 373.155
606.28186 357.219
606.77490 521.132
607.27753 308.497
607.94489 559.491
608.28088 569.439
608.61536 310.171
608.79883 225.471
609.28650 258.887
613.29242 356.556
613.78687 380.917
613.95056 1870.36
614.28546 2018.69
614.61578 777.723
614.95129 348.531
615.28723 914.814
615.78735 575.036
616.33746 497.696
617.28986 355.095
620.28278 342.593
620.78021 242.916
622.29028 1275.77
622.79486 952.846
623.28796 264.432
624.29114 629.133
624.79089 530.95
629.28387 1276.53
629.78107 780.943
630.28461 355.021
631.29834 2358.97
631.79889 1723.65
632.30304 602.373
632.80420 296.698
636.28845 260.398
638.28906 2734.22
638.78870 1719.89
639.29443 665.877
641.30951 457.795
642.31116 248.866
648.30017 253.91
656.25165 1512.98
656.81354 267.46
657.24078 669.074
657.80139 451.175
662.29205 378.115
665.80878 444.522
666.30737 423.154
666.80322 1105.15
667.29724 427.554
667.81097 292.679
670.80145 796.733
671.29688 755.805
671.80109 335.325
674.26141 11523.1
674.81525 972.541
675.25983 3323.53
675.81677 272.383
676.26459 797.388
679.80664 3461.18
680.30542 3245.47
680.80634 1020.92
681.30798 676.13
685.35535 421.941
688.81128 6362.86
689.31317 4695.02
689.81311 1670.61
690.31598 820.247
698.81805 240.828
699.32483 381.685
703.36206 907.516
704.37445 245.348
705.35486 248.66
708.33264 214.46
712.33459 267.08
714.35541 217.603
717.33209 241.233
725.35059 327.574
730.83374 232.288
741.34283 221.137
743.28003 325.997
749.85193 489.879
750.34845 342.877
761.29175 608.014
763.34625 223.855
765.84912 343.577
766.35089 378.458
774.35773 218.082
778.32135 395.285
800.37201 260.555
807.36169 266.442
807.87012 327.355
818.39142 502.417
889.38446 609.287
929.42450 467.512
930.42706 230.685
947.42627 528.193
948.43390 282.05
1075.53406 265.88
