2272.09599 2
110.07101 1419.46
120.08052 1995.46
129.06554 2108.55
129.10207 3650.05
130.06471 8206.98
130.08624 1368.09
131.11722 722.616
132.08061 1542.27
133.04259 3578.69
136.07539 3334.31
141.10155 705.338
143.08124 886.402
147.11244 3021.88
153.06609 492.112
154.02600 1998.31
155.08109 546.008
158.09196 531.697
159.07613 922.43
159.09125 3012.26
169.07582 1012.24
169.09723 1164.6
169.13321 6085.6
170.13646 717.611
171.11324 759.639
175.11850 1813.63
181.09756 711.694
185.09122 681.759
187.08589 1748.87
197.12801 4161.52
199.10736 4417.14
199.18004 1480.1
201.12274 961.275
214.15445 1068.57
215.13791 625.586
216.13310 1565.33
217.13194 497.85
218.05887 1537.12
222.12335 697.678
224.10216 590.294
226.11755 636.731
226.15546 874.957
227.10223 25486.3
227.17386 2024.82
228.10571 2476.05
233.16428 507.621
234.14433 8871.63
235.14725 770.521
238.11736 772.637
238.15346 558.839
240.13429 665.584
242.11301 3411.73
243.13237 1742.35
244.12871 1758.65
245.07767 543.656
246.12669 582.595
248.13991 640.974
249.15974 757.675
253.09712 666.719
254.11307 6648.75
254.14978 807.454
255.11710 752.28
260.13870 7033.05
261.14267 790.828
266.14954 4124.87
267.15378 518.691
270.12527 1817.88
274.12173 1507.8
277.15329 1213.66
280.10699 760.773
282.18030 505.27
283.17334 733.112
288.13367 9937.2
289.13715 1567.65
291.11200 759.011
293.11163 1134.34
298.13876 4551.54
299.14270 566.327
301.09558 3414.28
310.13986 686.12
312.19147 2548.48
316.11304 593.832
319.10568 3681.69
323.17117 1360.11
327.20236 2413.51
328.15002 775.265
329.21664 557.359
339.20358 1026.69
340.08905 889.464
340.18567 21752.3
340.26663 563.54
341.18945 3905.91
347.22784 7429.98
348.19601 814.208
348.23193 1275.61
353.15720 641.893
355.21631 1083.28
357.15802 3942.94
358.16013 778.476
362.17072 1261.77
365.21756 877.844
367.16324 568.025
371.17059 15352.5
372.17526 2668.58
383.19141 584.399
383.23337 1720.93
384.13177 724.902
387.16739 736.632
390.16489 13808.6
391.16776 2470.5
393.21924 685.414
395.20737 542.582
402.14182 943.62
407.19162 777.024
411.22318 5427.52
412.22769 1577.64
414.17905 2478.93
415.18298 964.272
416.18118 533.938
424.21948 541.169
425.27478 4647.3
426.28055 1106.66
433.20929 615.75
442.30038 514.27
453.27008 11402
454.27240 2860.65
456.26007 3928.53
457.26440 1150.63
459.22244 584.913
460.31180 6450.17
461.20294 1471.01
461.31497 1685.53
469.14713 4311.04
469.21924 749.776
470.15851 920.851
471.19730 631.715
475.25412 3437.39
476.25635 1047.98
484.25427 3466.4
485.25467 713.364
487.23145 1808.8
496.31104 2267.09
497.21631 3510.09
497.31720 640.701
498.21301 567.473
501.28204 811.524
503.24933 6684.17
504.25098 1570.81
515.22687 2841.23
516.22888 644.35
524.30682 5027.2
525.31189 1051.51
527.18231 530.231
530.22125 922.546
538.35828 3231.27
539.36011 1246.36
540.30341 1104.05
544.25201 667.54
546.29218 4652.32
547.29559 1295.78
548.23969 601.956
554.23486 838.405
555.23907 587.438
556.27710 1053.73
566.35468 3633.99
567.35962 1034.42
572.24683 1092.43
573.39551 3154.61
574.28693 9011.49
574.40405 938.708
575.28961 2581.92
576.29211 579.941
580.24603 646.647
600.25909 531.42
609.39526 733.268
611.27747 533.834
626.27057 535.959
628.27545 562.374
637.27490 851.4
637.39038 2035.04
638.38953 629.8
643.30579 1072.02
644.28375 1310.91
645.29877 1414.98
653.38812 1088.7
655.28802 1212.56
656.28064 530.622
657.33466 664.036
673.29767 1583.38
675.33118 711.678
683.29669 849.082
685.29474 545.58
687.37408 1266.88
688.37506 681.615
690.25507 749.456
701.29987 588.516
714.34479 1887.98
715.34705 744.6
732.35394 790.871
741.32385 885.907
766.33521 776.324
774.36536 755.477
775.34766 524.757
781.48169 1263.79
784.34094 1334.71
799.49042 16272.6
800.48804 6352.18
801.49109 1221.82
802.34802 1507.13
803.34723 1767.96
804.34119 770.079
821.35016 574.026
870.52783 4651.98
871.52765 1931.74
874.37781 961.447
885.46442 743.427
892.38428 606.925
904.39905 640.124
913.46399 2108.92
914.46429 828.149
932.47064 805.137
983.61481 1283.44
1026.55005 847.559
1027.56677 565.747
1028.44177 1119.14
1146.67371 862.737
1147.67981 584.881
1191.50940 838.492
1291.61243 1599.19
1292.61047 1421.93
1293.61829 766.467
1372.76990 1676.49
1373.77307 1239.21
1374.78052 664.938
1391.69177 568.108
