2272.01665 2
110.07100 615.148
112.08658 446.061
116.07056 532.662
129.10190 1855.82
130.04924 542.911
131.11746 976.402
133.04282 1688.82
136.06039 383.772
136.07523 1139.29
141.06526 677.448
158.09171 1240.91
159.07597 7536.53
159.11211 661.991
171.14862 1414.56
175.11848 9806.08
176.12228 631.34
183.11259 1561.31
185.09169 560.602
185.16437 1359.02
187.07080 18592.6
187.10814 741.773
188.07478 1068.77
198.08684 473.12
199.07184 593.397
199.14365 1753.81
201.08658 2780.88
201.12306 1765.14
211.10710 554.358
213.08615 423.372
213.15875 976.275
215.10278 743.125
216.09729 931.183
218.05873 821.393
219.07907 453.748
226.11856 439.43
229.11771 4097.38
233.12822 1279.01
240.13292 739.488
241.11951 563.614
246.12599 444.172
257.16037 658.392
261.12280 1245.31
272.17322 1069.12
274.12119 1305.76
274.18677 1898.32
275.08008 1597.34
276.06290 610.237
282.14304 405.364
285.11795 416.298
286.13892 1317.33
288.11847 2574.33
298.10208 1386.74
300.15433 2967.31
301.15869 523.856
303.12839 630.129
310.13937 584.955
310.17697 540.34
314.17023 818.757
316.11310 44610
317.11609 4761.47
318.11719 501.328
327.12891 700.963
328.18558 1834.55
330.14316 1421.79
331.14426 478.563
344.19156 1732.57
345.19324 411.035
347.10025 608.881
348.15555 2568.3
358.11606 1667.51
361.21811 3303.62
369.17599 1378.52
370.15860 1901.55
371.22604 453.201
373.18893 658.705
376.12820 613.135
384.17715 885.759
385.20981 527.021
387.18634 4691.14
388.19296 466.292
389.14435 411.967
397.17133 1834.39
399.22278 1032.83
414.16336 425.952
415.18130 24524.4
416.18640 4054.85
417.18402 754.663
425.20428 720.804
429.20465 1281.72
430.21033 439.282
434.16422 482.343
435.18881 858.914
447.22128 569.818
469.23090 1263.08
471.19907 450.557
476.14148 587.211
483.24655 1020.32
486.25345 1354.7
487.15921 991.621
496.24042 842.801
505.16800 686.79
507.25308 508.419
514.24957 6588.09
515.25232 1451.01
516.24408 700.659
521.19861 447.173
524.28101 935.111
528.26532 1472.64
561.30188 819.406
574.18909 841.001
575.21277 735.635
586.29926 565.054
592.20044 432.294
604.30792 4647.88
605.31110 1267.75
614.22021 484.555
621.33368 12761
622.33691 3493.8
623.34241 556.556
627.33490 848.654
632.23236 655.84
690.35864 820.619
691.33923 1606.05
692.34131 652.675
705.22491 466.456
708.36597 8228.48
709.36877 2747.97
710.37634 431.613
818.41510 738.857
819.40198 791.805
836.42603 2663.35
837.42749 1231.48
905.44434 579.653
906.42743 650.189
923.45587 7348.54
924.46082 3092.35
925.45856 605.348
1054.49817 3799.9
1055.49768 1804.1
1056.50549 656.202
1111.52966 495.955
1123.52551 675.057
1124.50708 813.565
1141.52661 8283.9
1142.53027 4977.31
1143.53491 1560.66
1252.56238 1040.27
1253.55933 510.287
1270.57092 4010.46
1271.57556 2320.13
1272.57166 958.282
1353.61279 438.608
1354.62500 473.987
1371.61841 2215.59
1372.61780 1382.07
1410.62500 482.563
1411.63855 490.104
1428.64282 3562.6
1429.64355 2272.42
1430.66248 1033.48
1441.63318 437.352
1450.63525 435.363
1455.65320 553.582
1456.64282 552.508
1467.65784 1450.37
1468.65173 1577.57
1469.65063 790.046
1485.66016 10906.1
1486.66541 8147.76
1487.66748 3276.51
1488.67554 531.858
1615.66638 625.091
1627.68237 1436.34
1628.67175 1770.13
1629.67688 1199.79
1645.69153 8470.6
1646.69397 7464.86
1647.69165 3543.28
1648.68359 785.216
1729.75354 510.196
1740.78455 780.974
1741.75342 915.135
1742.73645 541.564
1758.77527 6147.6
1759.78149 5244.07
1760.77344 2742.22
1761.76636 767.82
1857.84973 1958.02
1858.84741 1829.96
1859.84497 1078.48
