2113.13285 3
115.07478 345.22
117.09050 2014.19
120.08015 581.325
129.10173 578.983
133.08568 730
136.07504 381.415
143.11734 661.494
147.10098 378.92
147.11218 403.526
157.13277 1189.31
159.07611 204.373
159.09175 187.359
171.11208 390.101
171.13773 396.86
175.13211 1300.85
177.11179 281.214
184.07329 237.638
185.12787 1673.24
187.07065 656.084
199.18022 257.996
201.12326 507.235
217.13669 320.03
226.15395 249.334
227.17401 227.622
229.11691 270.281
233.17511 457.938
240.13452 217.317
242.14867 515.737
244.16470 1152.81
245.12935 274.466
258.10815 434.276
271.14655 597.525
272.12302 358.657
286.13837 264.655
300.15466 735.552
301.18600 1967.5
302.18738 250.209
311.16983 241.269
313.02289 525.889
316.16785 1485.8
317.17102 287.55
342.20203 322.365
357.17764 333.13
373.18811 331.811
382.17093 205.599
385.20544 266.753
400.18085 462.994
411.09543 362.915
413.23465 275.165
414.09094 978.333
429.25140 661.88
430.24979 243.266
432.22610 1324.71
433.22949 206.302
467.15579 297.734
471.25812 277.417
496.23538 294.491
513.26215 409.282
528.26129 228.255
533.27301 2153.82
534.17157 6899.98
534.27417 564.284
535.17468 1644.26
557.30872 739.076
569.32764 230.411
614.33167 320.152
626.35388 195.676
632.34149 2722.29
633.34418 758.685
634.33606 215.926
644.30157 253.706
684.35406 260.481
703.37488 6016.15
703.93219 888.159
704.37604 2239.01
704.46753 417.727
705.17352 727.418
705.36780 2369.08
706.18365 197.256
706.36993 1283.45
707.45782 246.426
713.40216 504.554
714.41028 202.176
757.38751 333.31
802.44568 2861.58
803.44940 1243.67
804.44861 287.514
812.41132 200.522
813.47424 198.571
828.42603 1964.6
829.42438 748.273
870.47931 222.599
873.48492 1156.62
874.48938 459.344
923.49261 236.776
924.47809 217.421
925.51233 207.34
941.51038 1494.26
942.51459 791.63
988.50848 1922.86
989.50983 1109.92
990.51556 307.476
1054.58972 212.784
1059.54688 2092.07
1060.54919 1070.55
1061.55115 323.645
1172.62708 354.935
1173.62195 220.409
