3088.57248 3
110.07130 534.686
120.08044 922.232
129.10213 1693.43
130.08607 495.19
136.07579 676.637
143.11748 761.538
147.11270 799.667
157.09686 983.385
158.09970 2318.48
159.09169 403.314
171.11276 1269.81
175.11919 577.92
183.11346 351.287
183.14856 382.115
185.09154 621.419
185.12851 548.431
185.16501 518.899
187.10767 326.176
201.12317 1238.5
203.12108 12228.6
204.12451 1105.12
211.14241 320.17
213.08685 4094.95
213.16006 938.727
214.08919 442.472
215.13930 587.795
227.10258 397.48
228.13414 502.477
229.11816 3355.44
231.11549 8150.59
232.11961 761.639
239.17564 392.194
241.08125 1211.02
243.13348 1457.57
245.13200 480.292
247.07526 684.46
257.16028 649.935
258.14465 1045.58
259.09201 5031.84
260.09427 482.324
261.09085 392.214
270.18002 430.323
275.17096 1385.88
284.19604 1582.71
286.13928 1826.39
288.13715 342.596
296.15887 442.851
298.17578 629.442
300.15631 745.93
314.17093 2078.38
318.11179 846.787
326.17044 4046.54
327.17310 659.225
328.18604 3091.53
329.18924 466.06
330.06015 404.683
341.21820 362.222
342.20172 1364.02
344.17520 420.178
353.21759 503.576
354.16592 1093.8
357.17673 591.092
358.16003 3071.53
359.16409 558.699
360.15848 6339.76
361.16190 1082.48
367.23389 626.69
371.22516 686.973
372.11987 365.549
372.17596 2819.14
373.17947 456.775
374.17639 340.446
374.24026 835.342
381.21277 948.35
385.24323 707.88
386.15430 648.234
390.13120 517.255
395.22919 1072.9
397.27826 502.565
399.22348 5743.59
400.22549 1036.75
409.20990 370.898
411.18591 865.296
413.23907 3248.5
414.24121 629.158
415.17996 570.447
417.17758 483.714
424.25952 327.661
425.23669 542.093
425.97482 478.45
429.19574 845.343
431.19623 491.971
439.25864 445.033
441.19620 375.061
441.26962 468.847
442.26566 1284.56
443.98984 449.642
456.24927 387.411
461.20612 1700.31
461.27087 2650.93
462.20963 356.102
462.27869 374.181
467.28717 664.389
470.26120 4370.72
471.24582 1258.87
473.24228 653.395
482.26166 528.071
484.31653 701.32
485.01364 633.425
489.20093 10417.7
490.20294 2360.05
491.20193 664.296
494.29819 594.904
500.75714 482.33
503.21823 1039.31
508.31943 436.084
510.25476 1600.94
511.26343 392.111
512.30603 3649.13
513.31097 764.912
524.31171 336.222
526.33063 833.481
528.26526 1883.05
529.26776 682.618
530.26385 606.181
536.27136 966.531
538.32568 725.166
541.33307 1036.23
542.28339 751.402
543.24377 432.783
546.22168 820.835
554.28015 903.566
555.35126 355.473
557.25793 534.364
560.23907 344.128
569.32855 3668
570.33130 1064.71
574.29041 1577.42
577.27850 351.26
580.31360 547.467
583.34857 1464.69
584.26099 499.121
584.34399 400.545
598.33099 4801.7
599.33771 1428.34
600.76251 363.738
602.28436 1593.51
603.28876 713.354
623.34174 990.105
625.39484 608.978
626.81226 3792.29
627.31793 2200.05
627.81342 717.596
629.33197 362.587
631.30695 428.92
637.39368 403.431
639.29565 721.723
641.35223 2413.96
642.36108 721.494
645.28723 649.518
654.41644 443.315
655.29163 478.757
657.30713 1268.46
658.31024 416.722
659.30670 2307.07
660.31000 863.679
667.29059 620.407
667.36060 499.716
669.36682 3099.22
670.37280 1142.93
682.41656 1864.78
683.34711 1704.45
683.43591 495.254
683.85425 1491.94
684.34857 542.23
694.37354 504.191
698.37354 678.758
699.38171 399.781
712.38745 616.499
713.36011 456.51
716.33942 391.513
724.38660 370.914
730.38293 460.678
740.43500 553.035
754.43616 701.7
758.37640 1835.15
759.37518 693.215
770.39789 358.296
774.33295 496.476
780.38116 608.837
780.89075 748.05
781.38818 371.362
782.45343 1504.44
783.45837 582.923
788.34631 642.565
789.39349 6529.46
789.89478 6394.74
790.39874 2644.97
790.89838 777.908
792.35504 878.068
793.35663 483.481
793.43542 439.533
796.32770 362.641
797.43903 1776.06
798.43970 670.243
811.45654 1009.52
812.46307 505.194
823.41913 426.629
827.41327 397.032
841.42688 958.376
845.93689 2075.72
846.43701 2282.85
846.94354 938.324
879.37775 744.577
887.41730 2530.94
888.42139 1065
901.42761 523.335
903.45209 1069.91
903.95496 645.515
904.46179 432.895
909.42407 473.879
910.53149 1168.81
911.49841 3247.79
912.49908 1471.79
922.48364 417.62
940.50427 1026.26
941.50262 566.998
948.46240 366.943
959.98804 1186.83
960.48950 909.679
972.47913 458.819
978.43982 787.153
979.45435 505.414
980.44696 931.681
982.48395 486.267
1000.50171 1308.8
1001.49768 748.205
1009.52655 880.753
1010.02814 933.866
1010.51941 677.569
1026.52112 1727.69
1027.52075 940.447
1029.58154 956.447
1030.57520 944.062
1031.55713 770.812
1032.05688 473.314
1041.56189 402.836
1045.03796 637.796
1045.54358 1033.98
1046.04688 695.73
1053.53772 524.327
1071.53442 1906.52
1072.54028 908.244
1073.53601 554.884
1089.51392 471.799
1093.53186 377.377
1101.58130 366.52
1102.07275 461.893
1102.59497 364.717
1106.50659 1054.95
1107.50256 949.445
1117.51282 1715.81
1118.51855 680.75
1119.52283 526.075
1155.56421 781.072
1156.55591 563.352
1157.57642 552.494
1162.56726 368.12
1166.60437 533.269
1170.61914 512.416
1171.61743 592.624
1204.55432 1165.42
1205.55188 625.001
1220.59351 385.78
1234.60742 1169.43
1235.59424 908.331
1236.60107 501.899
1237.58960 372.406
1244.13623 523.862
1244.66711 1003.47
1245.14624 657.933
1252.61462 17749.6
1253.61755 11053.3
1254.62158 4302.02
1255.62537 1074.01
1285.61157 812.742
1286.60547 768.268
1303.62134 1174.14
1304.61377 798.329
1305.61499 463.13
1348.68384 381.778
1365.69910 4647.93
1366.70520 3199.48
1367.70459 1431.19
1431.67444 1324.51
1432.67029 1079.39
1433.68689 411.815
1449.70081 647.153
1480.72363 1560.02
1481.73584 1316.8
1482.74060 488.769
1559.77246 1691.87
1560.76672 1672.36
1561.76904 819.487
1562.75916 437.226
1577.78137 19542.9
1578.78259 15993.2
1579.78479 7224.55
1580.78296 2063.05
1690.86658 2399.75
1691.86731 2354.32
1692.87256 1094.43
1805.89111 3061.93
1806.89307 3050.23
1807.89502 1471.26
1808.89087 472.001
1918.97961 2209.35
1919.97461 2066.08
1920.97803 1203.55
