2097.07158 2
110.07116 1843.59
112.08662 579.125
115.08654 368.151
120.08058 9380.93
121.08401 862.093
126.05476 1140.56
127.03892 382.541
129.06560 393.372
129.10217 2272.52
130.08553 289.574
133.04315 496.609
136.06178 750.915
136.07561 2975.09
137.07889 239.414
138.05478 1366.42
139.08626 239.547
141.10236 505.297
145.04915 478.521
147.11249 719.786
155.08177 608.715
157.09734 374.99
157.13242 245.143
158.09187 989.711
159.07637 372.899
159.09166 577.735
163.05968 538.009
165.10187 289.201
167.08156 456.234
168.06567 622.324
169.09698 1180.77
169.13356 727.802
171.07620 364.954
173.12839 784.375
175.11876 5463.12
176.12291 280.437
178.06534 284.64
183.11186 386.844
183.14896 6908.71
184.15245 734.472
185.09245 280.759
185.12857 264.05
185.16495 423.6
186.07693 339.202
186.12257 255.951
187.07083 1101.71
187.10687 393.567
189.08662 313.191
195.07724 273.711
195.11157 319.453
197.12825 865.141
198.08762 440.238
199.07162 374.829
199.10838 257.648
199.18028 1212.49
201.12291 765.968
203.12097 268.145
204.08687 1049.69
210.02432 316.152
211.14397 12711.3
212.10300 751.822
212.14789 1413.53
213.08722 603.851
213.16039 406.762
214.11885 395.311
214.15382 363.657
215.13879 466.621
216.09756 1679.53
216.13336 508.621
217.08467 447.386
217.13336 8648.79
218.13739 934.595
221.09135 799.534
225.09872 275.595
226.11826 469.361
227.10185 386.752
227.17535 1222.72
228.13428 646.611
229.11559 444.866
230.11157 294.83
231.11174 308.631
233.09537 269.507
233.16479 2740.99
234.16801 259.61
235.10519 246.049
240.09818 259.994
240.13422 1668.58
241.08101 328.911
242.15027 450.999
243.13254 481.547
244.09196 457.311
245.06902 297.891
245.08304 343.329
245.12817 16579.7
246.13156 2399.28
249.12277 492.329
249.15970 1110.74
251.15028 334.618
254.14793 275.838
255.10884 595.525
258.14462 508.338
259.09134 579.723
261.15903 1058.95
262.15604 293.225
264.13293 604.992
266.15015 383.529
268.16605 335.636
272.13556 2185.41
272.17896 277.594
276.13504 411.211
277.11856 661.601
277.15399 860.334
283.13995 651.873
284.16013 588.185
289.09689 356.153
289.16150 1470.56
296.19638 287.825
298.10129 302.363
301.18994 496.674
302.11646 810.709
311.17197 602.482
312.15292 465.338
313.18625 254.71
316.11197 911.502
318.14670 271.579
320.12756 475.762
327.12891 866.006
329.18314 1161.75
330.21634 1586.66
334.17651 504.929
339.20270 316.161
340.20239 1580.81
345.13794 451.778
350.13315 1213.95
354.17667 476.244
358.21198 16605.5
359.21503 3337.71
360.15463 544.587
360.21756 448.499
371.20325 760.18
372.13025 404.284
377.10959 358.38
378.16394 331.327
379.20648 332.942
382.20886 448.95
384.14743 257.198
385.13214 433.789
388.22949 1262.1
391.20325 421.1
396.22342 404.089
402.16302 293.747
408.18872 442.8
415.22485 292.04
419.19531 631.404
420.20547 268.734
424.25711 265.566
437.21768 301.388
440.21616 442.544
442.27316 367.834
443.30136 3391.52
444.30511 919.519
456.16849 372.958
458.22473 713.937
463.22086 314.385
465.20755 297.848
471.29584 2084.13
472.29849 569.12
476.25162 488.79
478.22833 392.217
479.17752 1113.51
493.27972 876.217
494.29053 261.761
502.23700 336.831
513.19244 492.653
519.26923 1564.03
520.26855 334.609
521.27374 959.814
522.27869 454.184
531.20557 445.633
537.31671 689.628
550.30255 561.025
566.20953 389.879
569.25543 357.382
578.29736 429.136
583.23407 536.142
589.33911 335.866
592.25745 286.653
602.31641 302.052
606.36621 622.192
607.36731 354.649
616.29901 315.968
620.31891 1545.64
621.32806 323.59
626.27460 348.69
644.28931 780.207
663.31067 289.837
676.25629 668.601
677.24664 275.548
689.32990 359.333
690.32422 658.167
694.26239 857.238
695.26422 268.169
707.34900 5162.93
708.35345 1807.96
709.35632 529.114
757.36707 436.938
762.31555 266.652
779.34851 307.114
789.33472 393.422
802.42114 328.277
803.41357 403.015
807.34790 1003.34
808.34436 488.332
820.43298 4871.23
821.43640 1553.01
822.44354 518.848
836.37823 320.475
920.43481 431.009
921.43024 292.887
933.51709 2971.65
934.52173 1368.94
935.52087 534.748
1044.55347 339.931
1061.57690 1739.03
1062.57617 859.943
1063.59131 339.628
1130.59668 334.091
1131.58386 542.347
1132.59888 278.529
1148.60791 5336.28
1149.61035 3087.51
1150.61853 1252.61
1151.61255 286.506
1259.64197 851.652
1260.63708 579.501
1277.64905 4225.1
1278.65393 2400.85
1279.65027 1026.7
1280.66223 310.096
1294.60291 352.427
1303.10071 487.243
1303.61719 368.039
1388.67468 563.566
1389.68860 533.915
1406.70520 1580.68
1407.69678 1297.46
1408.69958 435.814
1419.70532 310.34
1420.69409 349.193
1429.70410 296.549
1445.69568 960.228
1446.69690 970.37
1447.70398 661.002
1448.71753 316.474
1463.71692 8492.24
1464.71887 6406.34
1465.71667 2628.58
1466.71399 773.339
1545.76477 383.758
1546.75537 288.323
1582.75012 479.43
1583.75916 315.52
1608.76123 728.842
1609.75818 1117.51
1610.75781 525.161
1626.77991 7559.2
1627.78088 6296.59
1628.78174 3322.01
1629.77869 1061.11
1722.83948 298.401
1739.86340 2224.57
1740.86890 1759.66
1741.86414 800.496
1742.86719 366.923
1886.93079 1194.57
1887.92578 1004.86
1888.93604 711.458
