1803.91521 2
110.07104 1688.85
112.08681 412.912
115.08633 467.101
120.08060 1324.33
127.08629 627.644
129.06659 460.299
129.10205 8161.59
130.06474 261.184
130.08600 932.126
130.10497 561.833
133.04305 286.016
136.06128 377.257
136.07556 2439.98
139.08604 231.75
141.06566 289.359
141.10213 354.769
147.11253 1476.91
155.08138 885.945
155.11784 276.587
158.09213 695.332
159.07596 328.8
159.09138 456.484
167.08122 991.531
169.09741 505.772
169.13332 1165.6
171.11246 420.339
173.12904 312.352
175.11861 3315.12
181.09750 391.479
183.11200 423.031
183.14903 626.913
184.10756 1329.89
185.05600 224.799
185.09190 496.66
186.08577 303.77
186.12323 934.171
187.07077 358.846
187.10750 282.102
187.14426 296.64
195.07565 292.102
195.11336 466.92
195.14876 628.638
197.12814 1283.79
197.16415 591.882
198.12149 247.36
199.07057 355.748
199.10715 802.954
201.12323 762.356
204.13745 327.952
209.09186 446.689
210.02547 371.788
211.11905 304.659
211.14374 368.342
212.10269 6796.61
213.08659 547.547
213.10669 522.717
214.11797 810.265
214.15469 551.552
214.19186 300.525
215.13794 434.516
216.09807 269.16
217.08192 348.345
217.13635 712.972
223.10771 429.052
224.10245 667.89
224.17456 361.391
226.11829 1092.38
226.15329 458.752
227.06917 227.992
227.10286 708.875
228.13287 982.386
229.11412 417.782
229.13083 757.452
231.09888 238.254
233.12796 557.67
235.10580 268.09
239.17497 282.162
240.09772 541.487
240.13417 1224.09
241.08119 442.961
241.12904 585.399
241.20189 231.001
242.14967 1717.18
242.18495 268.088
243.13081 382.942
244.09244 1023.26
244.12833 654.433
244.16496 1105.12
245.07544 393.96
245.13033 554.473
249.15976 598.924
250.11800 730.401
251.15118 275.381
256.09265 484.893
256.12778 232.276
258.10773 602.303
258.14359 317.633
259.09177 324.236
261.12323 560.347
261.15579 1523.1
266.14584 282.985
269.12393 2554.41
270.10669 362.845
270.12695 278.813
275.08121 540.649
276.06406 323.679
277.15527 462.697
278.11295 512.363
278.15009 297.752
280.16406 239.807
289.15411 759.287
294.18060 270.617
298.13956 387.575
310.21286 268.264
311.17072 1837.53
313.18484 484.792
321.15225 489.688
323.13284 312.915
327.20084 513.672
328.19818 852.989
329.14789 325.166
330.14435 1230.25
337.18665 3163.62
338.18726 441.982
339.20233 662.53
347.16974 740.701
354.21313 242.608
355.16302 362.022
355.23407 253.295
356.22864 387.548
357.17746 1166.4
358.13321 339.563
365.18173 873.218
372.18738 489.999
374.17386 584.733
375.16614 3823.88
376.17072 612.132
380.18945 531.808
382.20654 711.875
385.13107 405.329
387.16699 708.998
390.19864 303.86
391.19678 519.089
404.19269 2058.1
405.21863 337.053
410.27359 286.802
418.20773 3549.5
419.21399 470.792
421.15060 285.33
427.30151 678.943
432.18689 1530.9
433.18881 249.007
435.23376 2348.19
436.23737 341.079
438.26974 260.054
443.19278 372.429
443.23395 1204.49
444.24042 333.48
446.23886 336.598
454.17203 365.566
455.23065 426.006
455.29797 487.875
460.25607 532.178
471.19998 1896.63
472.25101 602.46
488.25446 708.076
493.23965 415.986
500.24936 4525.26
501.25461 1077.92
505.27829 346.151
517.27594 1649.23
518.28137 324.44
526.37073 478.814
527.25726 348.102
528.24536 1361.46
529.24799 303.384
530.25690 296.517
535.24170 263.873
545.27136 1246.96
546.27167 372.8
548.26672 1433.7
549.26929 270.97
554.36292 605.26
568.26031 275.149
568.31439 266.924
578.23816 1377.16
579.23578 319.378
584.28333 440.098
585.34216 269.321
595.26727 1206.32
599.27704 327.958
610.31793 333.906
611.27649 406.735
613.33362 1162.72
614.33704 386.554
616.30774 523.898
628.32147 434.058
630.36029 264.331
641.32776 351.767
656.30359 945.502
658.36450 374.973
663.29144 551.982
683.40295 373.823
692.28021 1217.77
693.28662 480.333
709.30768 1116.57
710.30420 351.199
714.28076 253.55
724.37354 388.537
731.31116 295.234
732.31842 281.549
741.39209 300.936
751.37787 257.684
768.40033 277.403
769.39655 306.474
786.41089 476.683
787.41736 281.842
794.33698 647.681
796.45709 298.409
808.37506 746.024
809.37146 271.584
845.38672 487.609
846.39581 308.414
863.41327 386.124
871.37396 371.12
887.40814 310.362
888.40271 2724.1
889.40668 1209.09
890.40735 338.121
901.50958 438.053
902.51978 343.629
905.42896 18322.8
906.43140 7823.14
907.43231 1845.66
923.36639 571.974
940.51080 773.081
941.51056 344.995
957.53333 388.381
1001.48431 485.905
1018.51355 5300.92
1019.51630 2943
1020.52106 747.784
1036.45642 502.009
1037.45325 260.888
1128.56116 791.1
1129.54565 2034.14
1130.54541 959.691
1131.54614 281.754
1146.56970 6732.09
1147.57263 3832.56
1148.57397 1036.41
1156.55566 269.107
1224.62280 288.739
1242.64075 327.598
1259.65527 5148.91
1260.65576 3108.69
1261.66724 1122.34
1269.65918 265.521
1303.62561 284.712
1422.71875 1601.5
1423.72192 1226.42
1424.72705 370.369
1536.76575 716.158
1537.77502 480.518
