1998.94205 3
110.07105 3436.17
112.08660 444.729
120.08054 438.465
129.10210 12452.7
130.08586 520.36
130.10507 784.99
136.06165 2209.29
136.07544 1305.07
147.11264 798.398
158.09216 409.893
169.09735 552.777
171.11269 2373.5
173.12772 583.741
175.11880 3647.3
176.12292 346.186
181.09689 1262.82
185.16470 1886
189.08664 438.118
195.11252 1500.01
199.07162 332.637
199.10759 2541.49
201.12259 466.319
213.08624 495.29
213.12338 419.366
213.15942 498.646
224.10278 434.728
226.11833 418.862
226.15532 342.565
240.13380 1222.28
244.16432 472.765
251.15042 779.546
257.16028 339.965
258.14380 673.518
268.12881 1000.06
272.17297 508.035
274.18695 7974.55
275.19061 551.955
286.13867 1131.18
292.12747 414.755
303.63080 1185.69
310.13803 387.864
312.05051 786.897
317.62766 818.486
330.06021 440.341
342.19504 1534.32
342.69724 648.62
343.19141 371.086
349.18225 6397.01
350.21652 2244.49
352.13544 638.976
352.16992 415.863
357.22461 753.875
361.14664 1127.16
371.22913 916.461
379.16470 746.135
381.21201 446.206
389.21317 478.764
397.16998 681.2
399.22318 410.882
402.66296 1372.16
403.16122 353.234
409.70700 1801.38
410.20679 363.085
411.66888 710.854
420.24020 2032.17
420.74023 824.725
423.70349 1222.48
424.20557 357.503
435.70068 1229.04
443.20807 456.183
449.22339 432.908
454.20972 553.675
458.22293 1211.8
464.21002 3135.78
465.21265 598.905
466.74808 372.046
467.23483 10192.8
467.73633 4457.88
468.24054 1552.6
469.23026 878.067
470.76163 1392.29
471.26526 551.023
475.75540 5737.99
476.25668 3338.72
476.75729 1085.45
477.25867 367.071
484.69040 1777.9
484.76074 11363.7
485.26187 5817.11
485.76544 1646.68
486.22061 405.166
491.73883 521.566
492.24496 938.17
493.76868 632.116
497.19299 556.69
508.74133 748.676
509.24597 473.05
517.75037 463.502
519.29193 590.486
519.74695 521.418
524.74481 2221.09
525.24493 1052.53
529.27209 3076.26
530.27576 672.209
531.75836 425.693
533.28772 1402.06
533.74646 4781.29
534.25024 2006.5
534.75330 749.076
535.24670 10583.6
536.24969 2425.21
537.25153 432.295
549.31958 375.876
553.27441 833.273
558.56720 454.358
564.57166 841.349
564.90857 783.719
568.32715 1971.41
569.33105 1010.38
574.80927 596.712
575.31433 386.918
582.27277 522.394
583.81653 570.252
584.31708 509.276
585.22638 389.689
589.29065 871.315
595.80414 800.467
596.30237 656.093
597.22174 711.117
597.56635 620.314
598.29254 4754.04
599.29718 1502.83
600.29840 693.614
601.00739 389.303
601.31348 489.362
602.25189 433.318
602.34064 395.668
602.94397 677.865
603.28162 500.959
605.96893 464.211
608.83282 477.807
609.31683 1253.18
609.81519 760.37
617.82697 794.577
618.32971 1318.82
618.82385 494.175
619.29633 707.495
622.64563 490.292
622.99500 438.638
627.32843 745.158
628.32550 4362.67
628.65814 4068.82
628.99243 2554.75
629.32733 823.128
633.99097 634.18
634.32715 10614.2
634.66144 10011.6
634.99542 4694.06
635.32983 2242.63
635.59619 846.456
635.68475 410.089
635.94574 436.849
640.33514 587.09
640.66376 762.042
648.33112 4727.65
649.33575 1577.73
658.31085 1656.09
658.79828 384.822
660.98334 1418.13
661.31573 1135.95
661.65289 745.249
666.28326 4413.62
666.37347 731.538
666.44904 483.374
666.80573 700.606
666.98712 4289.6
667.31744 4497.93
667.64856 1920.01
667.80353 683.306
667.98608 756.999
668.24597 570.71
668.34155 2076.52
669.87372 564.585
674.86395 380.509
675.33081 388.048
683.38373 2841.49
683.86334 433.374
684.38690 1160.05
685.38110 783.916
695.19122 525.014
697.39783 1614.2
709.34705 759.216
709.77344 587.031
710.26245 471.636
711.37756 16393.6
712.38062 6231.84
713.38281 1169.37
717.34943 520.643
718.85791 410.935
726.38568 393.419
728.40527 2965.85
729.40369 1477.49
735.36169 12299.6
736.36456 4348.8
737.36481 878.968
756.28992 494.489
773.33435 1264.52
776.90558 609.97
777.40643 692.939
777.82715 1694.21
778.33124 604.74
788.36554 860.713
818.40607 829.833
822.31805 492.576
823.48541 460.63
826.38214 1370.7
826.81287 579.12
827.40851 453.105
836.40985 7291.54
837.41656 3197.93
838.42407 649.003
839.47369 5640.07
840.47906 2434.94
846.36914 2766.4
846.86633 1173.73
847.39685 834.124
857.48376 460.811
870.39386 6309.88
871.39984 1763.28
885.42139 2013.71
886.42950 779.664
888.40192 609.369
895.33887 528.868
911.47412 784.868
915.44916 2146.2
916.44623 1351.32
917.45599 483.384
933.46179 27179.1
934.46375 12466.2
935.46765 3817.72
936.46716 778.502
937.44781 2064.07
938.44745 788.072
940.53503 1575.65
941.52594 644.05
950.50427 3728.28
951.50549 2007.18
952.51245 522.19
968.51086 7536.42
969.51636 4120.1
970.52081 1113.47
971.43079 879.154
972.42975 446.229
982.47668 594.92
986.52777 623.652
987.53369 406.099
1006.48218 729.341
1016.47784 428.451
1044.49866 1617.73
1045.49036 858.499
1048.48291 1590.59
1049.48120 1037.41
1058.47485 1383.75
1059.46570 443.746
1062.50427 6434.82
1063.50610 3250.97
1064.51514 863.754
1066.50781 573.705
1068.49231 664.208
