3176.30564 3
120.08035 4328.26
129.06577 8696.43
171.07584 10132.7
172.07152 5544.28
181.06050 4226.27
183.14897 9628.14
186.12383 5618.03
188.10306 7840.72
198.08707 9515.07
199.07112 10384.2
211.14458 6120.11
214.11873 9256.52
216.09755 107434
217.10104 6958.94
270.14340 5750.8
271.13861 4414.54
275.08023 11802.2
287.17227 3757.91
297.15622 6075.51
299.13452 14665.2
304.16150 16014.9
308.10440 3600.22
312.12909 5278.26
313.11322 4766.4
315.16599 16024.8
317.14502 24737
326.17108 6240.75
328.15897 4092.44
330.14078 5967.61
340.12494 3827.76
340.18542 12063.2
368.15527 6474.41
369.13733 3842.84
370.13547 4829.11
371.17102 7508.6
373.18243 34819.6
374.18063 5040.42
380.17206 8642.78
384.18967 3729.87
385.18521 4633.52
386.16547 7237.94
387.16245 5145.48
391.19339 8915.74
396.14941 11587.2
403.19308 4766.45
411.19739 5180.41
412.18051 7478.18
413.17715 33521.4
414.15842 18771.7
419.13498 3426.18
429.20859 14047.9
431.18759 38139.6
432.19470 5202.43
437.14496 5350.31
439.14587 3567.32
457.20984 3711.69
467.22394 4843.7
468.21036 6340.17
471.15652 14280
473.20419 7220.17
478.19009 3781.03
484.24966 5819.12
485.23486 15815.2
486.23465 3809.7
488.20914 34826.4
489.21124 8847.4
495.21744 11080.4
496.20023 7070.37
500.21594 15096.7
501.22339 3416.23
502.26059 14429.8
512.24506 15788.3
513.23016 21764.4
514.23700 4146.15
530.25562 56623.4
531.25848 14577.6
537.23401 10752.4
537.73340 4830.73
568.18951 3406.32
582.25177 6352.5
583.25427 3410.93
586.76733 37727
587.26874 21090.5
587.76758 7289.43
589.23840 6397.65
592.23450 5822.24
599.26709 3989.45
603.23639 4033.79
609.25922 6512.15
610.24768 11037.5
614.26538 3864.55
619.28772 4012.15
626.28571 7030.4
627.27118 17017.3
635.75470 7167.67
636.25592 4132.48
644.29016 20754.8
644.77899 5620.58
647.28607 9516.08
679.27216 3561.76
685.32495 5037.46
696.28876 4501.29
700.82434 5162.15
702.32916 5885.03
713.32019 3708.13
739.36108 6476.3
740.34448 4041.6
740.83490 5061.1
741.33252 7540.14
749.34912 101937
749.84979 83792.5
750.35046 34143.2
750.84766 7936.2
759.01172 6024.05
759.33911 34356.6
759.67010 5968.34
760.33618 7698.15
769.29181 7530.11
770.27881 11574.3
778.32654 14459.6
779.33398 7028.3
787.30109 18217.9
788.30560 7287.07
789.30743 4014.49
798.33661 22767
798.83728 18588.6
799.33960 8273.02
800.35712 4320.33
804.32892 17874.4
805.33118 7701.46
806.33600 3552.84
807.32703 4245.44
812.34784 5109.33
812.68237 6603.42
813.00653 4332.73
813.34570 3782.44
814.86951 26442.8
815.37067 20549.3
815.87042 11094.6
816.36652 3727.18
857.32196 12857.4
858.31372 5121.5
863.85767 8296.82
864.35748 6658.73
888.40088 22700.4
888.90308 16849.8
889.40283 11711.6
921.34979 3666.26
937.89801 4061.37
938.36414 5693.62
959.42157 4090.33
959.91211 7377.34
960.40210 5478.13
960.90375 4177.41
968.41846 47445.2
968.91925 57033.4
969.41943 33959.3
969.91443 11264.2
993.43976 5144.3
1009.42859 4312.63
1010.45850 4206.33
1015.43024 6378.36
1016.43628 3921.92
1017.40948 6885.18
1017.90649 8376.77
1018.41284 3860
1021.09619 6678.16
1021.44055 6242.91
1021.77271 5149.31
1023.93201 19567.8
1024.43481 23864.3
1024.93054 12233.5
1025.44153 9370.97
1026.18127 4109.83
1026.51514 10534.4
1026.85132 8098.18
1027.19495 6694.16
1027.50635 3936.01
1032.94104 54409.5
1033.43970 57405.3
1033.93945 31298.6
1034.43774 15325.4
1034.94946 4304.88
1052.40674 5239.37
1056.44434 4514.5
1059.51343 4966.38
1072.91406 7266.48
1073.46130 9202.05
1073.94983 5986.05
1074.49377 7148.42
1081.92139 8277.58
1082.42395 6564.67
1082.93225 4828.26
1089.48206 14813.8
1089.98230 20478.5
1090.47998 16634.6
1103.48438 16138.6
1103.97192 4583.72
1104.48230 11274.5
1125.51367 6878.88
1126.49731 4817.66
1129.00574 16750.7
1129.49878 30660.4
1130.00317 20874.3
1130.50073 15435.6
1130.99292 4880.52
1138.00879 219996
1138.50708 266183
1139.00830 191554
1139.50671 96719.6
1140.00684 29249.2
1147.01453 9616.72
1147.51367 11081.8
1148.00354 5941.07
1154.51453 6587.38
1155.50989 6480.8
1172.52808 38309.1
1173.03284 4911.64
1173.53003 23166.9
1174.53113 5847.67
1178.48792 7148.22
1179.01038 5126.02
1186.99866 33455.4
1187.49719 41451.4
1187.99841 34825.8
1188.49426 15290.2
1188.99011 6236.21
1201.51343 4963.69
1202.01343 4207.36
1202.51746 5099.08
1209.01111 9729.11
1209.51550 22780.1
1210.01440 20433.1
1210.50757 14577
1211.01746 14717.7
1211.51685 5911.77
1218.02295 70446.1
1218.52441 88020
1219.02612 69928.8
1219.52307 38288.6
1220.02283 17311.1
1220.52673 3844.43
1227.51929 5038.71
1253.03772 4667.51
1257.51599 3760.62
1258.02173 6916.15
1258.51697 15466.3
1259.00391 12377.3
1259.51147 6264.69
1260.00452 6481.82
1261.53259 3923.54
1263.52344 4438.1
1266.05261 10615.7
1266.53369 36249.3
1267.03064 52428.9
1267.52954 34760.7
1268.02307 20229.1
1268.52246 9571.58
1270.51147 15957.7
1271.50781 8247.35
1272.50098 4083.17
1275.04358 128524
1275.54602 164666
1276.04529 144105
1276.54321 81795.4
1277.03528 30759
1280.03345 6661.18
1280.53845 14544.7
1281.03894 11328.4
1281.54150 6282.03
1284.05103 7167.58
1284.53442 6360.42
1285.04846 7633.14
1285.54663 4335.51
1287.55005 4073.58
1315.52930 8006.87
1316.03760 13100.3
1316.55017 12168.3
1317.05591 6452.41
1324.03381 14742.7
1324.56128 36344.9
1325.06934 51373.6
1325.57471 46007.4
1326.07117 22206
1326.56995 9358.09
1330.05603 6501.87
1330.57471 5338.88
1364.57288 4258.15
1366.06323 3959.27
1373.09351 8113.25
1373.58459 11017.1
1374.08057 11989.2
1374.57935 8339.83
1375.06738 5311.67
1381.60388 18266.7
1382.10510 23144.1
1382.60242 18527.7
1383.10205 13607.6
1383.59485 8230.73
1423.60608 4162.31
1424.11633 7031.79
1424.60742 4215.73
1431.11987 4201.82
1432.11316 12978.7
1432.62170 20701.8
1433.12512 13352.3
1433.62439 11989.3
1480.65955 11591.3
1481.65442 11703.8
1482.64319 4227.2
1494.63037 4139.53
1495.13928 8337.86
1495.64832 7313.37
1496.14233 4521.44
1497.69019 10861.2
1498.69531 7555.78
1499.67834 4879.62
1595.65979 9125.56
1596.67285 7694.94
1597.69153 5230.92
1787.78088 4645.5
1788.82117 4084.34
1902.84595 4096.72
