2716.08597 3
110.07116 629.71
129.10208 4862.51
130.10545 273.489
136.06163 1787.09
145.06055 477.704
147.11278 432.093
148.06021 352.083
157.09703 1109.42
175.11874 2104.25
183.11241 451.683
185.09180 1193.29
199.07138 522.441
199.10669 368.402
201.12303 620.563
211.10735 366.117
213.08629 341.176
216.13335 362.389
217.08150 391.088
222.12354 280.862
226.11810 561.053
229.11742 439.676
231.09755 548.155
240.13399 2674.2
241.08151 1913.81
241.13760 350.171
242.15030 470.16
244.12895 487.785
244.16489 417.878
258.10742 405.615
258.14490 1023.45
259.09207 2875.95
264.06378 1081.42
280.16589 271.377
286.15692 281.202
303.17715 765.787
312.04913 1019.01
312.15491 295.38
313.11304 527.377
314.13354 310.351
318.14691 667.718
330.05923 1045.42
351.16534 371.664
352.11346 338.531
353.21826 642.434
358.15848 500.07
358.20963 353.957
369.17520 631.473
370.12326 780.101
370.23868 291.563
371.22580 1308.85
385.13583 297.24
387.15384 319.934
388.12979 677.478
388.16589 333.11
393.70975 656.566
394.20880 325.113
398.11279 726.543
424.14688 657.677
428.03500 367.016
429.16104 602.196
442.15704 642.599
446.23822 539.134
449.23209 308.27
451.19324 607.893
451.69382 401.081
457.15579 301.851
460.20020 11199.7
460.70090 4689.26
461.20093 1510.93
464.24945 659.807
481.27631 875.856
482.25647 533.948
491.23883 7327.89
492.24338 1341.9
493.24149 426.038
494.71103 1562.99
495.21188 699.438
499.28705 1634.52
500.28516 327.987
503.71542 1747.87
504.21689 1066.49
504.71204 291.198
514.16888 295.219
516.22498 306.753
521.24792 326.651
523.21820 888.225
523.72546 449.243
526.24011 399.891
526.73181 324.213
535.24237 666.81
535.74384 458.665
553.18884 930.241
561.26068 443.851
568.19000 362.03
571.19727 927.028
572.19904 309.843
573.25366 649.27
581.75714 673.596
582.26147 478.467
585.76843 357.737
586.20734 300.382
590.76166 995.141
591.25812 884.842
599.76434 1352.48
600.26642 1071.7
606.26685 2970.25
607.26868 886.814
610.31433 719.968
611.31482 404.67
628.33215 1098.57
629.33997 408.23
637.76874 368.292
641.28802 322.761
646.27362 555.95
646.77441 405.092
647.27173 358.355
648.74969 464.838
649.25256 488.241
655.28198 1580.67
655.77936 1368.14
656.27020 443.898
664.28448 2247.37
664.78558 1392.59
665.29120 510.904
669.17578 329.297
682.23065 1320.23
683.22986 315.995
699.26831 416.213
700.24072 1659.26
701.24695 372.817
701.78784 325.873
710.79547 783.994
711.29596 486.716
711.79077 403.165
713.27448 888.391
713.75690 354.655
717.30328 361.134
719.79828 1498.39
720.30225 1037.29
720.80212 513.196
728.80609 2019.77
729.30701 1672.24
729.81110 515.137
735.30750 2398.65
736.31189 813.556
739.35925 1250.04
740.36365 553.64
753.81934 786.015
754.31952 598.643
757.37280 1488.79
758.37488 428.083
768.78589 354.096
777.00745 320.554
777.79346 1096.42
778.28790 550.737
786.41364 1011.9
787.41656 518.608
791.01245 525.938
791.34882 431.306
791.69812 304.219
792.01569 697.929
792.34967 584.774
792.68896 745.201
793.01758 604.099
793.35028 533.744
796.38361 391.616
798.01599 334.363
798.23065 413.489
799.33368 459.275
799.40857 540.135
803.33832 329.06
804.33246 555.452
805.31897 331.183
807.43707 340.927
807.92926 983.525
808.42957 541.993
811.27179 884.316
812.25220 357.993
814.39929 418.087
816.93219 478.974
822.34064 5154.56
823.34216 2140.75
824.34198 741.352
824.67596 314.252
829.27924 882.875
830.27625 333.548
830.38745 432.266
830.71472 531.952
832.85883 316.398
840.42725 405.606
840.75122 356.594
853.40930 399.613
856.43610 525.889
856.91394 712.206
857.42145 915.656
857.96912 360.419
863.38654 356.202
867.39771 637.788
868.06995 499.68
868.39929 558.761
871.43146 523.442
871.90326 349.005
873.08966 461.665
873.41443 832.901
873.74420 599.15
874.06775 338.442
874.38220 860.121
874.72400 1011.81
901.38269 1138.16
901.90375 438.749
902.39465 2007.08
902.90424 910.65
903.39679 733.574
905.40826 1201.85
905.90417 810.97
906.48663 1038.86
906.93585 526.416
907.32587 351.506
907.47742 627.322
910.40930 367.002
919.39258 22880
920.39520 10197.6
921.39453 3788.83
922.41174 878.181
923.42181 306.52
927.26935 354.64
940.42407 600.362
958.30109 440.8
975.42450 338.716
989.40045 357.782
1006.42444 5369.29
1007.42743 2893.3
1008.43182 1012.09
1009.42230 370.678
1017.94135 438.04
1032.45422 469.634
1034.43921 408.214
1044.49219 351.998
1045.43457 3040.02
1046.43530 1995.06
1047.43518 884.771
1051.47607 1105.48
1052.46643 638.274
1053.46851 802.907
1053.96606 658.802
1054.49927 333.009
1063.44568 24780.8
1064.44812 12861.6
1065.45044 4686.51
1066.45227 1078.77
1069.48560 1627.9
1070.47937 800.425
1109.48438 361.393
1117.49561 621.55
1118.00134 354.956
1124.47632 405.183
1144.50085 779.416
1145.49414 404.268
1162.51221 4346.3
1163.51318 2896.33
1164.51392 950.179
1165.52295 442.578
1168.44763 328.278
1180.51160 1155.81
1181.51331 965.762
1182.50586 452.759
1198.52405 1802.59
1199.51672 972.885
1200.50537 472.942
1273.54651 500.251
1274.53601 500.011
1278.48499 585.797
1279.49976 450.837
1280.47363 344.604
1291.55652 1637.18
1292.55396 932.34
1293.55151 532.23
1296.49695 725.332
1297.49158 586.902
1309.55591 1004.14
1310.54883 720.959
1327.56421 1502.59
1328.56458 1038.51
1329.55225 419.501
1343.57336 311.729
1407.52307 443.058
1408.52368 362.26
1420.59802 746.123
1421.57483 312.093
1425.54248 594.791
1426.53503 354.887
1438.59583 1107.24
1439.58582 934.864
1440.59082 346.841
1456.60950 2066.88
1457.61438 1165.23
1458.60352 483.773
1506.63135 593.268
1507.63049 428.29
1536.56934 830.669
1537.61682 561.651
1554.57886 755.885
1555.61523 822.872
1612.69849 367.317
1682.74829 350.597
