1864.90044 2
110.07114 1593.58
112.08680 910.242
115.08659 588.853
116.01630 408.194
116.07035 430.667
120.08067 2823.57
129.06606 309.303
129.10217 2107.76
130.06444 285.484
130.08609 401.734
133.04285 11442.6
134.04660 415.813
135.03862 244.57
136.06163 604.758
136.07555 2322.44
141.06604 433.258
141.10208 366.518
143.11774 3054.48
147.11258 894.529
153.10193 248.816
155.08121 498.982
157.06013 251.127
157.09940 380.959
157.13310 557.524
158.09203 1022.35
159.07632 3092.43
159.09149 2280.64
167.08170 343.906
169.09711 623.904
169.13290 446.837
171.07645 369.485
171.11267 4744.55
172.11620 399.641
173.07462 346.324
173.09200 399.914
173.12872 377.502
175.11877 6613.81
178.06346 365.51
181.09715 2601.7
183.11211 471.542
183.14896 563.079
185.09172 1013.27
185.12840 841.659
186.12271 252.916
187.07112 6361
188.07466 348.695
188.13860 497.852
197.12846 465.651
198.08734 243.978
199.05389 440.48
199.07167 705.719
199.10757 2041.59
201.06909 637.247
201.08691 863.782
201.12308 962.676
202.08163 427.558
203.11748 397.776
209.10349 449.193
211.14325 489.547
211.18033 353.476
212.10327 522.161
213.08653 912.335
215.13797 269.658
216.08006 5353.78
217.08304 529.344
217.13670 981.221
219.11263 286.78
221.12877 827.274
226.08260 432.17
226.11786 675.276
226.15503 549.591
227.10246 614.027
228.09743 715.375
229.11028 245.198
229.13028 1122.57
230.12875 645.221
238.11713 275.202
239.17416 268.146
240.13405 5432.38
241.08168 331.158
241.13762 690.794
242.14989 826.137
243.07983 279.698
244.09250 7876.54
244.12639 292.298
244.16493 1435.33
245.09375 669.768
245.13153 601.822
246.15573 1813.9
249.12296 1103.55
251.12018 595.273
256.12845 680.101
258.12460 1098.08
260.10617 1606.37
261.12558 299.288
264.08322 4630.47
265.08606 537.315
265.11780 370.449
266.07718 314.258
267.11533 472.882
269.15985 317.905
270.10800 391.123
270.14420 299.152
271.12479 253.657
272.12427 1161.62
277.11703 500.072
278.14902 254.476
279.11569 421.59
285.11951 369.958
286.12015 342.582
286.17630 262.5
287.13440 390.178
288.10132 366.047
292.07806 5733.03
293.08188 489.766
293.11209 953.892
294.07486 320.426
295.11206 400.613
295.17642 640.084
297.15405 339.211
299.13428 291.119
300.13626 311.54
303.11963 271.292
303.14923 1440.17
309.10083 268.306
309.15439 412.708
313.13086 262.438
314.15125 307.472
314.17355 255.256
315.13049 675.302
315.16898 257.707
316.16919 536.777
326.15070 304.997
327.13266 282.735
328.16556 1648.67
329.16513 410.343
331.14288 15176.1
332.14441 1892.48
333.14069 323.774
341.21399 274.499
342.12317 266.882
343.18298 313.657
345.22382 253.875
346.12317 261.515
346.17590 1676.66
347.17676 252.686
355.23438 333.699
357.21359 301.834
363.11493 734.588
368.15454 319.488
369.16074 385.823
370.17114 574.02
371.17508 1433.9
377.16669 258.283
380.16467 305.717
383.24088 379.02
385.21222 601.235
386.15906 312.609
387.15341 283.612
388.18469 361.048
391.14532 670.68
398.17612 509.391
399.20627 485.753
400.16226 263.423
401.21796 313.237
405.16205 3706.63
406.16394 800.39
407.15778 423.246
413.17401 278.252
415.20773 1375.09
416.21118 429.974
419.13931 602.261
424.15158 475.032
426.19659 261.89
430.20767 541.437
432.23355 1601.69
433.23880 356.31
439.19284 863.513
440.17706 618.774
449.21692 465.917
456.24500 357.192
457.20398 1154.6
458.20346 707.302
459.20782 456.408
462.18295 1119.26
468.24374 259.352
474.18176 435.077
475.21744 695.769
476.19608 927.974
477.21097 449.281
481.24365 264.209
486.24930 717.332
492.19766 412.535
503.27206 7122.09
504.27603 1892.89
505.28107 295.622
525.26611 274.059
526.26031 266.944
529.24261 525.248
530.24805 389.868
539.28253 271.768
547.27417 278.939
552.27802 341.521
553.26721 375.518
557.28973 296.748
570.29108 739.537
571.28320 679.849
575.26721 278.659
588.30188 657.796
614.30682 462.386
615.29938 312.632
624.31494 312.752
632.31390 1803.73
633.31818 578.308
641.33063 357.432
642.32233 647.266
643.31525 273.131
655.83582 433.895
656.33765 418.759
672.33911 295.594
686.31958 457.242
689.36584 1443.3
690.36469 408.231
703.35095 5166.45
704.35516 1524.49
705.36243 281.954
711.36627 414.089
719.88483 1072.48
720.39099 1085.76
720.88037 341.939
752.36212 276.106
788.46216 273.134
816.43518 3104.65
817.43994 1393.74
818.44672 282.544
842.39093 377.236
849.42786 304.766
849.92706 281.388
857.94092 862.635
858.43640 847.101
858.93622 353.667
859.41144 532.562
876.44171 432.251
887.47168 4184.88
888.47711 1947.8
889.48541 461.763
903.45514 390.915
913.45563 345.956
922.46106 427.871
922.95923 392.229
923.45673 317.757
940.45129 291.334
944.49432 536.682
971.51831 289.377
988.51923 4986.41
989.52203 2751.77
990.52649 544.386
991.50781 590.533
992.50128 282.29
995.47400 333.476
995.98895 307.991
1003.99670 782.905
1004.49591 1058.31
1004.99030 532.723
1005.48737 537.26
1005.96851 422.587
1022.56628 331.589
1045.56677 351.362
1046.55774 321.087
1069.51270 656.501
1070.01721 686.792
1070.52234 408.664
1071.55518 379.514
1079.49915 364.741
1089.56482 4071.45
1090.56775 2163.8
1091.58105 341.084
1102.58276 607.11
1103.57385 431.345
1119.59998 2502.61
1120.60474 1415.71
1121.61218 356.319
1122.57874 281.071
1129.53833 317.033
1130.03772 370.265
1130.53271 311.77
1143.04419 788.682
1143.55066 830.11
1144.04993 762.905
1144.55029 410.005
1159.59436 348.759
1169.55823 319.615
1178.05066 343.73
1178.56445 626.289
1179.04260 402.221
1179.54797 342.365
1185.58533 677.36
1186.58813 1650.34
1187.59131 819.811
1193.57141 532.9
1194.07385 526.685
1194.57764 532.091
1195.08667 349.276
1202.61694 322.258
1203.61157 4176.32
1204.61682 2738.09
1205.61133 725.181
1229.60364 373.153
1233.58154 421.841
1242.09692 491.06
1242.60193 1376.47
1243.10120 1004.66
1243.61499 506.295
1246.61719 942.226
1247.62488 501.978
1255.61707 287.936
1258.68738 353.704
1272.63403 1222.21
1273.62036 2819.34
1274.62000 1534.96
1275.62354 475.906
1290.64319 10116.7
1291.64331 7036.42
1292.65027 2120.05
1293.65186 529.498
1359.72534 347.132
1360.71155 296.039
1385.71851 547.505
1386.70483 1097.82
1387.70593 619.706
1403.72827 3908.66
1404.73047 2905.24
1405.72766 1079.29
1421.72058 456.115
1422.71802 434.504
1423.74890 277.674
1517.72729 381.572
1534.76599 1435.05
1535.77588 1160.91
1536.76611 528.992
1550.76868 301.625
1694.79285 400.896
1695.82532 272.524
1697.85815 390.116
1698.84119 325.96
