2834.35050 3
110.07124 544.464
120.08050 1858.86
129.10217 1654.15
130.08621 799.485
133.04283 997.934
136.07565 1321.05
147.11270 2019.43
155.08144 468.498
167.08096 469.258
171.11263 3389.66
173.12794 831.413
175.11877 1451.99
176.10629 521.477
177.10139 488.567
178.06357 675.108
181.09706 5603.52
182.10045 551.312
183.11302 578.966
184.10724 338.133
185.09186 629.789
187.07092 374.224
199.10759 6466.7
200.11198 419.108
201.12354 735.227
210.02512 345.241
212.10265 1053.91
214.11755 528.841
221.12825 15542.1
222.13231 2148.17
228.13428 656.811
240.13396 331.216
241.08015 358.559
243.13286 355.135
244.12990 373.094
244.16591 381.618
249.12311 3952.64
250.11624 369.716
250.12865 345.359
252.17090 545.675
262.13849 2733.34
263.14191 324.625
268.12842 766.572
270.18042 588.565
274.12192 560.178
280.16504 5502.48
281.16843 813.27
283.14337 2181.09
285.15515 330.054
286.13971 840.949
288.11859 650.268
288.20258 504.897
289.09641 2043.07
290.14618 513.306
295.13950 435.155
298.17572 2309.91
299.13477 606.515
311.13831 2742.28
312.14072 570.001
315.16608 731.453
325.14856 371.586
328.16501 551.663
346.17685 576.328
349.18622 715.985
356.10828 362.175
361.20782 2450.96
364.16330 359.259
367.19766 743.304
368.18976 335.417
381.21457 516.888
382.17358 645.568
384.22351 1461.13
387.18668 509.161
388.16260 690.829
394.20361 692.088
395.19086 853.002
399.22311 457.133
402.17859 969.364
410.20566 564.423
411.20102 519.435
412.21890 8837.38
413.22217 1897.72
426.19888 344.228
427.23352 404.507
429.21170 1639.72
442.21176 460.568
444.20758 334.519
447.22223 442.091
452.71979 541.083
454.19193 433.553
472.20264 2264.26
473.20462 505.351
474.21158 394.857
476.23450 2182.54
477.23990 446.843
491.74420 1052.85
492.24402 728.141
500.29071 400.21
501.24063 344.286
509.27316 402.791
510.18277 453.414
510.26831 787.536
517.23700 379.972
518.29657 430.796
528.19244 572.545
528.28192 1679.52
529.28467 400.562
535.25293 358.03
543.27679 802.837
546.29504 445.042
548.28888 994.874
548.78998 898.525
552.75970 1099.71
553.26117 1342.9
561.28168 855.718
571.27179 2984.18
572.27710 927.541
583.29535 409.981
586.24402 995.951
587.25854 434.69
596.30524 685.036
597.30414 393.723
602.29626 705.215
605.27631 2060.67
606.27881 512.823
615.31049 406.001
625.29700 382.185
628.30194 400.855
643.30865 870.137
654.25995 437.05
656.35950 343.805
658.31427 390.095
660.33673 585.308
661.33038 594.709
662.32001 511.283
666.32861 737.667
666.82324 474.576
668.28821 632.397
679.34070 339.278
684.35681 1893.06
685.30609 1652.69
686.31549 551.433
687.31152 508.969
692.31970 751.324
697.34772 677.899
725.67804 1211.02
726.01202 1062.12
726.34772 969.921
731.77826 363.113
732.28516 472.888
733.37268 1384.69
734.37836 531.697
741.29767 960.478
744.31201 568.26
746.34253 1825.83
746.83997 1384.21
747.34009 659.241
752.37946 458.554
752.85480 745.07
753.35815 794.713
753.85364 419.129
754.38477 443.703
758.30835 560.844
758.40503 426.717
772.34351 538.66
784.37952 389.877
786.38110 484.866
791.40192 460.702
798.40063 1083.51
799.40161 381.874
800.42383 743.768
802.88074 1380.73
803.38269 953.846
803.88965 466.843
804.83234 541.246
812.33478 1061.78
813.33411 724.21
814.34113 395.853
826.45380 355.232
826.94037 468.771
843.38507 1032.73
844.38654 1181.31
845.39423 492.956
847.41101 1033.46
848.43585 559.574
852.41437 580.257
852.92084 715.912
857.08099 626.812
857.40955 874.111
858.08447 446.225
862.75073 3303.11
863.08405 4565.48
863.41791 4012.03
863.75104 1894.88
864.08490 661.192
864.41705 470.809
865.40588 502.407
866.39069 400.759
881.40881 1128.7
881.90930 980.79
882.41785 465.96
883.41443 2776.18
884.41809 1105.12
885.41815 438.668
886.42291 649.497
887.41180 1804.56
887.90607 1148.55
888.39789 788.369
895.46112 390.543
895.95227 3596.17
896.41077 6309.51
896.90973 4888.88
897.41479 2664.02
897.90527 789.63
904.43640 6185.46
905.43628 3244.78
906.43164 743.957
907.91473 551.54
908.41681 628.14
908.92804 378.532
912.44214 368.039
912.77313 376.789
916.93164 469.355
917.44092 573.114
917.94025 354.276
932.48523 610.716
932.98431 674.619
942.45361 357.393
943.37299 1284.12
944.36853 619.45
944.94165 1571.59
945.43671 3978.59
945.94891 2583.6
946.44598 1789.14
946.96252 583.483
947.45618 828.778
957.93890 364.652
958.40979 1372.3
959.41351 469.143
964.47363 605.829
965.45831 490.474
966.45154 456.787
972.44348 1064.1
973.44794 517.571
975.45435 606.548
976.43451 423.77
982.48151 4507.94
983.48431 2142.7
984.48126 752.424
987.46497 410.808
995.97363 2153.19
996.47247 2110.67
996.97388 1285.04
997.47083 658.279
1014.96234 1498.37
1015.46130 2049.1
1015.96545 913.986
1016.46216 1278.88
1030.48413 430.75
1030.98425 487.183
1031.48340 467.958
1033.47852 4141.2
1034.47778 2137.09
1035.48315 651.667
1039.49048 2367.03
1039.98962 2676.18
1040.48621 1455.66
1040.97986 516.857
1045.53882 417.375
1057.47388 501.117
1058.54895 2554.53
1059.55762 1081.2
1060.55933 650.8
1070.00391 384.86
1070.50452 935.583
1071.51685 1521.45
1072.50757 1181.56
1073.48279 369.564
1078.55750 442.629
1079.00854 1864.16
1079.50647 3038.91
1080.00818 2337.38
1080.50110 1012.24
1080.99805 500.594
1081.49902 419.555
1086.50769 1075.74
1087.49072 1027.02
1088.01428 18233
1088.51514 21381.1
1089.01477 14199
1089.51318 5788.74
1090.00610 1801.36
1090.51270 504.919
1095.56921 2344.43
1096.57141 1373.9
1097.58167 378.329
1104.51453 10104.9
1105.51636 6071.74
1106.53418 1959.1
1107.55713 453.558
1113.52698 796.683
1114.02173 928.156
1114.52991 716.923
1115.02551 393.004
1127.52502 386.903
1128.01636 446.004
1128.53003 394.025
1129.53491 408.776
1136.02844 1004.83
1136.52759 1828.2
1137.02856 1550.89
1137.52698 837.475
1142.55298 512.942
1143.53320 431.135
1145.03540 5878.38
1145.54004 7768.84
1146.03552 4709.52
1146.54248 2678.02
1147.04565 665.979
1163.45532 2456.67
1164.45728 1456.46
1165.44788 874.993
1169.54883 404.232
1185.56287 1016.45
1186.55847 1145.51
1187.57898 482.673
1194.57227 1982.2
1195.07251 2814.57
1195.57141 1875.54
1196.07568 728.628
1196.58618 445.061
1203.58264 3891.72
1204.58386 2650.25
1205.59229 777.476
1220.55957 464.317
1221.05212 476.756
1221.57581 660.134
1230.56299 413.234
1232.60889 1652.77
1233.61438 1009.07
1236.57715 454.536
1245.08801 1174.26
1245.58936 1717.23
1246.09912 932.465
1246.60059 509.006
1250.07312 448.988
1250.58496 831.709
1251.08679 816.247
1251.58167 566.925
1255.60474 543.887
1256.58667 455.49
1271.60632 656.113
1272.59534 409.127
1284.60352 376.352
1285.11206 859.906
1285.62024 1116.31
1286.10986 429.616
1286.62854 378.257
1293.62244 3616.63
1294.12292 4563.49
1294.63379 3719.61
1295.11841 1989.91
1295.44409 536.825
1314.61804 1625.03
1315.62048 935.839
1316.62524 479.573
1331.64478 1890.53
1332.64270 1316.85
1333.66528 578.603
1345.50916 415.907
1345.75806 423.876
1351.52075 2110.87
1352.52661 2237.62
1353.53296 1569.03
1354.52832 779.949
1383.66003 757.707
1384.66113 558.181
1385.65149 412.214
1459.65161 441.903
1463.57397 380.379
1473.65784 431.551
1474.65210 944.38
1475.66260 698.97
1479.58435 877.903
1480.59119 916.447
1481.57813 557.816
1491.67615 5030.76
1492.67834 3705.71
1493.67761 1860.82
1494.68396 638.358
1587.74976 420.203
1604.75854 2945.78
1605.76184 2418.76
1606.76038 1215.41
1607.74756 391.387
1703.81982 1084.12
1704.82690 1176.44
1705.83606 462.407
1814.82690 531.534
1832.86951 368.118
1889.88354 656.665
1890.88513 972.008
1891.88562 483.681
