2052.91861 3
110.07093 2042.49
112.08677 1780.7
115.08623 840.566
129.10204 3903.32
130.08591 695.558
136.07570 1325.62
147.11284 1115.73
157.10802 1853.24
158.09189 1196.84
159.09052 1104.88
171.11281 999.413
175.11871 8520.94
199.10735 1049.87
214.12956 2235.49
216.09697 754.692
228.13400 815.759
272.17090 832.498
301.65506 1302.64
315.17801 915.101
338.18182 912.2
343.17175 3150.48
344.17227 891.603
355.16910 870.634
371.19193 826.018
377.67755 1020.1
412.19339 7008.16
413.19705 1009.95
434.71365 682.984
452.24530 719.372
478.24759 1059.05
478.74036 1151.21
483.21750 1002.21
487.25070 46550.4
487.75235 23264.3
488.25421 6564.3
488.75348 1161.99
501.26547 1683.16
505.24796 712.292
509.28256 1123.27
512.28589 3843.63
512.78918 2414.4
525.27722 2721.26
527.24182 1000.96
527.74713 823.73
536.25244 1035.58
542.74738 3927.32
544.76465 1432.66
545.26453 983.578
556.74487 971.394
557.80371 775.287
585.27600 1597.69
601.30603 1686.13
601.81128 867.924
602.30286 14908.4
603.30670 4895.34
604.31018 774.532
618.83069 888.199
623.27789 1151.04
627.29871 986.654
632.63922 3355.53
632.97363 2835.9
633.30072 883.141
635.87952 901.285
636.31226 1144.82
636.65125 828.521
636.97864 1403.87
637.30695 1096.39
637.65839 978.728
638.31732 1907.78
638.64624 2148.85
638.97675 765.885
640.30560 10368.7
640.64178 2624.06
640.97290 2569.17
641.30707 4491.95
642.31732 2796.37
642.65009 1875.38
642.98230 1114.22
643.31818 1189.61
646.31604 16683.3
646.64813 31707.6
646.98035 27574.7
647.31506 14123
647.64752 4303.92
647.97766 1166.15
649.30426 899.844
649.82446 1788.99
650.29852 1262.26
651.29535 920.736
651.58240 897.486
651.61963 838.771
651.68726 1174.41
651.77222 1112.66
651.83240 1001.25
651.88263 1165.68
651.93469 1275.41
651.97296 1286.24
652.03003 1482.38
652.08563 1870.23
652.12500 1756.91
652.31940 213281
652.51532 1508.72
652.65375 218436
652.83722 1783.46
652.98743 121973
653.16254 1106.55
653.32251 47377.4
653.46716 980.672
653.54663 886.068
653.66217 9793.78
653.84271 887.031
653.94019 966.602
654.02008 1166.09
655.31299 737.494
658.32269 55426.3
658.65552 38257.2
658.82690 11739.8
658.98914 19196.7
659.32617 11027.6
659.66083 1564.23
659.82208 1029.89
668.81598 798.812
673.30255 1150.25
673.62421 745.542
675.27606 956.051
677.32898 4991.14
677.82916 3126.58
678.33142 1673.68
678.97418 4643.92
679.30664 8539.99
679.63800 5273.7
679.97351 3203.95
680.30664 1312.76
684.37158 1365.32
684.97864 55537.9
685.31183 58838.2
685.64508 32651.5
685.97998 14453.4
686.31543 4033.2
686.81714 816.406
695.37885 1495.32
698.31866 1426.73
698.82147 968.251
715.84265 2770.23
716.34058 2952.55
716.85162 920.786
726.31177 910.433
738.27875 2764.6
741.38110 3170.94
742.37866 1166.35
750.45221 2022.72
753.26685 1413.56
754.34875 5598.4
755.34930 2086.32
771.29364 1073.03
772.38312 9632.09
772.88470 7074.85
773.38525 3733.41
773.88770 1075.42
789.37634 1636.38
797.88354 2316.95
798.38104 1795.15
798.88367 911.072
799.39099 1138.06
800.39209 3270.21
801.40265 1025.99
806.89258 3834.09
807.39575 3446.53
807.89911 1796.39
839.43677 755.244
847.50067 1792.81
852.31879 3117.22
853.30450 745.486
855.44708 780.797
862.41174 1031.74
863.41193 910.457
867.42847 1665.6
868.41675 1619.03
869.43317 1721.28
870.44861 1031.96
871.41052 2440.86
871.91833 1752.1
872.40302 913.519
876.92035 4039.36
877.42615 2882
877.92792 1839.35
882.41180 1074.76
882.91052 1149.11
884.44183 757.841
885.43958 1020.08
890.92017 3542.81
891.42041 3895.28
891.92102 1569.39
892.42572 895.819
899.92535 7481.85
900.42694 7074.76
900.92560 3978.62
901.42261 996.729
904.92493 832.939
905.40582 868.561
908.93939 940.511
910.48407 774.116
913.93207 1029.73
929.53888 897.527
939.45056 940.359
940.43878 1174.48
948.45514 3139.21
948.95239 3253.8
949.45624 1342.61
949.94080 848.436
956.46887 3881.4
957.46765 2584.84
964.44501 912.884
965.42426 2255.45
966.43787 1367.37
982.45795 15675.5
983.45740 7384.22
984.46368 2477.28
1000.46838 2127.05
1001.46594 1268.93
1015.41077 837.612
1054.47205 927.977
1069.48828 836.727
1071.49341 4444.58
1072.49658 2620.84
1080.43225 3351.36
1081.43787 1842.26
1114.59558 2131.49
1115.60474 861.746
