3608.63486 3
129.10211 1534.9
132.07678 1435.85
171.14868 5734.09
173.12784 29818
174.13133 2838.62
175.11844 7413.66
199.14354 6594.27
201.12279 53476.2
202.12653 5467.79
214.11873 2494.37
227.10286 3607.06
255.16937 5138.63
258.05304 1454.55
275.07999 12909.5
276.06232 1388.99
282.18140 2044.55
300.19083 42355.3
301.19485 5302.68
304.16040 2317.83
310.13818 4164.17
313.18637 4615.17
328.14935 4622.96
371.26627 2290.16
374.14813 3404.37
389.12222 5336.42
397.17780 2193.36
399.25760 6635.49
400.26199 1492.86
409.20569 2283.65
414.23499 1700.12
417.24399 2412.91
424.18164 2146.76
427.21802 3382.56
442.19000 1663.58
457.18860 1427.57
473.22031 1403.35
488.18854 2782.44
504.27628 8891.15
505.27936 2526.1
513.30206 4318.67
523.25421 2272.69
565.29846 1828.66
617.35938 7611.54
618.36719 2232.72
673.33649 2641.28
730.32239 3997.75
746.40057 8174.93
747.40833 3360.9
780.30505 1549.93
797.32208 2307.66
798.30933 2632.71
815.33032 1904.12
875.44470 8494.42
876.44745 2622.9
896.37604 1527.09
915.93030 1570.57
916.43463 2931.61
916.92999 1779.85
936.09308 1624.21
941.75696 2806.14
942.08936 1511.69
973.44305 1861.07
973.94086 2598.13
992.41492 2666.89
1022.51172 17724.8
1023.51337 9420.55
1024.52856 3032
1046.98132 2975.83
1047.47424 6886.15
1047.97900 3988.66
1048.48352 1599.05
1104.49622 2723.99
1104.98242 3025.11
1105.48242 2810.14
1155.01611 4605.66
1155.51074 4333.26
1156.01782 3567.54
1185.57947 20849.6
1186.58044 11821.1
1187.58398 4841.15
1189.50830 1930.84
1190.02039 2158.98
1198.53162 20914.7
1199.03247 30399
1199.53345 21229.8
1200.03064 8952.3
1200.52527 2971.71
1203.64209 3308.17
1204.57275 2488.11
1248.05762 6173.99
1248.56555 10233.2
1249.06653 8522.44
1249.57446 4620.87
1298.62915 13470.9
1299.08875 16911.9
1299.60901 11958
1300.08630 6157.98
1300.63586 2865.55
1354.61035 2171.28
1355.09741 2417
1363.11072 4434.03
1363.61182 5563.23
1364.11877 3767.7
1364.60925 1848.73
1393.62720 2304.05
1394.12378 2842.65
1394.62939 3598.05
1395.13416 2281.85
1402.63208 5474.72
1403.13232 9835.72
1403.62732 6829.91
1404.13647 2999.29
1404.66626 1542.36
1411.63855 42047.7
1412.13843 64519.6
1412.63647 58979.5
1413.13721 30333.9
1413.63538 10065.3
1426.75623 8960.06
1427.75928 6006.94
1428.76233 2934.39
1460.14355 2936.65
1460.66016 4966.26
1461.14722 2983.5
1468.65417 8078.14
1469.15662 13733.2
1469.66443 10821.6
1470.16125 6080.81
1540.66052 2432.65
1541.78674 2429.19
1542.77637 1639.45
1548.67664 6079.25
1549.17114 7489.67
1549.66382 6224.88
1550.16321 4673.99
1550.67236 2629.63
1597.18787 3593.61
1597.68884 3822.9
1598.19226 4107.95
1598.68640 2519.13
1605.70154 7233.11
1606.20007 12336.4
1606.69849 12585.2
1607.19275 9761.99
1607.69617 4437.65
1612.17749 2272.77
1637.70081 1645.49
1655.22778 2309.13
1655.72778 6488.86
1656.22766 5137.35
1656.73132 4341.81
1657.23999 2446.13
1696.76563 1543.69
1701.80786 3236.25
1702.82642 2764.44
1704.76074 1993.23
1705.25757 2532.29
1705.75989 2259.74
1706.29346 1658.52
1830.86072 3939.05
1831.85657 4625.28
1832.85681 2033.93
1945.89429 1795.17
1946.90063 2805.48
