2466.11240 3
110.07076 252.462
120.08022 293.396
129.10162 225.275
133.04260 637.802
136.06122 180.609
147.11256 469.651
159.07506 262.746
187.07069 996.665
187.14375 188.191
215.13890 297.292
243.13237 245.242
252.10768 297.393
259.09277 324.368
262.08432 282.982
272.06845 359.99
276.15341 188.848
290.07904 879.319
300.15366 192.994
316.11124 354.139
333.17545 999.312
350.21750 640.678
381.14951 230.99
394.00348 218.731
395.01065 213.05
401.11182 508.159
403.16196 264.055
434.22256 1712.66
435.22681 196.665
464.26169 290.862
506.26627 201.412
514.19397 196.523
532.20447 218.332
565.26056 883.29
570.79187 223.188
593.30200 807.611
611.25293 224.715
666.30884 2123.84
667.31305 676.145
668.31757 227.81
712.37653 255.995
724.33783 326.79
740.36829 1137
741.37463 283.109
777.33679 714.245
778.34320 306.59
795.35065 2841.86
796.35248 963.982
797.37274 228.309
823.40674 1428.44
824.40515 798.471
841.41827 1436.96
842.41809 634.302
890.42883 218.365
908.43481 2308.55
909.43915 1035.28
936.49005 805.146
937.49054 403.388
954.50110 867.879
955.49731 270.842
1011.52539 951.701
1012.52094 388.003
1019.47235 394.976
1037.47522 1490.65
1038.48035 639.729
1140.56506 948.235
1141.56384 638.827
1197.50952 1378.82
1198.51233 841.946
1199.51660 293.811
1269.60608 675.295
1270.60474 599.986
1309.52368 236.884
1326.55273 533.904
1327.55542 350.163
1512.60571 375.957
1513.58643 218.175
