2448.04923 3
110.07105 5437.34
120.08052 3787.24
129.06578 786.503
129.10205 4965.19
130.06468 1373.34
130.08626 1813.8
136.07547 4201.94
139.05081 577.024
141.10249 534.971
147.11269 4807.11
159.09143 11808.4
160.09486 926.659
166.06021 585.857
171.11212 713.173
173.12747 581.509
175.11862 2869.56
181.06047 2371.72
184.07173 1677.6
185.05507 841.209
186.12296 1680.6
187.14320 502.256
198.08655 531.547
199.07127 3915.61
200.13998 801.128
201.12201 617.784
202.08202 967.165
204.11169 503.493
208.07062 547.373
209.05566 943.381
210.02422 501.41
212.06567 1709.24
214.11855 2356.41
216.09731 1248.91
217.08250 1096.93
226.08199 4771.55
227.06610 4728.26
227.10065 1233.03
228.13379 684.322
229.09282 2732.29
230.07677 3924.96
233.12822 4646.76
233.16319 650.223
244.09233 2173.37
244.16518 847.416
245.07672 2110.82
250.11819 2137.5
251.10277 513.588
251.15018 1672.08
252.09656 569.884
261.12259 2810.77
261.15924 784.31
266.11328 878.973
272.17398 601.173
274.11935 658.227
278.07733 1008.48
278.11267 4033.55
279.09845 561.192
279.11432 547.611
284.12283 566.19
288.20190 555.388
292.16473 506.537
296.08734 1535.35
296.15051 907.18
298.12061 653.372
300.17340 509.713
302.11346 2078.03
310.17551 3388.03
311.13361 626.612
313.11404 747.326
313.15247 694.135
315.14532 1406.84
323.09738 2072.93
324.08142 1550.02
324.14322 1720.35
327.09308 1416.29
327.14426 843.368
328.16147 1363.98
340.12387 1285.58
341.10965 6108.89
342.14810 535.537
344.11905 1196.77
355.13956 2041.33
358.13260 652.254
359.11844 1689.78
363.12747 653.083
366.14124 619.614
372.16708 1399.96
373.14819 1003.69
375.09531 950.022
375.16370 877.667
380.15500 607.04
381.13931 876.429
389.21686 1277.93
390.17831 605.762
392.11938 2790.88
393.13858 4289.26
394.14493 747.629
395.20355 1116.51
407.22842 18424.2
408.23090 4087.02
409.14435 1005.48
409.23312 586.102
410.12958 6034.05
411.11044 1076.55
413.13187 789.353
415.19299 647.303
420.11401 2588.5
421.09521 1141.85
421.16092 1093.58
426.16135 956.082
427.15753 2432.9
428.13861 1703.78
437.14130 2042.51
437.22870 1780.14
438.12479 8086.11
438.19910 588.407
439.10413 1189.96
439.17056 5627.33
440.17279 1306.73
443.19308 703.172
454.16623 644.379
455.15128 6234.73
456.13150 3604.7
457.13171 601.956
459.22189 579.836
465.17529 2570.81
466.18173 591.937
473.16214 2699.64
474.16031 2716.93
474.28152 1685.48
483.19708 1648.99
491.18768 1800.19
492.16763 3706.48
492.22537 542.909
493.16916 911.39
501.20953 1645.32
503.25815 677.375
504.24423 2018.85
505.24747 698.369
508.21255 844.193
509.19806 3350.09
510.18219 1596.42
510.24438 569.715
521.27069 7488.42
522.27338 1965.9
526.22546 1606.07
527.20715 1669.72
536.20917 853.399
537.19257 1743.4
538.17413 739.492
544.22528 736.875
551.22137 1109
552.25842 2243.63
554.21924 4610.84
555.20972 1549.95
562.18451 671.15
572.23260 1448.7
579.21759 3581.94
580.21924 1379.31
582.26373 599.675
589.17645 762.11
589.30682 1728.02
593.26801 9935.33
593.76996 7177.63
594.27130 2249.37
594.77380 727.724
601.25977 718.058
606.20776 588.452
614.32495 1248.04
634.21515 794.965
639.27820 881.295
642.25055 898.936
649.80786 1650.15
650.31146 1918.79
650.81403 628.261
651.24426 687.65
661.28754 562.008
664.30170 858.722
665.26123 1123.29
666.26221 549.667
675.27899 691.099
678.29102 679.984
679.28699 607.359
692.29858 1985.3
693.29773 555.52
704.33508 1201.3
715.31854 1764.89
729.36230 675.76
730.34564 1584.25
731.34991 615.173
734.35455 625.146
738.33362 2421.33
739.34186 739.894
742.85065 3150.93
743.35083 3232.33
743.84839 1037.1
747.36621 34248.7
748.36932 13422.1
749.37225 3029.37
754.29639 1250.8
775.37384 2624.94
776.37946 961.272
779.30804 4177.18
780.31110 1569.47
783.12262 959.895
783.45325 2384.16
783.77930 847.899
791.37085 678.496
792.33929 589.697
800.36249 3995.85
800.86322 3646.03
801.36603 2765.88
801.70245 618.565
802.36224 838.807
816.06073 639.457
816.35022 696.855
816.47778 1084.27
816.75610 847.799
817.29626 563.606
817.48212 1320.13
820.41620 1090.32
821.42346 861.789
825.32159 1196.3
826.35223 676.417
829.35797 3145.88
830.36371 1302.53
831.36310 883.349
840.34052 729.807
845.37250 735.011
853.36133 2085.47
854.36462 796.999
859.41943 670.177
862.39221 9742.44
863.39722 4265.08
864.39380 1468.11
873.38867 684.638
881.89471 4879.4
882.39545 4555.2
882.89636 2331.25
883.39667 732.344
886.88403 924.393
887.39142 1141.05
887.88611 591.807
892.39056 935.646
901.40540 1010.2
902.38855 579.297
904.41235 3398.74
905.40808 1861.99
921.89716 945.685
928.42670 963.872
930.40717 1986.04
930.90100 2011.73
931.40814 1153.22
931.90320 656.062
935.37732 650.1
938.91626 9001
939.41522 9296.05
939.91791 4987.58
940.42346 1890.15
941.35944 577.537
943.91339 1063.27
944.40710 1822.78
944.90442 1827.43
945.40063 1255.88
980.43945 769.049
987.44000 748.783
988.45117 3060.99
988.95087 3862.6
989.44989 2341.48
989.95978 949.153
990.45697 734.698
993.43188 811.375
993.93201 753.497
994.44440 898.093
999.42242 588.464
1013.55988 687.675
1015.44092 2715.76
1016.43164 3810.73
1017.43304 1770.86
1018.44037 703.414
1028.96118 622.452
1031.44470 762.624
1033.45593 8920.53
1034.45630 4273.5
1035.46057 1243.1
1036.94360 804.664
1037.46069 702.844
1039.41772 732.364
1045.47058 1292.81
1045.97302 2135.73
1046.46265 1609.34
1046.97644 895.147
1048.46985 14015.9
1049.47388 8066.55
1050.47668 3203.55
1051.46948 740.023
1064.07373 736.179
1064.58704 622.415
1078.46680 1021.08
1079.46143 747.687
1102.99084 1083.58
1103.49585 1173.94
1113.43872 886.725
1114.52148 926.254
1130.46533 5302.46
1131.47058 3720.51
1132.52332 7551.71
1133.52600 3413.65
1134.54077 1330.52
1140.44031 763.579
1141.43384 766.94
1157.50146 652.259
1167.54041 794.195
1168.51477 1489.4
1170.51807 567.661
1182.54736 736.014
1183.54724 719.88
1185.53113 18061.9
1186.53149 11904.8
1187.52881 4580.16
1188.52075 1010.08
1193.49438 1176.98
1194.50708 943.96
1195.51025 632.257
1200.54614 768.649
1201.55151 1186.22
1229.53235 1634.1
1230.53979 1323.67
1240.51123 685.356
1242.54370 828.55
1243.54761 1873.14
1244.54443 1080.16
1253.45642 851.073
1254.45667 738.707
1260.58728 2232.15
1261.58655 1281.98
1298.61426 3884.61
1299.61438 3204.72
1300.61719 1416.52
1343.58875 813.435
1344.58215 865.008
1356.56763 2089.48
1357.56519 2160.07
1358.57898 987.274
1458.59717 580.743
1470.60364 2290.72
1471.60657 2147.83
1472.58850 1127.3
1484.70410 919.995
1485.69702 1216.19
1486.72571 794.695
1569.67993 954.384
1570.68616 917.352
1599.72668 1225.36
1600.71741 1290.29
1601.73120 685.439
