1857.80289 3
110.07092 2236.81
120.08064 1611.56
129.10197 8278.35
130.04988 364.638
130.06476 5884.3
130.08600 1534.74
131.06802 437.568
132.08041 481.558
133.04291 382.607
136.07542 1356.58
142.06087 2022.76
143.11748 925.06
147.11261 3781.49
159.09135 6578.54
160.09488 799.828
167.08112 668.447
169.07556 1510.62
169.13333 526.166
170.05975 627.195
171.07590 654.535
171.11255 905.208
173.12814 663.795
175.11870 2661.61
183.11285 844.054
185.09151 474.235
185.16570 427.989
186.12285 498.275
187.08556 635.513
187.14389 1485.97
197.12740 507.116
199.08568 2337.06
200.13863 677.674
201.12308 715.764
203.10245 2729.57
208.10643 375.429
211.10725 615.577
213.08601 701.601
215.13829 1401.67
217.08191 363.508
218.14993 514.031
219.07936 1096.09
225.06544 387.165
226.11569 376.362
228.13358 1677.73
231.09726 2346.75
233.09480 517.45
233.16412 400.842
234.12358 595.776
239.08092 1122.49
240.13181 533.275
243.13393 802.096
244.09186 591.578
244.16550 909.134
245.07649 1138.19
247.07382 898.823
256.10797 3164.52
257.19754 639.203
261.08948 1124.77
267.07578 454.681
273.13391 13342.4
274.13791 1862.23
275.20694 2580.68
276.16949 424.691
283.12021 1300.27
284.10263 2448.36
296.67596 579.211
301.12903 4277.16
302.13266 696.113
307.17508 414.213
311.17139 376.423
314.19476 1118.62
322.18726 777.223
325.22003 691.246
328.11426 997.38
335.17023 704.563
346.12347 5749.04
347.12732 907.029
354.13913 430.077
358.10385 571.446
376.11658 1175.81
384.16644 429.982
387.27054 612.219
401.16751 401.417
402.17615 660.494
404.22665 646.996
418.75092 635.775
446.23813 857.546
463.26688 1032.97
471.32794 5176.78
472.33228 1313.39
474.26852 632.34
476.74500 695.643
477.16388 836.729
477.69589 483.413
481.27780 647.324
483.27097 471.623
516.31268 727.902
522.26685 557.384
532.26123 608.273
540.34991 1664.26
542.18719 423.989
548.79425 794.42
549.29590 406.394
553.30609 1630.08
553.63812 969.66
559.30994 828.469
559.64246 418.805
562.29785 578.324
574.27661 449.84
574.64685 853.094
574.97894 888.26
576.64783 403.987
576.98596 549.307
580.64856 2615.6
580.98279 2736.73
581.31641 1376.79
581.65356 594.284
585.65533 790.387
585.98700 1811.21
586.32129 882.69
586.65662 1081.67
586.98944 611.017
592.34412 8910.81
593.34680 2635.98
594.35248 464.927
597.35724 441.86
601.18781 471.104
606.21094 479.34
606.30695 920.789
606.79633 974.47
607.27850 576.948
609.37061 1270.86
612.19336 903.088
613.19135 487.911
615.31177 480.912
617.35992 757.026
618.29279 670.706
618.37207 1392.7
618.64868 486.223
618.85040 575.963
619.29517 1645.44
619.38361 928.442
620.33472 1039.96
620.98334 446.298
627.38141 4774.31
628.23218 737.593
628.38599 1531.96
629.22302 714.764
635.32617 623.753
635.82245 424.632
636.30878 1432.58
638.33112 809.389
640.87634 1568.83
641.38263 782.051
646.24451 1199.42
650.29474 460.141
661.82227 725.051
662.32690 701.995
664.29840 860.513
664.79742 553.639
670.82532 903.241
671.33057 1121.35
709.41339 989.271
709.90692 438.384
712.34204 658.595
712.82959 478.591
719.81799 737.832
721.35132 2213.76
721.85419 1619.94
722.36389 890.503
725.35828 4437.65
726.36481 1175.48
727.38586 716.703
730.35736 555.876
730.86243 891.246
734.33044 451.769
737.33441 834.127
740.46484 526.109
743.23816 412.505
750.36743 427.459
751.33459 1859.39
752.34357 613.91
752.92261 1041.24
753.42572 1056.53
759.27759 535.214
760.25720 634.441
777.38098 554.412
779.33936 1450.63
779.47302 897.542
779.84137 1076.31
780.33728 1218.96
780.49072 452.958
781.33246 645.254
797.49084 783.029
798.49243 451.045
801.45850 432.102
824.50055 478.747
833.33002 464.959
836.49615 3953.31
837.49945 2016.12
838.45050 435.835
854.50879 3081.34
855.51544 1075.67
866.36108 2811.26
872.51367 777.408
893.41882 455.97
895.46393 1567.14
896.46429 867.733
934.47839 647.074
947.53430 574.992
952.48474 6063.78
953.48712 2906.78
954.49243 413.965
965.54108 1832.25
966.53723 830.322
983.54797 1274.67
984.55786 768.971
993.46887 571.394
994.46930 1518.92
995.47253 1192.92
1003.34259 464.521
1013.42798 4827.64
1063.52039 1405.69
1064.52393 671.397
1081.52991 1666.18
1082.53979 710.37
1096.57178 493.888
1110.44299 692.489
1114.59448 425.948
1123.51501 721.882
1127.47144 2593.58
1211.60315 800.444
1212.58667 1128.96
1213.58032 526.914
1229.59607 703.743
1327.59033 815.335
1328.59424 615.75
