1983.13236 3
110.07101 3433.87
119.08115 468.46
120.08054 2686.43
121.08391 234.628
129.10197 1807.07
130.08598 1095.3
136.07562 2285.9
138.06598 329.375
143.11766 340.503
147.11256 3222.07
156.07672 782.083
157.13322 20610.5
158.13695 1521.4
159.09120 378.062
171.11270 294.817
173.12828 2365.8
175.11894 947.82
183.11237 299.092
183.14877 330.679
185.12813 16847.3
185.16547 505.073
186.13231 1380.18
195.07593 1203.75
199.18021 5037.69
200.18385 559.858
201.12283 2065.09
203.12094 315.144
213.08699 782.314
213.15933 481.51
215.13875 371.789
217.13664 391.547
225.19574 281.005
227.17516 2731.82
228.13248 347.053
228.17816 314.712
230.11296 669.859
231.11526 255.333
240.13432 457.028
242.15039 269.121
245.13144 341.27
253.09270 1218.11
253.19057 2136.86
254.19330 267.513
258.14355 526.561
260.19650 1008.37
272.15979 278.355
273.13452 947.01
277.15390 352.672
281.08740 565.21
282.18036 390.844
298.21207 9952.2
299.21500 1640.15
301.12912 2003.52
302.13232 287.841
317.21744 2460.93
318.22147 316.031
322.15033 863.252
326.16904 250.3
332.14020 1046.93
343.23166 423.024
350.14539 5608.81
351.14746 917.378
371.22470 253.903
383.30023 435.955
389.18500 540.634
395.26324 327.595
396.20111 553.582
404.24960 5367.33
405.25256 936.408
411.29654 585.693
414.21173 465.113
416.15546 1001.8
426.13629 311.171
431.23300 424.098
435.23566 468.902
443.23682 424.787
444.15060 1785.8
454.23590 262.972
463.23041 946.427
467.20590 474.684
474.27344 465.811
485.21317 2346.11
486.21536 517.935
488.25351 352.936
495.19714 958.664
496.20526 262.454
500.25598 1677.35
501.25836 480.57
502.26767 470.529
504.79858 411.104
513.20850 4562.79
514.21179 1251.78
517.33319 4022.36
518.33374 1049.66
528.76056 346.254
529.23639 326.274
530.23663 334.365
544.31567 300.109
548.31915 278.299
557.22961 591.051
558.32642 322.974
561.30255 337.378
567.31976 279.056
571.29108 467.529
572.21765 314.419
576.31421 710.638
589.29944 427.091
596.31525 269.719
598.29614 2205.58
599.31543 981.441
608.27802 693.418
626.29224 6609.58
627.29541 2282.5
628.30396 661.112
645.30103 419.661
648.37421 7549.78
649.37720 2520.84
650.37860 772.442
660.37335 610.948
661.24280 828.439
661.39423 1241.12
662.32404 2900.56
662.42426 358.531
663.32208 732.515
671.87482 306.294
672.38629 489.824
680.88525 5282.53
681.39032 4059.78
681.88605 1657.37
682.38928 335.574
684.37439 270.856
685.87598 415.2
686.37860 277.462
689.37616 273.873
697.36627 458.273
707.35144 326.85
711.38165 885.019
712.38470 323.447
721.39911 619.761
721.90137 425.925
725.36066 3315.48
726.36029 1499.74
738.40002 1130.1
738.90173 728.612
739.37701 2953.01
740.37946 1326.4
743.39032 991.276
743.89142 855.69
744.40271 354.867
746.39050 524.569
747.44476 3860.39
748.44617 1459.58
749.44958 485.123
756.41669 359.546
758.37500 269.384
760.43866 529.594
777.92029 2701.04
778.42114 2299.51
778.92236 1260.26
779.41809 317.861
786.92474 9263.43
787.42645 8633.98
787.92694 4706.67
788.42657 1242.81
791.40674 551.253
801.45422 374.909
808.39844 1910.82
809.39893 660.321
810.41193 692.003
811.41827 285.019
824.47308 316.705
826.40735 1165.84
827.40533 494.999
834.46326 559.594
834.96466 520.38
835.47473 324.059
838.44214 1056.69
839.44861 653.112
843.46582 4888.73
843.96844 4605.98
844.46765 2406.18
844.96686 515.346
848.48889 10504.8
849.49194 4540.06
850.49329 1530.38
851.50592 289.007
852.46021 1242.99
853.46307 682.202
887.42957 1271.27
888.43152 614.131
889.44244 384.314
891.53241 288.438
893.45831 354.311
895.50592 303.517
900.01147 1501.12
900.51105 1386.48
901.01263 968.123
901.51123 337.036
907.46771 944.037
908.46741 742.038
909.48145 410.413
920.45319 508.28
921.47302 771.354
922.47339 313.312
923.49622 1736.56
924.50238 899.908
925.48102 1134.36
926.47687 448.392
929.54034 358.764
939.49591 362.733
941.48969 434.714
947.55688 7705.22
948.56030 4044.85
949.56317 1359.66
951.52325 647.152
952.53564 366.263
1008.59540 377.557
1018.46082 458.209
1020.56439 414.941
1034.56348 538.533
1035.55261 308.305
1036.58105 1833.97
1037.57922 1162.49
1038.57581 621.607
1042.62915 408.654
1051.48315 302.471
1054.59167 286.003
1056.51123 1086.56
1057.52563 740.574
1058.52283 278.78
1060.64014 9349.68
1061.64636 5092.06
1062.64990 1859.78
1063.65576 514.195
1089.50830 608.213
1090.50061 488.118
1122.52026 557.727
1133.62195 467.128
1135.64771 805.93
1136.65662 587.775
1151.63660 379.849
1169.59778 984.303
1170.60364 571.272
1205.68201 367.31
1218.68542 831.212
1219.68982 679.083
1223.70496 6321.17
1224.70776 4477.77
1225.70874 1787.87
1226.72083 384.895
1236.53687 405.672
1282.67908 369.636
1283.68652 435.022
1295.64417 473.963
1296.64673 294.368
1313.65857 452.18
1314.66870 419.401
1360.76367 901.305
1361.77551 676.131
1408.72412 301.967
1426.73401 438.181
1427.76123 342.27
1475.78821 761.906
1476.78235 550.045
1477.80786 346.495
1572.83899 1046.05
1573.84802 790.359
1574.83435 455.186
