1993.79514 3
112.08659 566.628
120.08063 10529.3
121.08420 638.593
129.06578 7964.47
129.10217 11972.1
130.08606 556.396
130.10532 667.039
136.06155 948.416
147.07629 22563.1
147.11275 911.699
148.08000 856.377
157.06065 7882.54
157.10718 606.939
162.09117 506.839
175.07121 19144.4
175.11876 2769.36
176.07484 1219.74
189.08818 1588.54
189.10033 1394.04
198.08662 727.475
199.07132 2577.74
200.63675 809.544
207.11266 17894.6
208.11655 1909.08
215.13870 572.472
216.09764 1681.03
217.08232 4809.71
222.12517 455.161
226.08223 5909.08
227.08754 475.278
234.10912 658.696
235.10751 6797.53
236.11285 454.803
240.13402 7840.82
241.13774 935.772
244.09254 20607.8
245.09564 2248.05
255.14516 1039.4
256.15268 5466.53
256.65436 1031.59
258.14429 3124.15
259.09079 1213.41
262.10294 4608.28
263.10477 451.004
265.15787 3429.32
265.65964 855.792
272.17148 14286
273.17496 1673.16
286.12106 611.485
304.12982 3150.61
305.13339 500.906
315.16519 444.298
322.13950 2400.76
322.67166 2906.96
323.17236 1456.24
328.10950 554.923
330.05835 445.21
345.15591 960.547
346.11899 2466.9
346.14880 983.346
363.16663 3088.9
364.14557 982.985
369.17465 1067.93
373.14929 927.006
380.18539 1457.85
380.68484 451.145
381.17609 2156.11
387.18777 688.993
391.16043 2872.15
392.16351 717.342
400.26648 8651.31
401.26901 1702.57
409.17249 931.205
414.69577 3129.09
415.19461 1173.39
415.69925 557.336
426.19724 683.804
433.17014 2335.84
434.16736 438.157
451.18179 1318.79
456.20889 566.669
460.17978 716.968
461.87820 443.551
465.19489 500.404
470.21045 862.83
470.71436 524.776
474.21854 822.472
475.17624 497.121
479.22147 496.505
490.55258 456.269
490.89047 1029.42
493.19232 1781.63
494.19272 519.301
496.55807 3423.51
496.89246 3796.71
497.22537 1206.51
498.71881 508.917
499.21725 551.015
500.22565 597.212
507.72739 6218.95
508.22849 2829.82
508.72794 867.542
511.29813 1190.88
512.29633 460.956
513.22900 695.482
529.30933 11229.9
530.31232 3127
531.24060 837.697
539.57800 1887.81
539.91119 1895.43
540.24585 598.408
545.58081 6905.26
545.91492 7414.83
546.25018 3680.44
546.58405 1186.98
552.23285 523.969
556.71509 802.364
556.90833 597.701
557.23450 465.232
562.21210 1388.38
562.58459 2434.36
562.77167 1171.98
562.91797 2568.57
563.25958 2245.77
563.58105 730.162
567.29443 1152.76
567.78601 1456.86
568.29431 814.817
568.58813 15578.7
568.92175 12760.2
569.25586 6268.73
569.59149 2155.68
571.77539 14912.3
572.27600 8604.89
572.77594 2979.87
573.28571 546.364
574.59155 10558.3
574.92560 10386.1
575.25934 5223.27
575.59430 2271.77
577.92474 520.473
578.23383 474.216
580.22211 1494.98
580.77325 535.429
585.92023 1307.39
586.25726 1425.01
586.58911 581.809
589.22144 546.938
591.59808 1267.62
591.92957 1398.27
592.26593 815.37
592.59863 559.614
595.80701 2892.97
596.30695 1806.34
597.59808 2122.98
597.93243 2086.24
598.26776 882.986
600.65906 559.503
600.93225 817.027
601.25348 1701.52
601.58636 1771.42
601.91858 578.677
603.60089 5277.3
603.93616 3944.99
604.27087 2576.63
604.59290 585.619
606.93250 940.691
607.25165 1689.45
607.58832 930.125
608.30701 2275.74
608.80688 1207.25
608.92712 500.295
614.23535 497.533
614.93561 1785.08
615.26343 1671.59
615.59766 691.069
616.29736 531.014
616.82117 6352.61
617.32117 4225.64
617.81561 965.066
618.28949 923.885
618.78394 748.363
620.60498 2592.54
620.76215 3052.39
620.94189 2780.19
621.26984 3805.45
621.59845 481.165
625.82922 488.917
626.33081 760.72
626.60791 3403.48
626.94312 2725.8
627.28845 10159.2
627.60852 979.468
627.79175 4420.09
628.30151 1414.03
628.79315 471.977
632.61285 4947.08
632.94653 5026.48
633.28137 3758.38
633.60736 1839.09
634.96948 477.132
635.78503 510.465
636.29620 12880.9
636.79773 8299.74
637.30029 2937.65
637.79694 908.388
641.28821 705.439
644.33594 7588.51
644.79462 908.285
645.34625 2282.68
645.78064 471.023
651.80603 700.839
656.80511 582.159
657.29572 1642.34
657.79877 854.707
660.29004 1484.05
661.28906 496.945
665.27753 658.92
665.80634 7892.34
666.30896 4950.87
666.80579 1031.46
676.27948 1405.96
676.78320 1074.05
678.30768 893.237
682.80713 1220.86
683.30865 1214.13
685.28369 1430.9
685.78607 1455.15
690.32123 576.787
691.81305 9651.37
692.31250 6370.83
692.81299 3202.03
693.31232 723.047
700.81689 11611.3
701.31946 7789.93
701.82135 2759.64
702.32336 1105.3
708.32397 586.124
714.81146 748.663
715.31061 613.919
717.31720 1030.94
717.81165 925.843
718.32062 547.561
726.32751 957.062
726.81830 2343.77
727.31952 1728.73
727.81738 643.68
729.30786 742.839
735.32776 7545.74
735.82837 7179.83
736.33344 2654.35
736.83350 811.778
740.80664 1764.79
741.28857 1034.29
741.80536 500.361
743.27753 1619.96
744.33313 63068.7
744.54059 476.344
744.60266 554.519
744.83368 42555.7
745.33588 19497.4
745.83716 4603.13
746.33533 1183.65
747.31842 582.825
749.33246 1383.52
749.80975 1155.59
750.30463 941.761
753.33893 1063.85
753.83905 991.162
759.36359 3394.17
760.36755 1001.04
765.34332 936.242
766.34534 561.145
784.31512 1227.6
784.81171 1091.43
785.31506 507.558
793.32141 9959.3
793.82251 7655.88
794.32471 3189.29
794.82355 645.897
800.35229 549.146
800.85217 701.272
807.34900 658.151
808.86310 5234.01
809.36151 4423.52
809.86414 1859.67
810.36603 1161.24
811.35962 2069.7
812.36481 1012.13
817.86841 31053.6
818.36853 24889.3
818.86963 12356.8
819.37140 4295.2
819.87360 760.705
822.86133 565.326
823.36475 522.798
826.86365 573.483
828.38550 5760.45
829.38409 2217.71
830.39337 760.507
843.36938 679.918
843.86725 1548.01
844.34296 1628.85
844.86316 536.856
845.33740 542.451
846.38855 733.762
852.37842 6141.54
852.87805 6102.04
853.38080 2750.76
853.88159 976.078
857.86194 1168.01
858.35071 700.531
858.85736 511.871
861.38300 40073.7
861.88489 36274.5
862.38641 18537.4
862.88763 5903.54
863.38617 982.132
866.85657 4333.65
867.35944 3622.42
867.85297 1020.81
868.35571 506.314
870.39197 1226.55
870.89758 783.119
871.37891 726.581
872.31097 543.91
876.38318 581.185
878.37891 570.162
887.38184 1486.19
887.87946 664.659
888.38037 572.432
894.38806 660.709
895.38690 704.778
895.89337 1442.03
896.39362 1622.04
896.89667 592.05
901.37616 1012.18
901.86444 971.327
902.37183 506.381
904.90057 5809.62
905.40027 5703.34
905.89996 2538.11
906.40686 962.045
909.89557 586.798
910.37366 5018.68
910.87207 4686.84
911.37543 2572.44
911.86584 620.351
926.36084 1501.6
927.37549 633.383
939.41119 1075.45
940.41248 615.694
953.89081 671.162
954.39618 655.695
957.42578 5216.76
958.42786 2517.63
959.34198 1714.48
960.35126 854.442
982.41699 510.561
991.39758 533.659
996.43982 2100.08
997.43646 1602.51
1014.44800 31921.4
1015.44922 14983.4
1016.45239 4780.26
1017.45276 971.351
1032.45801 1693.14
1033.45874 722.945
1078.42395 833.441
1079.43530 491.945
1088.40344 1193.12
1089.42151 587.521
1106.42468 1112.83
1112.42493 4363.93
1113.42346 2038.27
1142.54358 5894.51
1143.54639 3379.46
1144.55237 1059.87
1175.44385 621.268
1193.45862 1723.27
1194.47107 973.28
1216.49597 1279.98
1217.51001 762.821
1240.52710 490.425
1253.59497 689.63
1271.58594 2358.04
1272.58899 1607.92
1273.60010 611.117
1322.51038 732.501
1400.62476 806.662
1450.59045 630.051
1487.66028 769.889
