2380.28642 2
110.07111 860.861
120.08060 4666.52
129.10213 7351.57
130.08617 1729.57
130.10527 502.855
133.04305 245.379
136.07558 4430.06
137.07939 305.93
143.11780 1013.95
147.11273 3730.35
155.08162 317.254
157.09706 308.248
157.13376 238.264
171.11232 1047
171.14915 266.128
173.09227 292.212
175.11865 768.995
181.09715 485.169
183.14919 347.288
185.12886 292.88
187.07112 947.544
188.10327 282.627
195.11270 405.31
197.12918 269.848
197.16556 287.837
198.08681 473.782
199.07259 258.35
199.10727 303.126
199.14478 315.671
200.13824 406.042
201.08728 870.095
205.09663 1004.26
209.09171 343.316
212.10176 276.964
213.08684 900.693
216.09799 1598.46
217.08180 366.681
221.12811 1294.54
222.12265 614.747
225.15907 411.558
226.11769 317.784
227.10297 334.773
228.13403 372.809
231.11078 389.824
233.09169 1215.89
233.16466 2122.01
239.14964 388.858
240.13400 1058.71
241.08153 580.001
242.15027 804.462
242.18634 1545.81
243.13084 318.099
245.07634 560.598
249.12303 1138.48
250.11821 683.762
256.16489 661.261
257.16040 463.271
258.10822 2881.02
258.14374 467.718
259.09323 357.524
260.19653 3347.12
261.08673 945.692
261.15942 1214.74
261.20096 384.215
270.10797 1826.97
270.18073 1359.93
271.11014 293.745
273.16025 628.563
278.11307 5594.78
279.11624 769.913
283.14105 274.265
284.12222 336.202
286.13889 315.392
287.13400 869.105
304.12891 308.027
306.14407 844.117
313.22318 555.528
317.15820 284.733
318.11685 265.741
318.14230 483.767
318.18091 2476.46
319.18475 465.539
327.20270 893.913
333.15634 410.443
334.13892 1567.13
335.13730 541.789
337.18567 636.973
338.24069 271.813
341.14487 437.004
341.21857 815.234
343.19659 432.847
344.12311 458.072
345.15515 593.592
346.14017 362.83
351.16885 412.261
355.19699 2198.39
356.10968 253.83
356.19681 337.219
357.17770 432.418
360.15359 348.535
361.15036 2644.74
362.12747 483.782
362.16483 284.504
363.16580 438.908
369.17450 409.34
370.12460 283.995
370.24466 561.444
371.19510 656.323
375.16901 276.987
379.16077 3143.23
380.16312 845.782
381.13971 945.789
383.19177 2169.9
384.19196 510.541
389.25089 603.804
398.23785 300.192
403.15881 388.482
405.17676 1630.7
406.18103 307.23
407.26477 3622.09
408.26791 967.93
412.28842 554.272
417.17465 421.59
417.24966 767.89
420.18942 408.699
423.27203 294.06
426.23398 1481.25
427.23553 285.051
431.26624 444.489
435.18710 581.32
436.22293 593.332
437.18216 327.008
440.21521 329.158
440.28506 664.79
441.28351 751.651
448.22061 420.962
454.22958 3433.06
455.23392 707.523
463.19067 402.91
466.22913 2150.46
467.22855 438.037
469.24414 264.062
473.24319 287.742
480.21960 449.942
481.20441 703.185
488.21307 744.456
490.26715 469.637
493.24481 383.174
494.22418 2411.48
495.22549 640.98
498.23755 445.817
502.33743 397.945
504.26443 409.458
506.22430 591.883
508.21835 545.161
511.24573 473.592
518.25928 361.378
520.35065 714.148
525.30255 1794.34
526.30664 370.272
530.33557 360.983
531.21893 340.23
532.20178 381.473
535.28894 489.188
538.22632 324.123
548.20801 304.87
549.22656 332.846
553.29694 3472.49
554.29828 1040.11
564.27283 444.329
565.25928 1938.12
566.27258 426.851
577.37006 3083.36
578.37360 1014.64
582.27734 365.903
601.30054 709.043
602.24139 322.644
603.24304 758.628
604.24133 286.489
609.33813 288.001
610.32172 745.788
619.31042 266.88
620.26208 333.265
622.32239 357.718
624.37799 410.926
627.34467 883.484
628.35724 266.474
639.34430 846.254
652.36554 1206.38
653.36554 572.081
663.33557 399.509
664.32813 687.564
665.31592 281.648
667.27515 543.211
676.43842 2289.76
677.25885 322.32
677.44427 965.104
678.45490 266.922
681.37811 313.503
691.37903 429.347
692.37177 280.32
693.36835 315.607
694.28271 788.404
695.26776 898.281
696.27179 336.585
709.38959 1056.84
710.38702 1657.49
711.40051 398.833
712.28729 328.966
715.34290 292.252
716.31940 512.762
720.29797 280.343
738.30603 555.242
748.29382 378.204
752.43738 335.784
753.87915 347.524
763.39960 294.585
765.31708 1005.17
766.30511 1641.79
767.29980 524.723
774.41528 569.611
775.50433 841.512
780.34540 330.699
783.32751 623.619
784.33820 352.21
794.48395 406.39
795.47803 301.293
809.45300 618.188
819.43774 283.917
822.47797 604.536
823.47333 706.015
846.54480 1051.95
847.55145 582.708
851.38989 384.509
857.45679 307.901
875.46692 520.698
878.39905 329.307
879.38672 790.421
880.38586 282.344
896.41827 615.989
979.44727 329.361
989.50616 310.752
1009.53705 287.516
1016.64960 868.801
1017.64917 589.987
1041.52820 439.974
1042.53406 360.473
1080.56433 384.023
1134.55969 949.985
1135.54553 1045.7
1152.56653 2191.47
1153.56555 1259.83
1154.56860 481.675
1189.63440 378.516
1190.66724 567.997
1191.60938 281.421
1228.73120 1826.14
1229.73621 1256.66
1230.74768 332.469
1238.54504 460.67
1338.77368 467.978
1339.77100 627.847
1340.76416 354.5
1421.68262 343.639
1422.65686 388.216
