1886.71341 3
110.07111 3644.76
112.08673 620.316
129.06552 1070.04
129.10210 4481.49
130.04980 1113.99
130.08592 802.956
143.11729 726.718
147.11263 1333.89
148.06032 626.77
159.07617 496.073
164.11842 856.592
166.06090 7780.33
167.09180 1267.46
175.11882 4889.96
178.06079 609.986
185.05598 592.718
195.08743 6523.25
209.13966 3450.24
212.13885 593.992
213.08656 2757.08
217.08295 582.336
220.10777 6485.88
226.15439 1357.23
231.09721 3837.04
237.13445 14528.1
238.13814 1172.6
239.15062 801.613
240.09814 1969.29
240.13422 1604.03
241.08150 11137.1
242.08560 799.396
244.16502 2636.57
245.07689 1024.81
246.18059 482.118
255.14487 7629.62
256.14758 1044.69
258.10776 1796.03
258.14468 1584.43
258.60065 5419.46
259.09082 7028.34
260.09546 903.014
264.10895 3208.84
272.17139 27497.3
273.17435 3353.41
276.15564 1632.38
290.61716 612.453
294.15579 1337.01
299.12878 719.352
299.60953 802.406
307.58932 3076.17
308.09030 1489.6
308.13489 11170.6
308.63617 3131.18
309.11893 667.141
309.62424 492.682
314.09680 1021.95
314.13602 819.965
317.13971 824.219
321.13074 512.532
322.11133 510.844
323.12152 3676.44
323.62302 1569.2
324.11908 546.984
332.14749 685.414
339.60315 827.066
342.12872 1161.99
349.65250 684.29
351.12982 971.253
352.11301 2572.14
355.13840 501.315
355.63864 564.641
357.12323 11244.1
357.62430 3149.42
358.11273 1691.79
358.65845 5597.41
359.16006 2004.25
360.13937 841.434
363.65005 707.787
364.63895 1051.16
365.18982 714.579
366.17368 840.635
369.13989 1675.08
370.12311 4083.66
371.12607 570.219
372.11008 3400.79
372.65613 8412.18
373.15750 3247
373.64639 909.804
378.63760 1648.11
379.13675 2346.84
381.66174 913.463
382.21927 1539.4
383.20093 2242.92
387.15073 1023.1
387.64355 5301.95
388.13840 2806.61
390.12955 805.797
398.64325 732.577
400.22977 15218.4
401.23276 2969.89
403.21982 2225.74
404.12512 902.796
404.22220 519.705
407.64670 9887.36
408.14844 3566.87
408.65228 866.183
412.63983 1145.08
413.13638 540.386
413.63034 698.663
414.17471 1603.96
414.67786 654.981
419.65973 982.037
420.16040 593.069
421.64420 16070.1
422.14603 5894.6
422.64279 1666.43
423.17932 3919.17
423.68045 1487.71
424.18253 558.023
427.62595 903.906
428.17148 3251.11
428.67493 985.045
429.16342 885.694
431.21432 3525.23
432.21924 821.007
435.15146 559.679
436.20901 927.959
436.63168 4146.64
437.17636 12454.9
437.67822 5471.6
438.17917 1174.63
443.16336 1265.91
443.65912 798.382
446.21161 586.618
452.16461 3224.04
452.66595 1455.17
463.16498 1439.86
463.66202 939.287
468.64587 755.386
469.14969 597.101
472.16782 5533.51
472.66904 2110.49
474.55109 1095.72
474.88553 1010.29
475.76453 527.262
477.12381 2409.02
477.14398 2365.48
477.66168 1795.76
478.69656 1074.93
480.17728 887.632
483.69125 587.973
484.18237 683.987
484.68243 549.175
486.16544 17093.9
486.66681 7504.77
487.16733 1911.13
487.70169 1356.23
488.20450 789.965
492.14847 1612.22
492.69272 3061.5
493.19556 1495
493.69138 542.544
495.21371 518.208
498.18222 1073.78
499.16815 967.529
500.23416 2250.79
501.15231 1981.44
501.23584 827.82
501.69934 6395.79
502.19864 3967.44
502.70157 839.522
503.71744 944.394
507.67886 1016.12
508.17905 2798.51
509.17929 524.636
510.70789 553.415
511.26089 3607.74
512.25201 997.548
514.21814 561.707
516.19446 3896.56
516.68762 1365.23
517.18829 900.423
526.33484 1202.66
527.68597 1272.7
528.18506 1108.88
529.27222 29203
530.27350 6851.7
531.27997 1169.94
531.72919 525.286
532.67993 547.968
534.20862 834.168
536.68939 1972.53
537.19458 722.63
539.87823 584.018
540.21039 581.744
541.68237 2900.56
542.17975 888.42
545.88385 1952.05
546.22089 2251.27
546.55066 786.411
548.21362 590.69
550.68640 10154.1
551.18750 4835.21
551.68878 1850.38
551.88672 2811.79
552.22717 2350.31
552.55664 1662.74
556.66992 542.526
557.21960 1404.59
557.71613 841.189
557.89325 2533.9
558.22351 2426.2
558.56128 1120.18
565.67621 722.821
566.22272 2974.75
566.72162 1552.08
567.22058 659.533
577.24963 532.113
578.16040 790.775
578.91498 805.555
579.24225 1128.99
579.57751 770.135
579.79413 545.664
580.28729 1769.68
580.79279 684.06
581.23608 585.194
584.54962 754.896
584.91467 1596.26
585.24854 1576.37
585.58179 1107.96
590.55261 808.711
590.91528 1851.64
591.25464 2392.57
591.58649 2633.23
591.92236 1170.01
592.20392 586.35
596.29871 1109.63
596.79468 718.505
596.92206 669.289
597.25146 788.62
601.21997 687.513
605.79614 629.116
606.14417 2109.55
606.22266 1069.32
606.70465 1145.36
609.22296 806.893
614.17249 1299.35
615.26746 4734.48
615.70911 2861.3
616.26996 1671.43
617.56714 606.65
621.73340 832.248
622.30115 608.276
623.56580 670.058
623.90985 1111.64
624.24231 1068.56
624.57623 708.403
627.22620 559.321
628.32751 794.024
628.82764 650.537
630.30750 657.286
630.73425 764.499
631.24304 576.275
633.27179 563.052
637.21973 3461.14
638.22083 893.263
640.30585 6952.92
641.30298 2011.65
645.23615 2935.48
646.23553 1077.09
653.25610 667.491
653.81549 1914.16
654.31970 832.481
658.31451 40728
659.31689 12801.5
660.31812 2448.53
668.30231 584.604
670.72253 758.056
679.72345 1175.7
680.22687 637.993
707.20117 683.826
710.76898 1222.53
711.33026 3604.52
711.82703 2560.22
713.23810 3486
714.23901 1017.35
716.31238 1930.67
717.31323 776.302
726.29236 893.89
735.19580 2541.77
736.20361 656.869
739.29346 903.547
739.79004 716.828
743.21222 1124.02
744.30481 9676.81
745.30811 3750.96
746.30786 815.237
748.30975 1377.23
748.80286 1655.58
749.30737 1632.9
749.79852 1088.89
750.29053 1098.49
750.79578 628.965
751.33392 1410.27
752.31586 560.916
756.26855 645.544
758.79889 1239.03
759.29657 1687.99
759.80121 751.013
762.32263 581.305
766.26166 1966.34
767.32800 867.073
767.80438 2677.7
768.30731 2237.67
768.81018 1060.33
769.34546 10472.3
770.34290 4364.87
771.34058 1014.41
774.27887 2764.6
775.28296 1240
775.84583 1336.79
776.35852 943.281
776.80786 3053.05
777.30951 2632.72
777.80981 1319.22
787.35712 39238.7
788.35974 16301.1
789.36267 3693.74
790.35571 543.637
802.27643 629.74
808.28290 672.265
814.28882 817.116
816.80023 835.261
817.27118 667.342
825.79901 1474.74
826.28546 833.412
827.32635 1383.68
827.82819 833.371
828.32977 724.147
836.33350 1919.31
836.83545 1837.71
837.33679 1156.85
838.30554 540.905
842.27936 5377.33
843.28082 2430.21
845.34497 4848.96
845.84265 2150.56
846.34534 1791.85
855.34119 841.621
856.32977 601.57
864.23700 1426.05
870.46606 693.848
871.45801 800.409
872.25446 1211.48
873.34863 10036.2
874.35034 3733.45
875.34814 968.842
880.37946 2818.71
881.37311 1540.08
885.31866 803.345
890.89197 538.707
891.39478 794.211
894.32849 965.414
895.30206 898.502
898.38904 9563.82
899.39069 4637.4
900.38580 1127.18
903.31970 1324.81
904.32727 544.37
916.39990 27477.1
917.40173 11805.3
918.40283 3542.47
919.39246 612.213
971.32349 5445.93
972.32361 2312.64
973.32977 754.057
974.40582 629.74
984.37659 865.606
993.28229 652.976
1001.29865 712.784
1002.39136 5459.25
1003.39178 2749.09
1004.40997 835.893
1009.42230 2326.5
1010.42200 1407.16
1027.43225 4529.97
1028.42981 2485.99
1029.43713 894.684
1032.34631 573.13
1045.44031 9725.09
1046.44470 5639.08
1047.44250 1420.67
1100.36548 3178.87
1101.36426 1300.8
1120.45972 756.933
1121.46021 756.854
1131.43359 2229.72
1132.43591 1045.76
1133.43384 592.915
1138.46558 1736.46
1139.46484 1643.51
1156.47412 2385.05
1157.48120 1311.6
1174.48914 1946.36
1175.48340 919.001
1229.40857 959.719
1230.40955 561.38
1260.46423 608.025
1289.51575 1790.52
1290.51172 1132.18
1340.51331 780.656
1341.52039 566.706
1358.53259 1829.64
1359.52283 899.444
