3390.35659 4
120.08052 3161.97
129.10182 1524.68
147.11296 783.346
169.09767 785.597
175.11879 2937.13
201.12303 4686.34
229.11763 4454.06
230.07661 3329.29
231.06140 1785.16
233.16341 1113.58
245.07692 2221.96
246.15608 1053.48
251.15060 2309.52
257.15976 1739.26
298.13831 1722.09
313.18787 1139.96
317.19247 2950.36
328.07483 1002.06
340.19730 9147.3
341.20218 1154.03
342.20251 1078.69
344.14410 1709.46
345.10303 2761.67
346.08563 1089.51
358.20789 17045.2
359.21109 3284.38
360.10480 1702.46
368.15854 770.337
376.18533 907.709
389.14621 867.716
413.16705 1815.98
441.15634 776.261
443.19794 892.249
446.23593 2722.13
457.11603 1192.42
458.18805 1023.92
474.14908 807.224
474.22668 931.365
475.13400 1009.06
481.21994 1192.35
507.72516 1063.52
526.29736 6078.53
527.29639 2163.24
528.19025 2202.29
531.89600 1320.26
532.21875 1170.02
538.74585 1390.47
564.55237 3470.67
564.88501 2487.96
565.22681 3686.01
565.73566 1253.24
569.34009 4744.83
570.34412 1292.23
572.13977 815.434
574.33002 4449.15
575.33331 1411.1
601.29419 867.59
602.24652 2194.86
602.58105 2052.55
602.91455 973.902
603.26764 2300.66
603.76685 1643.18
613.74536 1419.86
614.24860 1241.2
622.25537 1456.26
622.75220 1716.07
623.25085 1166.23
635.27643 1996.92
636.28369 1298.03
645.36621 1689.84
645.86224 857.618
655.34027 10932.3
656.34497 2635.85
657.23676 1321.04
660.77631 3066.24
661.28156 1616.68
661.76434 945.039
662.25128 2333.34
662.75287 1189.3
670.76544 3804.79
671.25964 6602.01
671.75940 5278.74
672.25092 871.543
678.28552 1276
679.76941 14236.5
680.26825 13605.8
680.76947 6092.97
681.26514 1475.31
686.28418 1210.61
686.78998 817.652
687.18500 825.996
687.27789 834.012
689.35669 2763
690.35254 1451.2
695.29120 7943.5
695.79077 4913.95
696.29126 2739.25
704.20306 1270.29
704.79224 1104.4
705.29419 877.847
713.80286 2939.09
714.30261 2274.87
714.79480 2995.48
715.29877 2288.94
715.79205 1063.63
723.34802 879.982
723.80096 49641.1
724.30237 37151.5
724.80353 13204.9
725.30536 3151.65
727.80182 2005.78
728.30426 1127.87
736.31952 1133.54
736.81183 1252.04
737.30505 843.455
739.35437 2910.16
739.84784 1282.24
744.27850 3136.24
744.77875 2365.75
745.27802 895.303
752.87128 853.424
770.36688 5963.09
771.36987 2431.01
772.26605 3513.91
772.78931 7908.11
773.28442 5328.38
773.79510 1265.16
774.27783 983.863
776.30768 1721.02
784.81738 1159.02
785.31348 5179.02
785.81354 4028.54
786.32556 1561.06
788.32623 3306.11
788.82953 3306.47
789.32391 1392.01
790.41541 2672.33
790.91980 1927.19
793.82397 4986.33
794.32428 4688.51
794.82379 3205.92
795.31598 1240.96
797.33557 43323.4
797.83698 32494.6
798.33380 15721.1
798.83380 5297.85
799.30890 1295.62
799.43469 2863.61
799.88007 3393.19
800.37396 2776.99
815.33362 1361.82
818.39819 3263.11
822.64111 863.039
823.63745 1064.75
824.65356 967.992
840.39063 1529.83
840.88562 1747.22
841.05518 1596.16
841.38556 3284.76
841.72601 2060.44
842.06580 947.319
842.38086 1847.99
844.09552 969.864
844.86194 1301.39
845.38574 881.202
846.32263 21408.8
846.82532 18397
847.01764 1711.94
847.30414 7258.03
847.43927 5997.7
847.75946 3856.36
847.97675 3531.98
848.41339 18192.1
848.75665 1210.79
848.91370 11161.1
849.08661 944.031
849.17938 991.242
849.39325 40907.4
849.56445 1643.02
849.89368 20836.5
850.37177 1304.04
850.86493 1369.66
853.87720 14050.2
854.37671 11373.6
854.87903 6029.65
855.38599 2074.1
885.39398 10104.5
886.40369 3604.17
887.38623 1422.86
893.86536 945.719
902.38782 5007.82
902.87134 15878
903.36987 12819.7
903.87109 6501.88
904.36237 1592.47
911.39111 38284.3
911.89197 36678.3
912.39178 18032.7
912.89288 6665.45
913.39600 1765.29
914.46375 1346.33
925.43134 2756.59
947.44025 3886.6
948.44690 1602.98
951.36798 1910.93
951.87408 3833.06
952.36707 1876.62
960.37799 33049.9
960.87988 31052
961.38080 15380.2
961.88513 5584.84
962.36713 1810.76
967.93140 10637.9
968.43286 7714.91
968.93335 5063.83
969.43414 1396.11
979.39166 1053.62
984.30084 2840.92
985.48273 1251.53
986.46997 1499.15
996.42291 1502.32
1001.33441 5432.73
1002.32806 3957.63
1003.32458 1431.96
1012.38507 1087.74
1014.43420 10126.1
1015.43701 5008.09
1016.43835 2564.29
1016.92206 8338.08
1017.42365 8227.43
1017.92255 4121.04
1018.43195 1353.97
1025.44641 3134.78
1025.94629 5229.73
1026.45044 2260.45
1038.53296 2022.7
1039.52356 858.215
1052.93274 1504.35
1067.52576 1175.4
1074.43408 4436.34
1074.94104 4262.36
1075.43835 2047.11
1075.93530 1206.92
1076.48218 3027.47
1077.48291 1848.84
1082.47009 1729.92
1082.96497 2073.66
1083.46973 2216.97
1083.96948 915.747
1100.51746 2112.33
1102.39270 1057.92
1111.45325 936.517
1112.45935 889.154
1117.04663 925.798
1117.56763 850.091
1129.46301 10419.6
1130.46570 5623.46
1131.46106 4136.37
1131.95410 3115.8
1132.45642 3554.67
1132.95923 1294.79
1139.97314 1112.44
1140.47485 2270.14
1140.97998 2024.36
1141.47083 1455.88
1169.52759 902.733
1189.46423 2023.5
1189.97119 1529.51
1190.45154 1007.63
1201.58301 1691.13
1205.52527 2646.91
1206.52405 1630.74
1212.43823 936.921
1226.48083 934.101
1229.44690 1470.46
1230.43726 2276.25
1231.43884 1095.93
1243.50330 1777.91
1244.50928 2329.48
1245.49622 1408.78
1320.55640 1765.31
1321.54541 944.657
1340.51550 1573.17
1341.51184 3809.56
1342.51978 2699.71
1343.52051 997.716
1358.53247 15700.3
1359.52576 17486.5
1360.52319 8914.54
1361.53687 3264.14
1445.67249 1159.61
1446.60999 3797.79
1447.59558 2723.33
1448.60730 942.523
1471.62195 1248.02
1472.61316 1121.07
1544.56750 1229.31
1569.61877 1488.28
1570.61865 1177.31
1586.63904 2513.67
1587.64429 2859.49
1588.62988 1790.28
1593.67114 906.357
