1970.91985 2
110.07093 18209.8
111.07421 525.6
120.08054 406.979
125.07075 1101.81
127.08638 486.844
129.06573 464.736
129.10194 6861.01
130.06487 1293
130.08591 2545.89
130.10431 399.823
136.07520 1652.92
136.08644 1987.93
138.06589 1534.44
147.11240 4987.42
155.08118 3259.69
157.09683 1687.47
159.07623 974.279
159.09122 2339.73
159.11224 776.489
164.08107 1798.68
166.06007 426.799
167.08110 3289.48
169.09698 506.314
171.11215 412.762
172.10696 567.014
173.12799 1240.89
175.11830 1800.62
181.10788 10517.8
182.11110 790.326
183.11221 680.86
185.09167 5992.67
187.10777 1263.64
195.07587 1074.14
198.08699 522.342
199.10724 743.857
200.13899 1199.63
201.12314 1771.16
208.10759 892.92
209.09077 825.912
211.10799 489.206
213.08635 2228.9
214.11880 880.145
218.14929 4661.03
223.10773 760.194
224.10205 2723.25
225.09735 1925.29
226.11818 875.024
228.13364 691.941
230.11258 432.296
235.08209 3749.48
236.06694 1882.54
240.09743 420.248
241.08136 805.145
242.11295 6989.91
242.14946 1545.54
243.11716 614.142
244.09282 460.818
245.07809 470.956
246.12346 453.827
246.18198 490.222
251.10158 818.389
253.09258 41293.8
254.09608 3923.29
256.10919 830.47
256.14404 4501.69
257.14709 652.143
258.10794 943.827
266.12518 478.504
267.14456 1372.39
269.16107 529.062
270.10727 673.682
270.18027 851.817
274.11902 1388.35
279.09567 425.118
280.16458 4995.56
281.16980 688.666
282.10757 4771.85
283.11255 747.562
284.13882 6877.68
285.15750 2297.93
287.17056 1248.52
295.13925 5651.9
296.14203 570.531
298.17526 4083.63
299.17459 732.198
300.11804 3235.94
305.18115 5420.47
306.18594 490.725
310.10095 625.783
311.17062 467.416
313.14957 6990.68
314.15320 776.158
315.20163 4906.99
316.20334 472.636
321.15469 1741.48
329.18164 1250.29
331.16043 3438.75
332.13562 1766.09
336.12799 483.04
339.13129 937.696
339.16205 735.652
344.19308 1073.78
347.13602 417.881
350.14389 604.301
353.15976 4084.07
354.16418 696.787
355.17673 603.87
357.14471 632.867
357.20114 605.899
362.20227 4507.38
363.20389 926.488
364.12234 782.655
366.12827 2638.38
366.17465 448.22
367.13165 475.109
367.19995 624.705
369.14075 524.161
371.17026 6268.92
372.17236 897.534
381.14670 661.361
381.21146 419.258
385.20883 773.657
395.15784 1074.41
395.19971 1606.79
398.23920 2239.28
408.22314 1570.41
410.16690 705.606
412.19339 561.736
413.20401 1044.42
419.16440 2034.04
423.23218 879.504
424.23438 1061.27
426.23355 10414.1
427.23627 1702.74
428.17667 527.363
430.22873 818.15
437.17538 3245.37
438.17960 426.772
441.24466 6927.43
442.24542 2444.95
452.22797 4544.44
453.23410 851.69
459.25470 54150.2
460.25751 11117
461.25992 1275.5
464.18930 2098.25
465.19617 1053.36
470.23828 1824.21
471.24734 433.603
481.21658 549.807
482.19968 1200.26
504.26102 707.529
511.24875 526.802
522.26685 2775.89
523.28638 779.122
532.24927 2629.74
533.25537 494.611
534.21631 726.983
539.25989 1409.12
540.26270 461.673
541.25964 2482.36
542.26166 571.335
549.27545 523.021
550.26050 4879.53
551.26263 1560.89
552.22754 1038.43
556.27118 705.94
557.27045 1378.13
563.25330 1451.01
567.28809 3173.23
568.28778 959.437
574.28284 3831.39
575.28607 858.465
650.32751 1190.64
660.31360 1189.11
661.30328 871.425
668.30804 435.323
678.32043 10361.6
679.32373 3231.36
692.34259 551.619
702.32733 839.113
709.36011 707.794
720.32886 459.422
737.34619 1504.59
778.39349 662.263
796.39545 647.525
806.36420 582.227
807.37567 500.309
817.35101 1608.91
818.34576 728.045
824.37646 3812
825.38129 1891.01
835.36078 5970.26
836.36249 2875.25
837.36432 637.311
876.41943 445.973
877.45319 784.062
901.41766 446.764
923.44629 1421.8
924.45728 477.994
933.45831 534.165
945.40662 2107.68
946.41064 1076.95
961.45636 746.522
992.47180 567.027
1010.47638 2186.93
1011.47681 1495.87
1012.47986 453.182
1030.47400 943.847
1048.47156 447.277
1147.53931 640.489
1196.55127 724.74
1260.58472 486.555
1275.60876 616.398
1293.61035 3116.86
1294.61438 2149.7
1295.60986 809.678
1404.64258 545.72
1512.67285 521.421
