2747.35024 4
119.08142 3339.09
120.08043 1553.42
129.06567 5917.25
129.10208 3725.12
133.04260 4952.53
136.07550 66681.5
137.07870 5683.4
145.09691 1732.7
147.07611 18945.1
173.09171 3557.77
175.07120 18506.5
175.11859 9692.74
185.16469 10845.8
191.11766 2003.31
207.11259 8542.42
213.15959 6663.32
217.08162 2973.84
219.11295 1935.8
223.10709 4921.99
232.11116 10442.6
234.09094 2586.87
235.10747 9401.13
239.11142 1448.22
251.10217 3800.96
260.10608 10344.2
261.11066 1567.59
262.08511 16741.2
263.08749 1497.89
265.15765 8516.72
270.14474 6018.11
303.21329 13394.2
304.21597 1493.01
315.11136 6298.39
320.12360 30741.2
320.67361 3056.88
321.12708 5406.58
322.14020 1920.61
333.12170 6478.61
336.15411 3867.31
338.13452 15484
339.13638 2858.2
339.65646 1552.95
341.18060 5056.1
361.15372 17814.8
362.15637 3604.3
373.18994 9191.93
374.19318 1893.67
381.17529 1562.57
385.16196 1855.61
386.22220 2045.36
391.16043 2381.78
404.19772 1490.88
405.17560 1463.12
409.17114 8859.23
410.18073 1623.43
432.19003 8538.6
436.25525 2476.96
441.70480 2377.55
442.76367 1708.74
456.22650 1478.4
472.25867 2791.41
474.23950 8172.47
492.20670 4833.24
504.24332 2747.48
510.21735 3254.22
527.25427 2319.13
529.30884 38489.4
530.31097 9289.52
543.29449 2367.05
543.79462 1791.86
545.27057 5227.16
546.27612 1818.86
554.21906 1861.54
554.61902 1839.86
555.28345 1758.54
561.22314 2679.39
573.31226 2997.88
577.24951 2663.33
578.80927 3615.38
579.30695 2727.53
583.63074 1834.73
589.63464 10758.5
589.96881 7879.62
590.30219 3137.23
590.64081 1614.56
595.25275 4389.51
596.25922 1652.19
598.80945 1737.64
603.35175 7273.41
603.85413 3510.8
604.35919 2333.49
622.65643 4986.38
622.99207 5001.76
623.32892 2111.28
626.33508 2407.31
634.22559 2686.3
639.57678 4439.86
639.82813 4027.83
640.07410 2393.34
640.33453 2538.95
644.34430 2474.79
652.23773 6157.04
653.24243 2148.26
653.87805 11833
654.38171 7280.71
654.88684 3956.84
656.00665 1644.54
658.35114 19792.9
659.35620 6181.99
660.28290 3419.42
660.37128 3113.39
660.49805 1744.84
660.68732 2902.26
663.69031 1675.09
663.89355 3628.03
664.09717 4085.4
664.28925 1757.07
664.50000 1916.08
667.30847 2450.16
667.69299 1847.09
670.24683 4678.52
671.25977 2966.88
678.30536 3012.73
682.30585 1590.82
683.49310 3430.94
686.91608 2677
687.39502 2630.84
687.63635 4232.72
687.87036 3521.06
687.97235 3621.53
688.28241 2618
688.38184 10130.1
688.65814 2233.46
688.87506 6698.09
690.33240 2916.09
699.25403 4231.89
708.33966 3156.95
711.39069 8061.71
711.89331 5874.76
712.39917 2553.35
733.29590 3168.57
746.71393 3458.2
747.05292 3863.41
747.38947 4366.92
751.30798 9624.33
752.30841 4108.95
766.91003 2691.09
767.41205 2171.96
769.31653 10565.1
770.29889 9648.94
771.43579 20018.5
772.43750 7739.03
775.91241 18124.5
776.41309 16199.5
776.91321 6268.06
777.40088 3662.77
779.34155 2048.35
780.40222 4182.78
780.73438 4571.95
781.06610 3214.74
798.08301 3302.56
798.41766 4443.17
798.74341 2587.94
802.69604 2948.84
831.43115 3750.71
831.92743 4298.34
832.43390 1826.43
840.43274 24606.4
840.93457 22131.9
841.43713 9010.15
841.93427 3164.59
846.38550 3600.98
852.43396 2592.5
852.76459 3689.58
853.10663 2212.56
853.43280 2354.04
864.38623 4804.44
865.38867 3389.34
866.43866 1635.5
869.36353 3818.69
870.37329 2190.04
874.94238 5939.88
875.44318 8993.79
875.94775 3154.04
876.45160 1844.82
882.40277 4631.17
883.38702 11414.7
883.77167 1957.91
883.94965 150040
884.44208 118713
884.59283 9977.68
884.95026 66006.7
885.43481 19222.6
885.57861 5474.78
885.95526 4781.47
886.52808 2373.54
910.92719 2310.92
911.42084 4171.45
924.48431 4739.92
924.98138 6702.5
925.47839 4980.67
925.98090 1733.07
933.48285 97415.2
933.98340 92283.8
934.48578 52768.8
934.98572 15422.6
935.48590 4246.43
981.02026 3008.91
981.52423 4563.36
982.03326 2694.88
982.44055 7030.66
983.44720 4429.51
990.02454 78060.8
990.52551 79375.1
991.02661 48552.3
991.52716 16741.3
992.02820 3838.62
996.45935 6081.38
997.60034 17230.3
998.60284 9926.75
999.59460 1809.53
1005.49744 1765.34
1031.04529 2150.82
1031.56006 1679.71
1039.55847 26340.5
1040.05969 30117.6
1040.55920 22572.3
1041.05847 9559.6
1041.56018 2407.8
1068.64429 16070.2
1069.64502 9210.53
1070.64697 2998.01
1085.58667 2367.56
1095.53174 7943.59
1096.52625 3562.14
1109.54932 2740.9
1110.55176 2661.18
1119.57751 7906.31
1120.07471 11000.7
1120.57813 5698.53
1121.08337 2050.98
1156.60083 1651.28
1157.61682 1967.89
1170.10242 3278.59
1170.59814 5217.62
1171.09900 3234.33
1205.71228 4241.33
1206.71362 2717.57
1208.61084 4747.09
1209.62097 1640.04
1238.58533 5391.54
1239.60010 2566.89
1306.74353 2862.15
1307.75574 2165.02
1337.65051 2000.21
1422.75867 1616.25
1450.74817 2633.84
1465.68286 1635.71
