2460.03495 3
110.07114 2117.23
115.08628 487.209
129.10228 4525.49
130.08614 815.379
131.11761 808.762
136.06183 1150.57
136.07591 740.527
143.08148 4636.47
147.11273 2176.46
153.10214 861.06
155.08089 427.613
167.08125 981.234
171.11272 411.337
172.07152 1243.78
175.11874 937.731
181.09706 1706.95
183.14839 360.457
185.09216 475.837
187.14433 1019.5
191.08487 7640.37
192.08908 362.736
194.09184 398.433
195.07640 948.339
197.12785 402.906
199.10756 478.924
200.13927 582.42
201.08669 454.932
207.11264 404.749
209.09273 405.75
212.10283 2747.6
215.13898 1230.94
217.13649 405.6
218.14986 782.224
219.07965 11056.6
220.08340 960.117
221.07486 440.094
224.10335 648.047
225.12283 773.61
226.11850 1868.49
226.15514 542.559
232.14006 1433.08
240.13445 591.215
242.11284 668.158
242.14961 3754.92
243.10791 734.406
244.12764 468.695
244.16582 501.229
253.16574 1550.56
258.09009 415.138
258.14368 483.286
264.06183 376.258
264.13309 1499.08
265.05826 525.847
268.12836 1051.16
270.19128 792.592
272.17197 618.581
278.14890 1407.42
284.15912 447.249
287.14240 511.708
292.12805 680.196
302.11780 433.281
308.15985 1002.45
310.08066 488.831
310.13873 763.411
312.04993 855.776
314.15445 365.9
325.18652 3623.95
326.19135 560.517
330.06042 777.586
332.16370 2810.88
333.16971 370.961
337.18646 470.814
347.16391 367.371
349.18912 953.624
354.21411 900.558
355.19302 413.126
372.22406 8271
373.22595 1155.42
381.21268 2362.37
382.13647 732.608
382.21509 347.947
393.17746 537.408
394.00473 1280.44
397.73526 2071.4
398.23746 544.123
415.20126 641.484
423.16403 899.997
438.19833 747.317
441.25275 374.001
443.74420 757.076
460.22171 460.899
464.24908 456.68
482.26068 565.66
494.29584 820.147
504.21039 703.864
505.76788 456.295
521.23486 691.478
525.24573 793.997
532.24475 3811.44
532.74609 917.081
533.25281 383.757
534.72583 485.313
543.25940 2191.82
544.25958 437.036
552.24310 1112.48
554.76202 581.626
562.22119 512.148
564.29919 1168.28
564.79944 877.189
568.27545 394.152
572.34039 702.718
573.76373 1067.08
574.26465 420.053
574.61377 639.92
578.24457 842.314
578.75061 540.517
579.24695 450.679
582.77112 459.552
589.27246 428.371
595.35010 650.487
602.29437 619.679
602.63007 562.658
607.27338 1017.82
607.60443 1869.62
607.94104 932.654
622.29102 644.748
629.30786 8413.41
630.31140 2724.33
631.30316 1267.93
632.33368 490.58
634.95300 1113.9
635.28180 1797.99
635.61609 685.943
637.33466 770
638.97327 493.558
639.30939 814.432
639.63898 826.966
640.30750 437.727
641.32861 490.701
641.58478 767.358
641.83508 814.008
642.07599 406.837
648.33929 407.485
648.58319 1081.84
648.83746 531.801
656.79987 1323.02
657.29749 832.938
658.34119 652.921
658.58972 415.613
662.35303 544.701
662.59204 951.551
662.83862 1080.12
663.08862 906.261
663.34784 383.024
664.84076 619.075
665.32813 1040.79
665.80505 10305.9
666.07617 1470.87
666.30560 5480.74
666.56964 631.05
666.79926 489.68
666.84192 396.136
669.09106 2466.2
669.34204 2368.45
669.59320 2207.94
669.84515 1143.78
671.62909 930.005
671.96643 2088.17
672.29645 1862.06
672.63013 1033.37
672.82874 1037.74
672.96576 435.855
673.08032 1271.28
673.33289 778.187
673.59076 1541.73
673.84436 2548.31
674.09387 1890.52
674.35052 707.554
677.36688 605.252
677.70636 402.398
679.31439 1557.34
680.32062 700.938
681.65326 380.623
686.36896 379.991
686.59363 767.024
686.84589 459.937
687.09277 1339.07
687.33923 1150.8
687.58405 394.354
689.33832 792.942
690.61536 951.999
690.86017 796.737
691.09473 561.412
691.34467 791.838
691.59271 605.453
693.58667 1896.05
693.83710 2852.72
694.08673 2200.09
694.33820 670.549
694.86353 512.094
697.36371 680.182
697.61469 639.466
697.86115 1168.49
698.08978 2113.84
698.33301 5758.72
698.59039 1913.79
698.84119 1073.97
699.33148 1569.71
701.38721 432.429
702.11798 544.195
702.36603 687.611
702.65948 470.765
702.98975 538.438
703.34253 460.809
705.03857 533.71
706.85114 434.957
710.00775 508.585
710.35675 524.432
713.36115 505.23
714.38733 384.047
715.35724 662.623
715.67603 414.09
717.33093 380.948
719.36041 742.101
719.68927 1181.41
720.02411 530.552
721.86316 538.56
722.10529 606.373
722.35657 1506.52
722.87384 413.443
733.34558 588.672
736.13361 442.721
738.39178 437.217
738.63025 502.845
742.88275 959.917
746.30518 475.364
747.31061 592.684
747.81763 677.164
748.36646 499.237
752.35510 553.196
755.84235 570.115
760.39465 560.055
760.64014 1003.25
760.89819 526.755
761.13885 438.311
761.39655 450.595
762.36383 695.073
762.87463 674.479
763.37018 532.4
763.85962 660.534
764.36694 459.196
764.87836 474.425
765.38940 512.22
767.05505 1194.78
767.39069 1527.24
767.73468 592.373
772.77026 491.287
772.89240 1390.95
773.26941 399.775
773.40192 1829.74
773.90948 584.803
781.65295 437.678
781.92749 550.109
782.33478 451.082
782.68707 472.858
782.99738 438.895
785.38794 470.514
785.91223 1622.22
786.16272 1873.73
786.40991 1905.85
786.66394 1027.78
787.69495 1107.66
788.02283 1721
788.35498 1132.66
788.68134 806.72
789.03119 396.503
789.36713 445.369
792.41864 1388.43
792.66541 2323.64
792.91571 2061.4
793.16748 921.287
793.41071 489.411
793.72375 421.81
794.05035 756.287
794.38879 465.206
796.30548 1114.09
796.91827 4901.38
797.16809 10779.2
797.41943 9534.4
797.66730 4353.84
797.92444 1483.05
798.16443 803.663
799.72571 842.325
800.05920 560.957
801.42657 760.41
801.66907 1760.54
801.92188 1247.72
802.17065 396.916
804.87762 408.483
808.35199 1183.18
812.89240 2581.84
813.39697 2230.24
813.90161 1062.91
816.40698 894.759
816.91467 661.2
817.16089 1011.25
817.40924 2040.66
817.66675 588.311
817.89606 415.016
818.42889 1087.22
818.75842 1291.91
819.08936 1197.56
819.42834 612.264
820.34344 597.459
820.46161 432.282
821.41772 3611.08
821.66272 6464.85
821.91718 5715.91
822.15582 2263.54
822.39624 2684.85
822.65869 419.77
822.89703 874.49
826.41943 615.518
835.39264 450.956
845.40649 410.208
851.08301 409.897
851.40826 1368.52
851.74915 480.762
852.41016 2111.65
852.91199 1945.29
853.40619 1945.05
853.90179 754.053
855.09906 535.918
856.43579 1146.14
856.92804 548.93
859.39557 890.586
860.39691 533.487
861.41699 13478.8
861.91895 13190.4
862.41571 6430.85
862.91034 3196.76
863.41089 867.494
864.44043 826.286
864.77411 423.449
870.43445 1431.11
870.92499 1145.51
871.42987 564.417
876.43347 433.602
877.43188 416.86
879.39868 1295.43
883.45892 557.454
883.78198 459.131
885.42657 422.378
886.47699 967.28
887.46948 508.766
887.77539 445.821
888.11670 503.445
893.39240 579.377
893.93182 636.52
894.42511 1403.83
894.92731 709.907
895.44116 613.962
896.40253 555.999
897.43762 508.315
898.12427 640.97
900.42236 470.438
901.40265 2196.4
901.89899 2457.15
902.39667 1489.79
902.93304 2965.55
903.43677 3257.64
903.94049 1506.21
904.44788 646.043
910.40491 12196.7
910.90564 10405.3
911.40466 6072.44
911.90955 2527.12
912.41028 1066.18
913.46600 532.11
915.45941 534.941
923.44330 424.79
924.42175 456.848
924.76874 809.955
925.11926 593.205
928.42535 481.714
929.50726 1383.21
930.50348 446.41
934.41650 491.229
936.15118 477.191
941.48126 631.252
941.98108 641.925
942.91766 623.427
943.41315 1530.06
943.91791 1149.23
944.41547 728.783
947.97406 1646.13
948.47485 1569.01
948.96643 697.521
949.46448 760.413
950.45935 452.376
951.92157 3633.75
952.42578 3770.83
952.93219 1829.16
953.43011 1090.16
957.95862 781.708
958.45898 1522.24
958.95380 1721.52
959.45978 698.01
966.42328 1408.65
967.45251 929.485
967.97296 451.285
970.48047 1175.84
971.48254 887.579
972.48907 893.442
972.82245 796.827
973.14868 465.962
973.49963 695.621
979.46008 473.994
980.45282 454.242
981.46277 495.506
985.00989 401.539
985.50745 467.293
988.50909 481.96
994.71198 472.734
998.44489 398.417
998.92590 445.903
999.43536 427.841
1003.48389 617.507
1005.49506 855.207
1005.81195 507.296
1006.49365 496.393
1007.43518 2409.47
1007.93726 2095.46
1008.43329 1031.02
1008.94836 431.364
1011.43036 694.986
1012.98962 723.587
1013.47485 542.09
1016.04572 445.592
1022.49377 562.458
1023.50281 550.923
1024.50452 2839.25
1025.51904 815.298
1028.57617 522.073
1029.56274 463.963
1030.52905 403.745
1045.46570 776.514
1046.46460 621.234
1048.00842 416.723
1049.53235 482.375
1055.49731 444.433
1057.51147 2242.41
1058.51526 1209.82
1059.51611 481.75
1063.48108 8932.03
1064.48840 3421.86
1065.03186 1139.1
1065.52234 813.425
1068.45166 1817.55
1069.45630 758.42
1070.46375 404.226
1075.52271 1479.77
1076.52502 1034.25
1077.47888 569.789
1078.53369 1188.51
1079.02966 1408.99
1079.53833 629.07
1088.06189 565.465
1093.53162 968.028
1094.51367 1133.28
1099.48120 549.084
1113.53137 628.195
1114.02112 752.4
1127.58545 1769.65
1128.58569 1124.94
1129.58752 462.843
1155.48413 2344.05
1156.47791 1463.4
1157.47949 658.963
1164.52661 794.31
1170.60339 483.512
1190.08020 690.059
1190.57886 1066.05
1191.58240 394.466
1261.57983 2631.86
1262.59314 1100.3
1268.58911 595.464
1270.58533 402.171
1276.11108 473.183
1276.62817 783.216
1284.62476 440.446
1330.58655 579.055
1382.62939 473.579
1625.74048 460.286
