3455.55356 3
120.08030 1235.13
129.10248 715.659
130.06454 1075.25
159.07568 614.871
159.09120 8031.78
160.09518 818.493
175.11836 1660.58
189.06779 828.12
201.12285 6093.8
226.11783 2769.98
229.11766 9965.84
230.12144 1149.58
272.10434 1231.51
272.17102 20088.2
273.17444 1994.11
274.11746 796.544
290.11581 1344.27
318.11279 641.992
341.21774 3488.01
342.21985 790.76
355.16022 3540.51
360.15833 662.379
383.13708 1406.81
398.23843 2253.81
401.14798 1730.62
412.22983 3004.25
417.18021 776.918
438.19678 1410.35
439.16913 2590.73
440.17383 1095.72
456.20718 1598.44
470.16397 805.036
485.27057 1770.63
500.21451 1535.96
502.17191 1142.48
510.21011 1165.62
518.22705 1195.5
520.18121 714.216
532.19568 816.645
540.32324 908.878
555.20477 994.618
556.30743 1164.79
569.23785 674.793
587.24731 1307.02
638.30823 775.77
654.36603 2556.76
655.35992 781.754
659.26007 814.655
661.32574 751.619
676.86719 1373.31
703.37476 1006.25
739.30994 866.385
740.90564 973.119
746.29816 813.448
752.34106 3485.33
753.34509 1131.92
756.35797 698.659
767.45123 1389.88
772.41962 806.231
772.89984 823.036
780.41382 1103.91
780.91345 3405.95
781.41382 2854
781.91205 1298.77
784.32294 707.864
789.42090 21498.7
789.92084 21111.9
790.42023 9799.4
790.92303 2274.06
798.42676 1337.88
798.92596 1291.35
802.33514 831.577
811.38782 841.495
821.29114 741.622
829.41400 999.195
829.89624 2310.95
830.40216 975.833
838.40814 15113.6
838.90948 14088
839.40863 6805.16
839.91138 2821.36
840.41949 747.257
845.96149 2574.62
846.46185 2909.5
846.96259 1372.71
854.34100 1745.22
861.43805 1305.16
865.42560 1641.17
894.95245 2198.8
895.44287 879.326
895.51587 857.099
895.94434 722.564
924.47705 1032.11
939.50842 800.756
960.51135 1934.19
961.52441 805.544
968.43066 768.095
983.02765 1253.9
992.53876 741.284
993.48590 782.241
994.49182 735.231
1009.55273 2047.73
1010.55292 1534.29
1032.00830 1067.07
1035.39575 1108.72
1048.54553 992.576
1049.40210 981.533
1050.41626 749.046
1075.54065 1436.68
1076.56482 835.71
1094.53491 1516.21
1095.02808 2020.52
1095.54492 937.265
1097.02783 883.553
1097.53271 1162.71
1098.03345 944.238
1103.54016 13212
1104.04065 14177.9
1104.54236 10475.9
1105.03223 4423.75
1105.55640 1910.55
1106.04211 1386.87
1106.55664 1691.82
1107.52917 2061.1
1108.52490 1514.54
1112.55042 1528.48
1113.04797 1937.04
1113.55151 960.39
1119.50439 728.217
1119.83606 759.609
1122.63599 1010.93
1143.53406 1285.1
1144.01904 2207.79
1144.51794 1317.68
1148.49365 1136.04
1152.52686 12060.8
1153.02649 10649.1
1153.52588 7488.44
1154.02612 3415.19
1154.57922 1358.14
1155.05164 1636.06
1155.57263 1709.83
1156.08350 866.759
1190.58618 889.256
1204.07776 733.185
1204.57715 962.346
1205.08154 1172.25
1212.61060 891.289
1213.09521 817.324
1213.59656 745.587
1220.61035 1130
1221.61401 1204.69
1223.69861 1460.02
1224.68079 1325.94
1229.50525 736.558
1246.57874 864.826
1261.61377 1029.02
1262.08496 781.899
1263.51208 1499.18
1264.53174 967.952
1269.64380 931.835
1270.11438 1433.1
1270.62170 1119.51
1271.10608 847.313
1289.66467 769.488
1306.67603 4022.44
1307.67566 3708.43
1308.67151 1318.55
1319.12561 1242.67
1319.59863 1101.11
1321.67090 1240.07
1322.65527 997.668
1325.65564 967.705
1326.12744 911.657
1344.54395 910.78
1352.73608 1381.01
1353.71997 961.028
1374.61792 975.651
1377.16870 1122.14
1377.68188 1218.39
1378.16357 1379.69
1420.70752 854.781
1421.19080 1769.39
1421.70862 986.811
1422.17029 1288.37
1426.67407 785.907
1427.15686 1032.15
1450.70776 1639.55
1451.71484 1817.34
1452.70520 782.732
1471.19287 837.966
1500.21875 1138.43
1560.82166 1272.17
1561.80920 1114.4
1562.79614 787.304
1565.73779 848.615
1566.20776 902.935
1566.75684 976.231
1577.84070 11352.6
1578.83533 11452.2
1579.83545 6445.64
1580.81848 1583.3
1595.83704 1751.86
1596.86365 1384.5
1597.84509 840.455
1657.80139 787.319
1658.79871 1662.94
1659.80957 789.257
1675.81128 8944.02
1676.81177 8703.47
1677.81653 4342.9
1678.83398 1665.72
1690.90125 1155.04
1691.93262 904.05
