3043.39524 3
110.07105 1076.78
120.08051 4799
129.06564 552.69
129.10208 6550.24
130.06497 776.575
130.08614 2632.19
130.10486 434.443
136.07561 1854.34
146.06293 725.835
147.11264 4525.46
148.11655 461.782
155.11778 457.476
159.09146 5290.11
166.06104 1217.53
169.09694 1831.25
169.13329 2090.76
173.12811 10391.7
174.05792 844.13
174.13144 693.046
175.11876 793.451
183.14883 791.724
185.09212 1472.1
187.08543 567.148
187.10762 1155.87
196.06036 590.703
197.12828 2971.42
199.07053 621.103
201.12315 7892.51
202.12820 626.01
204.11261 479.901
207.11256 6918.4
208.11551 849.216
209.13934 620.211
211.14377 880.833
213.08647 1760.36
215.13826 704.205
217.08456 529.326
217.13332 6865.85
218.13622 1210.01
220.10747 439.596
226.11841 884.241
227.06593 1080.87
229.11946 669.376
235.10725 7490.71
236.11131 780.15
239.15030 1079.15
240.13408 1273.14
242.18622 2001.26
243.13374 1558.79
244.09282 1343.46
244.12738 427.117
245.07690 2186.47
245.12804 3710.4
246.12950 440.273
246.18123 412.673
251.10236 532.098
257.16006 4882.35
258.14429 8511.91
259.14816 828.718
260.19635 909.211
261.12204 475.114
263.10226 708.408
272.17184 790.177
275.17093 7952.79
276.17474 738.282
279.09665 470.521
281.11359 863.716
282.18082 1583.25
285.13434 1812.37
286.13815 740.645
296.19629 3436.79
297.19992 633.283
302.11398 1004.88
314.09756 1137.48
315.14496 2438.83
316.15036 530.169
324.11670 707.06
330.16473 2440.13
340.18576 656.295
348.19156 3126.05
349.19296 551.151
357.21307 528.607
358.16071 3386.12
359.11929 1125.4
359.16052 548.472
360.15472 9905.02
361.15799 2100.07
365.21774 2004.11
366.22144 511.634
373.15051 1679.45
376.15036 1078.18
377.18185 1328.02
379.23035 454.804
383.22903 1849.58
386.18155 716.645
389.18140 465.19
400.15997 1746.46
407.19138 2020.38
412.22092 2042.81
412.72177 1047.13
417.13922 1113.48
418.12427 470.206
422.24069 655.746
426.21777 10860.1
426.72009 5716.4
427.21988 2000.4
429.23834 619.935
435.18491 687.677
443.19232 651.713
444.22391 755.838
445.19232 4248.91
446.19870 805.541
447.22739 751.117
459.25751 811.801
460.22400 513.783
461.25064 11293.7
461.75577 1520.9
462.25424 4112.58
463.25684 537.865
471.18509 450.45
474.14606 1224.41
475.17862 2522.94
475.21677 1875.45
475.75244 3105.08
476.17538 526.993
476.25104 1324.93
476.30145 764.89
478.30447 1029
487.14691 505.765
488.21555 3357.24
489.22250 590.369
492.20255 510.168
494.21094 462.093
495.18430 814.595
496.27219 638.897
501.21158 492.291
504.24017 522.261
505.15887 555.246
515.26343 593.121
520.27893 1226.78
525.28699 2367.78
525.78705 1446.33
528.16827 611.8
528.27856 592.317
532.16577 874.729
532.28717 12036.2
533.29004 3757.16
534.29773 734.244
542.24481 928.68
544.26202 1657.51
545.25439 488.986
545.80005 686.39
546.29602 779.354
547.22821 918.029
559.79736 4033.42
560.29846 4091.84
560.79980 1137.7
561.30042 448.54
568.80212 2963.26
569.30481 2378.19
569.80200 600.346
573.30048 2160.1
574.28894 2345.33
575.28619 815.27
585.31262 525.33
586.21716 855.859
591.31354 7911.89
592.31683 2666.84
593.31897 536.605
602.34399 486.308
602.85187 444.9
603.17297 758.138
603.26398 5798.12
604.26764 1931.22
606.29187 1147
617.33148 1080.13
625.36005 843.212
626.31097 446.446
630.28058 526.005
632.31195 672.77
633.82721 634.591
642.22205 462.112
643.19971 1017.89
643.31012 1154.53
645.36707 539.414
647.31396 8890.89
648.31781 3241.79
649.32501 528.942
660.23071 1408.34
661.31525 999.689
672.24628 523.366
672.41370 617.178
674.25433 532.371
674.38556 492.313
684.83386 676.933
690.38623 838.635
695.33716 595.47
700.25208 1293.62
701.24512 922.727
702.38220 4595.98
703.38757 1234
704.38501 491.643
714.23071 884.842
716.39679 1776.07
717.40076 484.909
718.26648 5369.75
719.27014 2196.1
720.28564 456.098
722.36676 606.079
726.38153 3537.4
727.38190 1588.21
728.38885 492.243
731.24976 849.331
732.27753 677.408
736.36432 1362.12
737.37329 703.957
738.35858 615.368
740.38257 3484.06
741.38043 1692.74
753.35419 1249.85
754.37549 22213.1
755.37915 9733.49
756.38446 3168.9
757.39319 661.248
762.88245 936.1
766.82172 994.555
767.31750 2312.93
767.82080 1416.26
768.31097 618.166
771.38983 1120.76
771.51068 483.349
772.39880 539.41
775.25745 1115.44
775.83020 14891.3
776.33118 12874.8
776.83240 5709.59
777.33331 1781.64
787.42474 537.848
789.41077 2111.84
790.41418 1170.21
791.42401 511.93
804.32288 490.853
806.36847 566.51
808.42273 1854.98
809.42969 811.032
815.47028 1577.39
816.46863 687.112
823.39478 1393.78
824.83057 543.029
829.26392 588.037
833.39673 8440.65
833.83917 1775.14
834.39600 4265.07
835.40002 1140.8
841.40833 1206.03
842.41211 498.13
846.28540 1426.15
847.29175 795.199
851.43396 1769.76
852.42639 900.093
853.44702 1010.93
854.44855 692.767
859.32281 512.231
866.44128 703.657
867.45142 478.111
867.95117 1921.11
868.45612 2287.35
868.95618 885.559
876.35022 854.119
884.48450 2170.08
885.50116 1112.95
886.32129 488.758
886.50500 1298.22
887.50977 906.406
902.48962 1853.34
902.96143 706.78
903.43585 959.547
904.33942 1080.41
905.35071 470.779
917.34039 671.965
921.47430 506.714
922.49969 1781.32
923.50787 1097.88
926.51855 999.723
932.50555 1112.99
933.50488 642.569
936.48523 655.746
942.47052 918.516
942.96539 540.392
945.40302 468.706
948.42078 6689.62
949.42322 3766.96
950.50012 18358.4
951.50201 10617.5
952.50427 3053.49
953.52081 686.15
967.98254 1283.09
968.48108 1084.25
968.98138 867.638
993.34406 472.162
1001.36218 1134.87
1002.36328 925.83
1007.50391 506.983
1015.55725 737.406
1016.00031 1787.17
1016.48712 2205.89
1016.99860 893.451
1017.48181 1005.17
1019.37299 5893.97
1020.37793 2864.57
1021.56506 2125.89
1022.57550 1038.18
1025.49438 835.921
1025.99072 845.187
1026.50916 650.337
1031.55505 1487.49
1032.39441 911.326
1032.53979 1146.31
1037.53174 659.903
1045.42590 727.388
1046.41077 849.9
1047.40649 657.579
1049.56665 11636
1050.56799 7436.45
1051.57056 2536
1052.57727 658.353
1062.42151 703.485
1063.44458 9779.54
1064.44849 5458.67
1065.44714 1742.94
1072.40149 894.126
1073.40051 586.561
1076.49817 1339.7
1077.50134 748.354
1090.40881 2685.19
1091.39526 1494.64
1099.51135 522.691
1109.63831 546.526
1112.59387 569.413
1118.58850 9021.03
1119.58789 6491.94
1120.59229 2201.9
1121.59558 635.276
1125.02161 475.157
1125.52612 825.894
1126.51563 537.78
1134.38965 1196.07
1135.39441 765.82
1136.59814 6875.26
1137.60046 5491.61
1138.61169 1591.32
1143.56189 511.166
1146.56848 1302.54
1147.59094 773.015
1148.54773 491.702
1149.02075 620.031
1157.04443 587.894
1160.41736 580.48
1173.48022 1008.76
1174.48145 5474.82
1175.48108 3359.29
1176.47705 873.275
1191.50256 5598.47
1192.50354 4248.32
1193.50574 1483.8
1199.62463 1267.95
1200.63562 886.414
1205.43079 1141.95
1206.42126 1004.54
1231.68237 701.927
1248.47754 935.151
1249.68811 1218.44
1250.69800 703.78
1254.54785 870.725
1255.55896 705.482
1259.67017 692.539
1260.64001 557.478
1266.68555 935.079
1276.47986 1066.48
1277.47949 1082.3
1288.49023 543.089
1289.50391 1664.95
1290.50513 912.949
1306.53308 11292.4
1307.53149 8274.24
1308.53137 3263.01
1309.52234 869.334
1314.67712 507.666
1334.46436 562.656
1353.64502 585.402
1368.66479 1213.41
1369.66675 873.872
1371.68030 1985.77
1372.68384 1176.89
1378.73145 1762.17
1379.73059 1458.12
1380.72144 636.319
1404.54224 822.301
1405.53577 824.037
1436.56958 513.175
1453.60352 4523.82
1454.60815 4158.45
1455.60278 1780.33
1456.59143 499.391
1475.73694 735.893
1476.74695 562.988
1484.77588 588.348
1485.76257 700.663
1493.75098 5524.19
1494.76050 4067.72
1495.76074 2306.99
1496.76294 623.727
1532.65112 1104.12
1533.63684 1550.14
1534.63306 950.688
1550.65369 14435
1551.65576 14045.8
1552.65613 6265.32
1553.65674 1748.37
1554.66797 536.169
1631.86169 608.115
1632.84607 510.931
1648.66614 640.022
1649.65137 494.884
1665.67920 3925.64
1666.68359 3790.37
1667.68567 2230.05
1668.68335 648.505
1746.85767 743.727
1747.86780 803.465
1776.70569 865.32
1777.71533 865.276
1778.68958 487.982
1794.72473 1878.61
1795.72388 2058.6
1796.73059 1089.49
