2277.03293 3
120.08044 9412.32
129.06601 1280.79
129.10202 10142.5
130.06465 4696.73
130.08594 3053.83
132.08054 2679.74
136.07544 34485.8
137.07863 2689.36
143.08144 1866.31
147.11240 8238.35
157.09703 2311.99
159.07623 3166.03
159.09138 19979.6
160.09447 1943.11
170.05957 3076.84
171.07587 4996.84
171.14836 3169.29
181.06006 3215.29
185.09218 1640.25
185.16356 1639.22
199.07126 3974.72
199.14435 3328.87
200.10242 1651.33
201.08705 1913.99
201.12289 7842.17
203.10202 1283.6
205.09950 2173.25
210.08673 1461.92
217.08199 1613.79
227.08031 3067.77
229.11783 14634.2
231.11169 1938.67
233.09515 2390.43
235.14337 3368.2
240.13434 3358.26
244.10751 3685.65
246.10875 1525.14
247.14334 1331.02
249.12347 2353.71
258.10788 2397.1
258.14429 11291.1
261.08945 2003.94
263.13806 3696.64
264.09671 1980.05
276.15472 9778.42
282.10809 2851.08
293.11188 2663.42
298.13901 6480.41
300.11801 2658.16
304.16641 2153.12
307.14346 1380.26
314.14975 2086.08
316.12778 1480.19
316.15488 1480.2
317.18079 2681.54
328.18610 1727.01
329.14511 3947.48
332.16000 5931.73
339.12952 1461.3
342.10825 6189.9
345.17905 1807.4
350.17142 2102.38
354.13974 1816.8
357.13882 3123.86
359.13419 10464.7
362.13516 2249.65
362.20764 1573.01
364.14999 2263.88
372.15005 3202.89
378.68188 1774.68
381.17758 1429.72
385.15173 2058.37
387.20663 1440.95
389.18356 1615.34
392.18100 1998.26
393.17581 1454.92
402.17474 1813.36
405.21252 2460.32
407.19495 14918.2
408.19772 2478.3
410.20395 1917.63
413.14120 2146.87
416.18893 1453.09
421.17163 3364.87
425.67078 5581.39
426.17105 2565.49
428.21198 3749.59
430.16934 4028.96
444.18500 1890.37
456.20996 3808.04
459.19431 1307.58
461.21234 2373.63
463.18146 1749.98
464.21909 1561.23
466.69241 1432.73
470.16360 2506.98
474.22406 1540.93
475.20462 6192.16
475.70715 3262.67
481.21097 1401.43
483.18085 1790.1
487.18973 2646.66
488.25024 4024.89
489.25424 1527.01
490.23300 2133.74
491.25037 1903.02
492.20163 5076.72
492.25482 2062.43
501.19162 5007.23
508.24222 24142.6
509.24420 5032.37
510.24542 1361.06
513.20575 2278.58
520.23950 4242.42
522.19733 1748.69
524.74048 4281.88
525.24200 1770.84
529.27850 1390.43
530.23151 2538.65
532.75739 1879.56
540.21582 1582.74
541.19757 2665.47
557.26184 1800.88
558.22717 6847.86
559.22791 2377.52
563.28253 2242.9
573.26660 2314.95
575.28235 1451.72
591.27649 8817.5
592.22174 1380.74
598.22388 2713.43
603.27582 1868.19
607.23926 1594.69
609.28931 29685.4
610.30109 7181.46
611.29742 2111.71
612.28375 1432.13
619.29688 2041.92
620.29523 2303.05
624.23450 1392.79
637.30804 1571.66
640.31207 1997.57
642.25067 5910.69
643.24756 1674.79
646.24500 2632.29
658.31696 2208.29
659.27740 2139.6
664.25476 5390.64
665.25507 2132.9
669.25751 5745.38
670.24786 10070
671.24597 3436.49
678.29077 1850.14
687.27118 30823.2
688.27466 9712.47
689.27917 1839.25
690.35858 1746.95
706.30176 2253.46
720.33673 2402.87
733.28052 1565.56
735.32452 1542.91
738.34662 5193.67
739.35315 2182.68
741.30920 3214.58
745.31097 2976.66
756.35773 54011.8
757.36078 23192.6
758.30933 3167.04
758.42169 24783.7
759.41992 16684.8
760.43109 9140.52
763.32544 7743.06
764.32520 2929.86
786.34216 2229.85
787.35852 1632.77
804.32745 1454.87
805.30365 4585.21
806.30615 2418.09
822.33844 7276.76
823.34033 2902.18
832.32373 9721.86
833.31653 9700.68
834.30518 2623.75
850.33447 44673.9
851.33643 18647
852.33643 4813.75
855.42798 13608.9
856.42908 7067.26
857.42444 1738.18
862.38580 2021.65
867.38013 2961.48
868.39459 1467.95
894.43713 2592.56
895.44257 1690.46
904.38672 3646.19
905.39240 2298.09
912.44708 48325.4
913.45117 24425.8
914.45313 8022.69
921.40991 5629.23
922.40686 3412.83
931.39215 8840.76
932.38745 6741.96
933.36658 2353.49
946.53943 4388.66
949.40186 36655.4
950.40564 17894.2
951.41010 4501.75
995.48822 2872.38
996.49701 1710.23
1003.44885 1482.24
1013.49487 20263.9
1014.49908 10156.2
1015.49298 4304.3
1020.48047 1693.45
1030.46362 2125.85
1031.46228 2026.52
1047.47754 4085.78
1048.47290 13674.1
1049.47620 6422.48
1064.50403 5986.35
1065.51147 4202.88
1082.51050 3269.42
1083.52039 2114.35
1100.52673 29402.1
1101.52686 17584.7
1102.53308 7098.62
1103.52441 1733.43
1177.50049 2794.96
1178.50403 2315.31
1193.54541 5430.23
1194.54858 2912.03
1211.55872 7946.27
1212.55652 5491.72
1213.54492 1616.61
1229.56897 21576.4
1230.57410 15479.5
1231.57251 5600.81
1232.56091 1674.39
1246.51855 1590.36
1292.61279 5320.96
1293.61108 3399.69
1310.63452 2150.01
1311.61548 1896.59
1328.63672 12350.9
1329.64197 7965.51
1330.64160 3484.64
1427.69897 1402.26
