2466.11460 3
110.07113 4211.19
120.08057 10123.6
121.08372 840.513
129.06586 1511.79
129.10208 6714.15
130.04979 652.569
130.08629 1569.63
133.04285 4492.4
136.07555 3571.01
147.07588 726.424
147.11267 3701.55
159.07619 2309.27
159.09135 2012.7
166.06087 563.227
169.13359 507.439
170.04442 566.178
171.11273 1327.7
173.09251 796.268
173.12801 788.544
175.11873 1884.6
181.06091 610.125
183.14923 836.543
185.16460 1237.68
187.07109 6605.62
187.14420 1510.22
188.07512 567.408
197.12830 1443.16
200.13968 434.264
201.08626 619.849
201.12299 1700.1
210.02670 444.752
212.10306 876.094
213.08682 910.445
213.15912 628.157
215.13867 2745.18
217.08189 454.309
217.13609 604.589
219.14905 7855.79
225.12410 642.224
226.15440 1015.78
229.11775 1262.38
231.10817 947.713
233.09518 1482.4
233.16469 2454.77
240.09790 433.846
240.13428 658.213
241.08125 1153.5
243.13396 2220.89
244.07686 1099.78
244.16512 4003.42
245.07701 741.64
245.13152 815.221
245.16931 495.259
247.14371 3182.75
249.12315 581.381
251.15091 592.907
252.10864 1512.85
258.10825 726.458
258.14441 1456.01
259.09201 1954.75
261.09055 1209.93
261.15921 2537.06
262.08511 2071.9
270.10739 491.054
272.06946 2651.93
272.15677 429.152
273.13541 589.285
276.15390 1011.36
284.10294 833.535
288.11795 1143.95
290.08005 6927.9
291.08240 575.697
298.10193 1064.76
300.15430 1451.95
301.12988 1953.56
302.12943 492.522
310.10272 1029.64
316.11237 2843.57
326.17087 909.762
328.11230 827.553
333.17630 7270.07
334.17813 1305.77
344.17862 522.864
350.21805 4466.58
351.16660 744.051
351.22156 593.078
356.15982 577.999
356.69229 889.943
363.14038 447.051
369.17624 781.938
372.26035 2480.95
374.17426 1301.52
376.18689 2223.23
381.15125 1708.69
383.19537 438.612
391.16116 865.951
392.14185 443.492
401.11206 3385.24
401.20154 673.694
402.11771 454.302
403.16385 1852.42
412.21048 749.957
412.70700 487.299
414.27133 496.274
416.21704 707.231
419.12152 1314.97
421.21606 1009.26
429.19540 916.407
431.15506 679.552
434.22403 12180.8
435.22726 2343.15
454.75821 486.913
455.20883 473.01
455.25632 491.404
464.26044 2576.09
465.26511 552.623
468.75165 748.671
471.32840 833.973
476.14401 990.592
482.20547 1240.56
494.23822 834.461
497.25879 979.052
497.75879 491.452
500.22119 712.013
502.19690 683.406
506.26614 1320.72
506.76953 781.09
514.19104 658.726
528.21906 1366.9
532.20471 952.837
543.31500 513.313
545.81171 475.206
550.29553 1007.34
561.78033 856.673
563.20624 1574.53
565.26251 6892.29
566.26447 1567.74
570.78796 1356.25
571.28461 1317.61
578.21967 656.126
589.23865 509.839
590.24902 688.067
590.75397 683.079
593.30383 6709.46
594.30737 2176.38
599.25854 1504.01
599.76080 612.563
605.18774 573.077
611.25598 2238.19
612.25226 591.755
629.25928 937.522
635.31104 962.978
635.80853 528.653
636.31055 527.63
641.30566 872.087
642.30481 493.868
644.32422 582.106
648.29840 1213.86
649.31201 714.861
656.38977 799.662
657.40991 954.153
662.32874 481.665
665.32184 581.102
666.31152 16699.8
667.31708 4979.99
668.31415 1486.15
669.30249 572.924
673.31256 614.81
677.29346 583.545
703.40051 479.811
706.27820 506.298
712.37640 1573.88
713.42767 1236.49
718.27222 576.221
723.34283 569.179
724.34076 1777.52
725.33838 1095.29
740.37323 6909.84
741.37012 2878.18
742.34863 1488.98
743.35327 861.845
758.42450 524.759
764.30591 480.526
771.34436 736.844
771.80096 502.321
774.44275 894.37
777.34174 4344.31
778.34454 1425.19
779.36743 496.573
780.33728 664.908
786.45270 873.541
794.37622 659.111
795.35358 19040.8
796.35565 7552.28
797.35760 2257.47
798.37909 592.003
799.37189 651.606
806.38269 833.187
807.32318 1768.86
813.43494 718.584
814.43658 568.301
816.37903 585.169
822.43213 582.597
823.41168 11437.3
823.81128 702.168
823.97314 527.705
824.41211 6643.89
825.41150 1558.9
826.38568 698.395
828.38654 1839.5
829.39294 880.464
832.44470 715.372
836.32532 643.76
841.41895 9744.42
842.41675 4253.23
843.41821 1198.9
855.43378 628.522
861.34698 1388.17
872.41931 605.2
873.44342 863.772
874.42969 963.17
875.43915 528.997
876.48511 2864.4
877.48712 1456.51
878.49658 492.911
880.42963 687.161
881.42249 491.381
885.46600 711.805
886.36072 526.95
889.45923 1251.96
890.43744 1801.85
891.45728 1029.21
898.44354 490.654
901.48169 1415.06
902.48932 2000.83
908.43774 15962.1
909.43909 8199.61
910.44275 2734.25
911.45648 962.353
912.47253 613.072
919.48169 692.842
926.51550 989.497
926.86023 1180.96
927.52722 491.889
928.40710 981.763
936.49310 6032.51
937.49390 4066.22
938.49469 1322.7
941.44904 664.815
954.50421 6176.57
955.50403 3531.07
956.51587 1358.53
970.38275 1037.71
983.40009 1065.47
989.57269 1565.92
990.57959 930.563
993.52356 901.675
994.50775 1199.35
1001.57678 1222.52
1002.57281 516.632
1011.52551 6400.77
1012.52747 3891.53
1013.52240 763.349
1015.39734 541.61
1019.46320 2565.57
1020.46844 1643.58
1021.47589 673.167
1027.48962 530.244
1028.50610 2419.23
1029.51306 1113.85
1037.48010 10239.3
1038.48206 5273.34
1039.48621 2036.08
1040.48816 651.221
1041.50854 640.354
1048.54907 1813.2
1049.56824 1116.35
1053.97742 489.888
1054.45911 685.352
1057.45813 720.381
1059.49915 490.566
1072.61865 627.542
1084.50830 496.51
1085.52832 778.685
1086.51526 704.946
1090.61133 764.798
1112.57971 974.413
1113.42114 589.936
1113.94922 1232.49
1122.54626 740.602
1123.54834 896.795
1140.56848 6694.55
1141.56921 4564.44
1142.57263 1529.92
1148.62439 1123.4
1149.62439 727.578
1151.63269 543.846
1157.54578 1822.2
1158.55627 1067.61
1159.46411 585.601
1159.61060 532.284
1176.61047 1171.09
1177.61072 730.077
1179.49573 1165.4
1180.49634 1259.67
1181.49316 764.939
1196.48682 3111.6
1197.50867 9681.69
1198.51282 5463.16
1199.50989 2625.02
1200.52893 668.965
1228.57727 594.965
1251.59497 627.978
1252.59631 611.206
1253.58496 492.17
1268.57996 529.392
1269.60840 4714.82
1270.61230 3013.78
1271.60522 1305.67
1281.60364 1764.6
1282.60034 1027.15
1286.58765 2520.85
1287.59863 1923.18
1288.63855 848.609
1290.50928 780.817
1290.70813 514.981
1291.71362 580.462
1305.64844 1039.4
1306.64563 883.249
1308.54028 1594.13
1309.53479 1026.12
1326.55652 3200.19
1327.55176 2420.22
1328.55518 1061.08
1338.63892 590.5
1339.63196 565.672
1345.60254 1639.6
1346.60315 1028.46
1347.57739 583.398
1376.67883 858.757
1377.68323 572.086
1385.65552 1864.09
1386.66077 1129.26
1419.53540 584.219
1429.62354 785.358
1430.64502 566.891
1455.61206 835.935
1477.74756 750.564
1494.60010 597.541
1495.61108 562.009
1512.61609 1920.77
1513.61890 1372.14
1514.62451 927.907
1535.59888 735.241
1558.68506 1240.93
1559.68494 905.582
1721.69165 806.82
