2763.39511 3
110.07121 554.243
120.08066 2701.59
121.08405 243.858
129.06586 208.464
129.10217 2335.25
130.06461 276.641
130.08583 515.186
133.04243 257.35
136.07564 3612.64
137.07921 298.615
143.11784 671.228
147.11279 1256.4
157.09715 608.487
159.07626 348.064
159.09175 1021.34
161.09180 275.491
167.08153 295.216
169.09715 216.924
169.13390 315.54
171.07634 715.632
171.11290 583.186
173.12833 244.829
175.07156 205.599
175.11899 1296.38
183.14970 309.714
185.09184 722.376
185.16498 535.351
187.07089 361.112
187.10703 412.076
187.14351 297.232
189.08696 567.799
193.09637 225.749
197.12801 450.612
199.10760 464.673
200.10222 233.644
201.08867 288.958
201.12343 377.419
203.06671 426.721
207.11270 332.3
210.02469 479.829
211.14383 220.306
212.10255 212.775
213.08621 243.973
213.15941 409.874
214.15291 284.47
215.10263 659.978
215.13867 675.435
216.09734 647.993
217.08493 302.858
221.09158 586.261
223.10770 581.831
225.15939 480.046
227.10240 897.112
228.13403 622.983
230.11348 518.441
233.16415 522.096
235.10605 596.594
240.13390 207.457
242.14952 985.04
242.18605 367.95
243.13498 337.049
244.09282 486.226
244.12772 470.303
244.16585 479.437
245.07724 212.5
246.18120 270.757
247.14407 240.186
254.11334 552.326
254.14865 292.096
258.10754 455.331
258.14355 340.587
259.14438 238.776
260.10663 234.517
261.15918 306.787
262.13858 1621.75
263.14001 217.219
268.09244 483.325
270.18094 2448.33
271.18369 331.075
272.12344 507.095
272.15668 335.092
284.12292 459.086
285.11926 329.586
286.10257 508.217
292.12833 324.09
294.18188 206.31
301.18634 325.806
302.13361 313.141
305.12784 237.871
308.12381 537.554
313.15140 331.364
315.13104 402.289
318.18076 944.758
320.17270 269.657
322.16046 300.479
325.18719 218.951
327.16727 237.482
328.18576 725.878
329.18298 578.701
330.12991 527.409
334.15109 237.077
334.16812 249.32
341.14560 282.109
341.19580 347.647
343.19595 283.287
347.17023 322.805
354.17691 232.975
359.15280 256.219
359.20349 3492.14
360.20761 543.201
361.20981 215.47
367.16031 218.697
369.14084 527.51
372.18921 1215.68
373.16843 1003.3
374.17319 270.229
375.20224 299.144
382.20889 332.26
384.18781 280.26
387.14828 421.696
387.20218 396.39
389.25342 760.33
390.19772 1870.57
391.19943 545.26
396.20480 955.629
396.70752 306.759
397.21112 215.54
400.21936 488.523
405.21255 306.014
417.24435 422.737
418.24844 264.975
426.23178 282.662
438.15958 241.354
438.75485 260.698
444.24023 290.89
444.73541 287.942
446.23862 666.932
450.19525 274.975
452.74774 1725.79
453.24695 866.637
453.75095 267.213
456.17288 221.053
456.25070 243.929
461.23511 4421.04
462.23544 862.954
468.20880 240.01
476.25232 251.085
476.29578 218.882
478.20886 309.289
486.26724 294.053
488.29218 227.716
493.19278 248.693
493.77557 242.51
499.29379 264.043
502.28204 1004.1
502.78235 684.129
527.79376 262.875
529.27222 283.554
547.28503 415.678
550.26111 433.61
559.79590 1128.37
560.29999 628.702
560.80200 225.606
574.30890 248.029
576.77960 231.881
577.28015 264.009
581.31403 371.752
587.28351 251.608
592.31781 450.232
592.81323 228.118
594.30670 310.179
595.29602 226.95
597.26117 225.336
603.31427 464.017
603.81372 284.979
608.30328 6198.72
609.30707 2122.63
610.31000 493.293
619.31860 379.882
624.28784 232.527
628.35229 299.52
632.30634 290.395
635.35742 279.113
635.82581 428.798
641.29425 456.466
644.83112 455.555
645.33405 443.935
646.34882 232.515
649.35767 356.289
657.34564 276.367
663.34625 1499.28
664.34851 853.785
665.34937 257.654
673.33112 265.794
677.34943 277.253
677.84698 267.838
678.84576 234.469
686.34430 888.567
686.84955 511.491
687.35406 247.544
693.24762 248.306
693.33899 240.148
695.35284 1365.54
695.85449 815.194
696.35748 624.918
697.83722 335.047
698.34235 365.21
701.36157 275.387
707.37061 2725.69
707.85498 236.786
708.37457 1227.05
709.37512 422.437
715.35352 278.718
715.86450 430.644
716.37103 341.935
716.87012 239.597
717.39948 351.528
720.85809 532.85
721.36554 473.025
729.86810 811.459
730.36792 620.111
730.86890 350.048
734.31567 350.663
738.88263 508.604
739.37695 524.961
742.35754 291.923
747.37494 277.685
749.38318 281.108
751.37170 382.424
753.92334 2673.92
754.42712 2137.47
754.92957 955.116
762.94080 497.621
763.42657 499.813
771.37897 277.528
778.40985 2005.03
779.41949 880.045
779.91693 279.143
780.42322 242.825
786.41986 240.013
787.41656 892.292
788.43390 706.282
788.93701 281.956
790.37439 316.369
791.40533 4801.78
792.40576 2496.21
793.41125 639.434
793.90601 265.472
794.41290 485.995
797.38379 274.24
797.89514 309.643
802.91241 2673.02
803.41235 2119.28
803.91425 923.679
804.41626 551.769
806.39636 300.145
808.38049 241.456
809.40631 310.395
811.40900 260.084
811.89447 293.792
817.42645 236.695
822.94629 444.781
823.44751 618.615
823.95416 400.18
828.43213 297.79
828.90979 278.177
831.95331 1737.01
832.45563 1651.09
832.95074 729.903
833.45795 344.642
835.43115 7166.24
835.93665 302.943
836.43365 3523.41
837.42987 1636.46
837.92542 585.817
838.43561 414.923
839.90338 379.276
840.40002 606.432
840.94940 473.462
841.46863 370.871
843.39362 296.464
848.42963 346.802
848.91852 539.762
849.41492 621.358
852.43591 265.592
858.42639 292.132
863.44299 266.585
871.47119 390.106
871.93121 1081.59
872.43982 1436.89
872.94196 644.473
873.46191 300.395
875.44977 308.687
876.49884 1090.53
877.50543 561.897
880.93768 1674.51
881.43665 1545.57
881.94312 786.39
882.45648 328.378
886.40118 337.91
887.45825 402.02
889.43256 301.616
890.48035 314.412
891.38971 256.961
891.72827 320.43
898.46423 248.502
904.48901 5486.85
905.48938 2882.4
906.50372 713.469
907.39917 398.597
910.46234 290.87
915.99719 703.965
916.49524 950.149
916.99420 411.246
917.50372 247.78
919.48212 322.453
921.01416 324.815
921.49457 1159.56
921.98395 462.202
922.47253 1308.07
922.93964 410.575
923.34448 270.515
923.48309 797.991
924.45435 540.696
924.99976 1251.83
925.50659 1173.96
925.99927 505.359
926.53076 293.781
929.92761 379.214
930.44293 533.673
930.96356 454.551
931.48114 269.497
934.01019 277.199
934.52484 372.175
936.47858 7626.66
937.48187 4012.33
938.48322 1279.43
942.47510 260.433
952.44482 368.301
955.98126 295.623
956.48108 334.389
962.48859 264.804
964.97687 1254.96
965.48444 1473.75
965.98480 654.291
966.36450 910.212
967.35242 315.388
970.02893 247.181
971.51208 532.372
972.02155 332.865
972.51245 357.352
973.98956 1292.6
974.49347 1101.63
974.98956 668.546
975.58032 779.058
976.58234 493.338
978.36469 273.505
979.46362 313.045
980.52612 694.027
981.03113 519.52
981.52924 441.895
982.47418 350.291
982.98779 312.454
985.51227 245.033
989.02789 361.457
989.53015 430.143
990.53070 245.622
993.47833 247.891
1003.55920 4507.29
1004.56317 2315.76
1005.57373 610.976
1011.49402 398.072
1011.99451 289.194
1013.51123 386.233
1013.97125 286.24
1014.48883 389.802
1020.49420 1029.08
1020.99750 831.574
1021.49188 636.47
1022.00433 311.089
1022.51935 489.466
1022.97980 729.234
1023.49438 1018.88
1024.05383 547.832
1024.54590 446.674
1029.01563 264.191
1029.50427 825.787
1030.01221 815.67
1030.50598 670.729
1032.55261 851.93
1033.04834 1069.2
1033.55115 726.081
1034.04980 263.658
1041.54773 434.872
1042.57190 272.285
1049.56616 2061.29
1050.56958 1200.45
1051.55371 407.292
1055.56750 248.669
1058.55725 341.93
1059.05408 297.206
1059.55408 257.631
1063.52832 360.79
1064.53064 326.816
1065.43445 823.705
1066.42395 310.004
1067.05286 905.438
1067.56213 1200.59
1068.05261 878.255
1068.56360 400.096
1072.52747 694.534
1073.02502 996.869
1073.53174 490.944
1076.06189 1183.59
1076.56299 1898.02
1077.05615 1347.66
1077.55420 723.5
1078.03284 429.54
1078.49683 628.629
1079.00256 398.353
1079.51245 351.846
1081.53613 906.302
1082.03394 940.394
1082.52759 834.749
1085.06592 542.084
1085.56580 594.07
1086.06494 350.186
1088.58154 566.604
1089.58069 561.364
1090.54846 376.074
1095.55103 295.544
1098.55725 406.473
1099.53638 363.126
1106.58496 7341.99
1107.02661 299.552
1107.58337 4794.56
1108.04565 686.562
1108.58789 1416.18
1116.04297 1277.93
1116.54590 1459.32
1117.03906 989.394
1117.55701 702.019
1118.58386 3591.16
1119.58679 2608.56
1120.58557 687.015
1121.59021 266.384
1125.04443 1178.23
1125.55310 1733.28
1126.05811 830.2
1126.55103 826.848
1130.52283 492.503
1131.02002 441.705
1131.53015 389.322
1132.05945 297.356
1133.55664 317.831
1134.55164 769.113
1135.07935 299.169
1140.59644 536.09
1141.08984 736.7
1141.59521 414.247
1142.08435 299.942
1142.54883 588.278
1143.55640 390.629
1149.59631 940.435
1150.09497 1237.31
1150.58777 1054.68
1151.09900 323.198
1151.57446 511.111
1152.56079 484.895
1156.54102 310.718
1158.61987 256.494
1159.09546 280.285
1165.52209 498.403
1166.03125 258.231
1174.03967 523.557
1174.53210 643.944
1175.04565 580.052
1175.58679 261.677
1181.07361 302.781
1181.56250 265.288
1182.05945 250.682
1187.61462 637.731
1188.61023 513.036
1189.58679 704.093
1190.08350 840.994
1190.57361 910.023
1191.07922 319.305
1198.58630 1011.63
1199.08276 1020.14
1199.58630 809.956
1205.61938 1395.04
1206.62598 976.072
1207.62732 430.335
1208.56592 298.857
1222.57031 311.72
1223.56165 408.32
1228.64453 943.077
1229.66357 548.99
1235.54468 759.684
1236.54407 494.353
1237.56897 258.416
1238.57178 314.952
1247.56531 500.257
1248.07605 352.484
1248.58167 316.005
1249.62415 296.468
1250.65027 288.627
1255.57654 514.943
1262.66101 332.546
1263.63293 262.262
1269.65283 2081.26
1270.65430 1511.14
1271.64697 888.933
1278.68140 405.925
1279.65649 394.271
1281.59485 362.834
1282.60059 323.428
1288.66516 727.138
1289.64868 550.828
1290.64905 288.364
1306.66370 1167.41
1307.66565 853.016
1308.66174 465.524
1338.69690 297.329
1339.67896 322.326
1356.67871 1815.67
1357.68384 1568.27
1358.68933 601.766
1363.68079 359.267
1366.60278 440.105
1379.72070 385.659
1380.72339 290.459
1389.70093 287.482
1390.70813 268.448
1396.68030 264.623
1407.71387 569.369
1408.71436 526.706
1457.73486 871.652
1458.74182 711.606
1459.75244 472.251
1466.75488 328.578
1467.76636 285.164
1468.78101 259.361
1476.74182 1196.35
1477.74390 856.477
1478.75659 304.278
1494.75317 855.137
1495.75146 727.626
1496.75867 334.941
1629.77722 298.937
1630.83594 274.097
1657.80273 402.266
1658.79565 420.088
1714.82739 808.753
1715.84192 750.492
1716.85461 355.296
1760.85010 350.974
