1609.78874 2
110.07093 621.776
120.08041 4862.79
121.08413 212.093
129.06531 193.515
129.10207 593.737
130.08629 202.968
133.04271 182.273
136.07541 1004.13
147.11252 334.764
158.09140 305.794
159.09117 188.041
169.09731 247.576
171.11107 220.223
175.11853 1388.41
185.12790 238.905
187.10728 2782.92
201.12321 340.998
215.10228 2453.07
219.14967 210.853
221.12791 242.543
227.10046 184.612
228.13380 372.866
229.11823 282.675
233.16449 1290.31
245.12407 374.473
249.12271 371.141
251.10133 200.851
251.15018 203.674
258.10822 195.983
261.15936 578.041
262.15021 222.919
288.13367 733.918
290.07993 378.543
293.11240 497.415
306.14426 325.912
317.14972 328.553
362.16977 690.546
371.19092 351.854
401.21768 252.444
408.18790 339.881
419.22751 253.033
425.21243 676.337
554.25079 346.603
717.31787 931.791
804.42249 545.441
805.44977 234.435
830.40125 893.258
977.46875 613.721
1078.51538 515.961
1117.52637 635.16
1135.53809 2152.42
1136.54041 958.452
1248.62000 668.965
1249.63562 276.574
1395.67859 224.484
