1252.71123 2
110.07117 7081.7
111.07424 475.391
112.08707 413.907
115.05016 550.889
115.08623 547.116
116.07068 424.427
120.05476 373
120.06587 374.845
120.08067 73696.6
120.09598 352.092
121.08392 6211.59
129.06616 747.829
129.10217 9821.53
130.06493 3013.36
130.08617 3479.56
130.10490 554.273
131.08159 739.491
132.08075 1558.52
133.04237 366.99
136.06210 417.598
136.07567 7447.19
137.07878 683.261
140.07060 362.853
141.06624 626.377
141.10201 852.829
142.12195 371.597
143.08134 2035.02
143.11790 1067.87
147.11276 6612.63
153.06549 637.871
155.08250 625.96
155.11761 1019.31
156.07719 399.34
157.09755 425.642
157.13341 2792.12
158.09154 865.522
159.07649 2816.28
159.09158 6574.86
159.11263 3620.67
160.09500 773.827
161.09181 854.061
165.03239 423.118
166.06146 435.651
167.08183 601.905
169.06068 900.804
169.09723 791.559
169.13383 540.532
170.05960 854.921
171.07649 2635.92
171.11249 1133.21
172.07094 429.79
173.09283 518.311
173.12837 3149.76
175.11885 4985.43
181.09758 472.907
183.11259 1312.93
183.14911 1246.25
185.09135 502.78
185.12834 2822.99
185.16493 1282.84
186.08717 632.191
186.12299 636.182
187.08633 1342.2
187.10770 4388.99
187.14410 999.449
189.08708 2285.09
191.08476 1038.05
193.09711 1368.68
195.07652 752.081
195.11288 500.826
197.12837 1489.21
198.12274 534.365
199.07260 419.057
199.10750 952.287
199.18031 1271.21
200.13960 447.891
201.12340 3882.73
205.09737 364.766
207.11346 414.507
207.12437 531.506
210.02544 438.309
211.14371 702.891
212.10315 602.366
212.13826 580.4
213.08691 786.939
213.12260 476.59
213.15993 2275.49
215.13945 3151.9
216.13347 2224.43
217.08221 1374.62
217.13664 834.811
218.15010 1274.47
219.07933 379.986
219.14984 676.576
221.09041 410.442
222.05376 407.119
223.15540 998.036
224.13875 418.402
225.09982 913.903
225.12175 587.069
226.11771 744.293
226.15440 486.902
227.10229 669.709
227.17453 539.48
229.09315 1972.12
229.11752 884.196
231.09859 822.201
233.11694 423.956
233.16483 63025.1
233.22543 386.151
234.14490 9356.54
234.16788 8759.05
235.10414 662.72
235.12250 601.936
235.14777 724.335
235.17047 521.306
237.12108 1199.93
240.13400 8045.54
241.13934 1014.63
242.11324 377.394
242.15022 508.395
243.13388 782.943
244.12680 472.771
244.16553 2167.98
245.07664 374.378
247.14406 486.917
249.09776 519.175
249.12341 404.62
251.15015 895.7
252.13382 2349.58
254.11391 382.374
254.14963 3019.68
255.14793 669.039
256.12909 1734.29
257.19833 397.661
258.14481 2763.44
259.14902 480.529
260.14233 564.892
261.15952 25307.1
262.16278 3812.41
263.10187 912.352
266.14963 562.163
267.10907 833.62
268.16528 618.639
270.14429 12916.9
271.14771 1458.23
272.15829 1333.46
273.15503 653.4
274.13922 1391.05
275.17334 415.647
280.10989 475.007
282.14410 881.205
282.18063 573.71
283.14120 1106.97
284.12344 687.873
284.16019 1318.26
286.13672 506.553
287.21127 1003.98
288.15491 6199.7
289.15692 903.526
291.16519 579.423
293.12698 417.735
294.18213 551.641
296.16171 389.502
296.19733 1559.47
299.17007 490.337
300.11932 465.071
300.14893 497.511
300.17401 570.876
302.13248 471.316
302.17072 418.354
303.17075 411.469
303.21323 625.42
311.13538 1252.96
311.20676 379.319
312.15698 505.541
312.19186 482.428
314.20743 2522.83
315.20709 894.68
316.16553 916.234
317.18268 1680.72
318.12738 434.326
321.15417 766.997
323.17029 625.017
324.14597 454.511
325.22345 702.358
327.16678 1966.16
328.16229 687.101
329.14590 719.148
329.18341 474.318
332.19641 2818.82
333.20145 482.328
334.13788 665.75
335.19241 15812.4
336.19534 2324.05
339.16708 4466.69
340.16638 455.536
341.18289 1582.45
345.17624 2307.04
351.20215 802.631
353.21716 1277.92
355.19858 686.61
357.17770 5954.08
358.17892 837.271
359.19705 827.664
365.21649 1022.47
367.19656 567.769
369.21274 2068.25
370.21701 450.608
371.20419 1134.74
373.24588 572.072
374.20923 481.939
375.18799 1189.61
380.13535 513.737
380.18976 465.362
381.22159 469.777
382.21466 397.9
383.22906 2223.11
384.23096 441.464
385.20929 443.665
386.24411 734.178
387.22510 786.905
392.19278 2519.01
396.22388 1464.71
397.21164 393.93
397.24829 677.792
398.14835 1990.31
399.22461 620.642
400.22473 459.237
401.20523 1237.67
401.24820 2215.14
402.24847 593.713
408.18686 410.558
410.20361 8252.59
411.20316 1175.86
412.25473 813.713
415.24463 491.336
419.22507 513.992
420.22574 865.628
422.23862 868.796
424.21704 571.242
428.21417 5652.37
429.21246 1052.14
430.26590 4024.81
431.27716 901.57
431.29916 891.168
436.25769 673.156
438.23553 3930.29
439.23773 787.772
440.25150 944.619
441.24829 498.411
446.22171 1460.11
446.25790 872.412
448.27676 14239.6
449.28046 2952.66
450.27948 536.358
452.25186 774.06
454.26575 766.728
456.24503 5472.5
457.24786 1200.46
458.26611 520.626
464.24936 1148.72
466.26837 1471.83
470.26373 1030.99
472.27310 524.037
474.25601 1262.35
478.26575 486.457
481.27768 681.832
482.25635 1237.74
482.31158 404.035
483.25690 440.5
484.27875 1713.62
486.20020 400.927
491.25980 1659.28
499.28897 1035.02
501.27112 451.252
502.28625 1373.02
503.33783 661.671
504.28680 499.269
506.23251 401.355
509.27124 4981.98
510.27142 1078.68
517.30005 816.126
522.27820 713.998
523.29034 1007
527.28259 4852.22
528.28369 1289.43
529.33563 724.854
535.27637 464.15
539.27942 468.509
541.29596 991.795
543.31879 460.817
545.29321 1215.96
546.29425 613.026
547.34473 5484.7
548.34821 1293.19
551.32434 573.61
553.29584 1098.11
559.30121 1440.36
559.40326 1097.18
559.80157 443.201
569.33398 1363.95
570.33441 449.632
571.30096 676.372
572.31500 509.646
589.29248 407.827
610.31256 398.253
622.35864 844.377
624.33569 448.837
624.82977 434.552
626.33179 843.667
627.32117 827.836
630.38550 993.124
632.37421 837.259
640.36682 1491.95
641.37708 405.362
648.39270 3403.09
649.39655 1288.7
652.37469 396.79
658.38153 565.891
659.39575 455.621
668.33759 589.431
668.83691 461.942
670.36682 509.963
682.38593 414.29
688.45050 1562.31
689.44946 599.533
699.40002 857.695
717.41431 1330.74
718.41559 665.967
734.34961 686.756
735.42480 10328.4
736.42834 3846.29
737.43439 615.283
741.41931 392.122
803.47119 1232.1
804.49170 415.763
816.49280 407.391
834.49506 2641.41
835.49542 1149.94
841.34052 542.087
885.50708 468.309
903.51978 845.121
904.51654 556.573
921.52466 3993.58
922.52472 1866.16
923.53357 412.555
929.48773 723.362
932.51697 1428.84
933.51678 745.64
944.51721 616.705
974.55377 1297.85
975.55212 573.787
990.53638 833.476
992.56000 5178.23
993.56451 2441.06
994.57593 522.467
1060.58521 417.02
1117.59607 2067.28
1118.59912 1093.13
1248.64172 474.265
