2023.98777 3
110.07102 3855.4
112.08681 530.389
116.07008 651.971
117.10218 618.919
129.10197 21432.6
130.10527 1456.67
136.06134 821.003
136.07549 5309.42
139.08650 982.269
141.10197 1446.46
143.11751 597.281
147.11238 1146.99
155.11774 2516.81
158.09227 721.972
167.08147 1103.45
169.09692 1546.35
171.11261 1391.15
173.12805 1452.78
175.11848 10923.1
181.09720 1554.99
183.11241 2461.96
183.14880 7539.56
184.15268 777.538
185.09219 665.287
186.08754 749.744
187.07040 755.686
189.08667 781.436
191.61823 662.977
195.11259 2037.4
196.10759 4663.24
199.10774 869.802
199.18019 3709.64
200.13898 2739.01
200.17311 688.529
201.12297 1328.6
210.15921 1240.01
211.10712 1097.93
211.14362 3416.97
212.13838 1846.36
213.08661 1030.71
217.08121 850.67
224.10246 4388.05
226.11731 597.079
226.15500 1027.14
227.17415 1102.91
228.13373 9231.48
228.16985 3200.29
229.13779 860.556
229.17401 540.649
240.13345 743.479
241.08049 622.562
242.14961 656.382
245.07602 1294.52
254.14545 591.76
255.10831 1744.74
259.09055 678.35
263.67023 2367.67
264.13379 703.173
264.17163 883.424
268.16559 794.463
271.61908 1836.72
280.16379 672.2
281.16013 1439.82
282.14340 1398.75
282.18091 932.976
290.14539 16443.9
291.14734 1511.58
297.19073 775.535
298.17581 585.591
299.17020 3756.15
299.20673 1069.73
307.13968 1345.57
311.20667 1929.85
312.19583 4073.33
312.69791 1418.84
315.13464 1652.18
316.11246 831.788
317.19257 993.712
324.16650 658.454
327.20148 2961.07
328.07657 758.322
328.20593 753.659
338.21741 2385.76
339.20135 7168.08
340.20624 1478.41
356.22818 2935.02
360.18893 1198.75
382.23050 2132.02
393.70819 4093.71
394.20929 1517.01
395.19595 785.467
398.23953 1349.55
405.17303 2735.4
408.22229 602.45
410.24384 1960.45
420.20288 6655.79
420.70389 2641.82
421.20880 705.896
426.19995 681.952
427.30133 2834.69
437.28769 565.433
438.27197 1002.09
440.20334 588.286
443.29327 889.198
444.20898 820.81
445.16220 707.296
446.23550 2318.22
448.21890 1665.27
449.22394 2013.41
449.72049 624.778
455.29623 5130.2
456.29828 1314.37
459.72382 887.114
463.14551 941.83
465.24466 2895.36
466.25128 578.087
467.26541 723.785
467.56790 688.685
468.72882 24504.4
469.23083 13401
469.73224 3534.16
470.22968 761.704
481.31354 1338.21
482.74716 701.757
484.31555 686.345
491.74973 4864.81
492.24271 1014.51
495.79053 753.271
498.33939 2676.18
499.34097 985.321
503.24139 6068.09
503.74194 2206.52
504.24146 1001.88
506.24094 1197.02
508.32678 805.122
509.30606 2725.29
513.74420 945.233
517.27753 837.428
521.80469 2216.17
522.30792 2134.89
522.75031 1594.85
523.24774 731.794
525.79791 666.723
526.33398 20171.9
527.33478 5000.87
530.31848 8103.17
530.81976 4398.51
531.32104 1400.65
531.75031 7983.32
532.25085 4607.14
532.75079 963.317
534.30188 2220.85
535.30542 891.173
535.80707 604.362
536.28015 1539.12
540.73846 5588.08
541.23932 1372.11
542.22998 4430.16
543.23523 990.704
544.31317 1474.74
544.81921 1217.92
545.25916 760.746
555.23145 2322.61
560.95374 1449.33
561.26044 3172.67
562.24908 592.453
573.24860 2378.66
574.24823 702.143
576.25482 725.64
580.26343 2280.39
580.77179 696.14
586.77686 1673.82
587.26849 3799.82
587.77155 1679.28
588.31219 3193.14
589.31281 601.484
592.18793 779.086
593.33655 591.75
594.39990 701.83
595.77966 3279.1
596.27948 2635.99
596.78333 1316.97
605.34033 965.9
609.31213 990.034
609.99280 942.234
623.38556 1855.71
627.38397 1709.52
629.26251 12380.4
630.26581 3648.48
631.26654 683.55
631.33386 873.347
632.33673 1169.65
634.80365 774.542
636.25256 1341.14
636.68304 768.694
637.00195 4313.38
637.33301 1899.87
637.66992 1723.33
637.77539 1048.69
637.98438 1400.15
638.32361 918.363
642.67700 12135.3
643.01166 13834.2
643.34473 6674.23
643.68335 3161.29
643.98822 12553.3
644.32300 9333.87
644.65710 2148.27
647.31342 3671.78
648.31677 1382.74
649.99255 5618.91
650.32513 3612.95
652.31274 1780.06
652.82349 1871.14
653.31012 644.028
665.28888 728.435
670.37683 1168.71
670.64417 1414.36
670.97736 1412.13
671.31152 828.339
672.28717 4849.72
672.79022 3157.79
673.29120 904.396
674.29541 2665.91
674.78967 2041.17
675.26978 1208.99
675.41138 1201.25
676.31586 1206.96
676.40375 1197.81
676.64667 11157.8
676.97992 6679.83
677.31531 1058.25
686.28149 5526.4
686.78754 3313.1
687.28040 1202.74
689.35706 1089.97
691.84186 1045.26
692.33728 3901.3
692.83673 2557.37
693.34973 628.565
697.40381 716.46
700.84753 20095
701.34937 16743.3
701.85077 6727.61
702.35364 1898.37
708.47369 1310.41
719.44391 700.36
721.21790 909.773
727.36096 1075.83
727.85687 1884.32
728.35742 840.933
736.45361 11508.1
736.86890 7356.36
737.44745 4567.35
737.86908 1196.86
738.47052 1111.97
742.34497 6414.99
743.35046 1903.18
744.81189 782.067
745.31055 912.202
745.41168 896.631
749.83533 3557.76
750.33759 2151.85
750.83649 1251.76
753.33649 1459.09
753.49615 898.941
753.81860 13359.2
754.32001 10067.8
754.82086 4386.35
755.31335 1280.18
762.32837 1396.61
763.32422 1002.62
764.89697 1020.44
765.38794 944.146
770.41675 1185.93
771.33545 889.557
773.35608 1005.16
774.86755 2439.01
775.37067 1735.83
781.41461 696.07
785.35535 1974.97
785.91040 1356.13
786.40863 13349.9
786.96753 764.94
787.29944 898.955
787.42419 3974.54
788.41766 955.559
794.34760 718.555
794.83990 603.056
799.41998 3090.42
800.41980 1680.2
803.35498 3937.67
803.85449 2517.44
804.35718 1237.35
818.93964 1435.75
819.43488 666.078
821.38721 1059.42
822.37952 1350.5
832.44861 1170.92
835.44324 1429.83
839.39856 33074.7
840.40027 14039.4
840.92877 1452.86
841.41400 7344.53
841.92078 3660.59
842.41547 2171.59
847.50635 1162.46
849.93384 2545.92
850.43317 2116.26
850.93304 835.206
853.87439 1347.2
854.37799 1209.79
858.86694 1543.27
859.36707 1507.53
864.52991 5388.29
865.52948 2371.19
866.51843 690.407
870.41980 654.491
871.38782 1113.59
885.44531 1303.97
890.42084 709.461
899.46759 1468.02
899.96008 1420.59
900.47913 617.102
902.40631 985.863
902.90704 857.694
915.44849 1754.29
916.45245 832.148
918.43341 1141.17
919.48108 2933.32
920.47375 686.966
921.43103 916.885
936.45074 15625
937.45343 7408.38
938.45807 2098.33
973.53986 959.949
979.50879 1784.05
980.50616 731.453
982.49268 2533.92
983.52429 768.619
990.57227 6830.25
991.57605 4012.04
992.59583 876.714
997.52399 1151.6
999.44562 1162.62
1005.47260 2203.05
1006.47046 861.483
1008.59900 614.099
1034.51978 972.555
1044.49573 2136.42
1045.49011 954.971
1062.49451 17817.8
1063.49695 9962.54
1064.50366 3104.02
1065.51416 993.537
1080.47229 1036.45
1111.55334 1832.04
1112.55884 1432.3
1121.54163 1506.79
1122.55396 647.03
1159.51416 822.535
1160.47461 1768.87
1161.46936 635.467
1172.52576 820.836
1173.52905 3524.01
1174.53711 1811.26
1182.58289 855.449
1183.60596 692.091
1190.55493 5706.8
1191.55469 2890.53
1192.55981 967.848
1209.53772 619.823
1226.58606 893.172
1227.57104 780.356
1281.56848 1675.09
1303.64087 1637.35
1304.64026 925.929
1343.57642 865.927
1400.68921 4308.33
1401.69116 3401.3
1402.69250 1186.88
1471.72742 948.934
1472.72107 822.509
1506.62659 950.806
