2044.91359 4
110.07107 15686.6
111.07446 650.078
117.06562 2346.16
120.08042 1170.81
129.10220 4765.44
130.06497 24169.7
130.08728 559.619
131.06830 2297.03
133.04237 588.742
136.07562 5763.55
137.07904 578.119
138.06595 592.553
143.11772 5651.92
145.06068 2621.77
147.11258 1559.84
157.13300 765.82
159.09157 2265.41
159.11227 1158.2
166.06169 607.526
170.06032 921.752
171.07620 546.422
171.11263 2260.61
174.05449 763.581
175.11864 7624.65
187.10774 544.533
193.09714 1331.25
194.10286 612.474
195.08752 12491.8
196.09167 1102.53
199.08664 1313.71
199.18028 3207.53
200.18301 549.49
201.12314 1106.01
211.08713 1065.99
211.60007 9008.62
212.10201 2406.41
212.14040 645.167
217.60007 7150.68
218.10159 1898.53
218.14969 1233.84
218.60776 1867.94
219.07939 774.298
225.59737 2629.39
226.09766 707.649
227.17519 843.402
229.11673 877.203
230.15030 1404.99
231.59760 18269.3
232.09923 4450.6
234.09808 1913.1
239.11365 2441.81
240.11099 1832.84
241.11195 876.444
242.14931 673.073
244.56813 579.961
246.09787 1933.78
252.07803 678.398
254.10814 2061.05
254.60941 574.696
258.14420 889.88
260.19702 1432.75
260.58856 5739.63
261.08945 1720.25
264.10886 5396.5
265.11298 1005.35
266.58896 3671.28
267.09003 1515.32
267.59659 2330.47
269.10620 4649.98
270.10614 737.856
270.13062 730.027
274.58746 1026.22
274.62152 6116.93
275.12387 1454.86
280.58621 4575.49
281.08685 1214.25
281.13632 586.876
283.62686 2012.73
284.15799 645.191
285.13437 1032.41
286.14038 4330.89
286.17044 7741.29
286.67245 3153.6
287.17215 774.849
288.20221 2362.57
288.61926 5259.74
289.10092 1871.58
289.60062 621.85
294.61755 719.102
297.62405 3818.4
298.12289 912.789
303.09668 5284.11
303.13217 3362.35
303.59827 1700.87
303.63376 1016.7
309.09607 677.151
313.12881 1698.31
313.18332 4484.5
313.51736 3219.12
313.85248 950.288
317.12952 4890.56
317.63126 1610.93
323.61023 3523.9
324.11102 727.832
326.13452 1151.08
332.61505 3227.99
333.11215 628.357
337.60764 2518.24
338.10693 927.712
341.17950 648.438
343.60843 569.381
346.61206 3512.97
347.11447 1356.9
349.19839 1421.73
350.15634 1135.89
350.21991 1295.1
350.85992 899.081
351.18903 693.117
352.11938 1268.03
356.86340 8262.82
357.19751 5539.55
357.53229 2160.44
357.86407 651.556
359.67413 1727.2
362.08524 2297.1
366.11951 4118.4
366.62082 1228.28
367.20816 1428.45
370.15210 1960.15
373.17160 1825.5
375.12201 916.873
378.15137 8990.77
379.15375 1820.39
384.13248 4323.55
385.13501 743.4
389.20648 680.118
395.20602 5660.68
395.53925 2990.45
395.87411 1740.52
396.16486 957.461
397.53568 2397.57
397.87207 1412.12
400.74200 2385.34
401.24512 1331.27
408.66287 2224.89
409.16409 653.02
420.17010 758.605
422.19330 1716.67
428.28778 1645.97
431.10916 793.989
431.18481 1675.79
431.68707 955.577
432.17700 1053.69
432.90094 5484.95
433.23483 3579.58
433.56744 1895.08
439.17139 770.989
445.90515 893.88
447.53568 669.501
448.13431 1029.84
450.18826 8440.03
451.19135 1807.03
451.90726 7112.82
452.24146 6112.94
452.57568 2388.89
452.90982 652.787
453.53909 1039.7
460.26648 9204.58
460.76791 5375.4
461.26895 2164.27
462.18619 760.873
464.26285 837.07
469.27167 24922.8
469.77274 14747.2
470.27417 3961.45
470.77255 683.04
474.28070 4732.23
474.91577 1724.31
475.24591 1459.66
475.29614 627.675
475.48669 809.162
476.12854 11755.4
477.13068 1985.54
477.19577 1027.07
478.48602 4292.69
478.73615 6196.35
478.98734 4124.04
479.23846 1325.3
480.17120 1362.36
480.24530 831.888
480.91730 5455.94
481.25336 4396.13
481.58618 2072.36
481.91910 905.92
482.98804 17172
483.23889 19948.7
483.48889 14068.4
483.73932 7165.11
483.98950 1520.96
485.17923 2666.92
487.23196 778.906
487.49036 6299.9
487.74142 7445.49
487.99237 4434.42
488.24457 1609.18
488.49460 680.836
488.58194 669.692
489.19843 1343.73
493.92157 1507.72
494.25565 1309.71
494.59161 667.072
497.21729 741.148
498.24850 1033.66
502.97958 1574.09
503.22961 2728.65
503.48166 1953.25
503.72745 998.189
507.20905 20911.4
507.48199 9256.62
507.73334 9976.85
507.98221 5950.59
508.20932 4866.65
508.48160 1119.01
509.21445 995.684
510.27423 1122.84
511.26459 1120.32
511.72818 662.901
511.77441 1393.13
511.98767 751.643
512.29376 7817.62
512.79529 3316.78
513.28821 1174.39
525.21783 1177.29
525.78668 5366.95
526.24097 1929.94
526.28949 3175.76
526.78705 1284.71
534.79126 25377.8
535.29272 14869.3
535.79291 6337.86
536.29456 1656.8
536.79492 657.596
547.27869 828.171
548.17096 937.021
550.60553 656.045
554.24084 2436.05
555.24091 745.231
556.28400 757.988
556.60944 1186.47
560.25970 1068.83
560.75854 930.94
567.29865 2593.78
571.33405 43755.5
572.33722 16121.7
573.34039 2812.19
574.28540 803.848
574.78986 1673.26
575.29211 1115.25
576.23041 2886.76
577.17792 736.202
577.24823 759.35
583.29962 8158
583.79913 7198.77
584.29846 3762.93
584.79382 756.665
592.30414 54709.1
592.80591 34423.5
593.30682 14434.4
593.80701 4924.68
594.24316 3054.5
595.25818 1804.5
595.80573 1537.23
597.30676 932.796
597.96106 2013.45
598.30182 2485.11
598.63153 1209.51
600.63049 722.638
600.95831 728.707
603.96545 948.125
604.31085 1922.45
604.63318 1005.82
604.82141 1182.4
605.18646 14644.6
605.32544 637.437
606.18896 4757.55
606.63110 1057.02
606.96680 1065.92
611.82428 692.51
613.27612 4770.16
614.27710 1434.25
623.26831 1443.61
624.26111 706.813
633.25122 8032.42
634.25433 3026.21
637.27100 752.711
639.29102 786.413
639.62775 785.261
639.84296 3080.9
640.34375 2545.9
640.84601 820.229
641.27063 1957.38
642.27216 828.349
648.84692 20446.3
649.34802 15010.3
649.84839 6331.99
650.34839 1826.12
651.26166 10396.3
652.26361 3574.39
653.31232 1010.62
653.80853 1216.94
655.28302 3011.04
656.28687 626.215
659.84460 1239.88
660.34058 901.113
668.35309 8519.87
668.85303 7532.91
669.35248 2856.33
669.85596 1167.03
674.20496 3833.57
675.21405 1341.23
675.36212 702.494
677.35724 60246.5
677.85889 44754.9
678.35992 19758.8
678.86127 7489.14
679.36517 2163.56
680.31042 717.104
692.21570 1693.22
694.34338 624.606
699.42932 14638.1
700.43085 6354.54
701.43365 1432.53
703.35657 2042.86
703.85663 1496.89
704.35162 1081.14
711.86865 6572.46
712.36951 6254.1
712.86884 3093.87
713.37164 1332.81
720.87256 35004.5
721.37439 27165.5
721.87622 14356.5
722.37964 4938.32
722.88110 1211.65
724.30170 683.467
726.36292 940.285
727.37170 700.276
731.22888 8587.09
731.86731 764.141
732.22998 2915.3
733.23010 710.574
740.37970 4123.51
740.87933 3671.41
741.38068 1913.16
742.31891 1626.83
743.31317 673.342
746.33154 861.96
749.23871 7278
749.38397 8917.06
749.88501 5851.38
750.24268 2237.81
750.38684 3741.97
750.88129 998.022
764.34369 1193.63
765.35889 985.254
782.47009 983.565
783.29932 2075.34
783.41003 1382.38
800.47675 28435.7
801.47827 11300
802.48236 3546.63
810.46619 717.217
839.40576 2182.8
844.32092 697.908
852.39984 644.855
854.44037 645.417
861.36047 2460.92
862.35333 939.916
870.40924 1590.78
871.41333 751.749
879.37091 3228.58
880.37201 1594.71
910.44342 1078.44
920.51947 687.776
937.53503 8854.5
938.53711 4927.81
939.53595 1587.28
959.33679 952.541
977.35175 2149.95
978.33862 822.601
992.39972 891.488
1009.48633 858.614
1021.52795 750.893
1022.52155 648.153
1068.57751 1222.46
1069.57288 811.713
1120.50757 677.882
1179.59802 853.104
1183.60767 1530.22
1184.59705 997.637
