1324.64958 2
110.07104 3374.5
111.07429 284.169
112.08673 384.601
115.08624 626.478
116.07041 496.876
120.08048 9511.98
121.08385 659.195
127.08635 333.66
129.06602 606.932
129.10205 7321.22
130.04994 363.339
130.06473 391.01
130.08595 2766.09
130.10504 282.737
131.08168 411.592
136.06157 3041.16
136.07544 1528.92
139.08617 682.591
143.11752 385.209
147.11261 3660.51
153.10210 792.992
155.08099 725.155
155.11739 248.394
157.09689 3067.87
158.09230 488.945
159.07625 781.1
159.09149 873.361
165.10197 1312.58
166.06049 361.627
167.08133 2625.58
167.11784 311.595
169.09706 444.845
169.13313 303.058
171.07616 240.733
171.11249 1131.95
173.12794 350.33
175.11864 2558.77
176.10704 276.966
178.05312 263.245
181.09702 967.41
183.07648 470.005
183.11237 294.691
183.14922 226.725
185.09169 3023.08
186.09099 2558.97
187.07069 232.853
187.10455 286.894
191.11737 491.857
195.07661 473.567
195.11258 450.696
197.12782 509.012
198.12158 228.478
199.07066 271.862
199.10744 1338.65
200.10243 2140.92
201.08719 273.056
201.12294 585.286
202.11743 233.732
203.11685 569.682
204.10114 1361.4
209.09085 497.339
210.02519 352.138
210.12338 355.976
212.10165 399.727
212.13901 317.986
213.08568 266.299
213.12213 319.1
215.13879 605.009
217.08224 284.929
219.11201 751.781
221.12715 412.404
222.12285 469.802
224.10208 357.271
226.11852 1155.89
226.15448 396.847
227.10022 310.717
228.13371 508.546
229.11931 230.46
230.07521 246.791
231.11241 8736.51
232.11569 1113.66
236.13855 250.473
238.11819 2707.61
239.12358 258.579
239.15028 882.69
240.13394 2219.44
241.08179 301.616
241.13477 235.684
242.11298 275.329
243.12965 230.455
244.16528 460.245
245.12849 340.338
249.12294 24175.1
250.12669 2873.87
253.09343 665.54
254.11263 633.902
255.14423 433.281
256.12857 2041.81
257.15994 2816.82
258.14444 4891.87
259.10742 4749.34
259.14670 373.732
260.11105 629.904
264.13345 574.512
268.12787 1177.43
269.12436 413.631
271.13959 3141.23
272.14197 318.98
272.17142 689.149
273.15536 1939.65
275.17087 2691.18
276.13348 2841.37
276.17212 269.995
277.11771 5093.06
278.12048 643.016
280.12885 235.632
283.14023 292.114
285.12262 409.782
286.13864 606.479
287.13452 1153.89
290.14877 980.645
294.14355 281.579
294.18326 270.599
295.13931 313
296.12094 271.425
297.11856 359.803
297.15332 474.447
299.13501 349.13
307.17587 459.483
309.15530 341.758
312.04672 389.279
313.14969 733.591
314.15005 2191.04
315.15073 298.517
321.15454 365.029
323.13364 336.918
325.14920 432.547
327.16544 671.8
330.05780 378.079
332.16064 475.596
339.16614 704.231
340.16116 815.981
341.14493 439.084
342.17551 1257.06
344.19244 437.677
347.17117 633.742
349.15051 446.346
351.94034 339.344
356.19214 952.434
358.17136 1243.21
359.17343 257.357
360.15475 2455
361.15823 658.813
366.17682 884.53
367.15594 384.455
368.15530 776.991
373.18759 700.129
378.16391 298.197
380.19125 302.127
384.18689 5723.03
385.19070 942.092
387.20224 1306.98
390.20901 248.285
394.17361 315.933
398.20432 386.956
400.19357 282.811
401.18015 758.291
405.21359 353.783
410.20395 639.672
411.20007 1737.64
412.20670 303.621
418.20761 1352.78
419.20309 341.215
420.18680 959.911
421.18674 276.5
422.23929 4790.05
423.24237 959.042
424.18817 252.237
427.22922 1005.82
429.20905 1447.93
430.20746 478.44
437.21243 1166.18
438.19574 930.375
439.19376 1056.35
444.22165 280.907
455.22382 3689.87
456.22733 696.525
459.25705 827.94
461.25342 274.827
467.22342 363.009
474.24832 762.164
474.74948 361.188
476.25229 465.253
480.94586 287.1
481.24088 608.402
485.23871 368.748
486.23077 444.612
489.24814 469.584
491.22165 459.55
493.27609 4089.34
494.28030 1029.05
495.21802 338.49
498.26910 1421.49
499.27362 244.108
508.25735 663.193
509.22827 501.737
526.26276 3567.47
527.26495 944.02
528.26605 290.625
529.22687 245.226
531.25684 358.557
532.25635 248.601
538.26257 518.486
546.25989 312.654
547.28918 474.795
548.28973 339.484
556.26941 349.01
557.27167 557.075
558.26996 480.34
564.31317 4064.65
565.32013 1186.88
566.25238 277.337
567.25281 275.082
576.27686 718.994
577.27655 252.369
597.26703 310.477
602.28961 382.651
609.29883 853.31
610.29980 260.501
614.29572 273.276
627.31409 478.806
628.31274 619.632
634.31677 258.551
637.30518 248.918
645.33569 925.199
646.33789 353.73
655.31824 423.866
658.31964 452.916
662.36133 406.997
673.32788 1323.64
674.35797 648.33
675.34430 1890.37
676.34930 796.444
686.33649 271.098
690.35498 334.083
692.37085 1618.25
693.37732 564.938
697.40363 387.416
725.32452 397.686
746.38824 500.388
747.39453 308.487
756.36755 339.419
763.41003 3120.89
764.41205 1235.54
765.41754 363.53
796.35785 315.105
801.39594 485.59
832.43231 276.104
833.41760 1035.71
834.41144 296.01
850.43927 5355.73
851.44330 1946.28
852.44360 504.256
860.42108 345.896
861.41028 284.958
930.47223 489.907
947.49261 3656.37
948.49554 1753.99
949.49988 364.576
1048.52295 307.936
