2658.25302 3
120.08035 2422.38
121.08282 186.07
129.10168 596.179
130.06419 185.454
136.07535 582.444
147.11240 278.13
157.09645 199.346
159.09129 706.681
165.10168 1405.61
175.11903 359.439
185.12775 264.061
191.11617 186.221
199.18021 302.114
217.09630 660.855
227.17513 188.05
228.13344 341.15
232.07333 244.353
233.16364 422.795
244.12650 210.738
261.15811 376.882
273.13373 299.095
275.20673 832.829
280.11124 266.848
288.13330 1327.64
291.07904 299.172
299.17078 552.857
301.12906 336.882
308.10568 1401.93
309.10855 227.413
313.11392 256.088
345.15869 349.903
379.14175 1463.73
380.14423 378.141
390.23209 251.288
401.20117 207.636
464.23154 206.625
492.22729 216.638
500.26816 285.808
519.27692 483.314
571.30988 251.797
589.23779 325.281
606.26599 298.244
617.24585 483.364
617.75146 376.613
626.25397 270.663
634.30164 1014.84
635.30511 288.564
733.36951 886.666
734.37830 329.692
774.33215 224.804
775.31580 342.233
792.34045 355.372
864.40979 1411.61
865.41284 556.436
885.56885 2249.01
886.45642 947.32
886.60059 811.196
887.43958 699.772
887.55780 911.782
888.03876 423.274
888.53345 340.644
917.44653 209.882
935.44781 2272.68
936.44733 1221.86
937.44836 244.972
1014.44171 273.427
1048.53052 2307.18
1049.53186 1252.5
1050.53845 279.84
1104.61731 407.527
1158.61047 315.586
1159.59937 215.231
1161.61621 1121.02
1162.61670 610.415
1220.63342 232.347
1226.54980 296.912
1227.52783 223.747
1233.47791 347.915
1234.48682 347.531
1257.67957 348.167
1308.68408 1791.16
1309.68433 1288.55
1310.67688 645.384
1407.73828 420.534
1408.77588 256.95
1494.77600 423.209
1495.78845 397.519
1496.79443 216.06
