2646.33615 3
110.07110 1328.27
113.07079 662.601
115.05006 1442.65
120.06305 509.983
120.08050 4169.94
129.06618 540.116
129.10202 4764.15
130.08601 2975.04
132.07623 1372.63
133.04300 719.456
136.07545 2852.14
145.09692 907.4
147.11259 6450.81
157.09698 853.987
157.13298 943.792
159.09138 1239.05
161.07455 1004.51
167.08128 968.853
169.05981 477.568
171.11218 970.414
175.11908 1457.7
183.11140 552.962
186.08717 2019.26
189.06877 2265.35
195.07564 659.413
199.18010 1707.38
201.08704 575.901
201.12257 1279.35
210.02441 502.467
211.14246 485.104
212.10280 2147.2
215.13855 781.222
227.10179 641.675
227.17519 1550.24
228.13361 1492.31
229.11740 812.022
230.11359 1302.2
233.16412 1001.44
240.13388 756.075
243.10820 3497.01
243.13141 860.898
244.16536 625.898
246.09023 1739.27
249.16005 479.55
252.09695 704.861
261.15823 508.652
263.11804 942.651
268.16501 540.033
269.12357 2032.02
275.08063 1555.17
276.17065 771.148
283.13794 718.831
284.19550 1132.86
286.13815 1064.21
287.13348 1294.73
294.18054 9348.71
295.18362 1611.57
299.17300 516.828
303.11118 1063.31
309.11929 714.52
320.13773 1292.23
326.14496 2431.88
327.12704 665.177
332.10153 1521.59
334.15533 571.408
338.14902 552.563
340.16498 810.467
344.15564 1737.71
355.19659 610.841
356.19290 1375.17
356.69492 632.048
357.18735 3784.44
359.17313 809.048
370.19083 1373.23
370.69159 501.195
374.14777 1368.3
380.15735 687.143
383.19305 1425.17
392.18115 519.3
397.17880 825.662
399.22729 817.066
400.21805 515.956
403.17575 1179.31
407.26498 6426.56
408.26596 1516.4
412.73450 1728.33
413.15854 549.838
414.14197 1059.83
415.19461 872.626
416.19659 588.504
426.73141 2279.16
427.23093 1260.52
428.15857 557.059
431.16983 3453.2
432.17499 807.214
433.22095 1016.15
441.24835 814.137
446.16769 1669.81
447.23688 723.909
455.24286 786.852
455.74414 532.261
457.18311 586.144
478.26791 564.519
483.27411 2275.03
483.78381 664.462
493.24081 630.798
496.28000 1004.72
497.27301 518.45
497.78851 1082.59
498.28711 546.883
499.23199 772.648
510.27158 671.23
511.25613 610.775
511.78470 5117.06
512.28680 2493.65
512.78864 1030.6
514.20441 1087.31
515.19019 516.559
518.29572 2725.53
528.27643 689.572
532.21558 1266.14
536.30701 10780.2
537.31049 3426.62
538.31342 531.63
540.28003 1088.07
543.18433 733.066
544.25470 1995.57
549.27246 619.311
559.25287 1279.25
560.20441 1968.87
561.20801 772.757
569.26660 9398.36
570.26953 3248.22
571.26880 617.13
577.31067 878.604
577.80432 562.902
585.23877 562.56
591.30591 580.5
596.81305 609.865
603.25269 629.087
605.81702 901.306
606.31989 536.88
626.28351 1303.14
627.29236 1458.21
628.28015 797.27
633.83722 1164.57
634.33405 1165.04
634.83337 784.189
635.37775 1994.37
636.38007 630.325
640.33032 812.079
642.83875 612.74
645.30048 1186.71
652.38367 535.741
656.26495 1299.66
668.34308 578.982
672.34570 604.277
673.29504 2239.3
674.28778 571.984
678.34454 545.906
681.35638 1476.46
681.85449 1137.52
682.35852 1043.78
689.35046 1020.99
689.85455 680.197
692.39734 9204.9
693.40271 3195.33
694.40546 785.255
698.34442 1308.53
699.30884 662.5
706.32867 587.537
710.35590 822.178
711.37720 2964.19
712.38708 1127.24
716.33752 1290.63
718.35229 538.232
718.86066 686.954
719.35773 685.578
722.34894 696.448
726.86786 1159.5
727.38800 573.166
730.86493 1614.27
731.37085 1201.99
731.86633 940.558
738.38556 665.681
738.87537 736.934
739.37292 17750.5
739.87219 3343.74
740.37634 8716.86
740.87714 1368.91
741.37451 2193.81
744.33026 1173.64
745.32935 630.038
748.87927 2711.3
749.38165 2490.03
750.38885 546.472
752.88568 664.676
753.37256 551.841
758.39484 589.127
761.41101 1127.31
761.88916 1247.32
767.38812 643.016
768.39764 579.836
769.34259 609.38
775.39777 1179.5
775.89386 1269.84
776.39410 828.114
784.41205 705.137
784.90314 646.684
786.38867 577.254
795.40942 612.244
796.39777 1408.79
797.40405 802.451
803.33038 686.262
820.36194 980.591
824.46149 7609.18
825.46600 3137.81
826.48358 692.498
829.42334 652.743
833.37329 569.945
834.44037 774.998
835.40802 1207.04
851.48016 605.4
852.45081 33029.6
853.45520 14121.9
854.45245 4135.95
855.44904 730.465
857.41888 732.737
858.42297 557.935
871.45233 629.233
872.47107 562.875
873.45233 754.861
874.42450 1906.54
877.12384 631.01
877.42883 875.228
878.42487 1091.46
881.43994 552.688
881.96106 937.491
882.43408 1082.93
883.40649 1067.97
883.80627 748.355
884.38794 770.926
889.44232 974.354
890.46106 549.826
909.47803 4028.94
910.48743 1815.13
911.47388 668.546
932.42676 641.666
937.54907 5640.15
938.55450 2644.4
939.56525 826.039
941.43463 609.545
943.44037 654.078
949.44012 3137.76
950.44623 1436.31
951.43854 604.531
958.45300 757.453
959.46167 718.064
965.54059 19125.6
966.44952 16776.7
966.59949 4866.01
967.46100 10029.5
967.63501 1013.93
968.46851 4382.87
969.46765 1073.01
971.90753 588.075
977.42657 1243.47
978.43921 681.203
984.45398 805.048
993.44867 1514.42
994.58380 1101.54
995.58936 599.297
1021.49213 1182.86
1022.56219 24659.5
1023.56396 12741.4
1024.56738 4518.09
1025.57922 757.389
1040.51929 816.668
1041.50476 682.825
1062.52417 1507.21
1063.53052 925.001
1071.49402 736.125
1079.55371 20863.3
1080.55676 11122
1081.55566 4026.39
1082.55591 1367.49
1083.52539 579.895
1088.49658 589.105
1090.53052 570.566
1091.52039 571.768
1097.54761 1250.62
1099.56836 693.706
1100.06689 950.599
1100.57703 775.755
1101.07495 565.547
1108.58374 866.419
1109.07703 880.428
1109.58325 791.679
1120.49805 829.033
1121.53992 870.137
1122.58801 1156.18
1123.59070 571.643
1125.60864 6409.97
1126.61450 3916.13
1127.61133 1577.48
1133.58337 933.335
1134.57227 623.336
1137.60730 573.126
1149.55286 949.433
1150.59131 15697.9
1151.59351 9368.93
1152.59521 3850.3
1153.60168 13731.5
1154.60486 8073.15
1155.60596 3507.26
1156.60559 835.236
1182.62378 1598.88
1183.63232 1203.01
1192.61145 672.408
1208.55969 713.17
1210.62402 7328.37
1211.62329 4987.08
1212.62915 1783.84
1233.62134 700.655
1234.62598 1392.44
1235.62500 997.699
1236.63989 666.915
1239.65149 1854.67
1240.65955 952.327
1251.63879 13570.9
1252.64050 8769.31
1253.64075 3475.51
1254.63953 1179.35
1267.64319 7639.2
1268.64612 5716.53
1269.64001 2231.13
1284.65356 626.914
1362.67529 1660.98
1363.68323 948.479
1367.70361 2107.87
1368.71094 1913.25
1369.69727 907.113
1379.71033 1167.67
1380.70874 1061.12
1395.70435 3600.34
1396.70337 3282.67
1397.70471 1336.58
1398.71423 638.768
1419.70935 976.478
1420.70740 615.948
1436.71924 2322.5
1437.72375 1845.63
1438.71411 953.82
1468.74561 631.02
1475.74182 1006.68
1476.72925 1990.96
1477.71948 906.008
1478.73584 1100.88
1493.73657 3720.74
1494.74597 3647.75
1495.75134 1562.09
1496.75610 1911.15
1539.79028 735.604
1567.79944 1346.58
1568.80273 1399.16
1625.78284 585.057
1664.77515 882.812
1665.80762 596.789
1680.86377 721.547
1681.82336 1831.53
1682.82654 1610
1683.82019 1018.46
