3973.87612 4
129.10199 350.859
136.07565 5390.13
147.11221 582.004
159.07687 315.61
159.09134 479.629
175.11920 614.155
201.10701 524.791
201.12286 594.406
229.10422 417.162
246.12395 1388.84
249.15985 1084.36
254.14975 4623.28
255.15366 450.146
258.10828 482.892
272.16006 2477.19
273.16107 369.385
274.11841 8270.5
275.12146 1058.81
277.15466 1086.44
286.11887 354.288
319.17218 637.075
333.21326 375.61
346.17734 550.794
348.19269 417.519
357.15714 623.603
364.18668 1069.38
367.23480 367.53
371.19528 332.705
381.12592 329.127
385.24200 316.087
387.20172 1878.78
390.20718 1003.64
407.22858 2301.24
408.23245 446.059
417.21188 816.709
435.22400 4258.8
436.22443 1169.37
459.26144 1085.57
472.18521 805.889
477.26984 734.037
484.25198 329.002
502.30029 486.371
503.28976 1089.52
504.24557 592.758
520.31274 1862.25
521.31689 350.734
528.26776 350.761
530.29919 1510.52
531.19562 333.571
531.29620 364.281
548.30835 2827.9
549.30988 955.43
571.20801 501.739
596.79102 522.371
597.29626 409.947
605.29303 586.799
610.31830 606.321
617.33240 779.268
630.26605 357.519
633.79724 437.292
634.29120 481.388
634.79608 325.197
635.33997 856.727
640.30908 1016.51
640.80896 810.515
646.32861 358.333
684.40796 367.14
696.85242 1017.44
697.35535 683.446
702.24554 451.71
715.31842 612.832
715.81946 461.971
718.38116 445.272
719.27716 642.977
719.68689 1418.29
720.02197 1623.98
720.35455 1536.46
720.69098 819.018
741.35590 1196.78
742.36932 329.862
748.33344 957.344
749.33051 453.898
753.39575 1158.99
753.89771 733.075
756.84717 375.878
757.35889 491.667
757.71698 420.635
757.82227 441.82
758.05438 492.701
760.40198 381.911
765.84875 616.109
766.34412 493.763
766.85089 391.029
778.43433 338.176
786.39911 489.587
791.86072 459.211
792.38635 353.302
796.91406 2552.27
797.41260 2603.97
797.91382 1072.08
798.41150 425.965
801.38831 14707.8
801.88892 13858.4
802.39056 5975.79
802.88989 1559
815.43457 539.247
817.85199 338.342
826.36047 511.936
826.85828 501.317
831.43719 623.171
832.43359 4022.16
832.92993 3939.15
833.43286 2019.15
833.93835 594.899
834.86157 514.554
835.36621 616.597
843.86255 370.019
844.37543 472.817
849.07605 582.851
849.41528 1100.06
849.75964 526.863
854.44733 1408.01
855.45435 705.327
857.92896 3453.99
858.43341 2991.67
858.93243 1953.28
859.43152 565.293
861.41687 542.518
865.29413 354.958
878.08588 363.847
879.43195 592.771
888.97388 2351.25
889.47424 1793.92
889.97345 862.31
890.47968 401.667
903.43176 486.091
903.76862 356.981
904.10468 520.267
904.44324 539.924
918.46454 1472.11
919.47095 701.524
925.39575 548.142
925.90613 533.443
926.43414 350.389
941.96356 554.36
942.47009 346.328
945.52802 458.329
946.02789 583.444
946.89490 528.024
947.49396 424.988
960.48193 392.955
961.48956 377.245
962.13965 349.586
962.48932 661.623
964.46368 584.203
967.53949 848.848
968.55103 433.041
968.98438 3032.36
969.48541 3607.05
969.98694 1776.92
970.49591 790.779
970.97864 539.98
977.47369 427.827
983.38751 493.243
985.47284 605.773
985.95654 424.827
986.45703 950.401
988.49341 664.906
988.84869 441.582
989.12848 669.388
989.49524 677.97
990.95074 396.847
991.46619 687.087
991.95984 590.599
992.45599 594.974
993.44611 2244.57
993.97131 1660.33
994.21112 394.836
994.46466 5078.33
994.95074 2694.97
995.18420 1038.31
995.54010 4294.32
995.73138 747.543
996.03522 2606.96
996.28345 407.935
996.56299 2002.32
997.49628 14753.8
997.99731 15930.9
998.49750 9692.28
998.99908 4336.19
999.50336 1621.18
1000.00873 465.452
1001.53314 501.672
1002.55969 479.902
1004.46625 457.604
1021.49768 469.601
1034.39697 364.463
1036.48181 413.068
1036.79895 383.795
1037.15503 450.667
1042.15698 471.474
1042.48547 455.579
1042.83716 540.027
1043.14136 374.194
1055.52173 1860.27
1056.52405 939.343
1063.51416 434.396
1069.50146 376.738
1070.01550 383.104
1070.51770 789.735
1070.99829 568.476
1071.52161 473.747
1072.54944 447.64
1074.49878 918.209
1074.83105 715.34
1075.14856 637.069
1075.49561 559.528
1075.84924 397.89
1076.55664 416.385
1079.02722 17954.1
1079.52942 19575.7
1080.03125 13262.7
1080.52881 6563.05
1081.01501 2550.98
1081.51599 1022.64
1084.48657 364.573
1102.49756 429.806
1103.17578 397.075
1106.53662 354.196
1107.86023 363.732
1108.18127 829.939
1108.52405 1532.56
1108.84827 1034.11
1109.17578 517.825
1109.51184 553.974
1113.84253 883.818
1114.18616 1474.34
1114.49646 871.325
1114.62939 447.044
1114.84778 811.148
1115.20129 574.894
1116.61914 450.927
1118.51233 817.856
1121.42419 364.73
1125.84961 502.042
1126.19568 461.454
1130.61096 853.112
1131.20007 781.937
1131.50867 1164.81
1131.84998 1298.95
1132.16431 1008.47
1132.50818 1241.85
1133.00732 424.249
1133.50842 640.363
1134.54272 422.913
1135.56567 5062.44
1136.06836 5071.41
1136.57178 4014.73
1137.02148 1445.39
1137.23779 1040.93
1137.52686 3241.76
1137.85718 2853.44
1138.20105 1812.2
1138.52466 941.649
1138.86108 441.856
1139.41113 358.342
1142.86169 1315.22
1143.19580 2611.88
1143.53320 2210.26
1143.86890 1783.09
1144.20203 1159.77
1144.54089 642.422
1145.59473 482.342
1157.59680 404.461
1165.50049 358.292
1169.21582 561.401
1169.54517 730.547
1169.88757 637.023
1170.58862 512.869
1174.88074 806.485
1175.21375 1478.68
1175.55566 1297.32
1175.86841 923.083
1176.20337 448.341
1179.08606 4406.19
1179.58667 6012.75
1180.08508 4104.76
1180.58008 3332.47
1180.90405 1895.82
1181.25037 1521.61
1181.56348 1658.51
1181.89209 730.195
1182.23145 376.686
1182.54285 431.721
1185.54688 370.108
1190.57385 369.34
1192.58813 1134.63
1193.59375 750.828
1204.27014 373.036
1204.60986 413.517
1214.08887 632.022
1214.58801 451.037
1222.60071 6892.14
1223.10291 9652.82
1223.60547 6553.3
1224.09851 3380.81
1224.61597 1608.25
1225.10010 415.421
1229.57825 472.002
1230.25195 406.513
1230.54553 399.571
1232.55847 483.248
1235.25720 821.51
1235.58496 781.304
1235.90222 369.153
1236.26501 386.847
1245.61951 1149.98
1246.63025 919.771
1247.59558 607.605
1248.55408 373.149
1249.53064 564.246
1250.54688 426.406
1252.52222 362.577
1255.61475 556.276
1264.10669 506.852
1264.63098 862.516
1265.11584 757.183
1265.62915 420.017
1266.57751 2052.82
1267.58142 1236.44
1268.58643 609.599
1273.12720 9112.18
1273.62903 11564
1274.12744 8702.61
1274.62451 5108.09
1275.12048 2191.21
1275.63062 694.427
1279.60779 1489.32
1280.61816 842.011
1281.64465 421.791
1291.69531 376.54
1316.64941 939.056
1317.66455 495.108
1345.65149 600.938
1346.14270 977.375
1346.64258 678.327
1347.14929 378.144
1354.66077 4934.44
1355.15845 7737.28
1355.66052 6599.69
1356.15894 3666.93
1356.66504 1723.94
1357.17114 628.515
1373.67883 2287.47
1374.68494 1676.72
1375.68665 647.288
1392.70300 747.895
1393.69250 536.005
1411.65369 412.37
1412.63062 513.421
1420.17578 1815.1
1420.68066 2761.66
1421.17871 2147.65
1421.67664 1631.57
1422.16199 598.385
1429.63293 562.417
1430.62585 406.74
1477.19238 518.736
1477.70166 1113.75
1478.20020 792.223
1478.71057 522.765
1504.71423 677.984
1505.72375 1314.6
1506.21179 1587.11
1506.71753 1600.79
1507.22864 645.295
1507.70605 485.369
1530.66711 385.284
1563.22754 495.926
1563.74072 522.243
1601.77283 7025.48
1602.76868 5377.15
1603.77173 3013.42
1604.76892 801.254
1686.73157 367.967
1687.74072 407.279
1714.84619 497.126
