2564.24613 3
110.07111 1210.46
120.08064 2350.89
129.06601 342.368
129.10214 2251.49
130.06448 251.91
130.08640 680.95
131.11795 268.573
133.04289 1974.02
133.08583 448.66
136.07565 2895.77
137.07884 247.437
141.10182 330.915
143.11792 420.19
147.11269 1860.97
153.06534 304.626
155.08131 465.159
157.09644 278.742
157.13335 469.374
159.09148 1627.03
169.09740 403.629
169.13344 786.395
171.07639 477.768
171.11189 373.175
171.14888 289.504
173.12816 614.71
175.11868 2093.97
183.14902 817.432
185.09229 561.704
185.12819 520.342
185.16437 985.481
186.12257 330.615
187.07117 399.781
187.10762 392.283
187.14388 654.192
197.12836 1927.34
198.08791 281.011
199.07228 322.399
199.14458 426.336
199.18030 3322.17
200.10257 439.073
200.18462 260.572
201.08704 249.68
201.12317 1657.33
210.02608 238.013
211.14389 660.658
213.08687 956.652
213.15968 1011.31
214.15462 1626.7
215.10222 373.197
215.13916 988.112
216.09682 312.398
217.08093 305.704
217.13333 262.375
225.12274 366.809
226.11752 413.926
227.17535 2595.08
228.13367 406.939
228.17896 350.269
229.11783 884.977
231.09981 265.837
233.12918 419.26
233.16476 289.562
234.09064 339.362
235.10602 312.286
240.13377 363.458
241.08018 306.509
242.14967 1433.6
243.13422 827.495
244.07602 894.862
244.16693 283.316
245.07671 503.075
245.12938 250.258
248.07054 253.676
251.10211 835.463
252.13434 940.865
255.14560 723.439
258.10757 235.529
258.14340 440.583
259.09274 297.995
260.10660 833.174
260.19714 442.223
261.12576 297.184
262.08499 653.671
262.13956 699.659
268.16513 1189.33
270.14514 799.354
272.17166 3467.23
273.17480 367.629
274.12134 798.688
275.17227 292.644
277.11780 259.641
279.09662 506.384
286.14035 255.96
296.16013 517.712
296.19650 534.633
298.17560 235.881
300.11871 565.054
300.15353 331.976
313.18640 785.184
314.16922 576.893
314.20743 379.87
319.17746 248.375
329.12708 383.556
341.19571 243.311
342.17450 512.134
343.14157 879.42
344.14288 295.995
347.17169 328.96
351.20105 666.381
357.15451 563.777
358.16168 287.958
359.20337 5682.84
360.20563 886.827
361.15503 737.8
365.21729 479.294
369.21588 252.147
373.16641 266.726
373.27914 257.185
375.17050 863.718
376.14877 1559.66
377.15018 264.548
381.24847 310.359
404.21301 341.55
410.20374 489.428
411.18677 1054.1
412.18213 255.594
417.20215 395.423
418.20792 284.412
421.13736 353.926
424.67838 393.072
428.21271 467.377
432.26303 264.8
442.20935 541.665
443.21591 248.484
445.24899 327.853
446.24683 257.03
447.18365 459.499
456.22852 342.845
460.26141 266.731
461.24960 295.067
465.20273 552.79
465.70679 330.86
470.23306 443.098
474.20383 2085.81
474.26315 325.135
474.71219 902.965
475.21698 626.788
478.30658 251.111
480.20844 268.926
487.26205 2935.21
488.26489 667.937
498.21854 829.502
499.21457 313.283
504.27261 491.524
514.73816 875.792
515.23810 726.487
523.74426 3893.51
524.24438 2117.9
524.74548 912.221
525.24426 370.584
531.29706 481.045
532.29376 506.767
534.21594 328.723
536.16565 413.004
549.23029 332.108
564.27325 706.089
564.77112 551.914
565.27826 296.838
567.22736 444.034
567.30072 257.839
573.27600 2736.22
573.78009 2053.49
574.28198 997.532
575.32111 278.527
576.29797 1946.75
577.30255 791.994
584.26678 292.968
586.33057 2264.12
587.32642 873.071
601.39740 261.821
602.27679 400.46
607.19513 393.724
607.79059 546.821
608.28290 565.134
619.26959 443.738
635.22766 427.864
640.30328 336.613
640.79510 270.922
647.31543 383.283
649.30908 1125.36
649.80560 737.058
650.30695 274.313
655.36340 273.964
657.30457 287.517
658.31165 839.495
658.81470 562.422
673.36285 4956.87
674.36871 1639.32
675.38751 320.976
680.36108 306.569
690.35461 407.147
695.31372 292.687
698.27783 297.211
706.26367 491.244
707.34192 1322.05
708.34271 559.432
715.30170 355.447
716.29596 450.055
716.41711 315.182
718.35486 483.604
733.31512 494.673
734.30573 556.939
740.38898 521.465
742.34851 313.558
742.85150 268.173
743.34296 349.718
751.35437 944.587
751.85748 614.207
752.36646 344.142
784.32898 266.998
789.94647 1045.81
790.45093 919.8
790.95459 508.755
798.90375 359.037
799.41296 382.342
804.43634 296.039
805.32727 539.789
806.41205 638.624
807.43365 272.535
815.37762 395.454
816.36499 684.808
817.45020 285.586
819.36420 331.61
830.33099 993.378
831.32617 1042.83
832.31622 405.108
833.39282 12728.5
834.39514 4765.95
835.39636 1699.92
846.41852 347.831
848.34100 3191.49
849.34509 1309.03
850.34564 455.45
854.42352 400.546
855.44434 1604.66
855.94397 488.369
856.37299 1196.54
856.76471 537.153
856.85388 449.342
857.38263 565.4
857.53668 645.077
863.48694 272.74
870.42090 314.259
878.46777 404.392
879.45837 273.162
883.40381 334.558
896.47040 340.763
897.47900 362.759
904.40405 365.884
907.38995 281.542
909.48572 502.82
912.37970 396.133
919.41522 415.628
920.46680 318.578
928.47681 565.35
929.39771 2312.48
930.38989 1813.81
931.38879 788.114
932.50488 459.066
941.45276 346.725
946.47681 12896.4
947.37964 3053.95
947.50378 3889.1
948.39740 1882.46
949.40247 691.42
950.38818 317.703
951.00702 397.578
951.50775 286.206
953.48029 523.119
964.41534 273.029
968.51550 290.245
978.51434 298.506
979.50482 306.361
980.61371 280.427
987.48889 277.248
1010.48993 652.459
1011.49878 327.671
1013.53998 321.134
1016.51685 291.153
1018.49561 338.446
1023.52448 709.856
1024.52380 398.297
1027.53333 488.918
1028.46960 1981.03
1029.46448 1599.7
1030.46704 731.797
1033.42932 376.725
1038.53540 321.851
1045.54468 9216.77
1046.55164 4175.77
1047.49329 1932.04
1048.47327 755.345
1051.52808 274.771
1060.54834 274.45
1063.43750 339.389
1068.50281 410.868
1069.50256 514.709
1070.50879 293.712
1078.51086 389.464
1079.54321 276.837
1097.51489 375.713
1098.54138 300.598
1105.53101 291.746
1110.56616 300.087
1122.58813 780.282
1123.59033 451.438
1127.53333 814.726
1128.51550 596.708
1129.53809 311.266
1141.61426 355.542
1145.54749 1274.15
1146.55273 904.986
1147.55542 301.677
1154.55261 279.946
1155.54468 278.356
1158.62817 2466.75
1159.63525 1648.24
1160.63940 674.544
1176.70337 322.542
1192.17175 285.493
1201.47205 280.584
1206.64478 324.963
1207.62976 308.456
1214.57385 339.61
1241.59106 400.869
1259.67847 2410.39
1260.68701 1495.37
1261.69116 613.83
1273.70142 328.295
1306.54919 390.402
1310.69373 509.306
1311.69092 501.289
1319.66455 281.247
1336.68542 468.229
1337.69507 378.803
1370.61646 562.039
1371.62976 285.016
1388.61682 813.733
1389.62585 612.495
1401.69312 378.992
1402.66980 493.534
1406.64282 372.639
1414.69214 286.447
1419.70874 2856.62
1420.71179 1889.95
1421.71338 983.456
1500.76453 535.097
1501.71985 562.298
1502.72632 329.499
1518.77478 1236.34
1519.77319 789.207
1578.87622 534.426
1579.89343 558.803
