2053.98501 4
110.07114 4029.29
120.08052 529.508
129.06575 1315.08
129.10208 1820.04
136.06168 1447.23
147.11295 651.154
175.11928 762.452
226.15524 349.499
235.10681 286.924
244.09296 1031.31
244.16528 2024.11
255.14548 683.431
263.06995 490.933
272.17154 739.199
309.64096 325.362
312.04886 343.068
313.20990 991.368
313.71088 352.307
320.09128 543.982
345.13138 335.465
347.72226 343.499
355.18915 1662.75
359.16684 1950.81
360.16803 299.511
369.18811 4281.17
369.68958 1495.72
370.19003 319.617
391.12598 364.071
391.71292 865.954
392.54929 538.676
392.88113 305.045
396.70804 1012.74
397.20755 458.599
397.69833 350.092
400.26208 337.845
405.23523 692.998
405.74429 316.322
410.70615 325.427
411.87738 326.311
415.20981 441.698
416.18811 1748.09
416.25339 342.162
419.71185 1763.4
420.21140 559.812
426.24536 575.908
426.74551 349.28
429.56125 1163.41
429.89798 769.861
432.20917 899.774
432.70914 422.342
432.87387 467.777
433.20645 432.365
439.19678 358.051
440.21182 352.699
442.74265 576.775
443.24097 417.794
445.21722 3972.55
445.71927 1544.69
446.22079 585.199
446.90698 538.219
447.23965 561.847
447.87433 822.808
448.20508 743.132
448.90918 427.441
449.24380 341.005
449.87741 619.112
452.91034 1058.61
453.24292 787.294
453.87436 1992.13
454.22098 4104.89
454.72440 1822.57
455.22736 380.801
457.56216 324.135
458.91711 483.925
459.90802 1245.69
460.24371 1024.48
460.57504 468.178
460.75027 531.147
462.88745 506.031
463.21985 326.553
464.19641 313.181
464.76212 812.633
465.21021 341.533
465.26456 519.751
465.74557 939.695
466.23621 1269.1
468.88983 748.105
469.22574 631.866
469.75845 312.735
471.21033 660.069
471.54654 859.351
471.87784 301.534
474.24936 430.142
474.49814 384.755
474.75320 717.449
475.24344 753.15
475.57535 426.784
475.90320 423.741
476.24545 576.816
476.59042 354.282
478.50381 420.798
478.75351 2788.45
479.00339 3064.07
479.25375 1449.36
479.56311 1188.05
479.89749 587.154
480.23138 464.227
480.75320 844.023
480.88852 313.629
481.00012 1071.77
481.23953 3297.85
481.30176 487.768
481.57355 2459
481.90369 2723.9
482.24127 2138.52
482.57767 902.611
482.91412 415.137
483.50720 404.523
485.01102 541.247
485.25662 7992.37
485.50922 8683.35
485.75797 4713.97
485.90268 2277.88
486.00833 1687.69
486.23358 728.075
486.56125 811.23
486.89246 375.39
489.51846 1098.76
489.76004 8610.07
490.00992 9102.09
490.26334 4409.23
490.51434 1639.82
490.76636 527.111
492.56653 2254.23
492.90131 1637.11
493.23404 814.989
493.56219 305.253
494.26205 5626.98
494.51227 7008.71
494.76328 4513.66
495.01443 1043.99
495.26587 380.193
497.28253 1622.04
498.74536 328.424
499.24573 566.534
499.74835 619.466
501.28171 584.77
503.19675 749.041
503.25250 1031.22
503.30609 303.624
503.49823 1962.41
503.57764 368.121
503.74948 577.017
503.99963 499.771
505.24649 1517.89
505.49875 1724.92
505.75104 1070.15
505.99545 587.825
507.89841 773.148
508.22684 751.192
508.56714 620.215
508.89673 534.54
509.24561 884.901
509.51465 635.862
509.57874 475.159
509.75110 12083.3
510.00140 10419.8
510.25186 7740.23
510.50229 3612.28
510.74939 1023.2
512.93719 815.069
513.21252 590.085
513.27393 1757.18
513.33459 304.686
513.60266 1821.29
513.78607 1367.04
513.89801 4297.41
514.01080 3555.99
514.25360 53976.4
514.37299 505.601
514.41504 409.53
514.50360 48935.1
514.62628 546.946
514.75415 26956.2
514.89703 2116.26
515.00439 11521.3
515.25409 5831.51
515.50964 493.591
515.61542 347.446
516.78461 464.43
518.74194 911.527
519.23962 532.472
519.90674 407.726
520.23993 545.919
525.29535 13798.2
525.79633 8673.22
526.29761 4143.23
526.79865 1539.44
527.29834 416.655
529.27252 2514.19
530.27429 666.292
533.62494 363.44
534.26312 1091.59
535.26489 582.522
559.80554 3503.1
560.31006 1717.83
560.80463 511.699
565.95038 1483.6
566.28290 1011.98
566.61517 327.402
568.81445 424.341
569.31274 522.99
572.31415 1961.99
573.31653 438.428
575.28613 3724.11
575.78772 2096.38
576.29004 750.439
582.29535 366.109
585.95239 320.185
588.31708 4326.96
588.81824 2518.54
588.94434 317.383
589.32642 944.301
589.82507 315.342
593.25232 376.385
594.94757 621.532
595.28314 341.746
599.32727 731.803
599.76459 711.863
599.83368 660.151
600.31110 9859.44
601.31842 5474.31
601.82623 2284.25
602.32062 2631.12
602.82275 1002.07
608.79510 853.132
609.29419 601.392
609.79547 410.322
610.33038 7862.01
610.83142 4684.09
611.33344 1673.02
615.32599 380.927
616.80853 638.847
619.33691 1077.67
619.83569 1033.81
620.34039 489.19
624.32819 406.123
625.33374 833.364
625.82953 606.344
626.33228 321.796
633.63599 444.803
637.84662 643.616
638.35382 404.589
642.35089 506.707
648.80518 1830.27
649.30640 1298.96
649.80914 654.379
650.30750 364.705
650.81104 353.287
653.84058 954.414
654.34344 421.435
656.84637 564.389
657.32916 2051.02
657.83197 1250.38
658.33453 569.245
659.31738 1924.09
659.82190 1466.81
660.32233 682.385
664.30328 402.506
665.31152 508.154
666.31976 333.64
669.85651 443.547
670.37073 325.733
672.38049 375.798
672.87323 472.812
674.31110 631.786
674.81378 598.868
675.32056 367.274
676.83411 386.397
677.32623 483.439
678.85986 1623.54
679.36243 1002.69
679.86700 315.316
685.83923 3323.3
686.34143 2279.95
686.84277 1044.1
687.34338 409.725
687.85992 403.232
695.38232 3692.73
695.86432 440.239
696.38629 1461.93
697.39337 522.414
702.83221 1121.23
703.32794 670.852
706.31311 2031.28
706.81799 1237.1
707.31970 886.463
714.37677 822.289
714.88916 315.588
718.83984 310.174
721.85455 433.383
725.82483 557.201
726.31866 409.892
727.84821 1457.89
728.35181 1106.74
728.85419 366.559
734.82867 4225.38
735.32996 2684.15
735.82819 1204.88
736.32745 612.952
737.36798 864.406
738.37158 336.722
763.36371 512.67
779.32178 304.566
782.42090 566.407
960.47577 311.161
961.48676 339.751
