1969.95774 3
105.06546 465.338
110.07106 4231.37
120.08060 3630.37
126.05474 1411.51
129.06586 847.267
129.10216 4289.19
130.06479 516.385
130.08626 1085.61
136.07558 2500.76
141.10226 413.547
144.06586 375.295
147.07590 384.991
147.11269 2271.54
154.04988 2273.56
156.07652 755.588
157.09799 420.48
157.13356 371.174
159.07585 528.762
159.09146 3289.73
169.13356 505.174
171.07622 2795.13
171.11270 1799.4
173.12839 978.262
175.11861 1347.44
181.09778 996.189
183.11252 686.041
183.14902 6117.59
184.15295 520.748
185.09132 386.359
185.16475 916.802
187.14398 616.723
189.08676 14505.8
190.09070 867.664
195.08678 410.175
197.12775 449.497
198.08719 1112.55
199.07103 922.201
199.10747 1818.55
200.13957 929.119
201.12294 1052.14
209.09116 832.757
211.14400 4540.4
213.16037 561.257
215.13962 1660.43
216.09784 5661.08
217.08170 15083.7
217.13560 1240.99
226.11823 611.612
228.13350 954.182
234.10828 2925.32
240.09819 1565.99
243.13297 1024.16
245.13036 487.895
249.09845 527.538
253.09386 585.617
256.14426 410.39
258.10797 1507.02
259.63931 392.313
264.14572 923.41
266.16132 2106.62
267.10791 953.994
270.14038 385.09
270.18109 426.837
276.16959 422.431
278.14087 761.458
280.16544 1527.38
284.14157 465.774
284.17276 4281.37
285.17612 610.895
286.10284 603.967
288.13364 813.113
294.18097 2896.42
297.15524 763.311
298.13986 499.032
298.17566 3845.3
299.17911 522.42
311.17084 886.818
312.65036 454.537
315.16629 5998.85
316.17001 696.738
317.14706 514.599
321.16760 539.223
327.12930 1292.17
329.18161 1376.78
339.20123 1329.36
341.21906 886.781
345.13998 6767.31
346.14432 1067.5
357.17566 562.164
363.20364 405.382
364.16089 745.44
376.68188 1423.39
377.18381 514.159
381.21240 2059.8
382.16971 423.474
383.22766 575.575
391.19669 1051.71
395.20624 565.522
398.24176 960.78
400.25543 648.121
408.22427 3808.07
409.20288 1471.11
410.24161 866.076
413.21066 621.417
426.23416 10843.9
427.23679 2492.9
428.25006 2428.28
429.25082 546.735
436.73386 1161.38
437.23743 437.747
439.22574 518.599
442.19254 1267.87
443.26175 456.738
445.73975 7600.74
446.24124 3180.31
446.74310 974.374
451.19003 459.704
457.25345 941.01
457.75244 487.61
459.25656 1557.13
460.26059 580.341
470.26245 1362.55
470.76453 662.72
474.24478 598.406
485.72275 1774.21
486.22455 532.03
492.25687 2003.66
493.26740 499.189
494.72803 8551.31
495.22906 3954.3
495.72879 1112.44
496.23318 438.857
496.31708 434.821
497.30792 3208.22
498.31183 893.271
502.28229 1179.02
502.78210 557.303
507.29218 1560.85
508.27847 1225.23
509.27887 442.514
510.26660 11534.9
511.26849 2996.68
519.25531 2334.35
520.25604 533.881
522.28491 881.675
525.30231 11889
526.30585 3284.91
527.26715 419.697
536.28156 1996.67
537.26611 2747.48
538.25702 792.547
539.32031 792.157
541.33173 426.299
542.21649 504.914
550.25751 563.169
551.26691 1236.37
551.76947 438.547
554.29401 1513.27
555.27600 2436.59
556.27740 606.572
561.27124 645.679
562.26178 576.872
579.28345 3050.87
580.28882 1231.93
586.29663 796.357
593.37207 442.57
607.29675 1474.54
608.33276 1077.53
610.39185 1916.29
611.40240 565.277
620.37903 1102.81
621.36835 500.269
624.30200 1587.86
625.30505 801.148
632.37939 497.553
635.35010 3172.49
636.33820 3690.7
637.34174 1201.04
638.38654 4415.35
639.38965 1849.83
642.30707 1785.05
643.31177 465.798
647.30652 564.514
648.30029 432.81
652.78699 481.484
653.36029 2562.54
654.36597 892.639
656.79895 663.059
657.28680 619.316
657.37354 2228.93
657.88696 2519.54
658.36523 3845.26
659.35669 1466.27
659.86108 579.15
662.32452 4180.23
663.32733 1849.08
665.32318 468.463
666.31561 495.469
674.36176 809.843
677.26410 2163.34
678.23688 425.922
678.33246 1279.96
679.33032 448.609
692.37146 5177.97
693.37689 2067.65
705.28247 1526.85
706.28271 514.795
708.35358 435.763
716.36987 716.588
717.29584 431.045
720.37286 584.715
723.36188 422.228
735.33215 724.799
736.30554 601.359
741.37701 757.916
742.38043 608.082
744.36646 3824.27
745.37177 1657.27
746.38599 500.076
748.43738 1653.06
749.44830 714.111
752.35626 2922.22
753.34888 2187.13
754.35181 611.294
755.42749 920.914
755.92065 1023.41
756.43494 447.713
758.39990 1163.64
759.41010 485.729
762.37799 2669.17
763.37897 1018.74
764.43286 3398.36
764.93286 3826.58
765.44086 1059.33
766.45288 566.324
770.36707 6908.42
771.37238 2621.05
772.36865 1003.19
773.37109 570.375
773.85187 711.962
775.40771 756.673
776.42108 423.209
777.34607 655.875
785.39862 567.194
790.33826 1286.28
791.35980 578.885
793.41974 4887.9
794.42352 1898.46
795.42407 439.334
803.40265 2979.92
804.40503 1358.42
805.41260 562.446
810.45905 461.369
813.42310 1333.82
813.91620 1341.88
814.44275 484.451
819.45758 2753.71
819.95404 3040.47
820.45660 1522.49
820.96088 636.887
821.41339 1622.07
822.42474 722.076
834.39252 1034.61
835.39221 521.609
841.44196 639.396
842.34161 1255.33
846.44165 433.888
851.42267 2493.51
852.41711 1786.22
853.42468 457.363
854.45544 965.274
855.45679 430.133
857.45435 568.083
860.34607 1206.6
866.89307 1137.31
868.44208 487.17
868.94604 856.128
869.43689 7339.4
870.44080 2644.25
871.43616 610.847
872.46161 7791.93
873.46967 3160.35
874.47870 798.658
875.46686 439.377
876.41827 830.45
877.39648 436.648
890.47168 45750
891.31696 1049.21
891.48004 20595.5
892.32623 444.781
892.48578 5235.86
893.49243 827.841
901.37213 1394.81
902.37811 654.253
908.48340 2632.18
909.48761 1114.67
913.50037 951.823
914.51355 468.518
939.51416 794.817
940.52051 510.311
952.42621 787.632
953.41821 442.245
970.43652 6102.4
971.43494 2762.67
972.44452 718.004
973.44086 472.462
982.52283 597.236
985.54803 1409.96
986.54346 700.599
988.44904 25499.2
989.44989 12588.6
990.45264 3369.39
991.45215 594.621
1003.55585 8340.14
1004.55969 4994.07
1005.57123 1141.51
1013.48010 549.842
1014.48315 429.364
1021.56671 555.911
1048.63733 552.706
1067.57007 489.61
1068.56763 1245.56
1069.57703 499.663
1080.48730 436.592
1083.52600 1165.7
1084.48193 446.652
1101.53381 4416.83
1102.49060 1415.82
1102.65894 2171.77
1103.64539 1751.81
1200.59863 1559.04
1201.60413 955.133
1213.66040 767.913
1230.67554 476.054
1299.71436 450.414
1311.64197 498.533
1312.65674 664.654
1317.72058 2873.85
1318.71521 1836.76
1319.71765 737.187
1322.33997 455.616
1415.69531 930.52
1416.68823 595.027
