2861.47500 4
110.07103 3328.06
119.04880 2469.33
120.08047 32306.7
129.10191 43439.6
130.08600 2220.82
136.07541 115919
137.07863 10782.2
141.10175 2499.79
147.11220 6423.79
169.09651 3928.76
171.14919 5769.58
173.12801 16113.2
183.14824 4325.19
186.12329 26714.7
189.08635 4627.15
198.08736 2545.22
199.07176 2174.38
199.14473 3416.81
200.13937 2139.76
201.12314 10373.7
204.13385 7778.5
211.14384 4575.86
212.10310 3447.84
216.09744 14087.7
217.08263 6593.7
218.14954 19027.5
230.07967 3815.57
235.10831 2417.46
237.12212 4462.04
247.10719 13138.2
265.11752 7911.96
288.11905 7122.96
292.16638 2722.27
296.13422 3074.28
314.68594 14577
315.18811 4957.91
317.21671 15751.4
318.14331 2652.16
319.16083 7091.03
325.18530 4775.8
330.12866 3823.39
344.14505 3801.65
345.15070 2734.97
346.17325 3416.64
348.20413 2440.62
358.13492 2381.18
363.16653 3143.52
375.16473 6060
387.18750 3907.68
388.25406 17650.3
389.25671 2586.88
393.17627 2497.69
395.22928 2757.66
396.21951 7758.33
399.22324 2222.3
409.22650 6921.42
409.72964 2980.92
415.18207 12001.3
415.73389 4966.76
418.22900 7385.82
424.22522 3129.81
424.56091 2316.94
425.23749 9234.93
427.17374 3395.04
430.16806 2373.11
443.21722 2544.88
445.16925 6562.18
451.77045 2914.65
453.27884 3990.97
462.19870 4356.2
465.26932 2434.34
465.76819 14151.8
466.27087 5322.41
479.58768 3157.27
485.26013 4712.41
486.25909 4750.47
501.33780 13392.6
502.34378 2413.6
506.22620 2318.16
508.26379 7999.49
508.59564 6389.41
508.93420 3944.81
509.28323 3497.13
510.19943 2463.16
513.93665 5095.29
514.25085 17538.9
514.60028 6609.75
514.93866 3121.61
515.25159 3764.46
524.31274 2919.23
531.31287 4409.73
533.32043 5094.73
542.28625 2995.33
543.28430 3609.92
550.80530 3168.57
550.94965 5361.31
551.28741 2728.09
551.61285 2514
552.28363 5772
552.78857 3969.7
553.27032 2597.23
556.21448 2614.26
559.80469 3237.22
585.28088 4898.58
588.31396 4564.33
588.80988 2376.18
589.32062 2750.62
590.29547 3172.89
594.32153 7277.31
594.81860 6034.24
595.31238 2640.07
603.32288 8214.16
603.82477 3811.77
604.33136 2437.19
610.35437 2600.1
611.30121 2838.73
611.64496 3798.96
611.97668 2674.43
613.31873 14333
614.31982 4925.35
616.36511 17799.4
617.36780 5216.93
620.82947 2644.86
625.81604 3205.88
626.31836 3348.51
627.63617 2813.2
628.36517 51770.9
629.36871 20831
630.37585 4638.67
632.33069 5603.44
632.98297 2758.65
633.31598 4082.72
633.64532 4565.12
633.98077 2501.57
634.82416 2879.28
635.83630 19282.8
636.33789 12449.9
636.83984 5283.85
638.98822 9642.8
639.32123 10232.9
639.65491 8152.28
639.84955 3469.44
644.84216 46130.4
644.99329 8347.5
645.34149 38502.8
645.65662 5244.99
645.84375 13865
646.34302 4049.73
652.34692 6267.77
652.85016 2669.31
653.35291 2979.83
653.84711 38575
654.34814 24408.6
654.84882 9999.43
662.68561 2413.21
663.01337 2850.61
669.33875 5135.99
669.83368 4863.46
670.26013 3737.8
670.38324 4141.71
672.34277 3629.75
678.34009 6981.65
678.84216 4787.52
684.36566 3326.16
687.36053 3061.43
695.36267 2507.75
695.86877 5198.04
696.36426 5801.9
704.37885 2790.4
705.36658 3384.54
709.37653 4269.87
709.87329 3274.41
711.87152 4202.29
712.12012 3773.72
712.38715 3400.51
713.38354 9943.34
713.89044 7967.48
714.37415 6106.23
715.02155 3135.92
715.44867 9004.55
716.37225 4859.13
716.88165 2573.55
718.37610 24822.5
718.87762 21350.8
719.37720 9688.49
724.27826 3157.17
727.38116 39261.7
727.88208 34208.1
728.38483 15418.7
728.88379 4126.96
731.39197 77153.3
732.39484 27016.3
733.38470 5901.96
733.86505 4051.93
740.40149 3210.51
741.29700 18153.4
742.28784 6837.9
742.38116 5736.06
742.86963 5818.69
743.37994 3939.92
745.41400 7830.01
746.41833 3302.49
752.88196 3536.73
753.38831 3133.3
756.89984 2846.81
761.89191 28962.6
762.39252 23173.8
762.89539 10752.8
763.40570 4815.82
770.40173 8459.2
770.89850 35311.5
771.40015 31008.9
771.90076 10138.1
772.40179 2939.62
778.38208 3517.55
779.41052 14023.6
779.91248 9931.65
780.42200 4449.99
791.42731 12618.4
792.43860 6348.33
811.39923 2732.81
815.40094 5201.32
816.40771 3329.85
816.91522 5193.35
817.42480 7530.29
817.91394 3209.76
818.41620 2595.43
820.93512 4538.73
821.42828 4556.14
821.93237 3200.03
823.89917 5452.41
824.40070 5740.62
825.92322 34325.5
826.42444 32325.5
826.92749 18189.8
827.42590 4745
830.46045 146483
831.46368 60818.9
832.46399 16250.6
834.93103 76527.2
835.30719 5070.11
835.43469 68472.5
835.93329 37650.1
836.43427 11156.8
852.42603 5078.97
865.41754 7107.75
865.92297 8418.81
866.42468 4328.87
874.42444 5695.05
874.92523 3366.42
877.90582 2737.57
881.44965 2695.43
886.78534 3086.62
887.11981 8266.13
887.45990 3567.66
891.39374 6041.21
891.90216 6764.68
892.39966 4529.35
902.46185 6520.71
902.96210 5720.53
903.45874 4402.24
904.34900 4380.36
905.34406 2624.01
907.44989 2902.84
907.95282 3984.3
908.45398 4315.69
915.46741 2772.18
916.45795 22777
916.95917 22080.2
917.45880 16210.9
917.96161 4086.88
920.47290 4311.18
921.47070 6535.77
922.46655 2710.85
926.92450 2843.85
927.42706 3394.12
929.52887 63048
930.53125 43493.8
931.53223 14453
932.54541 2813.48
944.44788 5676.42
944.97882 6547.61
945.45715 8573.64
948.96356 3336.86
949.47186 7675.72
949.96674 5300.34
950.48627 3369.51
957.97760 36661.4
958.47766 44257.9
958.97858 25416.9
959.47913 8636.07
961.42334 2622.62
961.92932 3710.75
966.97931 13977.7
967.48254 17610.3
967.98828 7311.44
968.48401 3571.07
978.48840 3907.21
978.98975 4750.57
979.48846 4564.03
1007.50610 24994.5
1008.01331 6996.93
1008.50543 16966.2
1009.51123 4288.39
1016.51709 5961.77
1017.01532 9452.86
1017.54724 3916.71
1019.38562 8795.64
1020.38013 4018.56
1026.44885 3035.7
1030.57568 64583.2
1031.57764 34604.2
1032.57874 10172.2
1034.95288 4695.95
1035.45642 8212.46
1035.95313 5293.12
1043.50891 6717.89
1044.51611 7411.43
1045.51038 2941.5
1103.56238 2663.27
1166.44946 4820.63
1167.44897 3930.57
1172.57410 3351.68
1175.63098 7741.46
1176.62695 5085.01
1181.06763 5674.96
1181.58008 6205.19
1182.08167 5748.13
1193.64124 23069.7
1194.64197 15575.7
1195.64551 4588.49
1220.59302 2907.73
1273.64429 4661.37
1288.68677 2478.44
1306.68787 4098.05
1329.50281 7484.15
1330.51538 9122.09
1331.52551 3639.73
1355.67053 2902.59
1390.72180 2865.6
1402.71680 3081.07
1403.71631 4580.31
1453.76465 2613.89
