1139.49358 2
105.06590 503.001
110.07114 25017.6
111.07439 1280.4
112.08675 3519.87
113.07055 624.169
115.08649 1916.37
116.07060 843.468
120.08062 703.725
126.05488 592.861
127.05038 808.825
127.08698 499.904
128.07013 402.618
129.06598 4585.7
129.10220 28086.2
130.05022 559.696
130.08614 10938.3
130.10513 1944.49
131.08916 835.384
136.06181 2335.6
136.07565 2155.45
138.06609 1941.52
139.05051 546.49
139.08627 1000.51
139.09814 522.394
140.01077 1584.19
140.08211 782.25
141.06583 429.527
141.10213 2831.05
143.08127 779.154
143.11819 618.724
145.06143 395.523
147.11272 18806
148.09778 540.141
148.11639 1116.1
153.06590 797.431
155.08153 1138.82
155.11790 561.822
156.07695 509.525
157.06082 1064.38
157.13315 2146.72
158.09230 974.867
159.09120 488.713
164.11819 5278.35
165.12178 644.326
166.06119 643.936
167.04518 1283.53
167.08163 1669.23
167.11804 609.981
169.09720 3124.24
169.13332 1221.25
170.09221 4945.4
171.07637 1171.91
171.11273 1726.11
172.07147 965.957
173.09198 709.949
175.11874 4482.28
180.07640 449.202
181.06042 1186.3
181.10437 750.389
183.11270 448.077
183.14925 1707.01
185.05551 3335.78
185.09224 1091.42
185.12813 3588.34
186.12312 2837.36
187.10757 1216.36
187.14330 559.112
189.08684 906.641
192.11311 2070.41
195.07648 1460
195.11247 1600.5
196.07152 421.423
197.12859 1036.88
197.63176 874.566
198.08725 3829.77
199.07108 1528.29
199.10616 674.05
200.10141 449.242
201.08755 541.177
201.12283 689.436
203.06815 587.198
203.10287 617.669
204.13423 7686.54
205.13837 868.137
209.10367 1833.05
209.13972 21122.1
210.14388 2422.87
211.14374 968.414
212.10202 384.935
212.13777 520.075
213.08684 1755.75
213.12325 849.714
214.08118 521.527
214.11781 671.35
215.13844 886.982
216.09810 1112.76
217.08191 1226.28
221.10332 652.904
222.12338 870.647
223.10739 677.8
224.06752 446.368
224.10254 427.142
225.05080 467.003
225.12338 426.247
225.17012 735.292
226.11447 1149.95
226.13156 2366.85
226.15492 10524.9
227.10033 704.387
227.13995 1337.1
231.09769 3053.53
237.13458 8942.28
238.13809 1269.05
239.06607 743.895
239.11423 563.978
239.15138 636.144
240.09833 675.942
240.13403 4395.57
241.08058 742.618
241.13103 720.183
242.07726 6126.92
242.11156 528.563
242.14827 616.647
243.08061 510.175
243.13112 720.779
244.10078 651.773
244.16528 51821.9
245.07664 517.205
245.16884 5589.8
246.62019 890.844
249.09900 436.357
250.08228 733.634
252.13335 682.85
253.16406 555.572
255.14455 1179.61
255.64766 983.161
256.09262 454.872
256.16534 1005.05
257.15985 1802.66
258.14456 4033.83
259.14807 414.332
266.14728 493.983
267.10843 1234.62
268.09210 2279.91
268.12759 632.447
268.16537 1141.68
270.14606 468.604
270.19165 576.603
271.14017 1023.59
272.12357 1211.12
272.17233 1151.31
275.17108 5236.77
276.14764 1065.92
276.17175 899.153
278.14792 885.841
281.12747 405.692
283.17566 675.566
284.12387 417.416
285.11929 594.136
285.15479 2000.54
286.10291 2977.47
286.13675 1000.37
287.21802 487.901
289.13049 450.173
290.14774 449.765
291.18341 434.18
295.13895 687.97
296.06631 834.504
296.15985 1983.04
297.11932 496.059
297.15634 850.545
297.18863 810.353
298.13870 568.578
300.11734 447.801
306.09506 690.464
308.17230 1710.76
309.15585 948.186
310.13864 407.392
311.16974 833.919
312.04929 417.046
313.11420 3211.33
313.18799 833.022
314.11816 494.268
314.17001 1672.07
315.13144 1160.45
315.20203 11439.3
316.20578 1334.01
324.10611 5046.16
325.11349 2279.69
325.14828 1180.7
325.20108 653.743
326.17252 794.71
327.16678 801.614
328.11310 1166.61
339.12802 540.235
339.20142 866.98
340.18323 582.561
342.17456 582.474
343.12512 2857.97
344.12973 460.608
344.18085 1833.72
345.17770 607.453
346.12384 853.967
346.20837 4946.57
347.16736 466.044
347.21057 937.833
350.14600 528.342
351.12927 701.49
351.16791 653.459
353.10852 424.586
355.16705 841.207
355.19403 1024.92
356.20740 547.527
356.22897 611.339
357.21216 420.547
362.20251 760.626
365.21265 829.446
368.15735 822.383
369.14066 1703.66
373.72440 857.327
378.14337 664.582
379.12311 709.047
381.17670 551.17
382.17126 543.751
383.19092 433.957
384.15320 601.401
384.22397 757.941
385.20850 597.565
386.17200 512.361
386.23962 7601.63
387.14856 1403.28
387.24606 1001
390.71570 617.509
391.17120 409.536
394.25446 1101.67
396.15341 2065.34
397.13422 2519.86
397.20926 1140.16
398.28720 1803.88
400.21600 956.909
401.70135 509.459
405.22406 622.947
408.15283 854.059
408.22363 536.591
409.18216 3037.85
410.18356 705.1
412.18314 806.799
414.16187 1677.02
415.14465 3075.43
415.21841 1361.38
416.14719 514.43
416.21957 456.599
422.16653 529.694
422.25208 1326.95
422.71115 743.078
424.21606 822.195
426.16537 1149.58
436.14633 692.515
438.23563 642.645
439.18262 427.717
439.71887 592.932
440.17737 1697.4
440.25793 650.296
441.20270 491.523
442.22937 878.368
444.17111 466.523
445.27838 1058.07
446.27829 478.27
448.21103 434.891
448.26236 801.97
454.15576 2501.61
455.15747 443.62
456.28687 484.998
457.19168 838.9
457.24274 1033.19
457.73935 817.395
459.20624 591.641
464.79480 3036.41
465.29483 2087.06
468.24612 948.166
470.20352 889.497
472.16742 2471.5
472.28854 845.636
473.80066 1151.89
474.29922 533.21
476.74268 959.433
477.24301 927.667
478.79297 3914.82
479.18634 654.063
479.29437 2408.81
479.79559 775.011
480.16989 720.661
482.22604 761.579
483.21356 545.054
485.74411 3684.59
486.24512 2329.2
486.74890 437.289
487.79825 2499.79
488.29883 1119.86
492.23288 650.993
493.24136 644.168
494.27579 1185.95
497.19324 722.671
498.18170 1111.05
499.17313 457.804
499.32294 8199.1
500.23508 656.239
500.32700 1979.94
504.61066 553.246
504.94626 852.455
505.27771 928.711
507.18237 1191.41
507.33978 731.663
510.22015 901.305
510.61609 757.278
510.95337 862.95
511.25406 1446.45
512.23639 567.128
513.27924 817.431
513.78241 2674.99
514.28632 1059.5
515.21045 486.581
518.31445 477.471
520.22919 1445.81
521.23102 1311.79
521.32318 468.527
522.26941 2205.36
523.26794 741.098
525.19275 2582.28
526.26672 629.659
527.31830 665.257
527.77960 6759.38
528.27911 4734.73
528.78296 1046.53
529.21649 551.806
530.24115 572.983
534.72644 1371.77
535.22949 1321.47
535.33630 1186.79
535.73108 858.265
536.33026 690.952
539.24634 2199.09
540.24890 994.094
542.75104 427.04
543.20331 3581.05
544.20953 757.518
551.21344 546.681
551.28528 519.651
553.26251 539.083
555.30243 494.426
556.27203 1498.55
557.26233 1108.92
558.25159 515.17
559.32452 435.421
560.30670 642.875
561.34418 541.481
562.35071 539.747
563.24646 427.122
564.28156 474.278
567.24115 1455.25
568.24249 743.308
569.29492 1610.58
570.28857 876.873
575.84576 524.096
576.30780 441.089
579.28717 3016.42
580.29095 1429.73
581.24976 1341.07
582.29797 1309.47
583.26434 679.379
584.24213 653.324
585.25018 2299.54
586.24207 701.45
590.34601 648.166
592.27655 465.018
593.25641 704.106
594.25415 504.237
596.22699 935.065
599.26508 2598.82
600.26489 489.509
600.35388 528.212
601.34265 430.073
603.85767 606.595
604.36505 850.241
604.85687 544.845
610.28351 1782.51
610.34900 1384.4
611.26123 1116.62
612.26556 542.577
612.37439 1900.37
612.87177 1366.21
613.37323 842.59
614.23834 1238.38
616.34375 861.697
617.36377 1809.87
617.86536 1014.31
618.36865 467.977
620.26752 767.848
621.37976 970.358
621.88086 1060.79
626.37000 1311.11
626.86920 1088.19
628.36432 5852.32
629.36884 1744.46
633.87421 609.926
635.37823 592.195
635.88666 470.283
638.27423 2702.95
639.27618 673.564
639.34595 476.35
640.33075 501.253
642.30420 680.722
647.38025 871.627
647.87683 1133.85
648.30542 713.6
652.29639 1264.96
654.34668 477.687
655.88873 2708.53
656.28705 4463.71
656.89191 716.424
657.35791 2214.54
658.36511 644.976
660.87939 1084.71
661.34247 874.861
661.85016 855.566
664.28876 438.477
664.89624 1470.01
665.33246 944.017
665.41528 653.543
666.35181 714.737
669.88739 1756.71
670.30530 1808.84
675.31781 831.296
676.31201 716.466
678.41711 557.21
678.89532 926.892
679.39685 465.636
681.31342 880.499
682.30585 831.889
687.39911 440.765
691.30225 923.776
693.33020 11299.5
694.33362 5835.13
695.34583 1104.61
696.36951 615.664
697.39923 1881.29
698.41071 901.621
699.33167 855.771
700.33301 437.588
703.46777 909.469
709.31195 1933.2
710.31335 1148.09
711.39954 922.276
712.39752 663.522
719.91620 1020.85
720.41571 1333.29
720.91260 844.497
727.32233 2739.51
728.32379 1032.89
728.92548 660.367
729.41626 7550.29
729.92670 457.446
730.42163 2523.86
731.46436 729.699
734.41211 559.114
742.92230 723.038
743.42688 453.571
759.88489 560.108
764.40356 1806.84
765.40308 1022.92
766.42200 560.689
768.39288 1792.14
768.89563 1439.69
769.40082 786.872
777.40369 577.086
792.39905 2255.6
793.40137 1541.06
794.41064 776.757
802.40619 444.566
812.48511 470.161
825.40735 704.184
826.41980 475.083
832.91260 536.593
844.44507 871.98
854.37701 473.259
863.43878 933.641
864.44354 507.875
865.45471 481.555
901.47290 2340.09
902.47406 649.667
903.47839 581.908
911.55768 1473.06
912.55969 727.755
913.45099 567.247
939.55811 1573.32
940.55585 813.908
941.43701 447.851
957.56805 729.768
970.48102 1150.29
971.49243 502.782
998.61249 806.995
999.62805 444.026
1000.52301 459.646
1008.59747 603.381
1085.64795 748.092
1086.64600 528.813
1095.63232 496.97
1096.63928 470.98
