1777.96561 3
110.07072 1268.33
120.08041 10172.8
121.08370 1006.55
129.06566 1063.32
129.10193 6574.12
130.08606 4154.2
136.07544 6050.74
142.12250 1522.47
143.11763 22677.1
144.12102 1280.59
145.09679 37604.1
146.10025 1581.92
147.11247 10099.8
148.11574 746.41
157.13344 4113.27
159.09167 959.509
165.10172 975.66
169.09734 820.63
169.13300 1274.98
171.11256 8271.17
173.09172 32704.9
173.12695 1281.16
174.09538 2527.16
175.11874 2539.44
183.11194 969.22
183.14854 821.952
185.05539 987.434
185.12791 4109.01
185.16351 784.674
187.10733 2124.69
187.14360 12671.5
188.14793 749.111
197.12732 2200.66
198.08711 1109.85
199.18002 6413.82
200.13879 1425.92
201.12277 5319.2
203.06529 1402.43
212.13881 836.096
213.12338 828.356
213.16025 794.257
215.10202 4174.49
215.13866 5298.64
216.09721 10064.3
217.09941 1002.88
226.11761 792.409
227.13864 2504.56
227.17508 2668.68
228.13316 2117.52
229.11841 2112.43
230.14963 3649.57
234.12442 2517.62
234.14319 2501.09
240.13231 802.922
241.15506 1028
242.07675 6026.3
242.14984 2560.51
248.15981 15508.2
249.12344 1410.67
249.16223 1385.95
253.19005 781.251
254.14955 3032.04
258.14450 6273.71
260.08734 4719.13
261.15759 826.002
262.11783 2595.93
272.15952 5871.64
276.13364 8825.9
277.13712 1057.55
284.12201 777.358
284.15762 821.877
286.13855 3051.7
286.17581 939.576
298.13766 1318.22
298.21240 1150.27
299.13495 1859.85
301.18625 787.953
302.13416 1558.62
310.21213 1019.19
311.17014 4359.67
312.15231 984.441
313.11166 1040.67
316.14957 1201.54
317.14197 887.092
318.14517 1149.75
325.18506 831.349
327.16635 2070.56
329.18152 9265.98
330.16064 2993.08
330.19467 1178.96
331.12253 1558.92
335.19260 2499.21
339.16660 982.469
339.23764 1358.6
340.22266 812.343
341.14487 2993.27
343.19641 1032.48
345.17773 5440.96
346.18091 1202.84
347.22815 11760.1
348.23178 2264.11
355.16489 1495.46
357.21408 1079.4
358.18549 3960.85
358.68356 1124.54
359.15536 2963.63
363.16559 7151.87
364.17105 1222.24
367.23184 779.078
369.17596 848.627
373.17377 6141.54
374.17621 1274.96
375.19809 2704.67
380.19193 3366.56
381.24609 948.515
387.18597 5030.47
388.18619 1003.93
390.17599 9305.2
391.17960 1716.36
396.15057 1360.66
397.24274 811.529
398.20459 1927.08
399.25455 891.282
411.22299 811.702
412.21884 2541.51
414.16211 4371.51
414.26666 1762.48
414.72702 829.314
416.21320 2029.73
422.17758 1744.76
424.25726 1307.11
426.19797 4423.71
430.20071 2160.81
430.22623 2335.47
432.17157 3140.87
438.19827 949.949
440.21396 851.613
442.26627 3427.4
443.27194 790.422
444.20737 10574.7
445.21103 2453.07
448.25327 1450.12
454.23267 1365.95
456.21176 1328.3
457.27750 3267.73
458.20273 787.86
458.26132 5030.31
459.26675 1065.41
463.23328 875.025
465.25015 898.857
466.76196 1702.44
467.26010 1194.96
472.24170 1822.62
473.20770 1437.06
474.19348 2745.62
475.28641 10952.1
476.24442 2644.05
476.29330 2622.93
477.24628 847.996
483.25571 1971.87
484.26312 926.023
489.24387 3978.71
490.24194 834.391
491.22336 9233.17
492.22507 1809.63
493.27875 1262.7
495.21671 2774.45
496.22815 869.117
498.25504 1407.08
501.26849 1050.25
503.25162 976.187
509.22980 1268.83
512.26361 832.967
513.22906 9182.62
514.23151 1901.19
515.22833 827.861
515.28644 1902.38
523.30402 2316.31
523.80829 1390.6
525.25793 1651.78
527.24188 3534.31
528.24591 2149.51
529.29639 2187.41
531.23987 13674.8
532.24231 3213.83
535.26440 2995.7
539.28839 1748.31
540.80536 1412.84
543.27429 6012.09
544.27454 1955.91
545.25592 5228.59
546.25952 1257.28
550.29144 849.208
555.25800 1498.59
556.24127 1296.27
557.29504 4167.4
558.29736 1229.63
562.29736 1321.45
572.27686 1877.02
573.26593 4044.85
574.26404 1196.09
580.26282 1079.32
581.28357 1359.06
584.32214 5209.59
584.82758 1739.72
586.28906 924.733
587.27643 1122.03
590.29089 5899.08
591.29614 2349.45
592.30591 1065.71
593.34369 2046.45
594.34631 1029.45
598.27582 6267.56
599.28851 2831.47
602.27386 3508.82
603.27185 863.92
604.30225 2792.5
605.31848 817.342
608.30164 1257.43
614.30859 2372.65
616.27478 3044.27
616.34308 3627.57
622.35480 19295.5
623.35809 6373.02
624.36066 981.596
626.31171 6929.87
627.31250 2214.64
632.34497 959.245
640.32208 848.763
640.86456 4954.6
641.36975 2155.04
644.32300 15861.3
645.32568 4648.43
646.32751 1238.09
648.34998 1864.09
652.31622 1005.54
656.36359 2179.7
658.34961 1740.5
660.36328 2196.86
668.33508 1163.7
669.35303 1752.36
670.32404 1795.72
671.32758 1125.27
674.32428 887.045
679.33929 2741.21
680.34180 1457.12
685.36920 1433.85
686.35370 2111.94
687.36230 4229.85
688.36511 1593.06
689.37042 1569.45
689.86652 1094.01
691.33740 1253.74
697.34918 13544.9
698.37524 15377
698.87903 9936.99
699.37891 3620.95
703.37561 2166.21
711.36359 1742.74
712.37946 988.507
715.36066 23428.7
716.36346 7491.39
717.36981 1838.77
719.37244 4192.13
720.37183 1431.91
729.37543 1373.9
736.39740 25824.4
737.40173 10924.8
738.40540 3036.76
739.40094 891.294
747.36127 1230.15
754.91827 3468.2
755.42603 2286.42
771.42377 1113.71
772.45923 951.004
777.39313 3825.33
778.39240 1190.25
781.44800 1504.48
782.44440 1052.8
783.42078 1166.75
792.42578 869.222
793.42151 1340.15
796.45148 995.856
800.44611 1118.13
802.40851 1345.21
804.40997 912.234
805.44397 6629.85
805.94427 4756.99
806.44427 1303.94
807.42175 1584.7
808.42908 836.323
810.43213 3984.47
811.43677 1939.24
819.43671 3449.71
820.42175 4629.38
821.42285 1783.75
828.44409 5800.21
829.44812 2035.61
837.44501 63129.3
838.44653 26603.2
839.44855 7213.81
840.45801 1358.17
847.43127 2835.03
848.42755 1369.97
870.49951 955.382
890.47284 1067.96
906.50208 1336.76
907.49921 928.829
916.49615 986.899
932.51801 8963.26
933.51215 7170.82
934.51086 3071.68
935.52191 1129.79
946.55316 1023.51
950.52869 29222.9
951.53125 15121.5
952.53265 4402
953.52277 1083.75
967.52057 4031.29
968.52460 1435.98
980.56525 997.062
1045.60046 5719.19
1046.59863 4082.78
1047.59521 1752.79
1061.57349 1454.52
1062.57458 1052.88
1063.61133 9164.83
1064.61584 5218.86
1065.61707 1963.24
1080.61169 1736.86
1081.60632 1035.5
1116.63818 6995.24
1117.63428 5958.08
1118.63867 2663.02
1134.64709 7749.86
1135.65320 5963.59
1136.64709 1545.05
1162.60803 963.644
1167.63782 5727.59
1168.64282 2311.95
1247.72192 825.166
1280.71594 1049.51
1395.75537 3181.72
1396.73950 2067.14
