1365.63909 2
110.07106 4903.97
111.07423 259.259
112.08681 674.578
113.07066 427.662
115.08644 558.486
116.07037 630.538
120.08056 10928.5
121.08392 894.529
127.05062 270.347
127.08640 2253.84
129.06613 561.274
129.10208 5865.42
130.05002 308.114
130.06459 1236.09
130.08615 1872.46
130.10251 324.414
131.08211 366.832
132.08083 399.008
133.04283 409.333
136.06160 523.193
136.07555 3785.85
137.07854 396.873
141.06621 592.856
141.10202 322.07
142.08606 2414.93
142.09688 460.688
143.11771 1333.48
145.09712 284.809
147.11267 3033.12
155.08154 513.975
155.11862 292.136
157.06111 342.935
157.10645 585.747
157.13321 616.263
158.09207 2294.57
159.07645 1000.39
159.09138 4481.85
160.07486 529.231
160.09497 397.289
167.08244 390.351
169.09691 2394.34
169.13333 585.194
170.08122 740.196
171.07565 463.589
171.11253 1589.16
172.07544 297.301
173.09196 1185.19
173.12842 1239
175.08554 702.12
175.11871 12008.7
176.12271 640.256
181.09723 352.862
183.07668 624.951
183.11282 621.962
183.14897 726.117
185.05475 375.122
185.09309 417.598
185.12781 484.218
185.16447 543.664
186.08722 416.668
187.06638 447.496
187.08047 621.124
187.08791 504.781
187.10751 41622.6
187.13605 333.174
187.14911 453.621
188.11101 2847.98
189.10178 955.939
195.08742 770.863
197.09169 606.609
197.12842 575.551
199.07137 510.157
199.18008 923.926
200.13898 418.893
201.08691 1118.47
201.12282 1416.37
203.10274 335.04
205.09625 483.141
207.11244 340.253
210.02684 327.102
210.08690 877.714
211.14308 292.516
212.10312 469.61
213.08640 728.317
213.12296 398.294
213.16049 291.586
214.15460 350.983
215.10231 14650.6
215.14061 709.692
216.10696 779.961
217.09506 1247.81
217.13612 355.839
218.14986 529.649
223.15508 587.824
226.11842 546.396
226.15369 411.539
227.06706 374.294
227.10268 330.616
227.17480 990.422
228.09657 540.425
228.13385 1312.99
229.11647 604.728
231.10078 503.415
231.10733 496.721
232.11348 367.165
233.16499 498.586
235.10724 13474.2
236.11110 1369.09
239.11423 528.887
240.09705 318.56
240.13382 1042.12
241.08057 304.781
242.07716 320.828
242.11346 448.326
242.14716 389.047
242.18535 354.473
243.13373 622.068
244.10754 1320.93
244.16446 423.891
245.09114 860.398
245.12753 293.464
246.12442 355.98
249.12283 2378.27
250.12933 345.268
251.14949 585.369
253.09338 313.282
254.14915 575.64
257.16037 3328.84
258.11084 305.755
258.14392 1166.9
260.13852 1397.53
260.19650 880.547
263.10211 5005.12
264.10611 820.591
266.11087 406.567
270.10599 884.437
270.12677 584.348
271.12753 670.237
274.11737 294.604
274.18689 2259.83
276.13544 317.601
277.11777 3472.89
278.12137 508.058
278.15219 610.216
283.15430 397.239
284.12207 1221.62
286.12631 309.729
286.15933 304.504
288.13452 1921.94
289.15564 755.205
295.09119 655.273
298.12189 320.385
302.13379 623.098
303.21350 740.974
311.17133 315.365
312.11713 850.809
315.14496 2435.18
316.14624 465.329
317.14880 508.698
318.14941 382.438
318.17575 365.174
326.17032 361.84
328.19788 1343.51
330.12912 11169.3
331.13232 1619.2
331.20868 595.904
341.15915 422.129
344.16037 468.463
345.15533 1557.84
345.22437 1638.44
348.15494 1131.53
349.18890 664.051
356.14532 290.947
358.20828 301.789
360.22498 346.416
365.18344 298.967
368.23981 500.628
372.16223 448.425
374.13528 843.932
385.21881 2441.92
386.21902 1048.98
388.19635 407.96
390.16666 547.058
392.14456 2642.16
393.14682 579.734
396.23398 888.755
398.18146 885.075
402.24542 7616.96
403.16211 345.476
403.24850 1321.32
414.21307 752.433
416.19183 1727.21
423.19873 291.986
424.19446 342.703
430.30481 563.539
431.19327 625.897
442.20297 661.736
449.20444 728.144
462.27631 375.294
463.18210 973.246
469.21634 922.267
470.19943 288.302
473.20364 291.616
477.19897 452.89
487.22592 782.015
497.29294 401.445
501.20413 565.431
507.16730 302.745
515.26141 302.34
519.20856 431.661
525.27759 986.297
526.28131 492.291
527.22296 964.029
543.29083 731.299
545.24139 311.319
546.22137 731.176
553.29144 324.81
554.27020 646.665
564.22589 569.003
568.28705 319.973
571.29541 2147.97
572.28760 528.26
588.32489 8394.25
589.32758 2703.83
590.33765 413.205
598.25397 530.746
618.34351 294.668
623.25171 707.649
644.38348 354.236
645.34564 949.12
646.35150 403.671
654.33929 302.694
671.36591 652.643
672.34772 585.814
679.39258 308.127
682.33960 656.481
688.36865 311.596
689.37170 10454.4
690.37653 3214.9
691.38440 556.264
716.38068 927.007
717.39655 563.581
732.30084 363.757
742.39899 2018.16
743.39685 968.743
759.40967 772.883
760.40887 19344.2
761.41064 7030.94
762.41388 1442
789.30298 404.438
794.41254 661.956
800.48871 413.9
823.41357 437.924
830.44147 832.419
831.44220 355.931
845.42761 508.108
846.43829 335.275
853.43811 301.73
871.44086 2851.44
872.44025 1424.98
889.45135 12396.4
890.45477 5613.27
891.46039 1235.9
894.43970 476.313
916.44946 376.546
922.46045 327.519
955.47449 314.188
992.49603 526.945
1018.50903 558.582
1019.52795 377.11
1036.51892 7110.05
1037.51929 4226.69
1038.52722 976.983
1046.52930 301.544
1107.51843 359.969
1108.52441 321.631
1133.53528 835.564
1134.53101 869.211
1135.52649 319.123
1151.54614 7144.71
1152.54858 4341.14
1153.55188 1243.88
