3725.58689 3
175.11858 2977.68
199.10788 1547.45
207.12408 1526.85
217.13644 2672.03
227.10234 3312.18
235.11835 7964.62
236.12292 1078.54
245.13200 1677.03
252.14552 901.102
260.10593 1191.11
303.21301 15254.8
304.21564 1659.93
306.15546 4162.21
331.14172 1085.85
342.12836 8018.05
343.13089 1101.79
356.14441 1020.41
382.20724 1313.15
385.17075 1706.85
413.16559 15446.9
414.16843 3724.48
425.16956 820.14
451.25024 1015.2
466.24359 1438.09
466.74429 1057.78
473.73273 1684.55
479.24182 3459.71
480.24432 1266.53
498.25430 5745.92
499.25739 1313.15
509.24878 3551.7
509.75330 1621.31
513.24469 1024.29
515.29218 23592
516.29639 5378.81
522.28284 3548.51
526.24982 5982.22
527.25378 1418.72
531.76239 1291.66
532.26587 1019.93
540.27740 1040.82
550.27930 9190.55
551.28314 2595.39
559.29663 889.334
565.79095 2730.58
566.29541 1138.72
572.28955 819.646
574.76831 964.229
595.79291 3953.74
596.29364 2333.29
596.79413 1338.1
630.31805 3007.33
631.31256 7706.82
631.81207 5072.2
632.31293 2146.99
641.30121 1399.61
642.30963 847.644
652.76886 822.627
687.35449 1506.77
688.36078 1119.32
695.19476 911.159
712.34241 4597.39
713.34283 1431.16
736.35730 920.248
742.79095 1347.21
751.79059 1377.65
759.35944 1533.75
771.86969 1942.42
772.36676 1554.44
772.87628 859.84
797.43561 1106.51
803.42462 2526.21
804.42035 1039.31
825.42651 6605.62
826.42804 2524.28
837.38885 1738.1
837.88293 921.639
841.28656 856.948
855.83679 2544.99
856.33649 2630.84
856.84564 1246.25
864.84302 20130.6
865.34430 18921.7
865.84515 7434.64
866.34198 2157.43
888.40576 4276.44
889.40765 1226.32
893.93024 1377.69
896.46436 2152.47
897.46252 832.401
913.83167 9922.43
914.33173 9081.46
914.82959 4466.31
921.38489 1344.23
921.89484 1022.41
931.47845 3052.9
932.48059 1592.65
939.26263 923.683
946.45660 1725.81
1003.42725 2124.5
1017.49133 2858.27
1018.49207 1615.07
1062.51733 2205.53
1063.53979 888.092
1127.46667 4602.26
1127.96362 3895.64
1128.46875 3346.87
1129.49658 927.737
1130.57568 7215.05
1131.57300 4279.57
1132.43469 2051.54
1132.64209 1111.92
1133.44946 1276.93
1176.46838 935.35
1176.95789 1344.49
1177.45764 994.663
1184.48914 862.221
1190.58228 2075.67
1191.58130 1048.56
1210.55701 1259.91
1214.39905 2861.51
1215.40039 1663.3
1237.59180 838.239
1242.69763 872.174
1243.70288 1410.02
1261.61560 7774.04
1262.61731 4448.51
1263.62207 1769.92
1304.52783 2444.96
1305.52466 1460.17
1312.36646 2514.69
1313.36157 1567.56
1346.68787 1788.4
1347.71887 1236.51
1350.68127 1350.95
1356.48340 830.194
1373.54321 1214.29
1374.70325 18192.7
1375.70410 13726.6
1376.70447 5871.7
1377.70251 1977.12
1426.46619 1791.33
1502.57446 1212.61
1503.60168 1146.27
1539.67798 2461.88
1540.17163 4337.4
1540.67468 2740.55
1541.17737 1273.16
1655.83606 2102.54
1656.81409 1144.7
1657.81824 925.347
1710.65088 1165.2
1711.65857 882.903
1728.68311 11684.5
1729.68469 10610.6
1730.69104 4581.5
1731.65308 1308.41
1786.86951 1089.74
1787.88123 1070.09
1826.65686 3376.15
1827.65466 3332.95
1828.66797 1414.11
1899.94409 2866.59
1900.94128 4030.55
1901.95190 2200.19
