2550.17356 3
117.09042 488.372
120.08033 962.731
129.10223 265.256
131.11749 382.267
133.08556 1557.15
136.07555 527.08
147.11255 368.721
173.09120 205.832
177.11139 615.919
235.10693 243.922
240.09756 322.905
246.12671 256.402
258.10791 933.064
258.14432 250.424
274.12119 1613.47
276.15506 367.357
277.11691 262.678
300.15390 189.509
346.17529 453.892
389.23950 240.726
405.17419 198.641
423.16644 292.256
437.18411 1180.38
438.18365 268.083
476.27411 361.356
494.20270 365.179
508.26382 197.67
536.25220 553.575
563.30328 395.16
579.29144 298.911
607.29095 687.977
649.24353 396.016
650.33105 809.189
692.38403 214.14
720.37115 782.005
721.37329 230.877
737.36523 1514.54
738.37024 466.737
790.37793 249.344
801.45282 215.546
808.40320 2022.21
809.40265 770.655
833.39130 449.539
834.39246 229.799
835.40045 583.421
849.55261 532.138
850.41571 4742.56
851.11487 244.691
851.56482 6355.78
852.57288 2690.54
865.42755 263.44
879.43829 1102.32
880.43646 549.324
980.48749 1469.08
981.48944 716.459
982.47998 294.483
1033.51135 222.956
1051.52625 1012.98
1052.52515 580.527
1058.62146 302.544
1164.54004 224.891
1182.56348 656.144
1183.56482 260.402
1240.60876 328.47
1311.59998 235.577
1368.60754 303.291
1369.61938 237.176
