3612.94619 4
110.07122 1105.69
129.10228 1686.26
130.08623 1271.36
143.11766 3106.96
147.11270 4327.26
171.11238 1566.15
185.16492 2178.27
186.08656 1027.36
189.06888 1359.81
200.10268 4143.64
200.13896 1229.38
201.12256 1094.7
209.13982 2061.18
213.15996 2112.32
218.14961 6924.74
228.13290 1142.86
237.13445 5200.25
242.14984 1976.9
244.09149 1289.29
260.10654 1250.52
271.17691 2111.2
299.17163 4046.58
313.18768 1717.47
317.12769 1616.1
331.23346 7150.48
332.23593 1038.89
332.69159 1440.23
338.18213 1480.37
342.21298 1390.23
346.12354 1102.95
361.20245 3826.87
361.70587 1991.7
370.20892 3102.4
402.21518 1310
417.74457 12397.3
418.24634 5766.64
418.74768 1466.21
419.24060 1619.62
437.25052 5029.22
438.25241 987.314
441.24469 1669.57
444.31787 5560.63
445.31995 1503.76
450.24274 953.094
474.18652 1147.7
483.26511 11100.5
483.76694 6180.67
484.26489 1218.45
498.26611 1208.29
507.75778 1313.11
511.77539 22991.2
512.27759 12715.6
512.77869 4091.55
513.27802 1314.75
522.34137 1151.53
547.29425 10258.5
547.79584 7093.03
548.29462 3138.85
550.33441 10055.8
551.33777 2506.05
559.34558 2912.04
561.80536 1341.71
566.79791 2723.96
567.30243 1508.21
575.80536 15390.2
576.30627 11021.9
576.80597 4477.54
577.30310 1526.26
589.20935 3209.7
595.31970 1363.58
607.35486 2254.59
609.33783 1250.21
618.34906 3936.45
618.85248 2394.64
622.84393 1063.4
623.33850 1408.78
632.34735 11415.3
632.84912 7273.77
633.34863 2748.71
638.32324 1076.63
658.86310 1406.41
659.36359 1410.32
664.37738 2257.92
666.35559 1412.44
667.36731 1231.91
667.86591 5323.58
668.36548 5283.57
668.86859 1762.61
672.37646 1025.51
676.37427 1184.41
688.38702 5212.48
689.39044 2001.79
691.34930 1675.33
702.30029 1622.25
703.38776 1441.95
706.35010 1176.07
708.42438 1019.79
709.35669 2195.35
710.35791 1199.5
714.36359 1019.53
721.39819 26052.7
722.40265 10732.2
723.39978 3419.21
731.89630 4122.59
732.40100 2572.43
732.89539 1778.08
737.39136 1830.21
738.40833 1246.74
751.73468 1008.5
772.42316 1402.27
781.42786 9303.09
781.92950 7590.37
782.43213 4464.44
782.92828 1570.28
783.44086 1069.24
789.43579 9720.91
790.43713 4390.23
791.42847 1177.22
801.36102 1709.65
806.48682 3388.52
807.49609 1411.82
808.42657 5116.95
809.43689 2546.81
810.42157 1109.05
815.38037 1254.16
816.47864 1029.61
816.94135 1842.34
817.45746 2529.17
834.48358 37217.3
835.48450 18608
836.48663 4534.64
840.96527 1309.67
841.46515 1243.36
852.45306 1456.74
869.46954 1387.95
869.96863 1437.21
876.46362 3623.29
877.46674 2206.02
895.47540 1185.15
895.97717 1058.36
899.47791 1828.06
899.74719 1844.59
899.98621 2612.27
900.47168 3200.3
901.46002 1290.43
903.44507 5131.31
904.07849 10826.9
904.58191 8036.58
905.08032 4980.68
905.46204 3224.67
905.59003 1398.82
907.50647 1962.44
908.45636 1568.88
909.46912 1513.76
910.98047 1106.48
911.49280 1238.59
914.45056 1380.26
917.49249 7760.34
918.49780 4594.85
919.49054 1861.45
919.99738 2548.29
920.49701 2869.38
921.00354 1303.14
921.50354 3499.54
922.50964 1560.29
936.48236 1433.8
937.51508 1144.23
946.50836 1131.68
947.01294 1196.91
947.50549 1625.19
955.51410 5894.49
956.01892 4462.05
956.52209 3162.73
957.03198 1062.86
965.52136 13070.7
966.52258 7577.31
967.52777 3669.68
975.51819 2219.62
976.51642 1809.18
982.02991 2006.49
982.52209 1621.47
983.02734 1971.83
991.03479 9260.87
991.53192 11645.7
992.03601 5408.89
992.54205 1880.58
1007.52234 2677.5
1008.53192 1438.2
1009.54456 1150.75
1010.52100 1305.15
1012.54120 1154.22
1014.50903 1612.24
1015.50220 2170
1017.54797 4263.25
1018.05139 5415.86
1018.53900 4141.57
1019.05420 1637.19
1020.57880 3246.77
1021.59167 1706.38
1022.54626 9185.29
1023.55011 4862.55
1024.55139 1824.89
1026.55005 28692
1027.05237 31231.2
1027.55286 19363.7
1028.05469 7962.68
1028.55859 2688.52
1032.52100 27605.8
1033.52319 13988.3
1034.52380 4651.6
1035.54565 4223.99
1036.54712 1339.83
1037.51184 1228.3
1048.89343 3410.04
1049.22571 4213.71
1049.56543 1331.25
1065.57263 1180.56
1067.08508 2024.81
1067.58081 3412.32
1068.07092 1804.77
1068.59070 1632.82
1076.08618 13762.6
1076.58569 17410.9
1077.08704 10330.7
1077.58276 5065.84
1078.08704 1570.59
1078.56201 1581.03
1086.07666 3317.94
1086.57532 3514.01
1087.06421 2286.03
1087.57385 1617.02
1093.58215 9220.15
1094.58154 7160.71
1095.58704 3012.98
1106.58862 4099.12
1107.60010 2318.83
1113.58057 1726.53
1114.58423 1673.8
1120.60388 1645.91
1121.59009 1188.93
1122.11096 1223.94
1122.59998 1885.85
1123.10571 1808.65
1123.61389 1470.92
1126.61230 1715.32
1127.10144 3025.59
1127.60889 1998.75
1128.09045 1438.87
1131.11011 2809.52
1131.59778 22605.6
1132.10693 10156.1
1132.59631 14492.2
1133.11243 1494.73
1133.59961 3853.69
1135.60620 7476.82
1136.10645 8956.45
1136.61243 6190.06
1137.11121 2005.69
1137.60669 1593.57
1140.11523 15346.1
1140.61890 16826.3
1141.11829 11203.5
1141.61633 4879.85
1142.11499 2139.17
1150.60278 35429.1
1151.60510 24066
1152.61072 9489.41
1153.61755 2748.3
1158.11304 1776.18
1158.61304 2664.7
1166.64172 3877.58
1167.12439 5626.32
1167.63794 5076.86
1168.12231 2875.66
1175.63367 34466.2
1176.13562 46426.3
1176.63623 33536
1177.13513 14511.4
1177.63391 6184.6
1185.14258 14416
1185.64478 18807.1
1186.14404 16650.2
1186.64233 7321.39
1187.13464 2793.56
1219.68018 2230.96
1220.68469 1435.49
1223.65796 1256.52
1224.68713 1143.17
1226.66455 1220.48
1232.17078 4304.09
1232.67639 8865.77
1233.17773 5397.94
1233.68689 3319.99
1235.69507 1395.24
1241.68457 8763.43
1242.18311 9768.95
1242.68579 10372.8
1243.18884 5353.14
1243.69434 1773.59
1244.67053 10985.6
1245.67932 7050.39
1246.67480 2897.67
1247.71240 1672.62
1251.68481 1379.74
1252.17615 3139
1252.68750 1761.93
1253.17798 1220.59
1260.68567 17888.8
1261.18616 26670.2
1261.69177 19025.8
1262.18677 9058.08
1262.68555 3001.18
1263.68530 7234.08
1264.69116 5652.38
1265.68457 2430.9
1276.68774 1352.23
1290.71582 1086.79
1291.21533 3443.77
1291.71362 6238.44
1292.21729 4188.56
1292.71558 2064.39
1296.20105 3745.75
1296.70593 5234.77
1297.21277 4036.93
1297.70691 1982.45
1315.68262 1318.19
1316.20898 1895.15
1316.71130 2469.06
1318.74548 1498.75
1324.71753 15878.7
1325.21680 18903.4
1325.71521 15099.7
1326.21875 9493.04
1326.71973 2986.63
1334.72607 5112
1335.72632 4135.42
1336.72388 1201.52
1343.74426 8788.35
1344.74597 7008.78
1345.75049 2639.74
1348.74243 1880.78
1349.23413 1301.89
1349.74255 1385.89
1390.22864 3382.03
1390.73242 4859.06
1391.23547 3965.75
1391.73621 2886.25
1405.75134 1288.07
1442.80029 3420.86
1443.81836 2251.73
1444.82983 1170.11
1462.79297 2067.75
1463.81128 1254.64
1543.85803 4000.09
1544.86584 2830.39
1545.88232 1253.52
1680.90942 1349.18
1737.90955 1296.1
1738.95251 1407.25
1838.98181 1515.27
1839.93018 1140.55
