2275.03179 2
110.07117 876.522
120.08040 10769.1
121.08379 951.511
129.10197 3266.32
130.08595 1662.8
136.07550 891.293
141.10197 887.189
145.06035 550.665
147.11243 3272.11
159.09103 537.538
159.11244 1488.83
167.08195 636.395
169.09692 675.191
169.13350 570.271
171.07594 456.289
171.11244 2473.44
175.11890 836.363
183.14917 404.582
185.09161 552.864
185.16438 684.845
187.10759 1492.9
189.08626 667.491
195.11113 406.616
197.12733 530.302
198.12344 789.222
199.07112 1069.9
199.10838 432.256
199.17970 1219.19
200.13928 919.881
201.12337 563.596
202.08159 3036.7
207.11258 542.101
213.08710 619.922
213.12289 591.639
213.15994 481.31
216.13326 550.564
217.08163 1677.71
226.11804 2823.56
227.06435 410.058
227.10245 806.712
227.17415 720.232
228.13382 1342.67
228.16911 539.303
230.07617 498.942
233.16425 23638.5
234.16769 3198.68
240.13354 5211.6
241.13759 390.352
243.13306 539.469
244.12793 751.121
245.07626 1288.04
246.18065 3334.54
247.14468 607.526
254.11305 534.714
256.12878 439.832
258.14413 2998.05
261.15906 12600.3
262.16229 1878.45
270.14532 443.296
273.15863 404.986
274.11938 1240.99
275.17480 812.624
284.19562 589.459
287.17114 442.928
287.21088 1214.08
292.12750 888.739
294.17990 480.846
296.08670 449.684
297.15402 477.074
298.13919 573.277
303.17047 883.189
309.15384 391.686
311.20724 1810.06
312.15323 453.246
313.14807 1012.42
314.09808 1484.08
315.16556 5459.3
315.20374 762.226
316.16803 1289.33
318.17981 888.032
327.20303 725.574
329.21869 1001.7
331.16110 934.766
332.10757 957.895
339.20206 1596.76
353.21591 829.937
357.21259 500.12
358.15829 516.498
359.20715 712.469
359.26459 1622.38
369.20386 595.758
373.18674 828.622
374.24307 748.91
377.21634 682.658
387.20209 1557.15
391.19836 557.041
400.25067 449.873
405.21262 1141.96
410.12924 655.91
414.23499 1262.83
427.17996 424.343
428.13986 1837.81
428.25128 982.105
429.25061 455.693
431.17984 437.522
431.26337 869.461
442.19116 513.646
443.13953 1785.56
444.21280 458.521
444.23752 481.311
446.15094 882.266
452.24844 461.442
456.28137 793.667
458.27652 420.627
473.30933 2397.56
474.31372 472.48
486.26880 1068.61
490.30151 633.661
497.15994 514.993
500.28329 1165.82
515.16724 465.49
538.21295 444.536
539.16534 678.083
539.27478 473.673
540.15497 526.281
541.22626 414.631
542.33044 473.15
543.16498 909.071
543.31543 657.028
555.27924 536.37
556.22656 1076.8
557.17383 928.666
557.27991 716.956
560.33929 8370.54
561.34210 2060.85
581.37659 473.118
625.24188 498.558
626.19604 646.559
627.18970 441.282
637.17462 647.951
643.25696 506.029
644.20624 971.49
653.23651 434.635
654.19714 1442.93
655.18866 645.864
670.26422 939.625
671.26440 536.608
672.20819 1599.55
672.31366 582.382
673.21112 637.483
673.42474 2624.44
674.42859 890.537
722.26233 564.924
740.27405 427.84
741.22455 843.576
742.21753 421.153
757.29993 852.015
759.23987 1061.08
783.24457 748.333
784.45142 669.426
785.29199 758.03
801.26135 651.128
802.46417 2331.78
803.46948 831.613
853.25140 455.19
870.26953 1065.75
871.24719 431.095
888.28302 2001.09
889.26929 600.183
917.49554 1743.29
918.49713 910.884
969.28912 502.831
983.35632 623.991
1001.36957 907.589
1002.36115 756.919
1046.53979 868.502
1070.37952 482.78
1115.56067 1463.48
1116.57654 644.782
1212.56885 466.904
1229.60205 1599.47
1230.59131 984.795
1327.59277 487.452
1344.63416 1030.88
1345.63025 571.072
1542.66492 443.593
1543.68140 541.418
1560.69983 1467.22
1561.68408 1007.89
