1944.11899 3
120.08068 3701.21
129.10205 7759.18
130.08594 7569.13
133.08609 1988.08
136.07555 16434.8
147.11266 20919.7
148.11583 1517.78
159.09148 16155.1
169.13335 29638.7
170.05983 1900.34
170.13707 2349.69
171.11160 1719.04
183.11258 2152.29
184.07207 2485.06
185.16460 20035.8
187.08562 2717.11
187.10754 2344.14
187.14383 2926.11
197.12839 10660.8
199.18022 98804.7
200.18384 9575.34
201.12312 14292.1
202.08203 10029.6
212.10207 1535.34
213.15944 17238.1
214.16365 1631.8
215.13898 3999.02
227.17523 107050
228.17880 11882.6
229.11778 9455.03
230.12906 3758.32
235.14333 3805.99
237.12335 11047.5
258.12311 8168.33
263.13818 5929.11
265.11792 15477.2
279.16888 3933.02
281.22360 1886.46
282.18011 5711.71
283.13977 4986.1
288.16998 4102.6
294.14566 1837.48
295.23819 4061.32
296.19598 3108.29
297.15616 5092.66
298.15405 4046.24
299.13406 3756.45
300.19162 5118.2
301.15100 6732.06
310.21188 3983.47
311.17035 2516.08
311.69934 2515.83
312.15466 50347.7
313.15814 8575.7
314.20334 1622.73
315.15936 2094.11
315.19049 2091.17
316.16434 6319.44
326.24368 6873.94
328.22272 1875.95
333.19168 53768.6
334.16849 5447.54
334.20087 6913.49
340.25891 44845
341.21762 3187.43
341.26126 7856.4
342.20071 6151.46
357.19250 2430.15
360.19180 7758.77
361.19095 2029.39
364.18622 20561.6
365.18927 3212.42
369.23514 4997.33
369.73138 1839.88
370.20679 4485.15
378.20187 4302.25
380.19305 2186.06
381.17441 2734.57
392.14398 2549.59
393.21271 4143.03
395.26468 4789.69
396.22339 8156.97
397.24564 5183.11
398.20288 7281.77
404.22870 57981.9
404.76758 3378.36
405.23178 11419.9
407.22668 2809.82
409.17212 2496.58
409.27994 6054.68
410.23950 17647.9
411.24942 2966.49
411.33182 8385.01
413.27435 3810.45
414.23413 14261.9
415.23499 2231.08
417.21289 4057.49
425.23874 24605.2
426.20114 13078.5
427.20383 2679.29
427.29092 2186.42
428.24936 5523.15
435.22290 17177.4
436.22531 4545.27
439.32693 22820
440.33029 6355.64
443.24899 11249.2
444.25339 2169.73
449.27719 2418.29
454.30252 1614.57
466.26672 1976.51
469.27518 2719.09
475.21954 3090.9
477.27225 6650.95
478.19223 1799.16
478.26477 1609.81
482.29703 2353.06
492.28137 1640.21
493.27509 2734.78
494.26169 4299.99
495.21893 3424.74
496.20407 2234.27
497.26508 1871.22
499.32407 1806.45
503.29688 38098.2
504.29861 10841.4
506.29581 6230.38
507.29269 1845.08
508.34717 8126.87
509.30771 10288.4
510.28491 2412.14
511.28635 6623.04
512.29150 1627.13
513.23022 9986.32
514.23517 2116.81
520.30072 3100.56
523.32324 23462
524.31927 6411.77
526.35858 7682.21
527.31720 15110
528.32184 3575.13
530.29541 3653.19
538.32465 6131.29
539.27435 2382.78
541.33301 7763.9
542.33521 1627.11
548.30707 6341.75
549.31329 1766.08
565.33386 2497.59
574.28796 1847.73
577.37183 3123.41
582.35931 5351
588.30170 21921.9
589.30469 5766.85
592.29407 2732.19
593.30615 3532.25
594.38501 1720.63
595.38318 7207.94
596.37671 1922.28
603.29376 2138.16
605.36493 13096.3
606.30646 4623.25
606.37268 4216.79
608.30017 4421.47
609.29407 2108.28
610.35492 2711.34
612.29614 6479
612.40576 4206.45
613.29749 2549.94
621.30188 5485.3
622.39130 34407.4
623.38300 18712.8
624.37445 6527.2
626.31409 3209.41
627.31604 1965.88
635.33380 1774.16
639.37073 2562.3
640.40253 47648.9
641.40497 16652.3
642.40991 3017.08
643.85907 5046.11
644.36328 3004.64
645.32617 2109.8
651.40826 3299.03
652.86566 6112.16
653.36566 6077.86
653.86700 2276.96
659.33386 1853.25
663.33527 4357.33
666.35968 44992
667.36438 15229.1
668.36633 2907.4
677.35699 1713.2
687.36981 6408.71
688.37482 2309.8
689.37311 1646.14
705.38098 11436.5
706.38464 5199.31
707.37500 3274.95
708.35315 3545.67
716.37756 2586.47
720.43536 2913.23
721.38055 2353.3
722.38647 2811.67
725.38184 11491.6
726.38849 3797.15
734.37872 2018.33
735.39600 1842.3
737.45740 4608.01
738.45599 1725.34
739.39282 2756.51
749.39331 2157.87
758.40570 6791.69
759.41833 2693.64
764.49170 2184.84
767.40747 90813.2
768.41022 41794.4
769.41302 8266.67
776.41577 7788.09
777.41785 4536.6
784.42822 2191.17
802.41699 1868.07
803.42682 1735.74
819.50732 1824.01
820.46204 1755.2
821.43915 2484.21
822.43280 2062.43
838.46387 5492.57
839.47449 2529.12
852.49152 1808.13
862.47711 5555.78
863.47223 2453.27
880.49072 52380.3
881.49463 27190.9
882.49713 7271.78
883.48688 2103.92
934.52972 3142.62
951.55292 17413.1
952.55139 9783.65
962.49365 1760.05
972.55994 2419.22
975.58203 2714.72
993.57739 15037.3
994.58160 10622.4
995.58020 3263.45
1020.18622 1790.62
1064.62500 1940.04
1090.58704 9001.14
1091.59680 5019.97
1108.60266 74000.3
1109.60486 47817.9
1110.60547 15463.6
1111.62048 2539.89
1207.67358 5667.27
1208.68103 2732.87
1286.71838 2459.9
1287.72766 2094.43
1304.72546 11259
1305.72388 9700.09
1306.70654 2502.28
1505.81262 2440.51
1506.78894 2480.86
