1514.70156 4
110.07106 25575.4
111.07422 1480.93
113.07073 11032.7
120.08056 32062.5
121.08397 2537.29
129.10214 6122.36
130.08611 5774.76
130.10481 431.224
131.08131 20090
131.11728 1624.42
132.08499 822.813
133.04301 1229.79
136.07562 1658.81
136.08649 700.35
138.06593 1162.27
141.06561 2540.48
147.11267 7860.77
148.11612 415.591
155.09259 515.251
159.07626 12216.9
159.09076 503.762
160.07959 853.233
166.06088 2461.98
171.07518 395.499
173.12816 3435.84
175.11841 580.43
178.13344 524.268
181.10820 3962.39
183.11273 981.84
185.05518 528.727
185.16431 785.687
186.09081 802.984
189.08658 2082.72
191.11765 11479
192.07637 3700.79
192.12082 1187.4
199.07300 585.079
199.18019 11899.8
200.13976 432.377
200.18362 1376.56
201.12299 2208.14
203.11778 2908
209.10320 15141.5
210.10739 1285.81
217.08165 3223.27
219.11255 3953.88
220.12071 454.999
221.12823 8668.17
223.15504 7697.33
224.15836 916.23
225.12376 1042.74
226.11800 734.345
227.17520 4012.47
228.18066 460.51
230.05925 404.503
231.11223 1342.95
234.12506 541.711
234.14418 978.719
234.62103 7470.4
235.12250 2024.24
237.09833 466.855
242.14964 4363.52
243.15216 425.485
244.12723 484.447
244.16501 524.666
248.61856 3724.41
249.12204 1686.79
251.15002 12166.8
252.15268 1481.52
260.13931 1077.13
262.10855 515.769
262.13937 3753.04
264.64615 442.294
276.06439 2116.19
280.11792 14688.8
280.61932 3354.26
281.11823 833.26
288.13452 1566.94
291.16251 465.579
294.07486 1784.46
298.09662 3670.33
304.17529 444.904
305.18134 1374.75
307.67883 1183.16
308.18262 457.043
312.15652 1872.9
319.14023 608.702
320.17062 920.008
322.18723 3914.76
323.19028 710.339
329.17181 566.128
330.16537 1427.28
331.17685 546.021
335.18735 583.145
336.65973 16050.2
337.16104 5296.07
337.66119 1407.99
338.15848 2125.56
338.19199 459.935
339.16379 469.568
339.67075 1000.16
339.91492 1015.07
341.21835 523.563
342.66174 577.862
343.17068 799.43
343.21878 1446.88
343.71982 767.048
345.18927 926.772
346.41827 706.68
346.66617 582.413
348.67648 1071.06
349.18088 425.275
349.84943 1522.97
350.18378 1299.08
355.23590 561.61
356.17108 11530.8
357.17365 2271.08
359.18985 1988.29
359.51727 459.958
360.67328 944.708
360.92487 852.855
362.18381 488.441
365.19604 473.037
365.42709 794.703
366.73007 441.556
367.67130 990.248
368.17340 1337.9
370.42728 652.197
370.67477 630.411
374.17715 2533.1
374.51187 1605.74
374.84332 800.661
374.92914 8695.89
375.17957 7057.27
375.42987 3746.34
375.68112 1307.19
378.71097 900.403
379.15457 495.287
379.20831 872.245
380.18094 41559.2
380.26379 607.566
380.30081 449.879
380.51514 27790.6
380.69324 1534.03
380.84885 10933.5
381.18143 2784.24
381.51254 502.808
382.18649 479.191
383.50934 444.243
390.21173 3344.92
390.70377 5175.87
391.20691 1758.95
391.70609 554.632
392.17719 4101.07
392.51630 1307.15
392.67682 1217.02
394.70728 478.222
395.11334 649.078
397.85703 2382.53
398.18866 1190.14
398.52466 440.914
399.21753 3281.37
399.71942 823.065
401.18063 1384.28
401.68173 796.096
403.86038 26874.8
404.19394 19328.5
404.52765 7552.69
404.69604 453.399
404.86148 2579.82
405.14120 1789.59
405.19769 785.046
407.19086 639.358
407.52155 678.56
409.21841 937.765
411.17975 743.571
412.85876 634.696
413.12305 3370.23
413.19800 2297.49
418.18060 697.31
422.16959 24137.1
423.17294 4125.5
424.16760 1158.81
424.23193 484.213
424.92883 465.749
425.20657 950.532
425.70496 618.753
429.22665 469.903
431.13321 2190.42
435.69177 1264.59
436.22998 683.198
438.23993 2253.41
438.74112 1252.56
439.19406 1133.37
439.24307 815.06
439.70389 437.659
441.20520 3261.22
441.53815 1790.21
441.87418 1075.58
442.23996 2079.74
443.24460 626.299
444.69724 17714.4
445.19846 7422.17
445.69812 3632.54
446.19772 638.766
446.87912 2067.26
447.21201 1392.17
447.54630 724.647
449.21341 1612.87
449.68750 527.099
450.86801 1961.21
451.20547 1346.49
452.88260 27980.4
453.21686 18753.2
453.55118 9666.65
453.88525 3646.62
454.21439 548.829
455.75848 9851.92
456.26053 5079.38
456.76318 1256.95
456.87192 1764.7
457.20880 1638.18
461.54376 1007.04
461.87762 1339.33
462.20844 542.962
467.22427 7017.01
467.94315 573.125
468.23328 5870.14
468.74191 851.167
469.25705 2764.85
469.73779 460.279
470.25888 555.589
480.28250 502.858
480.56088 1035.91
480.89709 957.817
486.56387 553.729
486.89859 889.922
487.70865 720.738
488.20691 471.022
492.23325 1701.58
492.73544 897.003
494.29904 535.628
496.22928 4566.45
496.71573 7051.86
497.21790 4329.5
497.71747 1168.61
498.21292 555.801
501.23874 19403.7
501.74026 9651.02
502.23975 3727.91
502.74524 603.111
505.22775 711.857
505.72153 5491.53
506.22220 3076.96
506.72244 832.028
512.30011 3718.83
512.80005 1516.27
513.30469 635.406
520.25018 1490.48
521.25330 644.082
524.27179 493.59
526.20563 1696.01
532.23340 2755.8
532.73718 1516.92
533.23645 653.225
538.26447 3219.94
539.26752 1088.72
541.22363 2398.98
541.74323 1026.59
544.21722 780.74
545.28314 578.107
548.24829 670.652
552.31610 1478.08
553.26715 1165.89
556.28729 1387.86
557.29108 606.528
559.22845 24012.7
559.34766 1417.19
560.23016 6094.21
560.76373 3938.78
561.20721 904.797
561.27539 1644.33
561.76440 1185.86
569.76788 25630.9
570.26697 14387.2
570.76923 6216.85
571.26129 1488.27
580.30713 5127.53
581.31378 1817.79
587.76947 1550.58
588.26636 989.176
588.38068 445.173
588.76581 459.688
595.30426 649.534
596.28235 1289.37
596.77252 1018.64
597.27368 645.952
597.77454 589.482
599.26489 542.109
605.28595 9270.66
605.78436 6986.41
606.27979 3423.68
606.77771 1480.91
609.31598 1152.07
610.26428 600.891
610.34430 596.811
610.78015 583.31
614.77380 3062.7
615.27588 1824.25
615.77502 1061.24
627.25458 1508.38
628.26050 586.738
639.33069 491.039
641.38196 658.479
651.34918 2203.2
652.35065 691.84
654.30042 557.28
655.23657 498.877
657.33594 1146.64
667.31909 3593.3
668.31708 1269.51
669.36749 11280.7
670.37061 3541.2
671.37512 501.449
672.31262 9507.27
673.31885 2904.74
674.31836 798.107
677.37164 548.455
678.82178 880.197
679.32062 715.166
685.33008 5947.6
686.33258 2526.69
689.37524 747.069
717.36646 1465.63
718.37030 554.871
725.40912 449.668
740.34039 899.125
742.27917 4025.3
743.28497 1788.13
744.28455 504.285
760.29193 2679.99
761.29718 1118.11
768.36926 599.298
770.41663 633.933
779.42413 484.935
780.39996 2903.74
781.40320 1450.86
782.40424 474.068
783.34131 1063.35
784.34039 452.431
786.37640 628.812
788.40137 662.531
797.42682 4639.02
798.41815 4514.59
799.41895 1791.77
801.35504 5395.34
802.35809 2067.58
803.34869 727.414
807.38043 535.27
808.38971 506.305
825.38965 1064.34
826.39722 628.662
853.35760 531.208
855.36426 3155.4
856.36633 1172.83
870.37408 1824.56
871.37073 1097.23
872.37842 778.666
873.37457 1983.13
874.37970 721.263
888.38635 19886
889.38855 9201.02
890.38861 3326.4
891.38635 815.371
898.37115 616.275
983.45758 954.576
984.46143 827.101
992.41876 999.54
993.41931 527.228
1001.46948 9540
1002.47046 5099.57
1003.47211 1864.2
1004.48407 548.919
1011.44275 452.439
