2149.00151 2
120.08031 1609.48
129.10231 356.445
136.07552 422.638
175.11850 1110.55
197.12793 417.508
199.07042 299.971
201.12294 283.129
207.11243 406.456
215.13837 2723.37
217.08231 221.146
225.12279 384.025
233.16519 246.841
235.10670 539.616
243.13319 4590.08
244.13698 390.778
259.14005 362.987
261.16016 209.575
267.15027 198.4
276.16708 316.987
277.11859 487.874
312.15433 683.856
317.18549 217.587
330.16086 291.085
345.18033 311.789
346.13840 503.834
356.21750 319.796
372.17606 336.861
382.17773 188.443
389.25143 274.633
441.19937 253.974
459.22449 281.116
490.29764 690.036
619.34198 211.031
706.37170 404.199
853.43756 2150.23
854.44061 966.481
968.46783 716.522
969.46912 273.341
1073.83850 351.253
1074.45935 205.285
1074.69434 716.983
1075.69495 1822.68
1076.08777 199.579
1076.67261 1294.45
1077.14685 722.648
1154.52649 1642.63
1155.52563 793.397
1156.53430 240.199
1265.55835 461.088
1266.54968 240.946
1283.57654 947.954
1284.57654 588.436
1430.63879 1036.78
1431.64807 804.586
1432.63440 224.741
1577.71973 374.858
1578.70154 323.797
1664.74500 438.25
1665.74463 324.936
