1137.59758 2
110.07082 7515.43
111.07409 412.815
112.08652 701.086
115.08598 355.174
129.10182 4402.5
130.08568 1199.86
130.10435 334.95
136.07527 748.816
138.06615 748.229
141.10168 664.544
147.11230 2037.31
157.10773 641.032
158.09212 414.466
164.11790 1790.07
167.08110 409.451
169.09680 652.99
172.07120 334.684
175.11830 2096.42
186.12296 954.517
192.11237 560.999
195.11116 294.918
204.13387 3087.1
209.13910 7769.49
210.14220 594.447
226.11713 535.913
237.13396 2879.55
244.16524 942.751
255.14403 694.336
255.64687 573.261
256.14941 589.419
258.14441 296.124
271.13947 355.176
272.17078 730.757
275.17041 2278.68
276.14554 362.37
285.15387 605.905
286.13553 314.236
291.18518 332.667
325.14944 354.427
346.20773 1866.9
384.22076 337.232
398.28699 335.293
409.18121 1132.26
438.23242 514.155
440.17557 399.07
457.20377 480.345
472.28738 324.442
485.73102 412.511
494.26657 352.805
498.26602 314.127
502.60696 687.84
508.61243 636.66
511.24878 477.754
519.29504 1067.42
522.26617 563.202
528.30334 554.648
534.72546 1648.49
535.22852 371.892
539.24286 719.459
551.29138 440.194
552.27478 356.186
556.26727 570.94
561.26855 351.91
569.29932 4061.42
570.30609 552.109
579.28668 1012.61
616.33636 316.527
665.33240 413.525
676.30969 318.297
693.32849 4627.18
694.33154 1928.09
697.39746 458.739
698.41016 318.017
713.39563 381.795
764.40009 550.906
765.40399 327.852
792.39954 749.151
793.40045 387.12
901.46637 529.239
902.46454 391.425
