1487.87676 2
105.06562 2219.03
110.07103 2450.2
112.08669 501.894
115.08654 505.846
116.07050 309.729
120.08060 8114.98
121.08369 811.307
129.06564 608.834
129.10211 3721.53
130.06447 486.527
130.08618 1071.46
130.10396 289.106
133.04286 387.251
136.07555 5131.26
137.07855 373.759
141.10237 341.288
143.11783 1816.69
147.11259 1788.81
155.08145 302.825
155.11777 420.523
157.10837 349.224
157.13301 418.61
158.09218 1585.63
159.07632 491.266
159.09126 1314.3
159.11276 360.071
167.08131 458.1
169.09711 366.932
169.13307 420.067
171.07597 333.945
171.11261 773.774
173.09174 472.316
173.12828 1813.14
175.07092 276.171
175.11876 9584.47
176.12271 413.688
181.06070 2210.22
181.09676 398.289
183.07663 260.877
183.11230 746.865
183.14894 345.08
185.09128 324.798
185.12804 345.513
185.16464 1647.49
186.12244 269.297
187.07101 491.685
188.10265 744.208
196.14432 918.72
197.12856 1597.25
198.08699 1274.36
199.07185 1735.16
199.18024 20810.5
200.13884 481.164
200.18394 1945.76
201.12309 3117.01
211.10669 646.473
211.14337 250.525
212.10162 289.283
213.08731 344.679
213.15968 1872.01
214.15437 1820.7
215.13919 1147.15
216.09767 19546.1
217.10106 1694.38
224.13841 542.997
225.09857 348.338
225.12378 337.957
226.08221 408.57
226.11731 330.068
227.17526 11102.8
228.13385 703.312
228.17943 1369.83
229.11668 523.477
230.09401 255.126
233.16476 542.567
238.11906 326.231
240.13402 578.411
242.11351 652.558
242.14946 1655.89
243.13358 692.554
244.09233 448.453
245.07635 341.072
246.12640 257.727
246.18022 442.492
251.15054 381.92
254.14957 535.441
256.12860 1065.97
258.09131 722.93
258.14276 416.72
260.12378 756.885
261.15863 385.65
265.11737 385.524
266.14337 384.194
267.24283 742.66
268.16541 441.196
269.18668 293.63
270.14438 1368.03
271.17627 1766.34
274.13983 395.967
280.16513 296.783
283.14069 328.537
283.17560 279.732
284.15906 2001.32
284.19070 297.389
285.16058 277.621
288.15530 521.33
288.20273 1325.52
294.14417 861.888
295.23822 523.316
296.19632 1799.37
297.15317 336.775
297.20071 334.536
300.19205 412.069
301.18588 764.312
302.17041 463.461
311.17099 2900.52
312.15427 1467.33
313.22281 1500.11
314.20651 1744.79
315.16357 287.102
315.20731 274.066
321.15494 327.352
323.20950 353.27
324.19110 643.18
326.24472 392.519
329.18143 9150.64
330.18475 1631.3
331.23273 1244.63
337.18668 270.125
339.16528 2134.05
340.19492 405.993
341.18335 327.199
341.21863 590.039
351.20316 338.542
353.18182 385.741
355.19647 1093.39
357.17682 985.763
358.20810 1828.28
359.23941 285.647
369.21222 1014.24
370.21637 305.107
371.19412 1482.49
373.20654 534.946
375.23438 1783.35
376.23666 362.467
381.17108 368.893
383.22672 627.168
387.22211 570.311
389.20193 698.888
391.19556 370.66
396.26059 461.074
397.24390 664.556
398.20529 322.566
399.17706 1113.84
400.25583 360.593
407.22867 431.282
410.23874 742.535
411.22174 435.649
414.26852 735.042
424.25439 2458.22
425.26968 290.598
428.25021 1432.93
429.24731 1253.74
430.25110 294.792
442.26599 2737.6
443.27029 739.959
446.27164 2219.31
447.27338 502.481
452.25171 566.931
460.23578 418.752
470.26010 887.34
482.30038 301.221
485.23270 268.324
493.23703 322.279
497.27759 339.412
498.24448 764.203
510.33200 271.29
511.24832 574.537
512.28528 340.285
523.28223 362.21
527.35901 329.558
529.25677 469.952
530.29340 1264.74
531.29962 303.905
541.28851 317.452
543.32666 505.014
547.31934 4482.75
548.32281 1132.82
555.35657 511.507
559.30560 312.555
584.30536 273.109
628.33612 272.758
645.31531 725.729
660.40381 3263.32
661.40820 1139.3
695.40027 364.818
695.88940 277.298
706.33728 280.679
729.43048 373.158
730.43866 461.89
743.40015 281.127
744.41394 371.345
745.42737 476.884
746.41742 294.642
747.43506 6546.59
748.43713 2646.3
749.44165 540.122
790.43481 535.732
798.45068 361.158
799.44202 326.085
804.46027 531.927
816.45660 1655.84
817.45483 915.243
834.46600 23360.8
835.46991 10066.5
836.47168 2374.71
876.44843 383.917
884.49628 378.286
885.51129 395.026
889.51318 796.252
890.50842 285.324
891.52686 279.963
903.52380 589.481
904.54376 308.504
915.52539 2456.06
916.52448 1502.43
917.53857 408.692
933.53522 26992.1
934.53705 13111.6
935.53857 3516.72
936.44244 345.224
936.52588 310.612
1002.59613 400.492
1003.59949 328.725
1028.61145 1127.36
1029.60547 544.387
1046.61829 12016.9
1047.62244 6240.49
1048.62256 1853.52
1049.63403 305.894
1156.66943 399.448
1157.65173 1146.98
1158.66211 743.965
1174.67834 2333.32
1175.68164 1427.44
1176.68176 459.113
1217.69458 422.436
1226.68079 318.811
1231.69910 452.731
1243.69092 1239.87
1244.69250 1283.74
1245.68970 676.445
1261.70886 10407
1262.71216 6988.49
1263.71179 2054.56
1264.72583 335.906
1374.79749 310.199
