2356.10538 3
120.08025 649.751
129.10191 418.794
133.04269 961.635
136.07562 419.812
147.11256 358.638
171.14853 271.706
173.12776 290.036
175.11867 931.661
184.07196 276.596
185.16418 228.996
189.06796 191.601
199.14351 415.197
201.12302 632.861
202.08160 226.437
213.15956 245.374
228.13344 487.138
229.11798 284.023
245.07594 292.456
246.12669 486.38
274.12051 458.21
286.15265 206.45
297.15424 203.74
300.15479 194.741
303.17654 624.892
315.16571 321.913
328.18689 302.167
336.13461 366.016
357.15665 571.66
365.12619 228.219
373.13660 445.937
375.16940 211.231
402.24503 1513.37
473.14392 307.8
475.19342 221.495
496.16757 431.646
501.31314 1409.94
502.31519 222.797
504.22485 279.452
523.09515 216.151
541.22504 288.323
559.23590 299.498
583.18921 247.351
602.36047 3218.48
603.36304 643.923
654.26715 195.292
664.25378 506.833
672.31757 195.443
675.77368 358.899
682.26410 500.35
685.27692 216.117
715.44427 2559.81
716.44641 728.712
740.42017 261.719
785.18445 339.712
785.48584 678.289
786.48230 584.847
787.56372 1229.03
800.39044 312.328
810.32275 549.457
848.39764 260.551
857.48309 200.313
858.45313 318.128
875.47430 5934.87
876.47406 2410.51
877.47144 546.549
878.46790 230.757
939.35486 282.022
976.53534 248.829
977.51477 294.932
978.50940 252.474
988.55969 1124.33
989.55939 437.986
1048.51648 926.59
1049.51038 582.99
1054.39160 1385.55
1055.39185 555.926
1075.58960 938.29
1076.59326 594.232
1167.47998 582.127
1168.48120 232.709
1171.62610 205.637
1172.62097 290.698
1189.63403 1122.46
1190.63831 576.758
1351.52563 207.006
