1439.73760 2
110.07115 3820.83
112.08659 543.184
113.07079 246.63
115.08657 681.466
116.07051 278.144
119.04913 620.302
120.08071 4260.49
121.08356 365.072
127.08656 411.366
129.06616 584.289
129.10222 6347.87
130.05064 355.169
130.06485 497.696
130.08623 3335.82
130.10451 428.266
131.08853 293.215
131.11746 262.968
133.04323 252.194
133.06068 559.013
136.04970 229.322
136.05939 361.996
136.07567 40626.4
136.12141 239.662
137.07892 3415.42
141.06604 376.01
141.10223 828.29
143.08128 266.52
143.11784 550.944
145.06090 276.742
147.11276 6435.24
148.11649 345.066
152.10680 388.289
153.10211 586.612
155.08144 813.587
157.06093 445.091
157.09669 319.257
157.13309 338.183
158.09239 875.951
159.07631 522.018
159.09149 1288.05
167.08150 2013.4
169.09703 1051.79
169.13333 1047.69
171.11272 2462.23
172.10666 230.01
173.09178 365.425
173.12842 671.982
175.08643 479.983
175.11885 3692.96
181.09749 1331.31
183.07706 233.79
183.11313 370.058
183.14919 519.988
185.09203 2839.89
185.12798 671.489
185.16499 731.372
186.12283 473.04
187.07146 711.367
187.14360 838.064
195.07632 1111.28
195.11243 285.034
196.14330 271.877
197.12834 1337.78
198.08727 577.903
198.12247 328.47
199.07069 331.226
199.10748 1645.82
199.18005 288.764
200.13989 247.669
201.12340 1543.67
204.13794 735.229
207.11229 274.09
208.10818 379.971
209.09103 508.672
209.10315 334.129
210.02563 429.748
211.10733 260.749
211.14420 431.763
212.10278 651.632
213.08691 6204.02
213.15959 253.396
214.09071 342.141
214.11975 301.066
214.15466 880.791
215.13890 2910.26
216.09775 519.254
217.08527 420.636
218.15077 258.904
219.14989 316.99
223.10742 245.767
223.15733 395.628
224.13824 249.779
225.12250 506.399
226.08115 416.137
226.11818 961.323
227.06660 673.929
227.10269 447.451
228.13332 421.103
229.11736 1166.3
230.11304 2204.8
231.10046 282.59
231.11159 301.148
232.14197 258.77
233.12833 777.688
235.10689 2018
235.14397 1458
240.09869 502.845
240.13441 626.528
241.08298 301.21
242.14978 1760.7
244.09277 3723.6
245.09424 494.158
247.14426 436.037
249.08299 281.053
249.10524 399.823
249.11873 384.45
249.12808 248
249.15964 44089.8
250.11395 325.695
250.16295 6452.21
251.10471 266.966
251.16438 479.847
254.11307 369.211
254.14755 401.631
258.10742 416.544
258.14172 322.161
261.12289 1373.77
263.10150 437.67
263.13953 408.712
267.10941 318.209
268.16397 290.909
270.10776 579.494
272.15274 274.867
277.15439 12391.6
278.11118 270.48
278.15826 2006.84
282.10684 393.676
283.14230 274.978
284.12131 479.612
284.14539 243.065
292.16562 1043.61
293.11279 689.036
294.14514 313.082
295.13968 379.985
296.12216 892.144
296.15915 709.766
300.15497 4966.39
301.15820 652.525
310.17593 7048.94
311.13721 252.095
311.17892 1196.91
312.15607 617.303
313.15079 1730.48
313.18549 652.255
314.13361 1408.63
315.16370 286.325
316.16644 314.302
323.13477 1124.02
324.11664 377.422
326.17053 431.334
328.10858 279.449
331.16074 1275.53
332.19247 352.214
334.17661 549.763
339.16443 319.939
340.14771 522.991
341.14523 16408.4
342.14941 2197.77
346.13846 296.394
351.20096 287.36
352.16138 285.163
353.14639 325.994
357.17667 2041.07
358.17545 778.188
360.19302 373.003
364.16138 408.394
365.18546 511.431
367.16455 404.644
374.20950 464.388
378.20236 1589.01
379.20062 295.417
383.19510 483.482
385.17047 467.928
385.24466 930.634
389.18405 635.395
391.19968 446.126
393.17822 249.424
397.17535 280.861
397.19299 263.306
407.15622 385.521
408.22452 596.782
409.20593 657.968
410.20334 1770.13
411.18674 2446.18
412.18631 1161.15
413.18311 300.374
413.23798 648.908
414.20111 575.519
417.21222 334.183
423.18909 250.958
423.25995 4013.29
424.18176 810.709
424.26212 900.867
425.16302 490.951
426.23569 2150.06
427.24066 451.771
428.21619 2657.18
429.22018 556.852
435.22690 446.468
436.21973 810.836
437.20139 711.813
438.19925 376.715
440.21997 404.205
442.19281 3005.11
443.19687 725.766
445.21173 287.037
452.17386 490.036
454.22949 4886.98
455.23199 1163.24
456.16806 274.867
456.20285 276.951
463.21744 537.628
464.25851 756.616
466.22998 359.018
468.21313 292.937
480.24628 611.116
481.20639 483.264
483.25446 271.264
496.27924 522.828
497.27209 1661.84
498.27631 323.217
499.29575 284.023
507.26071 269.466
508.24576 1027.51
510.25061 393.952
512.24298 283.953
513.29987 322.045
520.22949 479.281
523.24707 586.808
524.27820 571.031
525.26898 2974.85
526.21808 648.877
526.26630 738.423
527.28052 1484.43
528.28534 391.472
531.77722 1124.35
532.28235 627.102
537.26666 1234.88
538.28857 4557.01
539.28973 1426.73
541.30243 402.823
543.24011 1798.5
544.24274 371.41
548.30927 255.342
551.24445 494.13
553.22650 272.624
555.27722 1288.98
556.27936 429.033
563.29700 579.988
565.26312 339.551
567.28766 363.205
569.25201 488.807
572.27155 284.711
576.31018 464.949
577.25476 401.869
579.26068 260.525
579.30969 263.823
581.29932 262.423
592.27118 448.315
593.30524 393.872
594.28497 1802.21
595.28064 673.421
596.34991 925.891
597.36359 304.703
605.25824 374.578
608.30286 733.339
609.32416 6415.75
610.32880 1828.96
611.32562 434.758
612.29761 270.109
622.27740 1247.66
623.26923 1695.19
624.27100 544.654
626.31946 462.993
640.29272 8180.34
641.29413 2560.77
642.28864 366.979
656.32416 686.389
667.38794 272.355
678.31622 278.393
680.38043 265.55
682.33984 312.527
692.34033 285.159
694.34955 1013.18
695.35162 674.883
700.32684 282.252
708.36353 457.643
709.36353 496.822
719.34741 574.997
722.40936 3758.25
723.41187 1648.03
724.32007 495.213
725.38568 1865.72
726.38702 602.833
735.36481 361.921
736.34943 495.184
741.33606 3646.95
742.33984 1478.05
743.34033 364.078
753.37677 1181.66
754.37830 581.709
764.44073 3747.32
765.44940 1298.03
766.45007 430.523
803.34796 274.511
807.43988 873.704
808.44183 488.549
826.44061 344.237
832.45685 939.435
833.44269 2559.01
834.44556 1183.51
835.44568 326.654
836.41980 529.263
850.46686 1997.64
851.47168 861.622
854.42126 560.059
877.52704 512.906
888.44336 303.38
894.39343 410.497
916.43835 328.119
922.46759 406.339
948.46088 602.517
965.49298 4384.91
966.49658 2448.36
967.48981 566.986
1022.53229 287.862
1023.51740 492.57
1041.46350 475.93
1062.54736 3111.39
1063.54712 1923.28
1064.56348 572.453
1076.53516 390.298
1119.56274 295.942
1140.53271 476.578
1141.52161 376.565
1163.58826 955.149
1164.60071 616.236
