1824.86460 3
110.07115 1063.2
119.04930 264.545
120.08065 23572
121.08392 2007.18
127.05099 194.963
129.06624 412.555
129.10219 5125.21
130.05002 360.927
130.08615 1334.33
130.10516 372.708
131.11748 201.992
133.08571 284.318
136.06061 243.571
136.06343 275.994
136.07562 12761.6
137.07899 1028.86
143.11795 429.776
147.11279 4082.98
148.11598 197.312
157.13301 248.665
158.09198 266.114
159.09145 955.565
159.11314 216.657
169.06030 217.591
171.11308 289.649
172.07118 543.063
173.12842 1025.15
175.11876 1725.92
176.10658 510.512
181.06084 514.66
181.09731 196.98
183.11261 1376.51
183.14960 226.994
184.10741 378.596
185.05618 219.768
185.12827 283.153
185.16512 480.776
186.08719 544.813
187.10736 391.744
195.11269 315.229
198.12331 308.896
199.07098 419.779
199.18007 334.532
200.13913 541.331
201.12344 1251
203.12024 302.956
205.09749 209.691
207.11266 202.13
209.09198 992.896
210.02538 454.467
211.10744 852.453
212.13795 234.114
213.16051 215.065
215.13872 1311.66
217.08192 2049.42
218.08606 275.717
221.12827 1496.34
226.11864 2485
227.10551 241.53
227.12120 319.411
228.13387 1499.61
229.11836 658.403
231.11273 1789.38
233.16460 611.269
234.16840 212.564
235.10725 957.163
237.12311 3179.66
238.12695 431.852
240.13319 272.709
242.15143 221.438
243.12988 1031.19
243.14955 829.164
244.12897 1706.21
245.07663 2039.65
245.11263 469.375
246.08073 322.845
247.10764 649.616
247.14465 348.138
249.12312 2544.55
249.15973 1345.61
250.12680 352.838
251.15041 430.239
254.11269 280.422
258.14484 379.345
260.10519 224.79
261.15906 515.869
262.13962 8597.6
263.10229 765.555
263.14337 954.385
265.11807 4450.33
266.12122 536.658
267.14877 2573.76
268.15033 342.813
269.12265 257.856
270.17874 266.824
275.10327 286.802
276.15253 210.603
277.11859 593.55
277.15421 731.071
282.18048 205.981
287.13397 271.359
288.20282 398.799
293.11285 1543.39
294.11411 276.274
295.14352 1553.48
296.14697 207.672
304.16431 221.575
311.13965 228.28
320.17142 205.362
323.13632 232.251
339.20111 692.947
340.16183 209.326
341.14523 342.198
345.67606 526.108
346.17514 348.696
350.66949 429.909
351.16071 313.169
352.16870 226.099
355.07001 699.174
355.16080 755.181
356.22772 562.716
357.20984 476.793
358.17343 903.168
359.17914 471.382
359.67480 1200.65
360.19894 250.971
366.18210 217.444
368.18698 3578.04
368.68875 1399.88
369.13989 271.89
369.18878 288.466
371.22772 244.098
373.17032 683.446
375.22372 7773.54
376.22638 1412.22
378.17615 1158.71
378.21585 345.056
384.69995 228.586
385.20313 213.988
391.19653 270.608
392.18106 1394.01
393.18365 253.38
393.70444 431.54
394.17572 2998
395.17691 536.791
396.19171 1723.38
397.19669 334.426
404.14267 214.166
408.13925 1158.09
409.14249 323.843
410.19601 751.236
412.18674 1456.87
413.18661 436.055
419.21225 361.037
424.18658 258.832
432.70737 689.354
433.20786 411.444
436.21988 283.845
440.18140 267.777
446.70660 338.942
453.24646 478.082
454.22711 682.353
458.23462 584.419
459.22485 227.605
467.26508 347.844
469.20294 579.667
471.25598 1600.27
472.25861 238.336
475.22171 328.102
476.22128 528.064
477.22842 404.319
484.20111 225.054
487.21466 998.884
488.21152 374.885
489.21289 747.484
493.23026 1321.86
494.23788 417.643
497.28293 379.901
498.17896 239.608
506.24139 448.862
507.21701 494.482
508.23520 469.123
513.24988 505.26
515.20428 419.489
518.22400 409.588
519.16876 218.02
520.23425 347.371
520.31982 492.545
525.27399 598.468
531.25519 352.819
532.26892 233.777
536.23584 986.866
537.18365 1097.53
538.19635 292.071
538.28687 8428.18
539.29083 2140.92
540.29156 323.3
541.24158 714.84
542.24567 272.58
555.28168 334.002
559.25293 373.418
565.26056 767.343
572.30896 406.425
573.30316 248.933
575.97937 279.168
576.31158 351.704
582.28644 1217.95
583.27258 1059.95
584.27588 369.621
589.29962 218.48
591.24725 224.115
600.29773 3267.7
601.30164 820.856
602.73730 300.118
603.23993 649.379
603.73920 705.151
604.23279 304.101
605.25592 479.083
608.27850 332.941
608.38184 337.595
609.29462 1057.16
609.40070 283.86
610.28192 238.423
610.38977 438.535
618.32129 332.452
621.32562 760.079
622.28046 1207.09
623.28271 452.85
626.33325 340.704
632.26514 302.056
633.24921 403.587
634.36749 235.487
637.27844 475.853
638.34882 345.415
639.33411 14176.2
640.24591 264.015
640.34143 4354.69
641.34686 880.536
644.34283 223.584
646.33844 242.379
647.26404 560.263
649.32281 393.793
650.27509 1216.81
651.28009 425.253
652.27435 430.643
654.32843 274.773
655.32001 228.384
665.27643 2248.25
666.27905 528.512
667.29132 239.414
670.28387 315.778
675.26001 300.408
678.27496 282.426
684.24304 234.079
684.32678 470.371
685.31232 242.833
700.32886 293.993
701.34485 240.163
701.86017 246.296
702.34979 304.02
711.32111 426.963
712.32117 319.939
718.33398 509.169
719.35822 280.863
721.42566 623.252
728.32220 314.737
729.33984 644.254
730.33405 289.732
732.44141 247.812
735.36816 676
736.37317 396.261
744.28381 236.607
744.86438 619.516
745.35596 909.137
746.33191 970.468
747.35339 526.453
747.45160 450.472
748.36310 308.39
749.91345 276.049
750.40393 281.055
751.32233 477.78
761.30414 546.054
762.29938 428.978
763.36432 2851.59
764.36432 1488.13
765.36993 356.692
768.39453 1664.35
769.39935 555.511
773.45288 1110.06
777.90479 224.961
779.31763 2209.05
780.31958 746.478
784.35992 272.29
786.40155 12228.4
787.40594 5384.26
788.40790 1097.63
790.36823 465.946
790.85986 510.891
793.39374 1587.52
793.89746 1034.64
799.37811 459.053
799.87720 314.646
804.36688 287.264
812.34637 1073.9
813.35004 489.673
820.49786 658.875
830.37543 267.681
832.41907 323.854
843.45959 240
844.48950 939.218
846.50366 452.594
847.39679 398.086
848.38995 323.991
856.38342 338.07
856.88654 227.047
857.36859 459.4
858.35651 290.869
864.41290 518.071
865.41174 448.34
874.38940 750.424
875.36389 854.657
875.50909 391.569
876.33966 265.067
876.48395 833.206
877.45435 544.167
892.40466 3845.39
893.40613 1755.44
894.41364 490.478
909.36877 274.241
910.43610 331.938
915.45654 765.665
916.47211 404.385
917.55121 519.403
918.54425 377.297
926.38629 678.208
927.39337 351.776
933.46881 6688.47
934.47186 3371.56
935.47845 1002.83
936.36255 526.192
937.36865 845.72
938.37164 449.697
975.54065 689.919
976.53699 495.597
988.57562 461.946
989.57361 450.359
994.44446 282.927
1011.47095 314.117
1017.49371 333.524
1021.45941 295.091
1022.44885 454.524
1034.61865 444.544
1039.47400 1593.4
1040.46899 755.21
1041.47559 284.491
1044.50391 829.397
1045.50049 458.972
1062.51050 1509.25
1063.51575 990.308
1064.52014 314.503
1067.41016 390.082
1068.40479 826.529
1069.40906 826.925
1070.42554 251.551
1104.59106 390.204
1105.58215 259.32
1117.64307 260.345
1206.47107 384.281
1225.56860 421.797
1226.58899 393.641
1336.59399 220.956
1354.62097 362.32
1355.62146 256.379
1451.63733 325.552
1469.64258 638.754
1470.64648 492.016
