3617.95815 4
120.08031 353.805
171.11263 220.897
183.14882 230.077
211.14265 183.825
215.10132 220.573
228.13420 560.442
232.14075 581.537
242.14955 325.903
263.09988 218.716
302.09744 642.692
308.19507 734.328
314.16949 406.51
341.21719 194.147
343.16006 415.833
360.19815 589.164
384.18594 311.235
391.16211 266.503
421.28070 648.294
426.73364 265.423
435.73682 352.468
442.22894 558.72
449.16855 375.309
459.26605 884.37
460.26978 242.042
485.27130 470.836
485.77261 309.406
490.22833 230.942
511.32358 196.428
520.19928 269.926
534.25861 227.111
535.32025 357.226
541.29681 485.551
541.81232 830.861
542.31055 387.514
555.31268 449.843
560.20093 194.845
561.31848 267.462
561.81824 240.516
562.24677 285.562
569.27008 221.097
570.32300 3114.6
570.82465 1501.3
571.32660 518.372
577.22137 396.877
587.27484 402.868
588.30896 1282.41
589.30896 444.505
596.83368 410.258
605.34937 588.1
605.84265 1739.88
606.34753 1507.74
606.84570 238.282
607.35406 220.388
645.36682 591.903
645.86670 416.98
646.36926 372.224
653.87531 21891.2
654.37622 17317.2
654.87744 6132.41
655.37695 2655.19
655.87628 1114.16
656.37695 421.395
682.34827 483.66
683.34198 229.442
690.30658 496.479
700.35944 1005.18
701.39301 1519.05
702.40112 655.271
704.91046 370.943
705.41010 295.47
719.43640 240.376
725.41663 238.68
772.43195 987.953
773.43994 337.473
781.41876 584.951
782.42145 460.386
791.31372 475.794
792.31610 262.06
799.43079 1293.53
800.43481 626.421
813.46051 381.394
824.48468 216.363
848.48901 233.261
852.45398 724.735
853.44934 326.217
870.46521 1596.87
871.46747 734.202
886.47577 1923.15
887.47870 860.973
888.47321 362.2
890.38306 378.217
904.56927 11512.5
904.83856 464.729
905.03589 316.836
905.17633 427.781
905.44885 1628.51
905.58380 2814.85
905.89886 574.682
906.15088 334.822
906.45129 1380.63
951.52277 1150.28
952.52844 695.121
969.53223 2733.52
970.53552 1404.14
971.53461 452.798
983.53973 205.6
987.46637 214.412
989.45880 213.223
999.55298 1098.18
1000.56903 611.246
1003.46777 579.721
1004.47687 316.346
1060.48315 256.849
1064.61133 333.148
1065.60083 400.895
1082.61951 1427.02
1083.62720 855.658
1084.61658 263.325
1112.63770 322.531
1117.50598 379.499
1139.63391 917.57
1140.63452 451.612
1192.66907 543.342
1193.65906 438.158
1209.69421 2119.96
1210.68555 2893.57
1211.68359 1367.15
1212.70532 350.07
1230.59070 504.206
1231.62341 569.323
1289.73425 234.44
1290.72205 358.783
1291.74426 314.326
1306.74573 8801.49
1307.74548 6807.67
1308.74622 2641.67
1309.75427 1191.88
1310.75342 610.814
1311.75940 255.26
1344.73889 310.03
1476.85437 241.325
1477.85693 323.124
1523.84802 226.273
1524.85339 256.688
1622.91541 277.478
