2140.05429 3
110.07119 1255.97
112.08675 448.398
115.08666 361.904
120.08073 3104.07
127.08699 268.933
129.10226 8348.14
130.06503 1316.08
130.08638 794.384
130.10539 434.664
131.11766 303.43
132.08044 245.654
133.04294 337.824
136.07578 2562.41
141.10191 523.835
143.11797 271.59
147.11284 1742.74
155.08170 599.745
158.09193 281.324
159.07639 222.811
159.09161 5915.93
160.09515 807.666
169.13335 290.396
171.11272 461.944
171.15024 226.553
173.09218 789.691
173.12781 659.779
174.13377 221.054
175.11908 2866.23
181.09854 253.311
183.11336 373.501
183.14954 778.159
185.09244 337.378
185.16568 342.067
186.12401 401.816
187.08647 904.908
187.14360 261.557
197.12840 339.879
199.18062 408.796
200.13817 288.13
201.08759 811.735
201.12335 2879.25
203.06651 710.759
210.02527 495.916
211.14386 501.367
212.10284 258.198
213.08720 411.735
213.16060 236.692
214.11792 239.177
215.13957 304.081
217.08234 251.212
218.15051 270.078
225.12234 243.529
226.15503 10855.8
227.15860 1174
228.13297 252.952
229.11807 1657.56
231.06123 809.747
233.16431 557.992
242.14989 1443.13
243.13420 238.888
244.16621 608.794
245.07849 255.543
246.18159 269.128
249.12317 249.066
255.18161 227.738
258.14438 309.739
260.19666 684.099
261.15997 292.035
265.16531 281.641
272.13577 2792.16
273.13916 306.033
283.17682 928.462
284.12286 269.252
285.13245 286.14
298.17468 304.25
300.17337 372.545
321.15540 506.788
331.16739 261.772
338.18066 373.507
339.23849 282.121
341.15622 2321.03
353.69708 615.205
354.10629 252.112
354.19791 246.3
357.10388 240.22
370.19864 782.367
370.70016 350.701
371.13522 798.893
372.11435 343.064
375.11511 268.605
376.18607 1095.6
382.20792 286.321
389.14590 1209.91
395.20377 886.238
396.20438 304.064
396.26035 263.97
405.18701 405.122
409.21899 629.029
412.22568 282.222
413.71295 290.4
417.76318 331.817
419.18729 1191.09
419.68475 492.908
423.19467 340.926
439.13293 420.132
440.22507 4156.93
441.22720 763.199
442.73468 343.357
446.25549 3514.61
446.75699 1947.07
447.25812 711.084
459.28790 570.01
459.78683 291.179
462.22293 313.827
471.22540 262.477
477.26376 605.667
477.76718 246.603
485.77396 333.985
486.26984 270.584
493.31577 368.804
494.78198 15964.9
495.28357 9725.21
495.78503 2948.39
496.24493 1424.5
496.29669 356.189
497.25604 407.062
502.22623 425.023
524.24548 687.396
525.30426 365.811
526.30908 366.946
538.19989 331.634
541.30249 301.194
543.18597 282.244
551.32526 3237.07
551.82593 1882.99
552.32990 610.867
553.30902 3077.69
554.31226 888.643
566.24921 266.764
571.32434 287.347
586.82367 268.299
599.84338 848.946
600.35052 684.555
609.33453 1104.43
610.34515 263.902
616.32910 1132.87
617.33179 284.714
623.29083 849.201
624.28967 313.249
637.33124 1451.05
638.33490 876.956
640.41956 278.748
644.84314 295.853
651.28522 6891.53
652.28503 2017.1
652.85394 350.878
653.28229 334.972
659.84753 386.391
660.35229 323.797
668.85437 607.018
669.35504 496.002
672.02588 330.909
675.36462 791.045
675.69733 1616.33
676.02405 813.169
676.36176 774.345
679.34180 748.868
681.36603 11299.8
681.69885 14442.3
682.03253 8540.57
682.36755 3596.58
682.70129 1277.02
687.36963 2976.01
687.70300 2906.34
688.03632 1406.74
688.37415 817.128
688.70648 329.292
689.35492 407.8
706.38885 7744.81
707.39148 2959.73
708.01819 383.626
708.34576 816.628
708.68768 774.768
711.39587 314.991
713.30011 570.175
713.41425 258.793
714.02350 8075.78
714.35583 8783.31
714.69250 5409.59
715.02533 2070.17
715.36353 940.939
715.47864 468.212
721.84839 272.444
729.42188 263.416
731.39935 410.103
736.39825 1333.57
737.39111 1065.53
737.49738 327.551
738.46588 488.832
739.38312 1068.78
740.39142 615.98
745.39661 1279.13
745.89764 614.955
746.38940 993.335
747.39026 263.056
757.38831 388.966
763.40918 25560.2
764.41119 10488.7
765.41608 2513.48
766.41498 386.13
777.32739 638.263
792.43262 501.972
798.43042 352.865
801.93530 549.423
802.44006 512.998
808.40924 264.338
809.39172 657.988
809.47827 653.961
810.49176 269.051
814.45441 499.186
816.45679 346.98
826.41455 800.779
827.42053 294.758
830.46564 787.814
834.52045 2557.43
835.52576 1143.37
837.36395 2302.47
838.36456 969.738
844.43616 281.852
848.42499 365.702
851.47113 643.325
851.97351 558.134
852.47845 488.063
863.43622 409.277
864.44629 307.961
865.44092 1708.78
866.44452 2089.4
867.44385 632.737
869.46729 364.678
872.46649 743.026
873.47333 407.003
874.47797 459.514
885.98785 261.303
886.49200 421.214
891.50525 7676.72
892.50916 3740.82
893.51495 973.804
903.48669 505.673
906.38513 864.48
923.43610 1206.02
924.42505 1350.7
925.41418 614.72
934.98743 275.713
938.53644 1150.14
939.53143 588.911
941.44611 15953.6
942.44885 8146.73
943.45349 2871.05
944.45697 807.685
955.44427 415.65
959.45703 2017.96
960.45734 899.765
961.45776 332.881
970.57410 346.766
971.53406 1221.64
972.54053 654.508
973.56171 520.13
974.57690 750.274
975.59192 279.063
976.52185 412.54
977.52209 337.326
988.55585 25110
989.55963 12891.6
990.56354 4061.56
991.56647 834.577
1021.40851 1326.9
1022.40717 961.038
1026.53601 1790.64
1027.53687 716.523
1028.54456 304.451
1036.51270 443.898
1037.50781 427.808
1039.42346 13519.9
1040.42542 6701.76
1041.42834 2378.55
1042.43286 399.231
1050.54639 397.568
1051.49341 764.48
1051.66907 383.137
1052.50952 1616.44
1053.50952 527.752
1054.53003 7272.29
1055.53101 4254.6
1056.53406 1412.28
1057.54358 352.601
1072.53479 1147.05
1073.55530 533.034
1074.54810 352.49
1087.67542 431.748
1101.65027 597.502
1102.64905 375.385
1107.49463 310.472
1124.51196 1657.49
1125.51025 927.595
1134.49951 433.32
1139.56506 369.959
1152.50574 5391.57
1153.50830 2762.47
1154.51563 803.616
1155.49854 310.714
1167.60388 490.262
1168.61218 512.81
1169.59473 340.619
1198.68677 289.156
1216.67249 653.975
1217.67566 436.834
1279.69006 294.754
1280.67236 368.681
1303.69543 861.064
1304.69727 641.577
