2521.16372 4
110.07100 9460.67
129.10194 12016.4
130.06487 25209.2
130.08604 5614.4
131.06813 2214.88
131.08128 1441.15
132.08049 11603.4
136.07547 40824.5
137.07921 2772.68
139.04988 2133.75
147.11256 14890.7
153.06560 3618.98
157.06056 12874.6
159.07596 5340.53
159.09138 10301.5
170.05977 3278.47
175.11842 1392.88
181.06038 2468.67
183.14896 3871.95
185.16463 2779.63
187.08621 11315.9
193.09682 18510.2
194.10051 1455.76
200.13890 3617.21
210.08871 1863.81
211.14369 2159.68
213.16026 1607.08
218.14955 21900.4
219.15311 1544.23
221.09193 6683.39
225.09804 6083.97
243.13402 1412.14
252.10945 2497.36
253.09711 2663.02
270.12320 58989.9
271.12656 7891.55
280.10730 10785.7
281.11096 1660.45
282.18134 2934.01
288.13467 17495
289.13855 2540.07
292.12823 3806.28
296.13290 2253.35
298.11789 31780.6
299.12140 4876.33
300.18857 1310.36
316.12860 2362.67
324.14603 1534.64
327.14474 2764.42
355.13983 8736.57
386.21997 2276.09
410.17700 3385.35
415.68057 1699.51
428.28610 21013.9
429.28885 4697.49
459.19943 1496.09
485.77048 13579.4
486.27106 6959.95
488.22556 2945
490.20639 8992.24
491.21024 2915.86
498.20776 2410.78
502.24176 2445.27
502.57657 1829.35
511.72232 1889.38
516.21924 3390.71
518.20154 3849.91
525.72180 5438.1
526.21735 2508.27
534.89697 8228.99
535.22992 7311.84
535.56799 2118.6
535.90228 1384.2
538.26392 1716.46
539.23816 1388.62
539.57068 2319.96
543.25372 1616.22
552.26886 1961.93
554.28491 1581.88
563.24408 2153.88
570.29572 2013.43
577.25299 1873.11
578.80994 9310.9
579.31195 6342.31
579.81244 2500.21
584.25909 1782.24
584.59290 2051.44
590.27332 2387.52
590.52460 1591.1
591.34912 6406.11
592.34821 1974.9
593.59241 3079.16
593.92822 2609.43
594.27301 1411.12
594.52832 5856.58
594.77972 7061.24
595.02997 7976.57
595.28607 3285.4
598.30316 1660.33
600.91272 2287.48
604.29413 3610.93
604.62524 2440.97
604.76385 3134.55
605.26581 1842.9
606.24750 1440.61
609.96747 21799.6
610.30261 23411.9
610.63580 11246.2
610.96881 2868.11
618.76031 3513.37
619.26086 3154.68
619.76331 2105.55
621.62604 1829.22
621.81531 1562.39
626.28015 2328.91
627.29895 1918.97
629.81586 1817.85
630.24091 3506.2
630.31177 1746.4
630.38641 1439.58
631.27765 1993.46
631.36176 5028.9
631.62518 1908.1
631.85895 2660.23
632.00885 11274.8
632.27240 2385.5
632.35742 4689.71
632.78076 1773.5
632.97992 1776.22
633.31207 3888.95
633.63654 2941.67
638.97925 20057.7
639.31238 26291.8
639.64594 14874
639.97668 4974.47
641.77100 3611.51
642.26855 2568.06
647.34131 8546.77
647.84265 5010.06
650.97968 1824.15
651.31451 2265.17
656.65442 5536.77
656.98499 10683.7
657.31989 9668.94
657.65601 4685.64
657.98346 2432.72
662.65735 51202.1
662.99139 62179.9
663.32507 37900.4
663.65826 13721.9
663.98920 3906.58
673.29419 3319.02
673.79376 2803.73
674.29901 2006.88
687.28888 7372.7
687.78961 2966.39
688.29236 2054.01
693.29718 1627.72
698.31287 3340.69
698.81030 3330.63
700.80438 2501.2
701.30811 1729.01
704.43195 7647.07
705.43451 3139.28
711.34198 3726.27
711.67438 2869.46
717.01202 18981.8
717.34491 18489.5
717.68036 14533.5
718.01563 5029.26
724.33771 1746.6
724.67438 1921.06
725.01373 2001.48
729.33124 1494.99
730.01660 6968.98
730.34625 14482.1
730.67993 14349.4
731.01508 10240.6
731.34369 3272.26
736.01880 100443
736.35260 127990
736.68616 82473.5
737.01965 36085
737.35034 9552.89
744.32922 3566.1
744.81799 2739.42
751.81006 7596.32
752.31104 8053.32
752.85718 9839.46
753.35803 8265.15
753.85449 4445.96
760.38678 6094.99
760.89105 4718.27
761.38800 1916.44
766.34509 1934.1
771.43384 3089.19
779.84204 8786.34
780.34283 8771.56
780.84497 4571.67
786.36737 2063.14
786.71014 2266.87
788.89844 15620.1
789.39844 16562
789.90320 7049.4
790.40485 3027.08
792.37262 2425.98
793.34625 1864.5
794.35846 3447.6
794.85840 1892.04
798.04529 2269.12
798.37860 4631.86
798.71350 3724.39
799.05225 1536.95
801.84467 7056.09
802.34448 7485.35
802.83997 3845.56
808.35455 8820.44
808.85376 8340.32
809.35773 3488.78
817.90997 4957.26
818.39978 1648.73
828.37805 2303.04
828.88544 2348.6
830.35504 2663.49
830.92456 4007.39
831.43268 4673.87
831.92255 2217.21
833.47626 12899.8
834.48199 6005.91
835.84003 1697.82
837.41101 5507.92
837.90570 3996.67
838.40790 1509.6
845.91858 25888.2
846.41943 24999.9
846.91998 12303.6
847.42627 4400.83
861.37164 2421.2
861.87451 2590.91
875.89093 4449.14
876.38196 3374.43
876.88239 1842.57
881.37579 3586.88
884.91467 3236.22
885.41022 3347.5
885.91516 2022.03
889.88501 20715.6
890.38531 19950.2
890.88507 9080.66
891.38269 2977.58
900.36652 3249.82
900.86493 1884.08
905.93408 1576.28
913.38019 3536.07
914.45557 6141.54
914.94885 8439.14
915.45642 3316.68
915.95868 2003.93
920.43445 1691.04
920.92297 1814.14
938.40814 3341.82
938.91602 3762.98
939.41418 2140.4
956.90692 3050.22
957.41919 1946.73
957.96283 6719.4
958.46765 7632.54
958.96747 4514.48
959.45850 1867.1
966.41968 1686.24
970.53394 15431.5
971.53577 8055.37
972.55200 1872.99
985.97131 1796.17
986.44464 1558.07
993.49347 4795.09
993.98322 8002.1
994.48785 3648.07
994.96173 5696.9
995.45636 7929.37
995.95221 4546.43
1022.45978 1652.72
1030.47424 3168.4
1030.97046 4511.63
1031.47400 3233.25
1038.44263 1766.43
1038.93640 1690.79
1039.45996 1619
1050.39026 2695.97
1050.56555 3232.43
1051.43494 2454.09
1149.49976 2032.6
1156.61157 3575.76
1157.60999 2098.36
1236.51733 2535.93
1237.52539 2411.39
1263.54321 2036.55
1264.56360 2449.49
