1600.85318 3
110.07101 1725.49
120.08054 2385.12
129.06633 371.456
129.10210 7580.98
130.05013 265.753
130.06465 421.492
130.08614 1322.29
130.10532 379.558
133.08559 654.581
136.06163 3461.96
136.07547 3454.56
137.07948 232.29
141.10205 2713.88
142.10609 205.431
143.08127 497.252
143.11787 370.821
147.11266 2652.46
155.08197 222.903
157.13336 350.423
159.09146 897.305
167.08183 241.034
169.09694 1814.88
169.13338 219.349
171.07611 747.504
171.11275 503.337
173.09169 436.445
173.12819 440.473
175.11870 2333.21
176.12187 226.172
177.11142 274.637
183.14859 410.738
184.10794 277.51
184.16905 458.993
185.09195 532.868
185.16437 1071.15
187.10715 239.264
187.14386 653.697
188.10263 1371.52
193.09756 278.462
197.12854 1003.35
199.07028 233.054
201.08725 284.905
201.12308 510.304
210.02560 351.68
211.14355 315.421
212.10278 1999.43
213.08681 2429.08
213.15955 370.172
215.10356 233.22
215.13876 1991.62
216.09760 1388.77
221.09128 772.472
221.12656 251.838
225.12238 599.598
231.11247 211.012
231.14815 330.858
233.12971 229.287
240.13353 527.153
242.15051 443.268
243.13373 2556.38
244.13885 253.755
249.12277 382.157
251.15015 240.538
257.19675 433.996
258.14380 227.024
258.17932 298.945
262.68674 309.01
269.12521 245.512
273.11740 251.952
274.18588 309.433
275.20740 2728.27
276.17072 3640.09
276.20886 237.804
276.68375 221.384
277.11728 358.041
277.17236 569.168
283.13974 413.72
284.15961 419.635
285.15582 373.711
290.14502 351.147
294.18033 644.647
295.13950 740.904
296.12463 368.465
311.17072 526.797
312.15414 1970.24
313.15024 3153.44
314.12979 378.462
314.15775 345.761
332.70483 818.105
334.17542 769.167
339.16431 337.86
343.23373 446.591
353.21524 219.424
354.16391 595.221
356.19092 516.955
366.17587 561.706
369.19623 264.417
372.17535 1332.69
383.19308 542.218
384.18781 2207.19
385.19000 237.863
387.20346 346.478
388.22134 1490.52
388.72229 617.984
389.21335 948.311
390.19833 394.944
395.19904 224.155
397.17041 220.158
402.28159 442.114
405.21143 702.061
406.20703 348.795
410.16595 222.387
413.20334 416.305
422.27554 3980.71
423.27579 1001
425.23782 688.616
429.19370 303.776
429.99384 857.71
430.49771 793.434
435.75980 320.38
436.26334 241.952
438.23520 367.29
445.97949 481.565
453.28406 289.34
453.76672 1095.95
454.26697 410.252
477.77322 1063.21
478.27588 438.512
481.28448 336.748
485.26151 459.307
486.30939 246.26
496.27304 289.158
499.74734 328.59
500.25040 249.893
501.22650 237.674
502.29938 2341.9
503.30090 823.044
504.60324 354.834
504.93579 435.565
507.21805 915.765
508.20605 300.587
509.23965 244.732
510.60889 468.025
510.94601 634.45
511.28275 232.399
519.23962 387.18
522.30627 529.134
525.22980 2939.51
525.79016 251.475
526.23309 724.661
533.30676 12880.2
533.62366 911.022
533.95520 413.993
534.21307 545.772
534.31122 5804.78
535.21307 239.311
535.31946 784.585
551.31805 5151.09
552.31750 2267.71
553.32062 281.783
554.27930 822.565
559.25500 443.878
560.81476 251.688
563.33026 252.872
578.25061 639.204
579.23096 284.169
580.27332 257.605
593.34125 1472.48
596.26276 4297.5
597.26477 1105.58
600.33936 382.299
601.36755 1608.91
602.36792 404.126
606.28827 1915.96
607.27692 809.479
608.27161 276.22
609.34174 3860.57
609.84198 1939.87
610.34497 990.521
616.33051 578.202
621.33557 436.232
624.29730 3410.79
625.30017 1016.34
637.41217 234.204
647.33850 494.362
649.33038 280.18
650.32159 318.355
650.86090 253.782
655.33313 259.892
656.35901 1213.55
659.86572 1087.08
660.36682 598.954
660.87311 263.963
664.40118 7439.01
665.40741 2387.64
666.42004 313.687
667.33850 1373.48
668.34216 663.262
672.40448 1732.88
673.40833 375.07
676.41455 399.847
677.32404 2455.8
678.31677 1394.95
679.31287 407.889
691.34363 262.989
695.33435 4367.24
696.33813 1724.49
697.33734 245.484
707.88214 530.064
708.38354 677.341
708.87994 289.3
709.38422 556.548
710.38556 361.484
715.37720 596.872
717.39783 260.381
719.36938 417.016
723.92633 312.73
724.93109 1309.56
735.41406 2947.37
736.41528 560.047
737.38293 623.361
738.38098 272.138
755.89423 677.157
765.41187 268.468
775.43445 2722.65
776.43671 1106.26
777.44623 241.455
783.44086 268.458
790.40253 369.666
791.40552 461.493
793.44397 9348.1
794.44684 4071.71
795.44946 831.302
796.39636 388.992
800.46088 482.726
808.41852 846.725
809.42499 324.781
848.39673 333.334
848.52460 270.916
849.40515 360.15
857.48169 850.274
858.49146 337.863
866.42468 499.458
870.50562 331.383
905.52094 1166.02
906.52716 4662.31
907.53192 2095.98
908.54022 432.083
920.46204 248.509
930.46381 384.003
937.45410 600.831
938.46710 293.144
943.49353 261.666
954.54327 245.041
955.55365 290.782
1005.59930 1197.83
1006.60315 712.569
1089.57007 234.88
1117.48877 267.086
1120.62939 1140.65
1121.62524 703.963
1217.67664 2663.34
1218.67773 1802.28
1219.68286 713.732
