1217.65752 2
110.07095 4356.64
111.07401 289.971
112.08651 686.745
115.08634 591.316
116.07063 299.152
120.08050 2286.12
127.08620 306.515
129.06604 445.894
129.10199 6420.77
130.04984 324.815
130.06473 470.322
130.08603 2014.75
130.10478 393.74
131.08125 740.196
133.08557 229.064
136.06154 1623.81
136.07538 2657.8
139.08604 416.009
141.06572 864.084
141.10185 394.56
143.11766 790.295
147.11250 4421.74
152.10680 646.485
155.08127 612.546
155.11766 468.038
157.06041 262.847
157.09703 1191.09
158.09206 1338.51
159.07608 1908.27
159.09096 812.366
167.08157 1208.48
169.06079 269.242
169.09764 326.899
169.13319 835.059
170.11708 448.709
171.11189 503.45
172.07101 684.313
173.09236 259.861
173.12790 914.556
175.11859 4550.54
176.12320 338.873
180.10226 260.258
181.09703 334.403
183.11246 1320.8
183.14917 600.817
185.09180 905.125
185.12828 248.867
185.16457 318.591
186.08701 705.667
187.07088 322.093
187.14362 1564.37
195.07605 1012.49
195.11261 302.282
196.10785 269.76
197.12796 2176.47
198.08719 242.378
199.07245 277.984
199.10788 400.747
199.18010 771.414
201.08746 340.957
201.12294 2692.23
203.10260 397.712
207.08812 252.249
207.11311 284.902
209.09096 395.464
210.02454 265.166
211.10641 588.252
211.14302 239.776
212.10327 367.297
212.13715 310.543
213.08661 2314.33
213.12093 265.464
215.13849 25078.2
216.14244 2085.89
217.08304 403.7
223.15498 278.794
224.10080 254.146
225.12260 336.05
226.08092 291.866
226.11832 1482.1
226.15277 277.238
227.10097 540.662
227.13609 273.527
227.17461 440.943
229.11742 1025.58
231.09717 2684.53
232.10010 295.91
235.12091 278.901
240.13351 1449.68
241.08156 638.045
242.11278 487.041
243.13338 16498.8
244.09187 313.751
244.13924 1342.41
244.16475 509.355
245.07503 337.868
245.11195 457.012
251.15024 523.43
254.14816 455.636
255.14413 715.353
258.14444 1372.19
259.09201 724.977
262.13895 6627.57
263.14261 465.539
264.06229 246.324
270.10760 2117.57
272.17441 421.991
280.16467 821.772
284.12329 243.675
284.65097 318.056
285.00830 394.246
288.11819 1206.92
288.20218 413.194
290.14291 246.863
296.12454 419.584
296.19669 360.202
297.15561 263.339
298.13965 265.961
298.17505 401.707
308.15781 460.968
312.04633 255.954
312.15308 256.071
313.18680 272.531
314.13403 1819.28
323.17130 360.317
324.15512 263.77
325.15063 255.595
326.17007 1798
327.12933 337.98
328.22156 243.373
332.14420 1203.54
341.18100 823.081
342.20178 424.125
343.15900 482.044
344.18069 906.876
345.14078 476.662
351.16595 1082.76
353.14453 1155.43
355.06949 471.558
355.19623 363.36
356.19131 604.298
357.21417 342.834
365.18478 246.809
367.68652 248.136
368.20224 251.488
369.17609 1945.84
370.17963 249.382
371.15509 5905.46
371.22202 331.63
372.15689 757.515
373.21933 480.451
375.22302 6728.16
376.22656 1150.91
383.19302 304.051
387.18619 957.293
388.18475 259.842
389.16580 3382.2
390.16705 523.05
399.22110 392.363
425.19785 332.126
426.20142 317.034
427.21832 911.515
429.73093 884.063
430.23273 584.246
432.25455 264.465
436.25464 338.178
438.23254 413.678
439.21573 540.973
440.21591 418.824
442.22650 455.618
443.25116 407.59
445.22763 622.572
452.21167 1447.77
454.26663 302.153
455.25009 325.146
456.24591 1081.02
457.21860 451.128
460.24075 294.233
466.22919 1641.71
467.23422 283.723
470.22333 3310.9
471.22537 678.197
472.28607 398.999
474.25391 1338.51
480.20697 488.617
482.26111 379.209
484.23914 4944.93
485.24072 1099.53
488.23712 1040.72
488.30655 2382.91
489.30884 443.685
498.21481 419.304
500.26944 396.537
502.24982 1555.13
503.25162 260.907
537.30042 277.766
538.28693 606.395
539.28381 459.538
542.97278 295.287
555.31628 749.238
556.29773 456.501
563.24457 493.512
565.29657 1346.46
569.33350 339.717
573.32446 618.737
579.31464 396.298
581.25665 1138.42
583.30164 2173.96
583.37439 582.942
584.30908 537.861
589.35370 3020.4
590.35742 894.254
597.32312 1167.99
599.26483 838.632
601.31458 562.717
602.31549 280.768
609.31061 305.484
609.39130 277.823
649.29724 382.802
651.36017 878.137
652.36255 426.076
663.35791 308.846
671.88092 295.218
694.33557 619.781
696.39990 360.711
697.40149 593.352
700.39081 584.295
711.35791 610.304
712.34918 750.715
713.35254 337.222
718.39917 1269.99
719.40271 415.664
730.35596 267.555
749.42828 819.523
750.43109 391.025
767.43945 796.314
778.33203 453.772
799.44452 632.017
819.45111 1196.48
820.45575 430.947
825.43903 339.726
858.44843 1080.33
859.45319 508.184
876.46545 3932.31
877.46783 1771.07
878.47131 283.682
957.52252 420.54
975.53430 1710.49
976.53424 857.245
977.54706 357.478
1103.49341 292.383
1104.58325 287.418
