1956.69413 3
110.07114 907.071
112.08707 277.741
114.05494 189.84
115.08638 209.667
118.03204 208.921
129.06598 245.64
129.10228 2068.46
130.04991 413.845
130.08615 315.213
136.06183 2477.2
136.07571 307.371
141.06589 3668.24
142.04988 563.002
142.06926 233.753
147.11290 628.932
157.06067 265.326
157.10870 221.534
158.09268 265.987
159.07646 23976.1
160.07993 1486.47
167.08170 294.572
169.06061 519.354
171.07536 187.434
175.11903 5605.54
176.12312 329.017
181.06082 1124.37
185.05565 1243.61
187.07140 14533.5
188.07506 979.994
195.07658 576.918
197.05557 236.677
199.07166 1307.79
200.05542 197.521
201.12311 268.076
210.02641 222.203
212.10294 921.837
213.08705 924.206
215.14024 206.018
217.08188 5642.46
225.10013 222.81
226.15538 390.466
227.06638 1032.24
227.10371 312.188
228.09753 397.613
230.11339 1531.51
231.09775 1049.03
234.14513 196.655
240.09856 221.115
240.13388 470.034
241.08183 2093.99
242.07475 216.946
244.16516 284.391
245.07693 9248.15
246.08003 688.6
251.15031 217.835
252.06323 466.67
258.10852 335.595
258.14502 265.435
259.09241 1351.55
264.06323 629.653
267.06079 662.276
268.09213 205.707
270.10693 198.311
272.17029 379.691
277.65558 1037.68
278.15771 237.413
284.08774 1261.59
284.12283 291.569
286.15103 238.085
296.08734 758.929
298.10379 287.389
300.08246 1852
301.08517 218.705
302.09821 7210.74
303.10138 853.502
304.16153 4659.42
305.16428 554.308
310.10300 444.303
312.04913 886.569
314.09814 1367.08
316.11328 562.131
318.15012 488.979
321.17166 761.279
321.67422 190.162
326.09897 322.047
328.11441 382.275
330.05951 877.95
337.18747 484.943
338.09885 491.262
339.07758 230.347
339.12909 920.153
340.12885 226.449
342.09421 405.013
344.10822 496.839
356.10867 1523.21
357.11523 214.681
365.10971 620.71
367.12680 227.114
368.11179 253.154
371.69553 1749.76
372.19580 505.198
374.11957 1581.91
375.12396 310.111
383.11996 426.89
386.12091 312.651
395.12299 206.327
398.11346 679.428
399.23416 196.313
401.13037 393.583
403.14529 566.751
405.69620 697.62
409.16531 334.49
411.11441 2338.13
412.11642 456.602
413.13126 597.638
417.24548 6502.5
418.24753 1246.82
425.12985 301.981
427.14542 209.874
427.21094 1381.96
427.71353 621.424
428.03586 260.379
429.12534 1987.32
430.12964 319.227
431.14087 1149.34
432.14594 205.381
433.85184 769.226
434.18506 335.123
434.51974 219.796
436.21732 1298.74
436.71762 638.406
437.21664 312.994
443.14041 467.472
451.02747 227.894
453.12604 434.398
455.14337 211.347
462.24112 384.095
464.85907 280.005
465.19376 353.969
467.22855 231.473
470.86505 291.556
471.13541 465.001
471.19617 332.628
476.13858 240.014
482.72784 940.002
483.23071 344.498
489.14780 382.612
491.73309 3510.14
492.23441 1645.13
492.73444 511.772
494.14832 397.166
500.73856 2595.98
501.24048 1332.58
501.74063 438.88
506.19104 513.051
507.87503 357.346
508.20825 393.843
508.53983 249.76
512.16071 513.252
513.87866 597.984
514.21539 630.72
514.53656 235.077
519.75061 206.132
520.25830 212.487
520.87244 277.896
522.14679 1155.39
523.15106 232.232
524.20197 331.202
526.53943 589.822
526.87122 472.195
527.09851 314.273
530.17462 282.697
534.56506 334.46
534.91016 207.698
540.15753 3134.67
540.54352 406.836
540.73566 219.482
541.15765 738.985
542.16736 305.974
546.21753 556.465
546.55017 662.271
546.88324 279.009
547.25580 206.979
549.24762 477.754
554.30353 6607.21
555.30768 2074.76
556.31024 362.138
558.16888 1595.72
558.24890 1458.12
558.75287 865.291
559.16663 378.017
559.26062 233.011
560.18378 361.779
561.32635 326.851
567.22357 558.925
567.55853 426.471
578.87396 504.356
579.20721 534.629
579.55286 327.884
583.75830 1512.67
584.25861 772.454
584.76056 463.972
586.98035 337.444
587.31622 318.702
588.63422 924.784
588.96698 565.824
592.76202 6858.01
593.26270 3762.02
593.76599 1447.07
594.26331 289.27
594.63776 241.158
595.79517 259.075
597.75287 511.315
598.25171 338.273
601.76587 234.473
603.34552 624.321
603.79230 4303.93
604.29034 2455.32
604.36951 262.454
604.79590 738.148
605.30219 220.768
606.76007 1297.32
607.25989 813.944
607.76093 267.384
614.59271 269.572
619.63843 287.217
619.97241 277.147
620.63635 304.338
621.29761 412.219
623.19055 316.103
623.32867 500.782
623.75140 237.153
624.32465 260.354
627.27136 552.554
627.77094 213.855
632.26361 587.557
632.76215 723.856
633.24713 445.969
637.17877 400.919
641.33679 9650.06
641.76624 2562.4
642.33728 2944.84
642.75983 408.349
643.34283 667.934
650.27563 14959.7
650.77637 9087.65
651.27570 3762.36
651.77698 1144.52
652.26703 791.386
652.75165 291.382
653.28577 1054.46
653.36877 272.149
653.82867 542.237
654.26691 320.432
654.34247 216.562
655.26709 1255.95
659.21014 372.204
660.32050 254.454
669.19897 1309.55
670.20819 382.654
673.18835 417.993
673.32831 579.881
683.67664 274.253
687.21063 530.513
687.78076 688.336
688.29041 617.593
688.55719 839.176
688.78864 309.825
696.78674 2045.18
697.28723 1535.45
697.78613 625.777
699.26544 757.076
699.75946 326.036
705.79230 8279.3
706.29211 6497.3
706.56818 292.102
706.79401 2900.12
707.28693 608.341
714.79608 4885.74
715.29822 3047.43
715.80005 1410.05
716.29810 459.791
719.78961 351.6
724.37872 760.469
725.36395 499.584
726.36963 274.203
736.32495 222.953
742.38428 12220.8
743.38629 4555.54
743.80267 223.1
744.39160 1086.83
745.77362 526.131
746.26855 316.322
752.30786 424.326
752.80786 585.669
753.31396 310.163
754.77942 2264.32
755.28052 1512.69
755.77948 647.45
761.30719 3016.99
761.80823 1905.26
762.30560 1005.48
762.81622 349.812
763.79071 303.025
764.28186 262.79
766.22034 252.854
770.31433 5404.57
770.81360 4387.51
771.31580 2107.3
771.81451 583.262
775.30884 353.283
779.31598 2006.92
779.81946 1419.6
780.31848 523.069
784.31036 763.286
784.80859 427.692
785.31000 240.3
787.81787 366.351
788.32861 316.268
788.81232 284.337
790.41199 247.656
796.82703 766.266
797.31702 838.507
797.82727 500.752
798.22736 334.473
801.34991 745.019
801.84698 614.205
802.23486 326.361
802.32159 252.347
806.35358 254.003
808.34064 241.733
809.81378 304.544
810.29199 634.939
810.40308 562.969
810.80457 564.214
811.40063 227.825
818.82056 953.587
819.31091 1730.47
819.80627 1150.54
820.29620 389.681
820.81885 228.911
827.82672 2036.55
828.32471 1606.7
828.82184 936.026
829.32086 380.104
836.83203 3796.92
837.33350 3096.1
837.83258 1378.63
838.33704 232.11
846.32819 250.117
853.41815 1503.67
854.41449 745.955
855.31323 252.805
855.42090 249.801
868.32141 271.457
871.42633 8748.44
872.43024 3841.76
873.43378 1165.78
874.43707 291.657
876.81750 284.584
877.33685 574.087
877.83582 415.503
881.41479 273.556
883.30347 301.05
885.81964 868.759
886.31708 576.852
886.81647 386.953
931.27881 236.282
937.39471 318.874
965.44611 211.392
976.32855 239.987
982.45691 1713.28
983.45587 836.943
994.33673 355.928
1000.46796 4377.26
1001.47253 2173.06
1002.47632 752.844
1097.50110 256.204
1098.48804 231.48
1107.42432 250.771
1115.49683 1820.98
1116.50061 987.093
1117.50635 372.852
1125.43250 606.713
1126.43225 323.946
1166.51587 302.404
1167.49512 211.265
1184.51758 1647.16
1185.51929 1152.09
1186.52625 458.884
1236.46216 408.908
1254.47839 269.884
1255.49097 259.584
1281.53577 429.652
1282.51355 669.807
1283.51953 376.085
1299.54443 3152.22
1300.54810 2092.95
1301.54504 733.308
1302.54761 277.343
1410.57556 545.588
1411.57617 383.675
1428.58679 638.291
1429.58936 520.975
