1887.92327 2
110.07110 2550.11
112.08668 602.335
113.07151 204.012
115.08658 340.88
116.07040 477.576
120.08059 4904.09
121.08380 334.012
126.05429 227.61
127.05035 189.988
129.06592 342.6
129.10211 1720.34
130.06490 610.549
130.08614 337.845
130.09770 206.036
132.08240 189.031
133.06053 208.708
136.06178 358.337
136.07559 3867.26
137.07814 282.676
141.06587 225.242
141.10214 403.996
143.11786 236.977
145.05994 276.339
147.11288 776.4
155.08134 460.537
157.06114 211.541
157.09802 470.92
157.10730 258.274
157.13330 6036.32
158.09198 994.385
158.13696 371.607
159.07608 509.105
159.09143 3157.79
160.09470 345.403
167.08148 392.111
169.09702 478.277
169.13354 353.656
171.07626 223.626
171.11293 515.792
173.12814 342.799
175.11876 7374.46
176.12297 329.759
181.09695 473.106
183.11261 719.486
183.14885 433.276
184.07208 241.18
185.09184 593.289
185.12820 6181.42
186.08665 338.03
186.13251 449.641
187.07094 666.191
189.10054 294.175
193.09644 267.501
195.07690 291.817
195.11284 345.835
197.12833 608.693
198.08661 351.998
199.07059 247.097
199.10713 364.736
200.10130 268.069
200.13930 236.953
201.12323 908.685
202.08257 391.55
207.11258 4923.71
208.11691 657.01
210.02515 849.939
211.11926 217.1
211.14293 368.595
211.18056 588.86
212.10173 351.044
213.08633 445.865
213.15849 249.177
215.13940 321.517
216.09792 361.162
217.08372 354.078
219.11151 353.416
219.14899 1524.54
223.15547 345.012
224.10213 212.154
225.09816 909.05
226.08238 426.326
226.11794 838.38
226.15379 228.152
227.06737 223.505
227.10083 364.873
227.13721 274.8
228.13171 287.439
229.11665 244.447
230.11206 224.995
231.10886 195.583
235.10713 4138.51
236.11147 447.35
237.13557 218.323
238.11935 191.641
239.15038 397.491
239.17482 356.874
240.13333 395.725
241.07922 236.832
242.11339 284.203
242.14684 320.217
243.10838 721.047
244.09261 650.534
244.12874 324.219
244.16489 469.212
245.07747 302.424
247.10753 652.656
247.14330 449.657
249.12363 623.979
249.15973 566.813
251.10156 227.933
251.15048 205.844
252.09596 204.519
254.10959 197.112
254.14958 6135.42
255.15338 787.864
256.12839 363.719
258.10718 732.198
258.14493 205.409
259.17947 373.033
261.12244 263.276
261.15961 334.335
265.11786 1380.49
266.12177 221.959
266.14792 237.579
267.10852 205.526
269.12448 621.196
270.14447 257.33
272.08566 240.906
272.15970 3825.59
273.16290 749.465
274.11853 238.228
274.18848 232.842
276.13083 341.038
277.11719 845.405
277.15259 484.384
283.14276 359.122
284.15939 349.531
285.08722 278.249
287.13412 696.037
287.17505 382.653
288.13535 276.021
288.20303 282.869
289.15524 239.362
292.12790 372.749
293.11267 458.191
295.14084 227.675
297.11838 230.473
297.15656 198.014
298.13831 227.246
302.11505 338.618
304.16138 1324.5
305.16049 232.057
306.14267 254.252
311.17145 256.731
312.13065 201.275
313.11310 300.002
314.14630 237.342
316.16623 566.487
324.16867 286.755
326.20749 292.821
327.13058 394.546
330.14163 427.057
330.18073 908.446
334.17590 1891.81
335.17969 368.918
340.16306 335.97
342.12817 212.301
346.17691 234.07
350.13403 1143.55
351.13516 216.351
353.21954 305.316
354.13895 392.667
356.19547 521.455
358.17618 808.48
363.19748 265.903
368.15726 217.354
369.14154 368.21
370.13632 323.835
373.22101 1306.77
375.19415 222.633
376.18747 235.435
380.19427 215.538
387.16501 481.815
387.27206 243.781
391.22998 643.518
393.17505 280.76
396.14468 234.023
401.21753 1857.25
402.21848 242.105
405.21384 901.54
406.13699 271.8
413.17612 212.697
414.70844 204.391
415.19183 202.664
416.19394 528.302
419.23019 348.686
421.17139 651.971
423.15723 257.385
423.71201 391.631
424.14554 330.541
426.20786 685.835
428.06552 226.584
429.18500 315.272
434.20255 1794.08
435.20050 371.861
441.17114 314.541
446.27127 200.577
451.22998 2920.61
452.23154 661.518
458.20004 445.65
463.21494 346.52
463.69876 478.291
465.17392 262.972
472.70456 343.529
483.18076 238.909
486.23483 227.699
500.21274 228.415
532.20288 408.598
534.25879 255.765
547.28503 240.233
564.31403 1418.91
565.31757 458.115
594.33820 246.5
609.22406 292.651
622.33472 319.73
626.25360 302.857
632.23254 249.966
632.31146 222.737
644.25757 236.7
678.39301 1206.84
679.39539 461.219
692.31213 234.557
693.78625 297.251
710.35400 273.169
720.32129 306.98
727.37598 3662.92
728.38080 1526.49
729.39478 208.335
731.31061 244.704
731.38147 284.18
738.34564 286.541
752.85425 321.774
753.36322 213.474
759.39288 408.885
772.28680 251.66
773.27618 212.05
790.30963 453.9
793.42450 569.605
794.42322 314.386
840.46967 453.031
856.41974 771.655
860.42554 265.963
881.41821 254.789
881.89624 233.747
895.44702 1190.72
895.94794 1098.6
896.42841 599.917
896.91876 219.389
897.42572 242.997
904.46466 483.753
904.96326 349.36
908.45227 335.855
913.44055 4452.33
914.44208 2339.43
915.44574 548.038
944.49457 221.862
953.55609 531.862
954.54871 232.806
967.46088 248.293
984.47723 4186.51
985.48059 2202.74
986.48016 746.557
994.46509 274.46
1077.49561 255.397
1094.52686 287.613
1095.50854 1269.44
1096.51123 684.977
1097.51550 266.816
1112.53491 1773.14
1113.53503 1099.87
1114.53943 332.25
1191.54114 249.181
1192.54858 393.3
1207.56287 350.323
1208.56921 422.055
1209.56006 730.557
1210.55212 430.145
1226.57581 1529.29
1227.57910 1081.77
1228.57788 426.623
1264.73108 290.147
1265.74792 283.097
1295.59204 221.124
1296.60034 318.939
1297.59851 303.706
1313.61389 1741.25
1314.60986 1613.16
1315.61108 472.202
1336.60596 235.212
1352.62097 705.951
1353.61609 1451.1
1354.61133 804.348
1355.61450 378.504
1370.63318 7388.68
1371.63538 6061.92
1372.63599 2506.32
1373.61975 462.657
1452.68384 380.979
1453.68176 233.583
1469.70007 1803.6
1470.70276 1510.38
1471.70007 617.118
1534.71814 244.72
1616.76160 361.564
1617.77454 261.1
1686.79773 242.904
1703.79663 569.924
1704.78723 495.292
1705.82947 263.37
