2501.26128 2
110.07104 314.41
120.08038 1422.79
129.10196 1145.15
130.08601 571.313
136.07545 909.182
143.11667 237.861
147.11247 1459.67
155.08199 273.271
159.09148 360.603
169.13431 279.365
175.11859 446.512
183.11160 352.898
183.14911 302.976
185.16455 1229.06
187.14368 6591.4
188.14757 525.007
197.12776 569.52
200.13913 551.202
201.12337 1023.08
202.08200 1185.53
211.14441 312.585
213.08670 450.962
213.15938 1709.1
215.13849 12232.5
216.14229 1057.58
219.14816 234.8
223.10735 408.273
226.11786 234.704
228.13391 645.036
229.11754 420.662
231.09708 770.258
240.13361 375.63
241.07979 271.018
242.11275 411.666
242.14935 797.354
247.14372 389.991
249.12305 451.48
251.10034 421.542
257.14862 302.276
258.10794 1419.24
258.14438 995.19
259.09216 408.014
266.14941 433.711
267.12912 247.44
269.18524 713.138
270.14252 433.67
276.15421 1097.99
277.11758 675.022
280.12698 256.48
281.22244 242.19
282.18048 527.662
283.20065 292.848
284.15988 868.553
285.11932 276.967
296.19595 550.561
297.15549 1191.42
298.13806 276.865
300.18997 361.326
302.17081 371.695
308.15814 284.178
310.21170 451.609
311.16934 402.261
312.15210 310.014
314.20663 5258.07
315.16568 2064.2
315.20987 769.868
320.12457 379.816
325.18597 302.015
326.16718 387.326
329.17917 268.983
338.20837 330.061
339.16595 478.832
340.14667 461.549
342.12866 840.996
343.19742 457.478
346.17334 243.201
353.17749 336.441
356.21909 254.134
357.17569 1155.94
358.17917 281.544
360.13895 1057.48
365.21835 276.144
367.16071 565.62
371.18851 985.413
376.18674 394.502
380.19049 410.085
381.17499 730.961
382.27103 404.511
383.22830 753.504
384.18851 695.731
385.16882 380.762
391.16171 312.58
396.22095 357.786
398.20297 939.691
399.17694 297.208
400.25595 390.382
405.18076 272.407
409.19983 266.039
410.24081 291.159
414.23508 354.864
423.22324 2741.31
424.22220 529.82
425.16495 285.304
427.21976 331.49
427.29001 536.605
428.25238 589.934
431.17624 260.843
433.20892 297.664
443.17542 563.917
447.22382 361.45
454.23022 463.752
455.21341 467.676
461.18274 375.318
470.26218 344.595
472.23962 976.573
473.23306 355.073
474.19995 289.301
480.24478 698.87
486.24115 272.212
492.20676 259.906
494.25836 293.065
496.31354 401.141
497.27094 637.001
498.25873 305.917
500.19656 362.614
504.24127 287.5
511.28668 488.29
514.21478 374.33
514.32324 253.547
518.21057 391.074
522.29236 1904.58
523.29297 446.214
527.31909 576.829
538.25574 296.967
546.28741 267.991
556.26422 465.811
565.32391 296.733
571.30518 314.249
574.27502 268.688
583.21661 359.668
583.29694 312.76
593.32855 522.652
601.23151 640.064
610.35681 469.259
611.33942 454.648
619.25659 444.71
621.24933 401.09
627.30450 328.272
628.35992 296.384
633.33258 430.025
651.33374 1211.82
652.34332 456.988
696.32117 398.025
702.32422 315.96
712.31122 401.867
714.32690 653.689
715.33337 276.249
730.32776 315.652
741.44519 501.445
750.28076 253.861
761.38336 540.117
762.36859 914.431
763.37000 276.714
779.39252 1233.67
780.39539 561.836
831.36090 314.71
833.32709 436.245
851.33185 372.97
892.47791 847.226
893.47394 300.344
902.41321 282.777
989.44312 333.33
993.52905 593.796
994.52740 300.396
1122.56433 373.408
1251.59290 294.372
1252.60535 329.965
1352.64148 367.811
1353.67505 265.609
1510.71411 416.687
