1850.94219 2
110.07104 3635.12
112.08672 933.91
113.07047 400.373
115.08652 879.537
116.07043 689.143
120.08051 4535.96
127.08665 358.426
129.06575 964.937
129.10204 5221.81
130.06508 898.546
130.08560 708.158
130.09795 423.164
131.11765 7250.36
132.08029 380.109
132.12044 374.186
133.04260 746.538
136.07550 10739.5
137.07855 719.817
141.06528 488.756
141.10199 1093.86
143.11760 1345.23
147.11273 1310.41
155.08170 804.946
155.11728 329.483
157.10805 479.397
157.13382 387.898
158.09216 2570.63
159.07622 983.84
159.09135 6123.7
160.09476 636.14
166.06102 365.098
166.08577 555.928
167.08134 794.039
169.09677 432.9
169.13326 2316.05
170.06036 499.912
171.07640 536.393
171.11256 1214.2
173.12787 984.389
175.11864 11914.4
176.12294 525.405
181.06039 455.117
183.11270 867.635
183.14903 1237.84
185.09143 635.657
185.12743 540.509
185.16486 344.861
186.08661 512.365
187.07112 1209.16
187.08340 691.077
195.11227 431.966
196.14401 787.949
197.12834 2019.25
198.08702 587.041
199.07088 477.807
199.18024 682.209
200.13884 600.995
204.13762 405.153
205.09636 442.776
207.11230 536.39
208.09644 2046.07
211.10834 393.943
211.14412 1117.19
212.10289 563.468
213.08740 688.051
214.11754 436.469
214.15465 4095.84
215.10129 352.014
215.11232 332.983
215.13844 844.225
216.09735 696.362
217.08313 612.066
217.13620 3637.16
218.13924 342.232
219.11131 409.127
223.15533 610.128
224.13905 1125.41
225.12285 7059.01
227.10172 514.987
227.17462 718.412
228.13400 1136.7
229.11662 584.595
230.11218 343.988
231.09961 542.233
233.16451 432.762
234.12315 668.584
235.10559 501.615
240.09766 401.511
240.13321 831.337
241.08096 864.561
241.13297 383.983
242.14948 41526.7
243.15306 4309.86
244.09241 1697.91
245.07616 891.226
245.13100 7085.33
246.13699 609.753
246.18132 527.903
247.10963 405.94
249.15924 3824.51
250.16277 345.252
251.14973 1733.55
252.11121 404.79
254.14897 567.351
256.09174 382.437
258.10837 411.911
258.16013 1723.83
259.08954 550.913
267.11594 2967.83
268.11667 354.035
270.10565 499.903
270.14282 566.819
271.17587 1064.83
272.17627 1225.17
274.10129 583.266
275.08237 371.297
277.15369 2672.06
280.16479 912.669
282.18073 439.231
286.15631 855.924
288.13947 345.366
288.20203 781.561
292.12830 564.112
293.11026 446.185
295.11053 5149.21
296.11307 497.213
300.17160 2200.01
310.21036 1532.17
311.16965 583.689
313.11206 640.574
315.16736 479.685
320.19653 449.422
321.15503 432.629
324.22876 530.788
325.18781 428.38
327.12894 591.041
327.16595 460.018
328.19751 2812.43
329.17703 851.145
332.19403 557.542
337.22351 475.925
338.20520 945.401
339.16592 447.256
339.20831 478.121
341.21576 463.098
345.14011 557.735
345.22369 9724.47
346.11465 389.974
346.22699 1463.99
347.20432 566.023
355.14502 382.433
355.18353 588.364
355.23334 16103.7
356.16138 2308.91
356.23718 3347.31
357.17285 553.818
358.21091 1067.62
360.19125 1559.87
361.19745 607.324
363.17276 1026.87
364.23666 429.494
366.15060 401.415
369.17493 416.862
373.19089 4697.58
374.19504 933.609
384.15427 1085.99
386.11032 428.418
393.25229 415.066
396.18839 346.994
399.23962 348.185
401.18439 937.978
405.21262 2323.33
406.21509 639.931
408.19403 7707.24
409.19928 1441.58
410.27811 684.278
418.20877 487.521
423.29660 970.729
424.14224 348.252
441.25253 537.502
442.15649 933.198
443.22345 360.846
457.14798 418.056
457.24191 610.272
458.27136 403.952
460.16684 560.527
463.23480 1381.66
464.23242 355.736
469.24527 678.648
473.27597 1014.27
474.27243 1155.33
476.25809 411.098
479.22119 487.166
486.27322 1134.01
487.24747 546.639
490.25571 508.924
491.22964 865.584
493.28195 1002.52
496.25076 782.576
497.23718 1112.68
499.17804 763.35
508.25803 481.885
514.26276 1906.36
515.26160 552.21
517.19464 375.245
518.24805 1200.77
519.22424 1159.27
521.27795 1059.59
531.28955 2732.28
532.29095 679.866
536.25208 1733.64
537.25629 534.068
541.22607 389.232
562.29724 434.969
594.26691 817.381
594.33191 544.563
604.31665 728.745
610.29858 686.054
611.34991 471.102
612.26489 708.337
614.32703 646.142
615.30353 536.213
620.30688 383.727
621.34399 627.308
627.32013 389.493
630.26764 501.48
632.33252 1504.49
633.33459 795.583
645.32977 1342.2
647.33600 901.159
648.33484 366.041
649.33948 719.876
653.34235 474.336
654.32404 827.746
655.31396 408.101
671.34845 2113.47
672.33234 2702.78
673.33606 796.229
689.35559 42747.1
690.35938 13954.3
691.36108 2214.28
692.36530 433.968
723.32764 800.342
745.30933 387.21
752.37518 638.156
754.34558 462.828
781.44672 378.41
786.37408 371.443
787.36346 1841.57
788.36169 822.391
804.38354 7866.42
805.38544 3354.96
806.38232 812.733
810.39331 489.25
816.46405 447.997
858.39484 679.916
859.41345 401.773
865.37347 477.049
883.39789 610.276
885.45514 455.795
886.40289 1285.87
887.39636 729.934
903.45221 8961.89
904.45276 3682.17
905.45197 705.784
909.50305 592.444
961.50201 694.811
994.50830 428.24
1027.48816 447.908
1028.50366 384.877
1045.51331 880.997
1046.50610 553.431
1053.49329 400.332
1054.49207 820.744
1055.48511 730.508
1071.52063 1237.61
1072.50598 1257.99
1073.51404 703.113
1089.53064 19064.2
1090.53149 10597.3
1091.53345 3020.32
1092.53430 494.903
1162.56494 581.145
1163.57092 380.541
1184.60144 450.517
1185.60339 550.875
1202.61462 9285.61
1203.61816 5935.59
1204.61902 1765.16
1275.65503 486.09
1281.68689 393.607
1321.67371 377.96
1338.65442 639.998
1347.69312 380.47
1348.66199 375.913
1365.67725 6880.91
1366.67932 4855.58
1367.68384 1625.66
1368.72021 373.809
1496.71436 3302.18
1497.72180 2657.89
1498.72168 1313.35
1609.79871 2814.85
1610.80701 2272.52
1611.80542 1274.46
