2683.35953 3
110.07108 594.227
119.04908 249.048
120.08054 2018.73
129.10213 1938.96
130.06477 1126.3
130.08612 482.921
132.08067 1217.29
136.07553 10500.7
137.07874 877.673
143.11754 394.857
147.11269 1831.46
155.08131 229.578
159.09149 3755.93
160.09523 372.918
170.05981 678.113
171.11275 477.791
173.12814 222.135
175.11861 694.551
183.11234 340.005
185.09192 263.238
185.16496 398.241
186.12314 221.101
187.08617 1596.17
187.10777 335.11
191.08128 11206.3
192.08496 966.701
199.07245 219.635
199.17955 520.16
200.13861 285.796
201.12285 894.896
212.10295 489.641
213.08670 371.555
213.15991 448.638
215.10283 429.485
215.13940 383.275
216.10071 429.152
217.13342 927.059
221.09090 300.812
226.11868 233.481
226.15482 1807.18
227.10191 277.137
227.17442 583.628
228.13283 543.553
229.11780 786.986
232.14055 273.842
233.09209 339.039
234.14467 394.323
243.13318 614.881
244.09615 367.108
244.16516 11893.3
245.07742 595.627
245.12837 541.556
245.16866 1440.36
251.10167 318.421
258.10822 239.742
261.12439 290.443
267.10852 275.751
270.18002 329.886
276.13501 286.933
277.13770 502.982
285.15491 470.886
286.13852 391.413
288.13510 397.142
296.19574 894.493
298.13995 388.506
299.10233 498.958
302.15033 1082.37
305.12802 301.997
314.20523 301.747
316.12949 1120.17
319.17151 715.863
322.15454 10095.6
323.15741 1783.36
325.18607 375.733
326.13519 321.923
328.11383 279.854
330.12878 247.759
342.20462 242.27
343.16156 225.58
344.14514 652.488
350.14941 6262.18
351.15292 1180.47
357.17493 243.978
362.13519 358.115
381.21268 630.087
387.24054 360.39
389.21686 725.591
392.18008 616.525
396.12064 292.709
399.22598 553.464
405.21451 249.736
407.22861 2503.62
408.22998 599.305
414.12918 550.917
415.23480 334.601
431.15475 1028.58
432.16202 259.858
433.20898 371.558
434.20206 238.004
441.19476 240.434
444.70715 252.717
473.19162 263.372
479.18909 668.492
480.18961 276.3
480.28061 250.649
485.19855 243.04
485.27399 349.176
508.27634 2300.06
509.27893 570.556
518.29034 283.156
545.32953 574.344
554.27783 338.993
556.31580 450.448
573.34155 259.791
574.24634 284.392
594.21887 1230.97
595.22406 336.989
607.34436 1658.83
608.34705 488.468
636.33423 364.066
636.84412 254.362
644.38177 295.93
665.28937 375.716
686.84357 253.199
687.34833 389.247
692.87952 255.246
693.28564 288.599
699.84717 444.966
700.35675 524.733
715.90582 295.512
720.43066 430.917
737.35797 268.1
743.38043 504.831
743.88843 274.333
744.38245 358.134
750.92737 458.632
751.35406 1019.97
751.85791 987.217
756.41333 247.775
773.41870 528.167
781.41968 341.183
782.42706 254.802
793.90662 277.734
798.89966 307.112
799.41821 350.845
800.42456 259.962
807.47156 777.89
807.88257 768.364
808.39856 921.648
808.89832 380.645
809.41339 252.763
844.45862 598.899
845.45355 412.052
846.46326 272.207
864.44446 421.926
864.94373 331.253
865.45087 338.986
878.43469 293.416
880.99982 709.916
881.50641 734.477
882.00446 384.517
883.41595 527.712
884.41705 431.674
886.93713 277.676
887.42255 335.546
888.39978 377.554
889.41766 268.612
894.51324 717.396
895.02063 287.459
895.44348 1197.55
895.97009 337.054
896.44684 1556.07
896.59644 524.721
896.92548 451.635
897.44458 385.78
901.43610 304.324
916.45160 318.439
919.41315 301.031
920.48566 2187.08
921.48938 855.965
922.50476 270.32
931.52496 1270.95
932.02356 1632.63
932.52692 1221.71
933.02246 378.854
934.46582 471.75
935.45099 254.792
946.60028 553.873
957.45764 268.503
963.48297 707.458
984.46027 1261.2
985.45898 644.9
987.03522 332.605
996.04712 2379.64
996.54718 2831.44
997.04852 1416.15
997.55670 675.914
1025.57910 437.618
1026.59119 337.153
1029.53528 313.604
1033.56824 284.354
1041.58215 337.081
1043.52344 325.852
1045.59143 1527.21
1046.08154 1863.42
1046.58582 1285.22
1047.07666 505.198
1047.56238 272.2
1048.52710 530.404
1050.50598 341.22
1061.50818 956.84
1062.50537 446.592
1063.50769 306.335
1069.01099 258.667
1076.59973 370.166
1080.55127 344.531
1081.51526 260.099
1097.55151 317.807
1101.49500 286.345
1103.09387 2775.05
1103.59436 3857.46
1104.09436 2212.91
1104.59924 982.009
1105.08594 264.432
1142.62463 406.676
1143.61951 475.085
1144.56274 481.744
1145.57202 416.871
1146.58215 266.26
1147.61438 437.735
1148.60291 308.939
1154.55566 868.092
1155.56873 1046.21
1156.57007 451.541
1158.60327 1266.41
1159.10962 1234.63
1159.60693 998.592
1160.12085 403.055
1160.62305 309.506
1161.60376 331.627
1167.61401 5400.01
1168.11475 7153.58
1168.61536 4860.7
1169.11816 2043.66
1169.61255 613.469
1173.58447 649.752
1174.57849 389.124
1179.53296 263.699
1180.57166 274.514
1214.12073 403.6
1214.61853 254.981
1219.62524 270.614
1233.64221 286.854
1234.64063 260.111
1244.66504 3080.7
1245.66650 1978.66
1246.67468 560.452
1255.74561 313.837
1257.66309 298.463
1259.58350 414.717
1260.64771 844.858
1261.15515 1130.64
1261.66089 745.135
1262.15564 598.966
1271.66907 718.921
1272.66406 571.301
1273.69971 690.122
1274.74341 356.319
1301.61877 393.575
1302.65625 341.027
1370.77722 351.134
1372.67468 475.674
1373.70300 268.007
1381.73242 307.021
1384.74573 412.804
1388.64441 722.505
1389.62842 637.258
1398.68872 1453.55
1399.70154 1255.69
1400.69397 410.1
1483.81982 475.246
1484.83521 415.548
1485.75635 947.181
1486.76636 593.599
1487.78442 326.114
1501.68945 428.08
1502.70764 462.741
1567.87366 262.331
1584.89136 276.023
1598.85791 314.713
1599.83679 382.931
1610.68481 437.41
1611.70471 372.441
1614.79968 1243.1
1615.80078 1114.15
1616.81091 462.089
1618.87329 285.589
1699.88794 319.961
1727.89539 731.865
1728.87231 717.161
1729.88892 299.079
1747.92749 369.606
1748.92102 311.369
1798.96216 467.183
1799.95618 405.327
1826.94385 450.808
1827.97009 521.326
1828.94897 388.404
1846.98352 268.893
1848.00049 314.047
1909.97827 303.121
1927.99121 392.661
1929.00793 265.928
1934.00708 270.23
1962.02185 314.683
1963.02527 348.997
