2466.11148 3
110.07088 3956.83
116.01627 582.657
119.08112 2738.76
120.08041 5543.48
129.06560 1531.73
129.10185 3745.16
130.04945 855.77
130.08603 2031.7
133.04262 6040.98
136.07527 2240.92
147.07570 1157.95
147.11244 5196.98
159.07594 3188.46
159.09160 1009.12
166.06056 3156.14
170.04422 1135.86
171.07649 772.276
171.11230 1088.57
173.12791 560.968
175.11824 1603.75
181.05963 1177.7
185.16473 2062.21
187.07080 8664.97
187.14351 1801.33
197.12814 1096.96
199.07059 2646.61
201.12318 867.122
205.09819 733.407
213.08665 1365.84
213.15956 887.6
215.13834 2937.83
216.09718 1566.2
218.05917 867.277
225.12225 792.43
227.04793 1401.95
228.09790 2149.61
231.09708 1041.91
233.09380 987.041
240.13359 616.155
241.08098 1452.71
242.14928 763.175
243.13284 2249.99
244.07578 1232.58
249.12386 536.102
251.05174 707.2
251.15057 651.957
252.10858 2297.1
258.14398 1311.81
259.09122 1547.2
262.08469 7308.04
270.10864 806.469
272.06940 3751.64
272.15860 773.165
273.13391 3901.54
276.15356 1535.76
284.10220 4561.2
288.11856 1182.5
290.07965 8766.34
291.08337 757.007
298.10114 1153.22
300.15439 1925.21
301.12875 12018
302.13153 1375.84
310.10251 1200.57
316.11243 3700.07
317.11523 660.08
319.10660 2787.45
326.17191 857.029
328.11270 732.593
333.17572 9869.44
334.17722 1370.17
344.12466 924.284
344.17548 763.252
347.22797 599.812
350.21774 5460.81
351.22037 966.73
356.69159 884.885
363.14185 622.186
365.12314 585.018
373.11877 576.28
373.20657 1034.36
381.15143 1705.53
391.16373 747.517
394.17459 1078.18
401.11182 4389.38
402.11649 710.127
403.16476 1912.7
407.21744 544.018
412.20773 1376.42
412.71057 742.136
416.21201 1300.46
419.12320 2223.11
421.71664 687.552
429.19766 1487.58
434.22330 14394.9
435.22681 2986.5
438.17740 1257.35
445.17181 682.41
454.75998 552.836
455.21072 598.457
458.12906 660.716
462.25500 1617.89
464.26010 3849.49
465.26334 635.363
466.17294 728.903
468.74915 907.778
469.25015 614.605
474.19089 616.984
476.14035 876.533
480.15253 841.234
492.20847 604.589
494.23215 704.146
497.25912 876.053
502.19571 907.735
506.26764 1323.78
506.76181 1125.44
507.26337 781.383
514.19489 1281.71
520.20612 734.775
522.22137 581.348
528.21722 1960.07
530.15649 890.556
530.24890 567.187
532.20416 1134.06
547.25385 941.502
556.79095 725.142
561.77930 808.431
563.18689 661.478
565.26080 8346.14
565.33728 785.405
566.26257 2281.48
567.26190 619.731
570.78870 1183.44
571.29578 708.223
576.27313 800.6
581.19757 922.116
585.73010 1047.68
590.25446 1556.76
590.75067 571.992
591.30188 1440.9
593.30267 9514.64
594.30560 2686.48
599.25598 1249.85
599.75928 741.024
605.18408 827.927
611.25446 2569.99
612.26001 1060.6
615.23474 601.556
626.30255 882.475
629.26538 946.662
630.27618 647.31
635.29700 732.684
636.30359 589.8
641.30469 1802.4
643.23816 602.662
648.29919 2144.76
666.31018 21946.6
667.31415 6886.55
668.31238 2169.63
669.30029 816.134
669.81763 590.963
670.33063 589.974
673.30786 1421.11
673.80322 1353.66
704.38220 1629.56
712.37701 1653.54
713.37555 982.492
718.26630 747.845
723.34521 659.821
724.34009 3003.46
725.33813 1575.48
726.33228 628.424
732.82788 857.072
733.31824 740.494
740.37146 9668.2
741.37329 3623.19
742.34888 2822.2
743.34662 829.529
759.33282 832.055
762.32953 674.31
775.42334 922.181
777.34229 5583.98
778.34094 2309.76
780.34448 627.493
795.35236 23560.6
796.35468 8520.71
797.35553 2984.94
799.36420 962.014
805.40881 698.538
806.39172 1438.83
813.42755 952.706
814.43115 682.857
822.41351 1099.32
823.41119 17335.7
824.41040 8481.97
825.41693 1882.6
832.43835 3157.47
833.44318 651.688
837.42621 730.291
841.41779 12315.5
842.41986 5664.08
843.42273 1419.15
855.43579 985.889
872.42273 923.665
880.42737 834.398
890.42786 1780.28
891.43188 920.675
892.43909 613.633
898.42603 757.132
908.43542 21614.2
909.43903 10188.9
910.44354 3489.96
911.44666 814.046
919.47180 5168.98
920.47925 1468.56
926.51410 1072.61
927.52277 652.848
928.40900 792.879
936.49042 7626.16
937.48834 4562.42
938.49951 1559.36
954.50293 8255.13
955.50226 4977.35
956.50922 1301.9
981.39722 1141.28
986.48676 965.575
993.51636 1151.24
994.51270 1178.81
1001.44116 650.664
1002.47662 1805.03
1003.49066 797.242
1011.52411 8841.88
1012.52594 5716.5
1013.52844 1472.82
1019.46674 3955.32
1020.47400 2118.01
1021.46997 808.537
1037.47839 12232.7
1038.47925 7394.08
1039.48145 2807.27
1040.47864 732.823
1057.46509 820.073
1066.53967 3633.64
1067.54456 1447.34
1068.43872 1972.39
1069.44495 925.306
1101.51514 791.183
1112.58264 996.59
1113.57849 640.026
1117.51331 947.51
1122.54895 1089.88
1123.55188 763.862
1140.56580 8150.43
1141.56726 5388.42
1142.56897 1873.64
1143.58008 602.179
1162.46399 655.048
1167.50427 1587.1
1168.51172 783.951
1170.45752 603.504
1179.50244 1394.89
1180.49597 1782.17
1181.56946 4503.63
1182.55908 1702.29
1197.51013 12167.3
1198.51099 6677.49
1199.50647 3424.28
1200.50146 1106.33
1248.54932 704.517
1252.61731 701.603
1269.60815 5771.33
1270.61414 4178.21
1271.60242 1536.98
1281.60107 4729.96
1282.60559 2873.54
1283.59875 865.324
1308.54590 2153.5
1309.54077 1542.23
1310.54688 973.434
1326.55420 4570.23
1327.55725 3545.84
1328.58411 2678.93
1329.60754 1468.1
1330.59583 965.842
1338.62720 1237.48
1339.60828 642.569
1345.59912 12346.7
1346.60168 8598.65
1347.60767 2250.54
1385.65405 6047.82
1386.65601 2410.06
1430.58667 625.998
1455.62622 789.35
1494.61694 772.086
1512.61487 2598.17
1513.62891 1899.84
1514.61426 1104.48
1515.63342 650.853
1558.67163 1931.15
1559.66345 1156.28
