1637.70151 3
110.07100 14261.1
111.07403 622.504
112.08672 485.396
115.08638 930.149
120.08038 1206.42
124.07546 3098.29
129.10204 5338.85
130.08586 658.342
136.06163 1646.81
136.07550 3224.28
138.06613 457.942
141.10196 4552.61
147.11252 1536.34
153.06573 783.121
156.07504 426.97
158.09230 1061.46
159.11269 464.951
166.06087 673.016
167.08156 691.82
169.09720 1636.53
173.12825 1170.73
175.11867 7025.53
176.12137 457.874
179.09256 693.897
180.07645 1260.74
181.06059 2448.55
183.14851 481.484
198.08667 1798.83
201.12286 911.727
207.08723 2359
211.14346 770.932
212.13795 730.213
213.08713 465.799
215.13847 950.154
223.15506 1026.25
224.13890 2417.45
225.09792 2257.26
226.11726 1808.26
229.11714 1005.36
234.12309 898.478
240.13512 452.636
249.15886 462.977
249.67314 927.466
251.14990 5132.17
252.13388 35087.3
253.13710 4485.73
254.16069 445.182
255.14465 4971.5
256.14899 744.652
271.17590 740.968
272.17130 11893.8
273.17438 1309.51
279.03583 962.918
279.14478 721.492
280.12851 9253.41
281.13174 1126.08
288.20291 703.802
291.67502 680.273
295.14029 857.601
296.06467 713.165
297.15488 1163.12
298.13947 985.954
299.64374 485.359
305.06305 1671.06
308.65027 1226.33
315.67136 729.222
317.65750 544.082
320.17114 3942.49
321.17245 747.591
322.13409 531.283
322.64999 506.616
326.13361 917.354
329.66931 456.7
334.18732 468.685
340.19678 653.186
340.68878 1746.83
341.19061 742.358
348.19479 465.01
348.63193 812.685
349.20221 6547.42
349.70422 2730.05
350.10864 451.741
350.20483 606.764
357.15948 459.232
357.63864 4441.47
358.14047 887.16
362.18295 1441.96
364.18118 983.023
364.65991 1219
371.63669 2394.07
373.18475 631.278
375.20111 480.778
378.65710 1617.69
379.15744 478.719
380.19141 1926.34
381.17493 649.359
383.71277 2519.84
384.21326 1079.45
385.25476 5107.63
386.26019 911.211
391.66821 494.735
393.18542 519.43
397.14261 528.149
397.71530 469.447
399.20224 896.078
399.70309 466.614
400.67462 593.116
406.14627 936.274
408.18848 1437.43
409.17010 4835.64
410.17288 1076.99
412.70456 960.771
413.16763 3585.4
413.66766 1775.17
414.16733 460.857
415.15082 853.758
418.14862 919.474
419.14404 660.968
421.71021 3375.24
422.20593 1581.17
431.20285 2137.58
432.20316 765.655
434.24817 932.652
440.65829 919.988
443.24005 598.351
443.72952 3224.06
444.23230 1463.76
449.21362 2400.03
449.66302 1131.57
450.21011 631.949
452.24210 17648.3
452.74411 9810.44
453.24600 2323.4
454.27783 580.455
455.69794 618.916
456.28986 592.59
458.66733 526.768
460.57477 654.26
461.25159 975.296
461.75116 526.935
462.15543 589.638
463.90189 684.919
464.70535 835.037
466.24734 607.544
467.18591 547.458
469.25275 604.23
469.57974 1821.87
469.90945 1500.83
470.24652 1124.31
470.69861 1479.42
471.20325 593.931
472.28708 26147.3
473.28970 6718.14
473.71002 557.705
474.29230 1141.56
475.25201 15771.4
475.58481 15538.6
475.91833 7804.09
476.25079 2576.71
477.22394 579.442
481.25543 5454.78
481.58884 5030.27
481.92218 2618.59
482.26318 534.994
486.22931 721.166
489.21436 815.27
490.22360 543.985
492.22058 504.626
492.71820 2175.44
493.21652 1125.57
496.56183 498.912
497.75235 615.992
498.33914 9998.32
499.34155 1288.16
499.69122 545.397
499.78497 627.576
500.27356 2005.2
500.77478 1003.8
501.23050 7607.24
501.73199 4102.85
501.90552 1031.83
502.23596 2823.89
502.57095 1137.05
504.68594 745.087
506.16727 1835.82
507.22412 1031.48
507.91083 19997.9
508.24411 15132.9
508.57837 7220.71
508.78387 8374.29
508.90704 706.158
508.94748 740.786
509.28558 5065.91
509.78723 1938.45
510.29123 490.631
513.69019 1686.62
513.77673 807.839
513.91101 1487.49
514.23083 974.848
514.94489 1399.53
515.27917 980.563
518.79749 746.898
520.95007 643.146
521.27606 1696.28
522.25739 1007.18
522.69641 1649.38
524.17743 575.099
528.25513 524.672
529.22351 1074.66
529.72162 864.712
532.22662 934.005
535.92731 507.986
539.28870 535.64
540.56628 1175.39
540.90802 865.198
541.59589 892.471
541.93384 672.478
545.28558 2007.98
545.94574 814.941
546.27588 2254.89
546.61639 566.306
546.77539 928.456
547.25598 5076.83
547.33112 772.665
547.59900 1666.55
547.93030 608.822
548.28546 815.263
549.25806 1567
549.76050 622.322
555.29529 1346.04
555.78833 6449.11
556.29016 3703.21
556.79071 1050.43
557.77179 4129.96
558.27808 1605.15
558.78058 706.034
560.23242 797.731
560.72858 524.978
563.29211 1555.87
564.29993 17365.6
564.79907 12984.1
565.29968 5827
565.79742 1241.7
569.73291 602.603
572.23376 527.366
573.30560 12660.3
573.80682 8795.85
574.30640 2853.24
574.80872 663.141
575.81396 746.516
577.25500 1835.18
578.30695 982.402
578.80353 666.349
582.34607 529.209
583.31830 5020.2
584.32446 1461.86
591.24731 525.387
597.40912 2645.6
598.41022 505.151
600.34540 5348.7
601.34875 1475.2
604.28589 508.98
604.77472 3706.88
605.27185 1909.57
605.77600 597.147
613.28955 3573.73
613.78571 3480.3
614.28290 1353.34
617.26929 1285.28
619.24628 1393.49
620.24341 641.154
622.29480 1402.93
622.84955 2371.15
623.34778 1544.37
623.84705 847.309
628.33087 584.182
630.34625 516.687
631.32343 1223.39
632.32324 483.355
643.25739 983.663
645.29254 649.585
648.34808 2186.17
649.35095 680.595
650.86578 503.075
656.31354 881.129
657.35205 4495.98
657.85284 3369.62
658.35138 1473.25
659.31555 988.474
659.86658 1436.3
660.37854 507.339
661.26160 592.944
662.35522 2089.36
662.84424 660.961
663.37439 673.585
666.35498 619.378
666.85748 568.041
671.34863 3648.5
671.84576 2679.3
672.34259 877.553
674.32367 888.597
679.38647 1417.25
680.37543 2246.46
681.38245 832.915
685.37183 631.792
685.86749 569.261
694.37653 1630.35
694.87738 930.152
697.39819 24778
698.40167 8997.93
699.41412 1021.32
702.35864 1252.92
703.37976 1689.34
703.87921 749.447
706.33917 2306.58
706.83960 2203.44
707.34100 1216.65
710.32532 647.793
711.33728 743.46
715.27045 517.93
720.33643 1009.36
720.83228 673.165
722.29926 511.675
725.46588 2671.59
727.35120 1499.5
728.33411 3979.83
729.33801 1358.71
730.35028 1191.4
731.36139 782.657
740.31970 2488.58
746.36493 522.608
748.41028 621.981
749.39612 920.578
754.28680 502.041
766.41895 9688.94
767.42120 4105.56
768.42950 777.767
777.39166 2290.11
778.39014 1037.28
784.43103 1419.92
794.41168 2023.84
795.40167 624.664
801.42871 1204.46
812.49664 5116.74
813.50433 1144.25
825.41241 751.723
826.30579 1845.27
827.31177 975.936
839.39709 499.029
842.41095 1229.62
843.40979 753.653
846.38104 979.018
847.38007 563.682
864.39587 2647.91
865.39166 1196.43
881.50989 660.136
899.52960 5115.01
900.52936 1569.61
903.47589 3448.14
904.48578 1591.32
905.48914 773.554
910.43488 825.686
940.38702 809.979
953.44000 510.989
956.48938 512.358
1001.46124 555.227
1016.56335 609.143
1022.46649 599.136
