2727.03440 3
110.07122 503.711
112.11224 295.438
129.06609 387.328
129.10220 2765.98
130.06467 291.959
136.06197 410.907
136.07571 946.648
147.11292 572.732
155.08110 347.822
159.09166 1537.22
160.09474 262.912
167.08125 595.756
170.05972 273.47
171.11319 272.679
175.11897 3823.71
181.09706 629.758
185.11583 301.609
187.07076 500.507
199.07024 308.054
199.10721 595.019
199.17961 410.904
209.09270 275.15
210.02502 261.934
212.10301 397.523
219.07924 275.147
225.19627 1519.4
226.11830 305.347
226.15486 721.334
227.08147 391.139
227.10286 641.945
233.09540 849.391
240.09621 369.182
243.07918 413.646
244.10930 696.603
245.07681 316.993
247.07347 307.534
253.19127 741.917
257.12476 342.386
258.10797 620.065
259.09174 325.665
261.09015 2229.62
264.13452 799.207
272.17105 898.143
275.13632 260.263
280.16418 317.052
307.67184 326.771
312.05121 341.221
315.12915 320.831
317.19330 397.947
331.19586 290.665
332.13272 463.65
342.12943 1880.78
351.21353 697.974
352.19528 951.859
355.14197 580.738
362.11102 1173.81
368.15833 295.325
369.22430 20756.9
370.22763 3142.77
372.16574 1047.33
373.17172 283.168
376.11780 606.167
381.28473 364.932
386.16733 938.722
393.70844 1351.39
394.20905 830.395
401.21198 273.434
406.71396 478.455
431.19550 268.263
446.23627 1054.68
449.22534 441.214
453.15735 412.15
456.17261 298.569
458.23523 416.307
473.16696 370.19
477.26160 667.531
477.76053 645.216
484.25198 1141.82
486.15027 279.065
496.20078 296.562
497.19827 353.173
510.32751 1115.57
511.33063 290.561
514.22308 1246.44
522.74744 422.204
540.19025 510.198
542.20233 521.46
559.28497 282.527
561.26178 993.83
573.25537 553.285
580.26593 282.577
583.75018 1050.95
584.25879 608.119
589.83551 2128.13
590.33795 2088.36
590.83752 838.627
591.34497 294.73
599.26648 508.44
602.20966 1720.87
603.21155 439.835
606.80554 399.751
609.30157 308.249
610.28552 577.222
627.30975 1982.03
628.31299 612.682
653.26343 337.74
672.86920 1024.58
673.37616 1020.49
673.87616 494.083
685.85388 340.138
696.31427 509.969
696.41559 346.389
700.32623 2064.22
701.32855 474.291
703.85718 504.256
704.36212 803.978
712.28162 465.599
713.37103 371.445
713.78333 425.852
714.29376 408.948
718.12378 1042.85
718.37476 1743.24
718.62408 759.315
718.87524 310.358
720.87659 301.544
729.35895 347.065
733.24792 410.104
742.86780 438.585
750.35712 344.662
751.36823 421.576
752.36475 316.951
752.84033 612.314
753.33893 918.817
753.82080 1804.11
754.31891 1310.35
754.82837 475.358
759.35065 471.591
763.38702 370.259
766.64923 1293
766.90393 1498.25
767.15009 1263.82
767.40674 892.889
767.64819 406.414
771.15350 537.743
771.66199 349.172
780.14050 308.527
780.64563 353.51
780.89221 450.366
786.41022 2700.6
786.63293 561.245
786.88806 1102.73
787.14478 857.214
787.41071 1237.09
790.88696 662.904
791.14447 3881.26
791.39514 6044.61
791.64648 4475.42
791.89758 2312.19
792.15106 779.981
792.38043 388.586
792.69592 401.541
793.02075 673.896
793.35443 618.194
794.06250 352.055
794.41296 348.178
797.35529 330.71
798.41443 320.688
798.90735 301.651
800.27588 523.418
801.35504 812.272
801.69226 1304.41
802.02179 683.788
802.35486 433.501
802.75818 332.485
803.09015 507.857
803.34363 579.48
803.85797 666.179
807.35095 396.331
808.34753 742.688
811.39001 701.198
811.88043 862.406
812.37335 787.294
813.44623 969.772
815.35785 1523.36
815.63409 477.151
815.88208 981.955
816.14063 666.419
816.35773 780.461
818.90173 440.16
819.93408 349.036
820.43756 639.85
820.94128 582.928
825.35913 3007.08
825.49402 609.37
826.35754 1205.86
826.48920 307.351
828.94556 3292.03
829.44733 4883.99
829.94800 3561.21
830.45111 1338.91
830.95514 319.09
837.95941 404.231
838.44971 387.916
839.03278 328.008
839.38342 380.397
844.07611 297.239
844.41107 323.59
854.36243 596.878
855.45422 342.966
859.94055 417.533
860.32495 299.605
860.45856 309.673
860.84644 1019.59
860.98871 640.73
861.33868 641.792
861.47986 732.059
861.95074 749.356
862.29822 637.988
862.43250 729.092
864.39655 305.17
867.78918 534.55
868.12244 1661.57
868.45935 1941.77
868.79474 807.346
869.12805 538.039
869.94781 352.659
870.73401 367.789
871.07544 366.737
871.41980 553.696
871.77478 325.188
872.37225 5977.05
873.37421 2437.28
874.36926 427.419
876.08832 420.838
876.41364 674.029
876.74988 2189.46
877.08014 2875.42
877.41553 2344.26
877.75031 1205.74
877.93481 964.295
878.43298 1236.26
878.93811 777.567
879.43170 392.067
893.39063 483.439
900.46472 362.461
900.78174 414.078
900.92542 310.605
901.11517 433.181
901.45502 467.484
902.40411 2823.32
902.90637 2562.23
903.40466 1340.21
904.49835 515.387
908.40979 1885.76
908.74689 3386.46
909.07727 2729.43
909.41571 3291.24
909.74731 1359.89
909.97864 1188.39
910.44476 2149.35
910.94818 566.199
911.42346 592.529
915.44580 877.086
915.90417 415.627
918.43304 310.204
920.14233 306.904
923.33868 628.964
924.33466 349.561
925.39264 457.723
927.53162 318.932
928.49939 511.311
933.82782 387.157
934.15729 1732.81
934.49060 2404.23
934.82556 1339.65
935.16254 664.125
935.50739 592.57
936.50220 324.654
939.42407 402.453
943.40985 4832.33
944.41187 1890.14
945.39374 344.561
946.48816 341.96
951.51642 337.262
953.51801 572.859
954.53052 402.677
957.16632 1255.46
957.50366 1525.66
957.81006 796.888
958.15863 432.409
958.39032 334.27
966.49945 1022.13
966.82111 922.791
967.15985 909.841
967.48798 797.544
989.50916 1189.73
989.84265 1370.01
990.17072 1232.39
990.50922 749.921
990.82477 349.233
992.46509 301.022
999.48407 410.809
1005.52850 348.921
1006.54388 349.707
1007.52490 470.907
1007.85944 309.539
1008.52722 381.532
1016.53778 545.704
1021.86182 1266.77
1022.20178 1816.62
1022.53552 1537.23
1022.84784 831.653
1023.18805 397.72
1028.19336 369.86
1028.54272 398.397
1031.50537 304.77
1033.47925 408.85
1044.50781 568.997
1049.20093 380.585
1051.47009 714.976
1052.46423 427.5
1054.40894 393.5
1054.55652 774.651
1054.85718 1147.72
1055.19006 708.811
1055.41882 351.152
1059.95728 611.192
1060.47986 575.32
1060.97253 431.494
1072.45398 2539.82
1073.45142 1215.71
1077.56763 358.599
1087.19751 341.531
1087.51294 337.773
1092.52246 310.566
1115.96545 464.608
1122.61377 452.216
1123.61963 334.103
1124.47144 495.623
1124.98950 539.586
1125.47058 407.18
1126.56274 333.08
1143.58337 595.444
1144.58350 747.695
1145.59180 383.602
1149.48596 372.463
1159.51379 405.31
1166.49854 1012.62
1167.48523 729.888
1168.47900 326.842
1185.51160 343.606
1188.52051 773.481
1189.02759 847.818
1189.52527 567.044
1203.49207 1569.14
1204.48730 1032.38
1205.48230 328.673
1212.61353 321.41
1213.60645 314.401
1228.53210 390.911
1263.49512 367.223
1264.47388 1855.21
1265.47839 773.99
1297.53638 875.978
1298.52673 499.731
1304.65857 737.801
1305.66492 408.467
1310.65808 407.341
1332.53235 498.212
1333.53235 360.472
1343.57251 559.527
1344.56592 398.197
1370.71179 761.709
1371.71338 484.316
1387.66626 374.417
1388.67200 447.595
1426.57227 939.849
1427.57117 800.291
1428.53992 321.195
1506.63745 1652.04
1507.63489 1264.17
1508.64697 509.333
