2344.25078 2
120.08065 26861.4
121.08376 1889.87
127.08640 5360.89
129.06548 1247.6
129.10211 4422.27
130.08618 4138.91
136.07555 1322.32
147.11275 10919.6
155.08130 16246.9
156.08476 1031.88
157.13347 1570.05
159.07684 868.767
165.10196 1778.2
166.08557 895.059
167.08147 1667.55
169.13347 45228.5
170.13693 3333
171.14861 1821.97
173.09204 1638.66
177.10228 1155.13
183.07617 861.394
185.09137 1262.85
185.12796 1276.01
185.16478 8657.94
187.07123 4778.64
187.14349 1738.66
195.07617 5175.52
197.12836 30643.4
198.13196 2875.6
199.07222 899.964
199.14436 4210.43
201.08722 3813.29
201.12311 1156.27
203.10269 1814.43
205.09689 4751.97
209.12915 1032.77
213.08684 12288
213.15970 15539.1
214.09093 1105.14
214.15242 3058.26
215.13913 7802.67
217.08205 1387.11
223.10744 3818.03
223.14398 1170.27
225.12329 2114.55
226.15494 15034.8
227.10193 871.282
227.16006 1234.27
228.09718 859.751
229.11858 4552.48
231.09749 37445.8
232.10081 2995.21
233.16512 6738.77
234.16937 941.777
236.13904 1868.17
239.21251 1120.96
241.08167 23166.1
242.08458 2550.93
242.14891 1021.03
242.18698 1128.52
243.13376 10035.1
244.13791 1116.87
245.07678 7108.1
254.14978 25908.4
255.15356 3266.86
257.12878 885.312
258.10812 1084.98
259.09219 84282.4
259.14090 1328.06
260.09552 9253.44
260.19662 7944.55
261.09769 1172.37
261.15930 3746.52
261.20090 1065.94
267.20642 3432.53
268.16580 1500.87
270.10818 1081.06
270.18018 1216.21
271.09125 3198.81
271.17679 1095.37
273.15994 3995.71
276.13397 2298.19
277.11987 1938.17
282.21713 1147.9
284.12448 1462.93
285.14127 1146.06
288.11880 1728.17
296.16208 902.524
296.19617 2546.04
298.10330 1893.6
300.15308 1300.9
302.15033 7902.78
303.15369 1208.38
306.14395 1169.83
308.16049 3908.78
308.19638 2819.21
310.21216 35449.1
311.21591 5392.25
312.15561 1684.39
312.22791 13222.1
313.13876 3809.24
313.23071 2339.24
314.13440 6179.15
314.16882 1264.8
315.13751 908.15
315.20615 1487.78
316.11362 22614.1
317.11707 2948.8
318.18137 3717.57
320.16031 951.581
322.21201 4869.39
324.11871 1576.1
325.22275 3684.6
326.17065 18217
326.24942 922.178
327.14862 1974.52
327.17966 2547
330.16638 6937.56
331.17114 1299.19
331.23355 11364.5
332.14490 6234.25
332.23730 1426.03
333.14569 1472.74
334.13959 5650.86
336.15375 1296.65
337.18777 926.393
339.23856 11711.9
342.12863 3993.33
342.20181 6781.92
344.18042 6769.26
345.18039 1376.32
353.21805 4619.59
354.16544 14538.7
355.17056 2095.38
355.20642 1670.03
356.15237 866.629
356.19559 2006.88
358.16046 5611.66
360.13907 2094.12
361.14069 1767.16
365.18192 1596.13
367.23352 13687.8
368.23615 2188.51
369.24603 910.054
372.17505 15248.8
372.22018 1423.14
373.22305 19320.2
374.22672 3580.5
381.14075 1311.53
381.28601 7910.65
382.28903 1686.43
383.18967 2578.88
384.17209 1112.05
384.20319 874.244
393.28156 1111.79
395.19144 1061.37
395.26724 1531.32
397.21350 930.775
397.24307 936.22
397.31812 1291.6
399.14951 1446.5
399.22180 1658.44
401.21893 9676.53
402.18903 1094.45
402.22754 2010.86
406.16083 1273.18
407.15457 1804.28
409.20819 1866.41
409.28049 22610.7
410.28491 5318.8
411.18558 1830.7
411.29327 1531.55
413.20242 1457.12
413.27158 1390.37
417.16266 1098.77
418.15897 1331.45
421.28027 5418.79
423.18549 1232.91
425.16650 5294.49
425.23914 4646.18
425.31125 2882.04
426.21979 3983.15
427.21857 6330.51
428.22162 1409.56
429.19653 9872.27
430.20026 2047.32
431.21732 972.476
435.18604 1162.45
435.29788 917.803
437.20325 1455.54
438.30740 9130.04
439.25851 2703.08
439.30737 2293.56
440.23856 1892.63
441.19843 4660.86
441.27676 4371.94
442.19571 1500.39
442.26477 7346.01
443.17676 9191.89
443.24799 3525.69
444.17593 1524.23
444.24677 947.862
445.17432 1497.75
445.22772 2822.13
447.22208 1061.28
448.29123 885.452
455.21628 5480.06
456.21637 1495.69
459.20822 6738.5
460.27646 20091.2
461.18420 2749.97
461.27951 4414.61
463.18155 6733.27
464.18372 1290.36
466.23044 1278.17
466.30203 13191.1
467.30496 3509.16
468.27347 1104.16
469.27954 8411.66
470.28488 1688.41
471.24640 2689.81
472.29565 1316.13
473.22766 3638.25
474.23117 1434.18
475.21625 2730.09
476.21875 1301.12
478.26733 1326.8
480.35730 2088.16
484.25177 1664.01
485.23120 1158.13
486.30722 10307.4
487.31027 3345.28
491.24673 1383.46
494.22495 1757.61
496.27884 1957.3
500.28583 1346.94
501.23386 5049.39
502.23898 1580.39
508.34879 10933.4
509.35211 3389.59
510.25540 1539.45
511.23901 1164.4
512.23529 5950.09
513.23547 1909.78
514.30103 10090.4
515.30298 2856.41
519.24359 1431.73
520.24432 1881.84
520.35663 1678.12
522.36578 2323.8
524.30573 3578.27
526.29242 1540.1
528.26343 2366.68
529.24408 915.686
530.24847 7698.14
531.25006 3055.63
534.36328 1639.71
537.37579 2447.96
538.25073 6842.02
539.25317 1748.05
539.32776 1300.67
540.24121 1327.1
542.24316 5259.79
542.31885 2536.84
543.24469 1090.42
544.30060 2370.94
546.27734 1945.85
548.27466 2461.31
550.32806 920.131
551.39349 1017.32
554.28333 4941.59
555.28778 1802.83
556.26068 10371.8
557.25488 2116.66
558.25433 6843.42
559.25714 1653.43
560.25629 5985.82
561.25897 1375.72
565.37030 6326.11
566.37354 2007.69
568.34827 3454.01
570.24609 2134.25
571.24023 929.732
572.29303 3684.33
573.29504 2401.31
574.27051 5960.21
575.30463 16267.8
576.31476 4006.3
579.38373 2718.55
582.27325 1050.05
582.36011 1428.19
585.37469 3918.83
586.26434 900.762
586.37567 1144.18
588.25092 2230.29
595.34436 1928.8
597.33173 1590.91
598.32660 1679.05
599.39978 921.988
613.36877 6559.51
614.27820 1230.42
614.37317 2533
621.43225 4699.08
622.43658 1572.67
623.26672 986.113
625.32361 3837.44
626.32709 1394.73
627.32330 982.326
628.31714 1227.24
629.30786 951.554
630.31433 1840.85
631.30634 1548.88
637.38342 3678.01
638.38153 1083.12
641.27850 3451.77
643.34534 2705.56
644.34601 1396.43
651.34137 2024.95
653.27960 3333.18
655.33173 6672.75
656.33331 2506.91
659.29413 3881.37
660.29034 1125.91
669.34741 3030.27
670.36218 991.745
671.28857 6385.02
672.29260 1542.15
673.34070 4407.65
674.33673 1261.97
678.45654 2389.07
684.44763 961.576
687.36102 2650.8
688.38831 10870.6
689.30145 5727.71
690.30450 2031.43
694.41443 981.763
699.36609 1354.38
712.43896 2570.7
724.31274 2253.42
726.37842 2431.4
727.36975 2116.03
736.38422 1005.81
742.32599 5545.23
743.32391 1936.91
744.40308 1899.55
745.40009 1110.19
750.47919 2926.25
754.39050 6032.09
755.39301 2297.23
760.33453 3159.57
761.33801 1157.13
766.44366 1468.28
768.41162 3939.52
769.41681 1397.26
771.43506 1397.48
772.39148 5320.87
773.39447 1746.89
784.36383 2663.83
785.36981 1137.78
786.42615 2237.46
789.43500 14846.9
790.43823 4757.11
791.43909 1154.97
800.32373 3064.92
802.38708 2821.61
803.39154 970.547
807.50336 1667.35
818.33960 1742.09
849.47742 1081.31
853.35883 1148.76
855.39844 1560.82
867.47955 3596.42
868.49036 1597.1
871.36023 2712.28
872.36609 1514.91
873.41937 1480.46
883.43945 2237.4
885.48901 2702.43
886.49170 1351.78
889.38025 2842.55
890.39233 987.997
900.47504 1731.08
901.45691 3387.18
902.45050 1345.27
913.41284 3028.68
914.41455 991.602
918.47644 6019.28
919.47858 2748.69
920.48840 1108.74
931.42487 1988.64
984.43335 2012.88
985.44879 1127.55
1000.51569 1486.63
1001.51520 2087.31
1002.46118 2332.33
1012.48407 1903.23
1019.52295 12049.8
1020.52509 5728.73
1021.52515 1844.29
1030.49084 2030.44
1063.60437 1132.5
1083.50549 1179.77
1101.53650 1284.87
1129.55554 1011.69
1130.56018 3109.02
1131.55566 1846.23
1148.56396 8494.15
1149.57617 4987.66
1150.57556 1448.26
1243.64111 1987.45
1261.65051 11511.8
1262.65601 6913.45
1263.65833 2203.15
1342.73230 1447.8
1343.73145 1154.14
1360.72266 10067.2
1361.72217 8028.82
1362.72449 2112.7
1459.79370 5624.13
1460.79236 4414.25
1461.79700 1291.72
1572.87317 3050.69
1573.87402 2526.62
1769.98157 1162.64
1826.03564 1001.8
