2170.08011 3
110.07114 2397.72
112.08698 434.012
120.08067 11665.7
121.08407 1048.27
129.10216 2720.82
130.06526 309.054
130.08632 362.609
136.07579 1294.57
141.10210 800.702
143.11732 367.662
147.11299 966.258
157.10777 479.893
158.09230 509.764
159.09151 676.641
159.11287 302.687
167.09032 362.396
169.09711 640.247
169.13345 1019.04
171.11285 1053.54
173.12807 922.746
175.11897 3804.34
178.06201 392.356
183.11180 297.535
183.14932 678.616
185.09300 342.244
185.16504 902.978
187.10771 855.432
195.08763 1753.62
197.09322 319.034
197.12878 994.441
199.07074 342.095
199.10788 721.003
200.13977 430.096
201.12331 1109.73
202.08197 877.826
205.09680 668.512
210.02571 455.241
211.14389 378.011
212.10210 353.457
213.08635 556.058
213.16109 354.788
214.11902 605.142
215.10258 1032.47
215.13954 578.106
217.08398 401.358
226.08347 512.379
226.11758 432.542
228.13382 904.742
230.07700 887.576
231.09756 706.919
232.14052 386.373
233.09116 398.368
233.16478 17187.9
234.16811 2407.69
238.11819 393.566
240.13509 394.78
241.08093 897.428
242.14970 410.902
243.13234 410.709
244.09245 503.444
244.16592 513.929
249.12329 2545.82
252.11194 411.206
258.10901 433.729
259.09183 924.939
261.15958 6500.03
262.16650 835.322
270.14056 363.11
272.17258 422.345
277.11795 2555.23
282.18002 336.465
290.14679 422.846
294.14380 366.198
294.18039 356.031
298.13870 388.057
301.67191 839.023
302.17206 387.686
305.18344 476.775
311.17133 382.11
313.11404 537.74
323.14633 779.984
341.11160 340.059
343.16183 412.703
355.12482 692.668
359.12006 520.461
359.20361 2238.13
360.20831 322.248
362.13528 883.595
363.19888 1098.08
366.19629 367.252
373.13510 368.479
390.20313 1247.68
391.20364 338.325
406.16132 784.449
412.18320 521.636
419.19174 344.964
422.73514 468.63
426.19852 484.707
430.18607 315.428
431.19708 369.506
434.22400 419.401
443.71021 485.282
444.20728 464.342
446.23459 334.178
462.26828 791.468
470.15088 1370.07
477.16125 1030.27
482.75192 442.733
483.25241 455.919
488.16360 575.655
491.26535 1727.86
491.76672 891.451
492.27341 331.94
519.24274 410.042
520.20605 358.945
532.27203 621.315
533.28625 1378.15
537.79382 555.816
538.29950 472.748
541.78882 3286.65
542.29065 1998.45
542.78839 433.948
547.31329 437.705
549.29858 923.888
555.81604 369.576
569.30664 1021.43
569.80914 642.227
583.29498 454.618
585.31384 563.403
590.32507 570.52
590.82935 358.485
598.33142 3077.82
598.83282 1589.86
599.33575 565.599
602.33740 2626.13
603.33612 1022.53
611.33661 674.57
611.83441 382.877
617.36963 335.075
619.96667 372.817
620.33972 758.159
620.84711 374.195
625.63745 615.904
625.84424 563.694
625.97241 683.267
626.28839 396.412
626.37097 362.833
631.31586 519.693
635.30804 429.441
639.32776 392.545
641.87335 367.64
644.67719 1535.37
645.01654 773.576
645.34271 1325.96
645.67651 386.745
646.31885 751.309
646.84100 1458.06
647.33527 1193.32
647.84784 408.238
648.32458 496.823
650.68384 508.9
651.01550 679.033
651.35724 417.808
655.35236 8966.35
655.85217 6441.05
656.35504 2129.78
656.85571 698.88
660.33447 531.373
660.84021 863.393
661.31573 965.19
662.32996 811.913
663.34149 2136.68
664.34741 706.117
666.38062 347.639
669.32263 1864.46
669.82446 1025.16
670.32776 507.096
671.34882 405.552
674.85101 439.003
675.38721 1994.26
675.88483 1866.6
676.30035 692.66
676.39594 570.388
677.34003 847.223
677.67242 662.19
677.99994 366.745
682.40497 361.118
684.37402 506.947
688.35193 401.997
690.41235 445.096
690.89673 403.64
691.40912 348.528
702.89685 350.702
703.38391 1274.02
703.88605 871.65
711.89392 13813.6
712.39551 10456.2
712.89594 4502.45
713.39917 1075.87
714.35175 1030.34
715.36761 687.718
715.70374 458.199
716.89526 358.335
723.38794 2384.5
723.78186 427.771
724.29419 499.805
724.38892 1888.95
724.89227 419.252
725.31555 390.38
725.40112 663.986
731.37970 608.089
752.39117 458.664
755.73279 438.61
760.89624 1222.68
761.39838 1128.62
761.89807 343.712
762.36090 2144.2
763.36450 430.962
767.39215 597.222
767.87872 525
769.40741 5579.02
769.90839 5063.66
770.40912 2598.82
770.91693 645.375
774.38562 845.51
775.34619 976.011
775.42920 442.739
776.44269 545.329
777.41022 519.711
778.43768 464.093
783.41010 662.33
789.44763 679.998
792.38324 1453.92
793.39117 510.46
793.82672 474.523
794.31824 830.815
798.48975 947.474
809.41663 803.54
812.39825 352.802
817.43677 485.269
817.91650 2273.36
818.41742 2302.98
818.92902 574.283
819.43213 414.498
821.44019 464.944
825.42072 351.976
826.42896 11780.6
826.93011 9738.79
827.43164 5571.31
827.93585 1452.13
828.44214 1166.44
829.43707 438.834
831.91260 568.317
832.41010 615.189
838.43109 496.104
842.80927 346.788
844.47101 543.299
845.46326 386.593
858.45294 1854.58
859.45575 653.868
860.45844 494.949
867.34259 759.174
869.44794 430.501
870.44391 350.971
873.43866 1017.69
873.92902 763.377
874.43689 656.621
875.44946 1016.73
876.45081 499.929
881.94427 3058.15
882.44385 5137.25
882.94098 3134.23
883.44269 2172.77
883.94806 415.095
886.45978 764.857
887.47345 1180.09
888.45355 740.457
890.95056 14472
891.45020 13211.9
891.95331 6701.51
892.45300 2427.68
892.96088 609.48
896.43866 634.233
896.94244 479.002
897.45105 390.216
902.85913 478.401
903.48169 821.176
904.48682 1415.42
905.47748 892.56
906.48029 558.158
911.50354 533.412
916.45599 469.737
922.48090 613.773
924.47906 489.718
925.46686 516.321
926.47937 434.742
929.44952 471.706
933.45447 390.24
933.95813 461.615
934.48242 416.573
937.47961 1102.75
937.96423 2269.72
938.46191 2137.86
938.95282 1459.96
939.45557 658.432
942.53278 510.395
946.46985 5182.73
946.96521 8036.39
947.46393 6535.7
947.96741 2897.52
948.46625 1022.13
955.47186 22694.2
955.97260 22830.7
956.47412 12089.7
956.97363 5153.23
957.48108 1574.67
958.01556 516.724
960.96039 531.401
961.46094 597.196
961.96954 397.374
964.49426 1032.43
965.50238 664.81
966.52429 565.05
967.01123 581.223
967.51379 502.324
974.49872 828.864
975.48389 751.791
981.52954 826.541
990.47363 2524.68
991.47662 651.385
992.50586 1369.99
993.51074 595.951
1009.46851 805.212
1010.99579 512.2
1011.49951 521.177
1011.98999 591.139
1012.50342 398.732
1017.57294 808.058
1020.49463 1208.49
1020.99249 996.453
1021.50232 759.808
1023.55298 457.182
1029.00659 7170.34
1029.50806 6949.65
1030.00635 4992.62
1030.50806 2171.26
1034.49829 508.21
1063.55627 451.626
1064.56165 493.323
1065.54468 1294.3
1066.53931 389.918
1082.57019 713.163
1083.56982 566.81
1118.61951 605.566
1119.49329 781.489
1137.60132 1050.77
1138.61389 456.628
1179.55518 501.711
1180.56116 355.175
1233.64636 866.743
1239.68140 559.193
1292.67163 520.331
1293.67432 400.21
1308.60986 579.881
1337.64429 522.7
