2550.16728 2
120.08020 1880.79
129.10147 1888.04
130.08607 1190.92
131.11743 5758.96
133.04257 1927.71
136.07524 12787
137.07861 1147.98
147.11234 2229.77
157.13290 2251.3
171.11249 1231.75
185.12805 1167.65
201.12262 1200.83
233.09232 798.075
235.10724 1745.48
235.14369 3595.03
240.09727 1912.58
240.13248 1052.26
243.13354 1024.54
244.09201 1096.2
244.12750 768.615
244.16386 1483.87
246.12602 3569.82
257.09476 3527.79
258.10867 2903.05
258.14456 3270.13
263.10178 1090.73
263.13812 3850.97
270.14471 1214.26
274.12119 26392.3
275.12344 3181.34
276.15417 2961.42
277.11765 1193.5
284.19528 1136.38
296.10495 4905.21
300.15570 1837.73
324.10034 5447.34
325.09985 764.364
331.11914 1108.83
332.15735 910.508
334.17538 3203.35
345.15948 2005.21
346.17523 7566.06
347.17667 1493.04
357.18204 966.48
360.15439 918.368
369.14014 1485.15
372.12030 1053.2
376.19064 968.595
387.14655 959.756
389.14697 1095.88
389.24033 2172.48
392.13818 793.785
395.16678 1304.51
397.15622 766.782
399.22632 753.729
402.23526 881.917
403.19916 1550.77
405.17883 1195.11
415.16397 869.61
417.21228 755.174
423.16803 7275.78
424.16956 1779.44
426.19931 820.838
437.18362 10928.9
438.18848 2163.63
443.15686 804.856
469.19980 815.426
476.27017 3234.26
477.27551 809.763
487.21252 892.182
491.23590 830.916
494.20419 3403.86
495.21338 910.428
508.21109 796.666
508.27051 990.03
520.20166 1304.44
526.19568 894.191
534.21411 922.205
536.25476 1685.32
544.20209 762.373
562.26923 1306.45
563.30396 3320.66
576.26056 842.993
579.29675 1403.95
597.22760 1231.31
607.29388 1263.17
608.29071 820.942
649.24316 1923.98
650.33160 3954.34
651.34155 1074.62
719.34808 993.007
720.37079 927.001
737.36548 6178.22
738.36627 2199.28
808.40283 5669.1
809.41095 1465.65
879.44006 3925.92
880.44482 1680.32
980.48767 3849.28
981.48737 1542.05
1051.52368 2833.81
1052.52161 1281.5
1182.56116 2070.45
1183.57800 1184.32
1311.60229 1011.08
