1739.74687 2
110.07115 6759.38
111.07426 335.837
112.08708 243.266
115.08646 665.451
116.07056 232.566
120.08067 5832.49
121.08365 511.236
127.08633 594.011
129.06619 346.557
129.10222 2995.89
130.06474 587.708
130.08615 823.948
132.08150 183.392
133.04295 2556.77
136.06165 280.525
136.07561 2135.5
137.07909 311.727
141.06581 257.251
141.10233 347.289
143.11737 291.574
147.11287 1452.6
155.08130 960.052
155.11696 301.598
156.07675 260.796
157.06129 210.766
157.09715 283.21
157.13321 291.8
158.09215 500.939
159.07643 363.06
159.09155 2465.51
159.11304 331.523
166.06094 227.148
166.08647 1145.67
167.08173 647.561
169.09746 678.123
169.13358 648.084
171.07651 428.877
171.11359 381.136
171.14923 2490.06
172.10773 248.549
173.12827 1537.45
175.11884 1666.87
177.10245 224.262
178.05417 209.844
179.09216 365.53
181.09824 247.786
183.11244 395.528
183.14911 392.18
185.05519 836.58
185.09248 542.6
185.12572 235.224
185.16481 8963
186.08685 613.449
186.12305 281.932
186.16832 901.742
187.07237 223.461
187.08432 239.801
187.10774 472.3
187.14371 405.942
191.11864 213.994
195.07741 359.283
197.10358 204.427
197.12852 745.589
198.08755 272.699
198.12346 239.565
199.07152 597.269
199.10799 362.001
199.14407 1486.8
199.17897 290.486
200.10152 185.724
201.12325 1829.44
205.09708 235.427
207.08759 748.52
210.02547 298.523
211.11909 1784.66
211.14333 260.055
212.10185 315.392
213.08708 459.308
213.15974 11860.9
214.16391 1261.3
215.10222 635.921
215.13879 1062.89
216.09756 266.496
217.08250 781.487
218.05928 379.727
218.14886 195.013
219.11136 216.601
223.15483 311.357
224.10205 226.744
225.09833 1751.13
225.12254 219.471
226.11798 1054.9
226.15439 216.919
227.06322 194.623
227.10022 534.186
228.12779 268.472
228.14691 977.374
229.11621 664.909
230.06000 605.323
230.09560 527.984
231.09819 329.138
233.16551 294.543
234.12306 230.1
235.10580 854.384
237.13530 221.306
239.21170 199.129
240.13429 625.5
241.07983 256.291
242.11311 484.04
242.14915 236.159
243.13208 549.947
244.09340 358.034
244.16370 201.272
245.07684 1355.26
246.12599 255.799
246.18077 267.219
248.06963 387.099
250.11943 208.718
251.15005 375.147
252.13356 196.467
253.09348 262.391
254.14922 403.585
255.14624 218.866
257.12415 247.109
258.09073 1301.48
258.14368 340.626
259.03879 397.646
259.09061 247.93
260.12241 222.792
260.14212 194.51
261.08984 286.042
261.15833 295.862
262.11716 194.782
263.10239 686.677
267.20700 486.533
270.10754 407.189
270.14435 370.502
272.11224 193.236
272.17319 939.662
274.12054 633.499
276.06461 4593.37
276.09900 257.674
277.06781 423.333
277.11780 288.073
279.17004 727.825
281.11148 479.565
283.14160 209.15
287.11722 245.676
288.13586 733.214
288.20300 292.812
289.13416 409.005
290.16080 306.44
297.15506 296.773
297.67178 260.594
298.13870 468.255
300.15491 195.616
302.16299 275.347
307.14297 1338.53
312.15558 354.299
312.22806 2409.6
313.18799 211.722
313.23135 389.865
314.17065 1822.58
315.11194 2040.38
315.17044 266.841
316.11417 339.524
320.17126 332.325
323.13879 227.549
323.17084 261.179
328.16260 242.384
329.19281 745.192
332.12109 211.953
333.12476 395.725
334.18573 626.2
338.18246 540.502
341.18472 254.051
347.11572 363.086
350.13495 414.925
352.16251 509.497
355.16299 543.328
356.15909 236.556
357.18820 893.939
358.16211 326.924
361.15411 570.651
362.17044 409.158
366.20178 647.898
366.70184 394.063
367.20273 226.905
375.19922 208.347
376.18869 448.736
377.11252 462.681
379.68240 385.305
380.19824 2056.5
380.69894 869.673
386.18622 513.479
387.09723 605.068
389.14911 793.889
389.20679 743.834
389.70703 390.097
398.21033 223.898
400.19580 205.901
400.71069 249.127
401.20386 269.766
403.16620 494.5
404.19574 3892.37
405.10712 4157.12
405.19943 834.723
406.10864 592.043
406.19589 289.975
407.10950 225.06
407.19489 361.545
408.19293 293.864
409.71686 443.38
410.21426 207.839
412.22012 294.498
414.19339 619.813
414.70938 2703.33
415.18311 1545.09
415.22244 600.867
415.68726 726.251
418.72513 203.066
421.21832 414.708
423.19797 754.748
423.71466 3996.88
424.21692 1846.55
424.71768 478.426
425.17731 1865.83
426.20959 7907.63
427.21472 1404.88
428.67093 849.606
429.18628 3675.1
429.68744 1318.87
431.19037 243.938
432.19971 321.017
432.71918 1051.95
433.21500 404.684
438.20605 221.649
443.20959 282.087
444.22046 499.779
447.14786 290.671
449.69901 616.188
450.19370 833.864
454.68970 233.938
457.25168 712.663
457.75360 453.391
458.18555 265.05
458.70422 754.578
459.20148 243.216
461.21713 6334.38
462.21835 1497.1
463.17761 978.792
463.69727 4825.52
464.19830 2412.65
464.69998 666.303
466.26096 705.462
466.75922 404.367
470.21381 219.387
471.25232 794.903
471.75345 509.921
472.18491 1047.18
472.70258 3284.69
473.20432 1367.3
473.70395 242.804
475.13992 448.641
475.25992 433.136
476.17993 556.609
480.25562 912.5
480.75778 467.207
486.19958 225.983
490.19724 270.482
498.21225 341.558
500.18097 257.571
504.20804 547.619
505.20383 244.416
506.23978 935.628
506.74112 282.207
513.21301 220.854
514.77075 367.365
515.24640 1126.14
515.74738 552.264
516.29260 204.326
518.18915 794.359
519.19049 262.447
520.23926 859.255
520.73962 310.928
522.21930 353.3
523.15491 282.841
523.26270 524.919
524.18658 1400.15
525.18524 366.913
529.24573 418.118
529.74414 230.073
530.23785 458.525
532.25079 260.121
546.27179 375.214
546.77521 256.427
548.27020 216.843
560.27185 660.833
560.77026 371.301
563.75177 257.223
564.25439 211.793
569.27545 336.228
572.27820 312.926
587.20361 221.876
593.30206 929.559
594.33685 3204.35
595.21735 471.775
595.33777 1048.85
596.28064 265
601.26563 240.045
603.22028 254.474
604.22052 880.538
605.22534 610.754
606.22449 295.849
608.77856 620.804
609.27136 582.067
609.76886 336.287
612.34741 995.877
613.23895 1811.65
614.23895 473.109
617.26898 449.658
617.78357 3589.96
618.28625 2373.55
618.78625 1058.65
619.29181 409.542
621.24463 4649.73
622.32666 3593.4
623.33008 1060.51
626.26837 213.792
626.78967 1264.95
627.29053 729.23
627.79047 288.624
639.30426 226.384
640.34113 1175.61
641.34387 525.716
657.76630 431.301
658.26776 349.247
666.25208 256.555
666.77289 1508.35
667.27338 1269.44
667.77557 430.348
668.30981 426.672
668.80896 239.029
673.29517 366.426
673.80121 217.972
674.30420 312.839
677.32312 212.43
682.30402 763.932
682.80469 450.643
690.28436 257.187
691.28259 597.648
692.31171 2366.61
693.31598 753.347
694.33148 223.284
714.28217 469.152
714.34314 370.373
715.40363 342.483
719.26666 669.854
720.30524 3188.07
721.31036 1046.23
722.29980 334.854
724.26544 341.633
730.36572 590.058
731.39343 1774.51
732.39880 721.023
733.41010 282.986
742.28333 820.31
743.36426 218.719
749.40509 715.188
750.40833 274.468
758.35962 629.604
759.38879 2630.94
760.39142 1069.09
772.39758 435.944
776.37067 218.109
777.40039 1284.68
778.40344 430.991
781.89996 300.374
807.32581 1945.44
808.32617 1025.7
809.35529 916.898
810.35291 324.428
811.37567 215.487
818.42505 445.749
819.44104 226.349
827.37427 497.732
828.41382 1076.36
829.39270 728.976
836.44354 229.965
841.45459 266.07
845.39764 242.129
846.42139 1368.77
847.42651 535.128
855.36359 244.55
857.36310 1163.7
858.36383 451.056
864.43024 350.528
886.50476 279.653
908.37286 1722.8
909.37445 978.373
910.38440 404.379
913.51349 295.737
914.48981 346.911
926.37683 803.002
927.37683 342.112
928.38159 265.559
930.48474 502.377
931.50964 1753.19
932.51044 752.623
933.53461 267.65
938.39386 260.114
941.50659 255.376
949.52393 680.345
950.52490 346.43
959.50891 826.312
960.50726 406.814
977.52441 325.66
979.40869 870.722
980.41168 582.241
981.40723 270.142
1009.56726 299.064
1029.47839 291.402
1039.46375 252.073
1057.50977 239.92
1063.46118 237.855
1066.43884 1129.38
1067.44019 601.67
1068.44519 275.85
1091.55225 231.134
1117.58472 246.669
1213.51306 515.954
1214.50977 385.121
1215.51379 347.396
1217.55920 231.649
1234.55701 867.341
1235.56299 676.738
1236.55969 233.388
1252.56116 561.816
1253.56580 331.774
1328.53589 537.966
1329.52954 438.923
1335.59436 333.849
1337.64111 310.571
1363.60718 234.216
1427.59058 338.468
