2006.91216 2
110.07108 1439.53
119.04893 1628.91
120.08038 34391.7
121.08374 3009.55
129.10193 6052.08
130.06465 730.139
130.08601 1885.2
136.07535 61001.4
137.07851 4864.42
147.04402 1008.48
147.11241 4312.11
155.08165 679.706
157.06053 998.097
159.07594 1758.11
159.09140 1189.05
167.08122 968.912
169.13335 789.252
175.07109 1867.43
175.11880 1418.98
178.08577 718.801
183.11252 944.968
185.05475 1157.15
185.09155 783.51
185.12743 1034.32
189.06995 611.411
189.10101 728.754
191.11722 638.713
195.07588 693.489
201.12283 2405.63
203.06581 5062.53
205.09695 1919.81
207.11238 7475.83
208.11571 805.563
211.07022 713.587
212.10222 1777.28
217.09619 1883.86
217.13626 1280.5
222.12697 1573.13
223.10736 1182.97
226.15454 7345.87
227.10170 729.507
227.13916 1172.01
228.09731 2787.99
229.10085 807.487
229.11646 1108.59
230.11310 1242.93
235.10698 6562.89
238.12164 4039.22
240.13403 1085.75
244.16492 31397.4
245.13112 1876.66
245.16818 3319.87
246.10814 1720.38
249.15958 694.012
252.13341 584.232
254.14903 1024.18
257.09201 1316.44
260.08615 660.365
263.10175 6698.06
264.10614 630.627
269.12524 594.106
270.14355 895.732
272.15933 3348.3
274.11865 931.341
275.09912 680.902
275.11954 714.776
278.15118 640.162
281.12646 760.174
283.14319 42562
284.14615 7172.46
286.13791 1700.74
287.10181 1117.75
290.11392 919.754
292.12799 1834.21
295.14291 1133.69
296.16028 3214.74
297.11920 1577.87
298.14102 702.34
299.13458 4193.01
301.15274 956.203
302.11319 609.177
302.15207 711.18
303.11206 3634.8
304.13000 3077.65
306.14417 675.16
309.15891 934.211
311.13809 13614.2
312.14072 1863.49
313.11374 1094.57
313.18622 3151.84
314.11526 759.53
315.12778 1913.94
315.20166 809.169
316.14679 604.911
317.14517 2814.24
320.12305 10495.6
321.12848 1486.19
322.13806 1473.79
323.13828 707.047
323.16821 698.696
324.15451 1074.11
325.15359 1932.78
332.12329 15013.2
333.12531 1693.5
335.13467 721.281
337.15289 1265.52
340.19736 719.483
341.18106 7737.15
342.18585 1192.44
343.19635 1658.05
344.12427 670.408
350.13318 7708.73
351.13431 1213.56
351.20554 1441.43
353.15112 1156.35
354.17941 645.642
355.16006 1706.77
358.20728 6899.54
359.21796 792.205
361.15152 949.794
362.13104 808.987
363.13440 1013.19
365.14575 605.597
368.15585 4852.93
369.18146 664.271
371.13898 622.769
372.11588 753.699
373.16995 1291.44
380.16113 1076.72
381.17520 1989.18
385.19022 7759.47
386.16422 5864.55
387.15976 625.982
388.18884 760.502
389.14560 2905.48
390.14920 751.59
398.20291 7401.96
399.21008 803.128
402.23343 1075.69
403.20047 859.592
404.17621 4174.11
405.21194 1143.9
407.15475 5589.13
408.15524 1792.36
410.20215 935.679
412.21744 2328.68
413.18573 1935.02
415.22900 15768.6
416.23065 2889.55
417.14084 792.101
424.18372 959.839
426.16388 10779.5
427.16568 2540.26
428.21140 694.467
430.22937 2229.64
434.16650 961.711
438.16040 1196.83
442.21609 976.534
450.16125 1031.24
451.19693 3389.93
454.22607 861.753
455.19492 709.719
456.20651 940.507
457.20877 697.35
460.22122 1037.43
461.18179 861.398
468.17242 1860.93
469.21411 614.966
472.23871 690.003
474.23447 1031.73
476.17752 889.54
478.19632 742.684
479.19208 1257.24
481.23969 2305.67
482.22745 791.825
485.19736 1618.6
489.26581 1224
492.24301 716.993
494.23151 678.159
495.18045 3239.34
495.24231 707.216
496.18900 817.376
499.25125 4016.46
500.25690 829.416
501.24619 627.161
502.22882 1307.47
504.17023 2595.49
511.23074 1240.51
513.18384 1482.85
513.24640 1139.06
517.25977 3298.19
518.26349 859.73
520.23938 1613.23
522.18152 2495.02
523.17938 706.274
528.20953 3198.34
529.24585 4519.52
530.24872 1099.46
531.24225 1876.77
543.25305 922.629
546.26965 19094.4
547.27216 5109.48
548.26538 1004.65
556.26062 734.342
557.24054 888.436
561.26447 693.811
564.24609 765.726
569.25177 1007.85
571.25586 616.492
573.25580 649.669
582.25427 1293.91
584.27783 760.096
589.26019 1174.24
596.26721 1257.17
597.22827 969.677
600.26825 1018.89
607.27539 1329.37
608.26532 613.013
614.26489 1959.34
615.25574 865.797
617.25171 1120.48
618.27893 661.583
632.27740 1468.35
633.28058 621.431
635.27069 1251.89
636.26385 937.047
653.29114 2013.18
659.35333 6260.62
660.36133 1568.95
669.23523 694.304
671.30017 1637.25
678.30371 618.082
687.31586 651.121
689.30786 1607.49
730.39038 3696.24
731.40021 1153.19
747.33606 668.065
784.38953 1034.54
802.39856 793.904
817.42279 5607
818.43640 2074.58
888.46191 3320.01
889.46381 1594.61
975.49219 4960.82
976.49585 2164.41
977.49426 787.085
1062.52283 5822.4
1063.52588 3078.65
1064.52722 890.867
1175.60437 1812.35
1176.60547 1701.81
1290.63477 956.173
1347.65649 1991.87
1348.66064 1343.05
