2553.31719 2
120.08054 488.459
129.10158 1159.65
130.08577 511.003
136.07503 876.617
143.11772 486.345
145.06010 472.299
147.11235 1286
171.11278 682.344
173.12737 475.125
185.16425 5396.99
186.08600 448.56
186.16788 442.33
187.07048 703.573
199.18010 1902.8
200.10158 449.885
201.12209 753.746
202.08080 453.036
213.15909 12744.9
214.16263 1092.93
216.09634 815.309
225.15916 733.497
226.11832 653.92
227.17513 1752.02
228.13367 479.331
240.13342 584.646
246.18071 994.852
253.22649 462.529
257.12387 496.907
258.10718 638.285
258.14377 551.606
259.10373 677.471
263.10101 509.035
270.18042 1674.66
273.11789 864.082
281.22159 1660.06
282.17883 608.525
284.19626 816.971
287.13416 741.611
287.16858 426.482
296.19443 431.497
297.15549 1109.36
299.16992 856.627
315.16473 1099.37
317.21643 1535.41
326.18637 540.345
326.24228 4380.73
327.16476 929.177
327.24634 630.187
328.12576 715.319
338.24417 629.324
339.20135 529.359
342.14130 505.63
344.15646 1320.92
353.21661 520.433
354.17584 877.018
355.26938 829.578
357.21225 724.93
360.14697 500.764
368.16678 425.301
372.18707 1485.93
383.26236 1177.64
384.18762 598.974
386.19473 468.514
394.30652 464.966
395.26486 674.188
396.18338 690.251
413.17804 867.756
414.15869 479.406
414.23129 452.519
423.19623 470.587
424.17758 871.249
426.16159 715.453
428.24796 1260.21
431.18845 1156.91
440.24884 952.764
441.20880 1339.93
445.27591 1193.8
449.16803 557.921
452.28448 644.517
453.24329 471.188
457.27576 1392.8
459.21957 559.575
467.26312 975.785
471.25500 612.042
485.27298 993.689
497.27371 464.681
520.20050 864.005
526.29822 475.251
532.30566 1413.16
536.28345 634.886
539.31445 559.157
554.28955 1208.15
556.34534 626.24
566.32574 661.079
570.36700 464.39
572.30621 704.961
584.33929 1107.66
589.32813 2920.72
590.32758 735.391
667.37555 536.177
676.36072 3286.14
677.36340 1119.95
679.41168 670.581
697.42133 666.019
705.28082 650.481
709.27533 963.146
839.42419 3413.45
840.42688 1511.85
954.45123 1249.15
955.46667 484.009
1042.39978 490.589
1101.51440 1316.96
1102.52185 910.332
1287.57715 1730.69
1288.56543 988.722
1358.61560 762.375
1359.62463 807.62
1543.69385 1408.64
1544.71008 1048.58
