1556.90495 2
105.05598 321.344
106.04810 283.984
110.07098 2039.93
120.08049 5187.49
121.08376 444.824
125.06998 269.61
128.10683 481.685
129.06720 296.073
129.10202 15314.2
130.06407 330.274
130.08597 1083.58
130.10474 721.555
133.04274 738.483
136.07547 3420.17
143.11755 2259.85
145.09698 852.887
147.11263 2567.37
155.08134 761.41
155.11757 595.6
157.09683 4757.8
157.13309 1438.44
158.09213 595.53
158.09969 566.461
159.07632 357.481
159.09114 1141.05
159.11304 565.372
169.09686 639.217
169.13351 403.931
171.07701 313.62
171.11253 2535.35
172.11562 1266.87
173.09171 1199.5
173.12791 1249.22
175.11842 1834.19
181.09595 306.42
183.11255 1409.61
183.14888 470.11
185.09036 306.524
185.12804 3346.07
185.16473 720.399
187.07115 1229.41
187.10727 718.78
187.14401 989.276
193.09746 397.582
195.11263 601.204
197.12756 758.906
197.16490 572.153
199.18018 433.876
200.13850 457.065
201.08667 1453.64
201.12299 1673.49
205.09615 279.234
207.11182 286.002
211.10722 341.417
211.14346 637.856
212.10207 363.047
213.08675 267.494
213.15976 932.734
214.11829 430.973
215.10252 793.599
215.13805 1507.42
217.13643 7084.64
218.13876 638.782
221.09041 290.937
224.10199 297.937
225.12250 397.422
225.15948 917.107
226.11815 347.108
227.17432 343.059
228.13359 3234.07
229.11723 433.911
229.13789 373.819
231.11417 473.552
235.10535 295.685
239.17445 554.069
240.09834 341.069
240.13353 1040.04
241.11821 401.344
242.11337 466.64
242.14943 1231.34
242.18614 3459.34
243.11617 6211.65
244.09166 303.145
244.11781 496.663
244.16457 781.065
245.07774 352.465
245.13126 4185.69
246.13614 278.672
249.15842 354.057
252.06210 304.339
254.14789 306.294
256.16504 317.177
257.19675 731.966
258.10773 496.742
258.14398 1010.4
260.10596 503.085
260.19516 375.991
261.15750 375.055
268.16397 387.77
270.12769 354.866
270.17975 635.735
271.18353 422.21
275.20709 3713.7
276.21170 342.165
282.18011 557.073
283.17752 646.101
284.13980 490.403
284.19666 2237.63
285.19995 278.078
286.13904 9688.36
286.17456 825.179
287.14221 1103.09
288.13702 9842.48
289.14005 1135.94
296.19666 719.292
297.15747 293.956
299.18091 646.138
300.15448 867.596
302.15424 516.821
307.14252 1305.62
312.15604 370.761
313.22272 1175.64
314.17188 4019.66
315.17584 510.108
316.16800 2836.29
317.17184 452.258
325.15005 637.974
325.18463 456.883
327.20175 532.172
329.18091 840.065
331.14325 622.408
331.17715 322.554
334.17572 304.431
335.15033 612.63
339.20233 1163.06
341.21707 1519.86
342.18591 429.367
343.16443 595.609
353.21777 436.09
355.23447 986.618
356.20163 395.341
357.17715 6239.66
358.18130 851.736
359.17361 1761.75
360.18558 279.906
364.16412 2367.11
367.20087 348.619
370.21506 757.241
371.19492 1361.76
372.26053 362.784
373.19330 1292.31
379.23441 292.753
381.21606 282.485
385.20825 2612.89
386.20819 373.74
388.29114 3342.27
389.29401 585.685
396.25659 566.763
399.22302 3726.62
400.22525 689.388
401.22089 1467.83
411.22250 425.43
413.23990 1202.71
415.17752 341.507
424.24991 361.154
425.23572 326.323
427.25455 634.472
428.25018 1376.38
429.24728 477.651
438.27005 532.787
442.26547 1038.36
444.26364 1851.73
452.24777 465.584
456.24414 3996.52
457.24527 588.596
470.25925 4883.36
471.26270 1036.13
472.25912 1301.96
473.26489 287.77
477.24771 1917.09
478.25330 350.101
484.27521 1233.01
485.27997 380.899
486.21741 1121.28
486.34546 316.644
498.29153 1050.4
499.32846 988.856
500.23636 523.602
503.18854 388.651
510.25436 453.163
514.34613 440.336
517.33307 2416.88
518.33551 497.717
524.31287 593.777
527.27954 644.141
528.26746 387.44
541.28625 453.194
541.35187 356.998
546.22888 324.733
554.28497 291.745
555.35223 351.228
556.21216 397.688
557.25671 285.531
569.32690 2288.71
570.32440 474.994
571.30701 473.502
574.22760 1132.65
576.31537 1173.13
581.28607 381.829
585.28577 622.22
588.37042 4991.1
589.37262 1328.82
599.30231 2829.36
600.30481 815.928
601.29163 434.238
637.27399 349.284
640.36719 1038.91
645.30078 641.708
656.32770 425.112
670.33344 855.942
671.33490 353.134
673.29492 1559.89
674.29980 398.468
675.38239 396.41
698.37299 1110.02
699.37781 317.101
701.45538 3134.15
702.45764 1180.39
712.38904 569.884
762.41797 1000.64
763.41675 389.094
769.40869 697.248
770.41901 304.85
774.34265 397.243
779.95325 343.194
783.41400 296.4
800.52405 1343.1
801.52271 559.067
871.55762 1914.07
872.55737 768.242
877.37775 543.894
878.37689 327.573
920.46075 542.163
932.51117 976.874
933.53088 490.59
986.58624 3248.81
987.58826 1352.92
988.59546 437.392
1045.55603 586.253
1085.65295 2073.3
1086.65576 1175.09
1087.66431 369.789
1156.69177 2833.42
1157.69727 1703.48
1158.70105 356.779
1269.78833 648.196
1270.77856 336.359
