2424.10910 3
120.08080 5101.24
129.06581 1771.45
129.10233 3331.3
130.08641 398.699
136.06447 629.393
136.07578 8959.98
137.07898 706.22
141.06544 441.748
141.10252 386.073
143.11777 424.68
147.11252 772.61
157.06133 383.163
157.13350 2104.23
159.07584 518.346
159.09195 297.975
165.06931 1246.14
166.08617 1195.86
167.08223 384.397
169.09776 414.435
169.13354 393.459
171.07654 736.364
171.11287 439.682
173.12820 305.119
174.08676 321.561
175.11908 2971.24
183.11282 826.785
183.14952 300.755
184.07172 885.96
185.09180 610.979
185.12833 958.645
186.12361 1783
187.07162 478.972
188.10295 330.242
197.12912 790.987
198.08730 812.656
199.17957 369.724
201.12346 1145.42
202.08243 2990.66
207.11278 2589.61
210.02466 491.121
212.10280 1966.24
213.08656 523.151
214.11911 610.809
215.13879 505.907
216.09819 1888.38
217.08237 339.584
221.12834 1991.83
225.09853 638.48
226.11949 573.419
226.15334 321.649
230.11317 766.417
231.09837 627.744
233.16504 1270.82
235.10716 2007.31
240.13461 338.759
241.09412 458.859
242.14987 462.14
243.13310 478.436
244.09245 1308
244.12799 532.531
244.16568 497.008
247.11119 994.731
249.12366 1670.96
254.14943 356.02
256.12933 462.431
259.07507 999.686
259.10474 1102.2
261.16000 533.025
267.10916 1112.81
270.14468 615.145
272.13785 438.267
276.10147 3290.51
277.10437 368.645
283.14218 1039.42
284.13867 330.102
285.11847 1768.83
289.16202 4512.82
290.16556 531.719
295.10349 401.173
295.14212 412.605
300.15671 457.172
301.15005 817.152
302.14691 306.365
311.14050 468.937
312.13068 2506.84
313.11322 2231.08
313.15350 695.635
329.19479 564.699
330.14114 3237.35
330.20084 532.607
331.11966 430.389
331.15097 316.074
332.15939 866.814
337.15601 437.261
339.16599 495.142
340.16266 323.92
346.12256 421.2
350.13522 4561.75
351.13959 814.69
353.11240 353.685
355.12622 616.543
358.17395 826.66
359.14084 1180.32
361.15393 502.436
363.15472 344.173
366.17673 1325.69
367.15973 380.097
372.67920 320.067
373.13580 1062.92
375.16974 497.863
377.14969 1696.52
378.18036 780.801
380.19843 411.33
383.20172 867.84
384.18738 4103.98
385.19135 503.594
387.70914 677.351
394.16879 840.9
396.18604 377.408
401.21436 2343.57
402.22214 390.75
408.19266 707.558
411.19879 812.484
412.18286 2405.66
413.18283 570.704
418.20499 2766.64
419.20645 494.307
423.19797 329.098
424.18402 313.157
429.20929 3073.51
430.21201 495.979
435.22488 550.485
442.21042 499.039
442.27722 345.224
443.18927 877.879
460.22253 569.206
460.29132 924.244
461.20264 443.348
461.28448 356.885
462.22769 379.147
467.22681 416.405
474.18405 556.653
475.72623 607.75
476.22314 913.758
478.23398 371.596
479.22952 1310.43
480.23303 352.242
495.22061 1157.77
495.74652 2126.07
496.25430 550.013
506.20499 631.614
512.24634 1123.55
513.25110 337.124
518.22729 388.015
531.29175 2760.32
531.76605 1361.31
532.29437 808.992
532.76599 448.747
559.21545 628.967
562.27673 359.694
569.25439 346.552
575.31219 852.104
576.24628 957.247
587.26678 395.813
589.23273 344.497
590.26587 906.018
591.27338 383.065
593.26642 325.098
596.80286 358.411
597.29779 520.98
603.78967 333.593
607.24573 468.806
608.27283 540.951
612.79681 3060.5
613.29736 1869.89
613.80188 701.588
614.29517 382.33
616.29150 655.569
617.29950 337.29
640.32019 1129.19
640.82318 362.282
643.80481 385.889
644.29907 414.558
644.64612 398.314
645.30865 378.625
654.29510 475.085
659.38470 5516.47
660.38672 1910.97
660.64038 407.908
661.31879 463.078
661.38190 387.676
662.31763 515.018
665.98724 447.093
666.31366 725.04
666.82178 423.067
667.31506 626.362
672.33051 445.584
673.30566 1312.18
677.33435 403.556
677.66522 385.902
678.33356 346.916
679.84894 339.888
686.33173 2178.16
686.83331 2254.51
687.34064 486.593
688.31396 621.341
688.84668 6663.9
689.35052 4038.72
689.84723 1757.33
690.35870 641.239
703.41144 728.3
704.32733 599.801
706.30804 382.217
708.37262 366.848
720.34949 376.905
723.38214 624.676
724.33856 379.065
727.84467 404.379
728.35083 505.678
736.85559 3098.55
737.35754 2660.24
737.85620 1187.04
738.37128 376.206
739.01465 441.662
739.35016 372.842
744.34381 1327.82
745.38867 1224.25
745.88977 1423.82
746.39459 600.842
754.31091 515.99
757.39972 407.187
758.37128 345.452
759.37170 376.377
760.35217 500.369
770.34790 445.942
772.33344 544.821
774.41083 4143.39
775.41492 1725.73
776.02509 357.794
776.44061 914.613
776.76184 816.179
777.10669 674.985
781.70557 454.905
782.03394 686.502
782.36029 618.136
787.38745 1088.96
787.70715 368.747
788.37451 1062
789.38074 534.933
800.91150 776.192
801.40009 1821.36
801.89252 1497.2
802.38715 543.463
803.37042 396.031
808.37268 727.668
808.47693 738.113
808.94806 526.957
809.35748 847.862
809.90131 771.416
810.38971 4444.07
810.87964 2577.61
811.38678 1468.91
811.89575 513.53
815.38367 375.643
816.39429 407.9
821.34625 518.785
827.36066 480.638
843.38763 360.459
844.38007 341.847
845.39233 2339.5
846.39789 924.123
851.90833 1164.08
852.41071 1092.6
852.90430 786.916
853.38818 422.28
860.91168 4589.28
861.41229 4235.07
861.91016 2186.33
862.40906 912.274
866.93304 856.816
867.43713 764.19
867.92938 380.275
879.40582 462.441
881.38965 393.369
885.43243 362.945
886.42230 455.393
898.45203 349.9
903.44165 2790.39
904.44733 1053.2
906.92609 398.738
907.42432 1803.2
907.92456 1278.68
908.42682 811.154
915.42181 462.959
915.93683 2064.61
916.43237 4452.93
916.93231 4016.51
917.43109 1952.44
917.93127 1032.32
921.48340 540.324
922.46387 394.076
923.44995 639.584
924.94177 2906.74
925.44293 3474.69
925.94623 2054.54
926.43549 774.644
928.50586 392.33
930.43341 461.954
930.92572 440.96
931.44025 944.159
931.95197 772.819
932.45770 573.018
934.40533 375.201
935.39752 409.718
936.40137 485.61
944.46399 744.892
944.96777 470.579
945.47150 713.902
948.94128 485.285
949.43591 717.831
949.93011 436.319
950.45923 654.741
951.43707 899.409
952.42810 742.992
953.42743 436.795
954.43512 441.825
955.46283 422.388
956.44653 428.649
957.45721 922.458
957.95020 1122.11
958.45337 1029.73
958.90332 362.136
959.06616 678.619
959.56012 988.723
962.45587 383.989
963.95819 402.683
966.46014 3481.52
966.95947 3281.92
967.46216 2099.12
967.93042 509.153
971.44836 511.419
971.95288 636.138
972.46021 1299.22
972.95337 510.362
973.46332 1257.79
974.45978 465.821
980.47296 383.079
980.93982 745.557
981.44397 700.605
981.96857 1180.17
982.47357 889.105
982.97540 574.284
983.48639 377.659
989.45093 856.696
989.94775 1181.75
990.48297 10974.8
990.95044 468.66
991.48663 5143.49
992.49457 1761.32
995.42853 372.514
998.46057 3992.87
998.96173 3901.19
999.45990 2909.23
999.96185 1244.26
1000.45313 377.037
1003.44330 436.136
1003.95612 420.939
1004.49286 566.442
1004.97754 367.706
1007.48547 657.197
1008.00812 497.178
1008.52820 408.652
1015.98761 850.525
1016.49463 965.703
1016.99774 408.836
1017.46161 402.081
1018.43036 347.294
1019.42322 408.616
1021.49829 611.575
1029.48816 394.193
1030.48743 385.262
1035.44702 862.625
1036.45386 656.533
1037.45459 392.978
1038.99365 408.411
1039.47620 542.596
1043.51221 857.766
1044.49854 873.646
1045.49854 382.808
1047.99084 524.141
1048.50098 844.099
1048.98596 750.929
1052.98999 482.062
1053.47485 752.935
1056.48840 374.658
1057.48193 385.13
1061.52100 13391.7
1062.52563 6685.41
1063.53125 2369.94
1064.52856 915.885
1065.51672 357.26
1066.54272 464.854
1078.50549 390.027
1096.04199 369.809
1096.51709 489.95
1097.02148 396.913
1101.12292 473.588
1110.49890 374.417
1119.52454 435.513
1136.56458 596.865
1165.52563 367.444
1182.53125 682.139
1183.53052 589.545
1192.59546 665.269
1193.57373 424.213
1202.57751 392.728
1206.58386 493.147
1207.56921 427.771
1224.58728 9423.03
1225.58740 6236.87
1226.59351 2201.61
1227.58728 674.593
1279.63623 697.776
1280.62183 503.73
1286.59729 2406.81
1287.59766 1608.65
1288.58948 711.848
1305.65613 353.524
1354.61658 366.673
1371.65503 5176.74
1372.65771 3544.26
1373.65894 1472.76
1374.63940 568.969
1376.68567 6600.44
1377.68616 4825.54
1378.68872 1711.82
1379.68945 1159.81
1455.69788 518.459
1472.70398 4660.43
1473.70203 3693.11
1474.70679 1721.77
1475.72266 486.144
1489.76111 507.033
1619.77222 2326.77
1620.76953 1862.98
1621.76672 921.046
1622.77600 480.208
1720.81323 1325.77
1721.82190 1290.15
1722.82581 678.477
