2674.24070 3
110.07111 1926.14
120.06580 257.529
120.08066 8640.06
121.08413 740.775
129.06563 372.805
129.10217 2571.29
130.06459 1078.8
130.08623 666.291
133.04289 708.165
136.06172 1525.5
136.07565 3211.26
137.08003 278.531
143.11792 415.229
147.11281 1636.43
157.09735 361.157
157.13335 541.696
159.09152 3237.42
160.09500 262.187
165.10204 5871.25
166.10522 365.106
170.05978 402.562
171.11266 473.994
173.12819 948.259
175.11891 1520.01
183.14868 534.865
185.09203 444.209
185.12807 825.015
185.16487 469.65
187.07085 370.157
187.10797 391.97
191.11783 991.218
197.12869 277.927
199.18019 1173.15
201.12335 522.277
204.07915 508.888
210.02469 446.668
211.14409 285.329
212.10338 562.196
213.08806 275.79
213.15924 417.607
215.13791 370.693
216.09744 325.424
217.09686 3551.29
218.10001 472.371
219.08105 326.59
226.08160 259.683
226.11946 478.392
227.06575 262.277
227.10338 367.552
227.17509 1188.65
228.13361 871.972
229.11823 388.942
232.07469 1129.45
233.16464 1316.78
235.10571 310.767
237.12035 356.808
240.09770 599.887
242.15015 353.652
243.11400 259.319
243.13335 339.636
244.09261 1321.5
244.12900 485.99
244.16577 424.298
245.07793 498.78
247.14447 344.262
249.15927 315.698
254.14948 453.876
258.10828 564.291
258.14343 295.948
260.19604 303.204
261.15958 1167.77
273.13431 1688.26
274.11960 903.308
275.20718 2279.38
280.11124 1738.7
284.10474 701.049
288.13394 6414.55
289.13690 1062.76
291.07956 1384.85
292.12723 292.623
294.18121 458.701
297.11862 527.687
298.14026 347.746
299.17114 1207.77
300.15390 285.054
301.13010 1913.47
302.11313 3695.21
303.11569 514.346
308.10614 6154.82
309.10947 866.485
310.10193 368.574
313.11359 953.045
316.13022 564.377
332.18884 495.75
334.17694 437.648
336.12042 353.512
345.15915 1220.29
348.07013 414.436
355.12674 488.316
360.10040 537.366
365.21722 332.014
373.13525 407.818
373.22339 286.168
374.24561 370.882
379.14307 6950.65
380.14575 1374.04
381.14294 347.632
390.23438 972.151
401.18188 1685.56
402.18375 555.276
412.18478 728.828
424.14444 527.433
430.16772 534.632
431.15802 676.871
432.19513 276.884
436.25443 601.845
440.70584 316.169
442.15543 768.39
445.28421 325.749
460.16867 524.445
464.23367 696.767
465.23651 286.941
476.22540 484.682
484.26144 768.641
485.25943 384.745
490.19870 351.402
492.22885 1124.69
493.22949 337.688
501.26859 460.162
519.27679 1495.31
520.28345 343.167
523.21344 322.681
532.76581 780.531
541.22357 561.686
544.21173 311.806
545.19501 658.662
559.22577 316.038
559.32318 298.256
561.24719 716.795
575.20789 666.151
589.24432 1197.2
590.23523 357.561
597.34375 769.923
606.26752 978.832
607.27222 393.88
608.73706 291.254
613.24213 377.488
616.29559 315.686
617.24915 1078.6
617.75256 820.196
618.25220 394.645
626.25494 549.284
626.74988 318.955
627.26099 408.674
628.22919 380.049
630.35999 458.219
634.30347 2268.18
635.31171 643.423
645.27112 322.949
662.83795 401.407
666.79053 474.639
667.28522 364.57
673.24951 412.508
677.23755 348.26
690.34698 330.015
694.39655 346.041
706.29437 394.739
710.43677 468.582
720.72290 1908.83
721.05737 2934.14
721.39313 2509.11
721.72742 642.04
726.33899 324.05
729.30377 387.347
730.31476 433.448
733.37213 2147.89
734.37756 975.506
737.39490 452.018
742.27350 331.642
743.43365 302.58
744.44568 300.013
747.32477 646.998
748.48169 377.47
759.34509 318.523
760.26813 308.161
775.31848 648.446
790.32355 388.481
792.34009 1015.32
793.33856 312.405
801.37531 359.624
809.42499 396.187
811.41956 364.799
813.92340 464.09
816.41034 1720.78
817.41571 650.782
819.38806 320.904
830.42780 356.612
839.49103 339.332
841.34424 487.981
852.42645 342.548
858.38293 331.365
860.47333 342.82
862.40076 333.392
869.43774 406.766
877.43634 441.303
877.92944 433.6
879.46387 910.291
880.40338 2351.65
881.41144 1178.28
882.40338 566.927
883.42114 354.401
887.44769 3528.38
888.45270 1451.36
889.47266 445.113
891.50909 1133.76
891.95258 513.515
892.48071 3064.41
892.95544 619.491
893.47351 1811.41
894.40649 582.546
904.35315 485.762
905.37000 326.82
906.50439 471.707
907.51123 436.413
909.37750 335.911
918.41675 308.438
921.38641 486.974
927.50488 546.195
933.43701 626.312
934.43634 400.888
936.42926 385.929
941.95154 597.908
942.46521 769.808
942.95612 359.238
943.43182 364.276
951.44421 6255.35
952.44818 2649.14
953.45099 1015.77
954.42468 349.015
977.55164 628.563
978.54950 1050.81
979.54968 435.103
982.50171 353.593
983.51843 398.185
986.48297 318.582
988.42462 357.782
989.37927 337.91
1000.53223 3641.92
1001.53699 1917.85
1002.54456 603.889
1003.01501 352.826
1003.53149 470.485
1008.52069 312.573
1017.51434 378.807
1017.98779 360.526
1019.52313 349.955
1024.49939 376.043
1026.47498 348.798
1026.95520 1103.23
1027.44922 1120.07
1028.49280 354.812
1028.76208 339.657
1032.05798 678.205
1032.56592 835.578
1033.06921 644.203
1034.99316 581.589
1035.49646 645.148
1035.99463 427.671
1036.56580 449.359
1042.52173 704.043
1046.52893 498.692
1051.50134 394.484
1052.48767 331.244
1060.02527 339.267
1060.52563 540.972
1064.52856 6528.11
1065.53455 3018.29
1066.53467 1494.52
1067.54590 367.033
1072.07056 1082.61
1072.57544 1229.51
1073.07446 840.605
1073.59619 430.138
1080.58191 5102.98
1081.08228 8694.43
1081.58472 6484.94
1082.08545 2836.08
1082.58557 594.474
1083.54590 389.384
1083.99634 365.881
1090.63916 446.689
1091.64111 746.046
1092.01514 694.884
1092.49512 726.521
1093.01550 466.99
1102.49487 331.582
1111.53333 357.883
1111.99487 595.077
1112.50928 1035.05
1112.99365 665.871
1113.62451 1711.32
1114.61670 1078.71
1115.62720 375.332
1116.58203 420.024
1119.45532 318.045
1123.75061 397.453
1133.60046 1145.04
1134.60181 754.307
1137.13538 395.237
1137.62451 1244.44
1138.12463 845.687
1138.63391 558.831
1143.57190 1138.73
1144.56726 433.499
1149.06323 434.821
1149.55347 327.777
1163.56335 308.519
1164.46729 310.695
1176.52844 823.574
1177.02625 848.134
1177.61902 2957.02
1178.61768 2025.55
1179.62512 712.022
1184.56970 638.249
1185.09351 356.497
1187.14587 387.328
1226.05798 754.496
1226.55383 936.983
1227.06055 347.08
1227.57422 353.896
1233.48608 790.731
1234.49536 894.436
1235.48047 326.048
1251.50586 446.926
1252.48438 359.773
1253.17017 514.201
1253.70715 379.006
1254.19873 332.642
1260.68726 3092.14
1261.68982 2257.67
1262.69434 804.425
1306.70776 335.335
1307.68909 349.168
1315.53162 325.311
1324.68140 5087.07
1325.68335 3804.05
1326.68579 1654.05
1327.67639 474.146
1332.56689 342.244
1333.54480 321.758
1359.75562 625.203
1360.76184 464.928
1411.68518 491.562
1423.76514 1064.45
1424.75488 894.971
1425.76062 322.168
1446.79517 760.784
1447.78809 493.573
1448.80981 359.272
1510.78589 1177.55
1511.79028 843.434
1512.80005 418.835
1638.86987 413.106
1689.90491 438.292
1690.88916 387.028
1753.87463 564.545
1754.87842 615.221
