3297.60268 4
110.07113 1858.26
120.08067 3776.5
127.08681 421.183
129.10208 1153.58
133.04279 527.648
136.07571 2172.44
147.11316 678.068
155.08131 1126.38
156.07675 502.56
159.09148 1338.46
159.11288 1190.9
173.12888 471.411
175.11890 1070.73
183.14931 358.228
185.16464 760.638
187.10760 654.156
191.11757 720.037
199.10725 293.839
199.18066 469.07
201.08675 451.613
201.12325 809.761
210.02559 326.238
211.14474 323.319
213.15987 657.694
215.13879 584.899
216.09735 301.848
219.11275 464.415
219.14914 1103.81
225.09796 645.25
227.10187 354.951
227.17659 344.004
229.11694 536.629
233.16533 378.797
243.13461 848.434
244.16455 459.499
247.14412 706.217
249.12354 439.951
251.10310 377.27
251.15099 364.059
253.09450 378.809
268.16550 1873.03
274.11871 337.365
277.11835 1072.33
279.09674 864.922
284.15994 841.642
288.20383 357.499
318.14963 461.182
342.17740 505.132
348.16751 533.878
353.25400 943.739
359.20325 1693.67
366.17719 2732.13
367.17999 449.777
369.25653 384.174
376.18671 661.608
378.16440 720.928
381.24915 1016.65
387.25992 585.397
397.11877 480.82
397.24463 831.341
398.14804 1438.26
409.24658 338.509
415.25467 302.537
425.21210 322.004
452.32266 670.731
453.20828 866.66
458.31027 548.151
472.28760 1145.67
473.29230 330.532
480.31769 577.918
483.23877 325.74
511.23318 1531.03
512.23712 389.194
525.72858 813.093
526.22986 471.323
542.84717 1023.23
543.34607 370.647
563.28613 395.205
576.27142 405.075
586.31122 962.049
587.31512 537.828
590.25275 648.973
590.75586 506.903
591.32440 1412.5
591.65955 1473.58
591.99323 573.63
618.85248 667.878
625.77167 486.146
630.31561 343.017
630.81738 402.559
635.35065 4261.75
636.35437 1318.91
642.89221 332.599
644.81744 515.084
659.82324 376.378
664.63867 345.478
669.28174 681.502
671.40991 365.882
683.36523 782.575
683.69232 873.608
684.02930 328.217
694.37567 651.175
695.37262 429.076
699.39709 1143.23
700.39758 830.793
701.40039 524.298
704.96490 1687.57
705.46906 1133.84
705.96881 323.295
707.04120 1702.13
707.37024 2005.5
707.71118 943.592
708.04022 520.025
718.91235 340.051
719.88892 578.086
723.01501 527.109
723.34839 494.726
734.42157 2528.85
735.42499 1196.35
737.36407 714.384
737.85614 1315.85
738.35693 829.868
739.71234 392.888
740.05072 557.586
740.96973 489.347
741.46735 459.385
749.39001 477.015
749.97137 10991.9
750.47186 7408.5
750.72388 467.312
750.97504 2427.49
751.32281 451.092
758.41858 334.748
758.96979 393.217
759.62854 409.726
760.93719 1204.45
761.43384 1048.11
761.93646 366.641
763.62256 1507.45
763.87469 2377.32
764.12463 2093.19
764.37366 2144.8
764.62433 618.646
767.35968 402.518
768.12494 4748.01
768.37775 8237.63
768.62756 9235.1
768.87878 4876.18
769.12787 1856.62
769.37946 965.579
769.62610 430.587
771.11053 917.859
771.36292 1860.76
771.61139 1483.4
771.86511 1032.84
772.12170 674.543
773.73749 613.469
774.08240 702.095
774.42273 420.897
775.40045 338.618
777.34064 648.5
777.83649 457.092
779.36847 533.818
779.70294 474.923
780.02557 582.263
780.35016 789.626
780.68140 607.694
788.38635 462.542
792.06018 418.186
792.38159 695.591
792.62177 499.428
792.87646 702.819
793.13281 553.004
793.39514 399.04
793.74164 1190.52
793.89764 650.908
794.07739 1072.44
794.40540 2088.87
794.90259 1189.85
795.40100 719.431
796.88568 1511.68
797.13452 2649.88
797.38416 2257.21
797.63458 1565.15
797.88879 1247.56
798.95215 429.668
799.46283 434.107
805.40344 742.232
805.63953 496.626
805.90863 1107.04
806.14594 738.049
806.39862 634.554
807.96765 542.958
808.39410 678.637
808.46930 848.901
811.69995 514.841
812.05969 457.92
812.38214 1311.87
812.71729 832.871
813.03894 359.578
813.37457 451.217
814.41229 338.27
815.40277 355.587
815.90692 820.544
816.15002 726.769
816.40045 2940.4
816.64850 2048.03
816.88513 1727.48
817.01398 518.15
817.15009 689.13
817.36890 575.563
817.50262 452.595
817.71094 1004.17
817.95624 2055.1
818.34283 1032.74
818.46960 2169.71
818.71857 809.578
818.94641 1179.44
819.33923 365.819
819.47937 412.079
819.70404 392.649
820.02203 582.197
820.39575 759.869
820.64728 3810.15
820.90149 7894.4
821.15247 6859.56
821.40057 4674.97
821.64941 2693.8
821.89819 726.461
822.75171 541.328
823.08813 647.533
823.42987 679.412
824.36896 3641.98
824.54803 387.996
824.70245 1777.11
824.88403 4138.41
825.15503 13860.6
825.40137 33910.2
825.65289 25808.8
825.88580 15300.6
826.00018 5127.51
826.15509 7961.48
826.37451 8431.07
826.50555 4903.81
826.60339 1011.91
826.76062 3375.31
826.98248 2872.82
827.37762 1788.84
827.74237 706.292
832.34155 1712.56
832.84772 357.244
833.34174 729.044
841.37885 614.782
842.38147 482.905
843.42816 615.34
843.93335 697.316
844.42657 553.481
847.50409 1067.49
848.51050 353.117
849.39630 640.734
849.73029 747.394
850.06036 433.511
855.39758 1873.64
855.73425 2050.42
856.06708 1746.88
856.39905 1038.84
859.42902 459.931
860.42291 425.57
861.45209 551.406
861.83179 342.035
873.45416 352.231
876.41034 940.031
876.91040 722.707
877.10236 928.023
877.44275 1624
877.77789 1076.67
878.10809 592.227
882.42578 714.329
883.08636 401.224
883.42145 377.604
886.48291 4578.03
886.98419 4338.96
887.48572 1983.22
887.99200 712.708
888.41516 1084.27
888.75629 1731.77
889.09015 1744.99
889.41742 727.448
891.08588 414.194
894.45642 1108.48
894.96002 1142.39
895.46399 369.812
898.48480 417.555
908.51605 994.348
915.45844 874.542
915.78577 1404.07
916.11993 1172.24
916.47174 578.023
927.35712 374.932
933.92487 1654.46
934.42218 1781.31
935.01666 1906.77
935.50732 2021.67
936.01068 776.758
943.11597 719.56
943.45984 623.535
944.09985 464.312
944.51648 463.475
948.53882 391.099
949.13422 2131.38
949.46912 2753.92
949.80432 2464.07
950.13928 1431.73
950.47827 556.271
951.00385 2967.46
951.50922 3815.69
952.00629 2094.74
952.51129 784.334
952.79504 544.929
953.45770 689.681
954.48462 645.403
955.48010 543.377
955.91229 367.194
956.39142 550.525
956.91785 473.003
960.46204 363.104
961.51630 551.094
962.02686 606.693
965.49231 961.122
966.47705 848.171
972.48822 812.782
972.81134 511.895
973.07733 398.44
973.48578 479.864
973.98260 353.546
974.47571 503.083
974.96967 1068.87
975.47424 739.682
978.14673 3518.48
978.48212 5917.57
978.81403 4535.17
979.14642 3303.13
979.49750 1149.49
979.83411 366.822
980.42035 701.63
983.40289 699.097
983.98907 4986.3
984.48907 3974.87
984.98822 1510.86
985.49023 493.991
988.48358 503.334
989.44525 1038.71
989.93048 791.256
990.44543 558.142
991.44873 385.187
992.50311 374.102
994.64276 368.441
995.54688 392.821
995.82916 561.049
996.44885 357.935
997.95618 4636.7
998.45215 4851.75
998.95380 2838.97
999.45215 1126.06
1010.49384 383.21
1013.41656 983.633
1014.42072 436.402
1018.52203 442.117
1023.82843 744.763
1024.15625 780.088
1024.53577 4016.35
1025.03870 4512.61
1025.54285 2963.28
1026.05054 1059.47
1026.53186 619.533
1027.82288 824.716
1028.14856 1621.32
1028.48157 1302.74
1028.82605 957.328
1029.95508 391.117
1030.47815 377.749
1031.50769 500.949
1031.99304 525.372
1032.52820 497.565
1035.52478 412.601
1036.56348 554.235
1037.01501 401.913
1037.52588 628.037
1039.55347 463.755
1040.54456 514.591
1041.03418 392.442
1047.48694 5579.61
1047.98975 5533.88
1048.49060 3195.09
1048.98645 1567.57
1049.44531 1223.79
1049.94031 629.307
1050.44714 1620.81
1051.43701 609.087
1060.05823 3303.5
1060.55945 3659.87
1061.06140 1929.03
1061.56970 898.183
1062.51416 550.045
1080.52832 467.791
1083.50525 478.483
1084.01746 344.328
1089.01904 500.349
1089.49426 672.622
1090.00208 387.73
1090.50391 429.405
1097.56860 386.162
1098.46533 347.777
1098.98499 654.376
1099.48779 626.461
1100.01038 449.014
1102.52527 804.484
1103.02356 892.47
1103.51917 514.088
1104.03076 2514.81
1104.53394 3147.56
1105.04199 1563.99
1105.55603 558.923
1113.44214 621.055
1113.95520 979.452
1114.44312 735.381
1114.93860 413.625
1115.46423 343.871
1117.53052 346.87
1118.49805 452.491
1120.62134 397.954
1124.58191 2521.59
1125.07971 2357.87
1125.58191 2134.52
1126.09436 898.215
1126.48682 678.046
1136.57727 536.546
1140.56946 567.249
1141.56177 483.951
1145.00806 583.667
1145.48877 373.887
1146.03503 974.494
1146.53625 1072.21
1147.04651 505.69
1154.02271 438.997
1154.53040 474.797
1160.09607 2382.46
1160.59570 2925.43
1161.09033 2198.52
1161.59473 1382.89
1162.09802 384.355
1169.53918 379.57
1177.55115 354.182
1178.51550 346.491
1179.47986 807.315
1180.49182 523.245
1182.68408 415.954
1200.69568 566.505
1208.57727 345.868
1209.57202 483.857
1210.04590 406.295
1217.55762 453.575
1218.04419 439.983
1218.71826 788.222
1219.03760 560.104
1220.63916 398.391
1226.02893 361.459
1226.54114 637.504
1227.04675 430.371
1232.55164 382.313
1233.64893 530.335
1234.13513 1186.67
1234.66101 694.353
1236.69678 783.333
1237.68921 357.26
1248.59863 384.371
1250.52478 951.203
1251.53320 681.345
1273.58325 818.191
1274.57666 565.81
1282.59778 644.652
1283.09790 631.579
1283.59192 808.806
1288.61536 537.054
1289.60144 394.053
1307.72339 452.277
1323.68286 590.557
1324.70764 410.161
1332.63013 389.862
1347.60803 473.86
1348.60913 413.662
1473.71045 375.403
1475.69592 399.615
