3056.63504 3
136.07541 659.461
147.11241 427.107
157.09688 214.112
185.09129 315.721
185.16391 246.848
187.07146 198.118
211.14355 299.867
228.13481 221.211
235.14331 217.841
237.13397 213.879
238.11810 222.367
249.15903 280.875
256.12796 297.978
258.14627 236.694
260.19635 489.966
263.13803 240.202
270.18250 192.148
277.15414 253.407
286.13907 1584.41
287.14218 197.417
324.22791 245.319
341.21661 363.919
369.21402 264.063
371.18372 222.739
376.22238 266.892
414.21448 239.23
421.20813 394.054
440.25229 221.371
449.20209 861.092
450.20306 208.914
470.33286 2119.4
471.33582 522.521
482.96286 347.156
491.24936 205.699
513.28156 308.172
528.92462 431.082
534.28925 419.309
562.28577 932.241
563.29053 281.332
583.06934 919.792
584.06793 194.119
585.84589 542.612
586.34949 475.335
586.84814 195.407
601.08203 477.454
617.40009 516.57
618.40582 241.331
661.35223 438.456
701.35712 474.398
719.14294 817.131
720.14587 262.371
723.32336 492.929
724.32446 255.287
731.43970 696.579
732.44586 273.368
740.40814 414.115
765.10535 518.085
771.35919 307.723
789.40558 266.846
802.47894 1285.96
803.48499 566.475
839.48004 198.843
870.43658 241.437
886.38922 470.982
888.48523 444.456
915.56482 754.665
916.57050 406.356
955.31702 686.278
956.32916 384.751
981.45581 258.711
986.60339 452.286
999.48425 480.722
1000.48584 316.016
1018.67432 526.41
1019.27582 246.615
1019.49036 477.596
1019.67407 291.576
1020.50378 467.012
1073.63562 467.373
1074.63123 307.301
1097.54626 308.582
1098.54858 431.736
1099.55042 287.679
1153.61157 242.524
1170.68530 2316.1
1171.68750 1762.95
1172.69067 477.563
1209.57495 433.718
1210.60303 275.536
1226.60364 373.626
1227.60852 217.191
1239.61987 235.056
1248.68127 271.078
1285.70691 570.721
1286.71545 471.53
1325.67151 519
1326.67151 482.332
1438.73706 255.58
1439.75830 304.242
1529.79858 270.281
1530.78870 220.46
1556.72314 251.053
1658.84839 363.264
1659.85461 311.916
1756.96240 248.075
1772.93933 292.763
1886.94617 529.37
1887.95032 544.573
1888.98730 322.08
