1471.76970 2
110.07099 4744.15
112.08665 439.244
113.07085 442.437
115.08619 994.854
116.07007 376.043
119.08101 885.316
120.08054 1852.7
129.06564 3138.68
129.10199 6538.56
130.04929 485.949
130.08591 1897.13
133.04286 492.719
136.06158 688.262
136.07552 3011.41
141.06558 3894.7
141.10162 705.37
143.08112 1039.2
143.11758 1953.08
147.07620 1969.81
147.11255 4403.38
155.08153 801.543
155.11758 2431.69
157.09735 504.37
157.13359 664.82
158.09207 2148.49
159.07596 414.791
159.09117 919.537
167.08136 1131.73
169.06053 5700.4
169.13257 612.079
171.07558 370.441
171.11252 4090.96
171.14848 782.98
173.09183 942.599
173.12788 489.142
175.11862 3898.92
181.09689 448.797
183.11186 494.484
183.14900 1115.87
185.05435 655.416
185.09250 498.326
185.12796 1839.72
186.08693 13999.9
187.07062 655.436
187.09068 727.652
195.07585 1620.1
195.11288 436.204
196.14395 512.24
197.12807 2671.7
198.08646 460.74
199.07085 545.508
199.10683 676.718
199.14377 997.108
201.08661 2724.07
201.12283 1133.13
203.12056 1856.17
209.09079 422.141
211.14371 686.648
212.10274 2130.7
213.08649 1886.61
213.12328 397.308
214.09860 386.522
214.15428 1623.21
215.13884 473.492
216.09746 1356.56
218.15015 619.329
222.12309 352.349
223.07106 369.31
223.15393 729.042
224.13989 620.782
225.09888 459.698
225.12228 530.569
226.08223 1628.33
226.11723 872.874
226.15387 699.61
227.07057 448.238
227.09686 545.653
230.11324 4467.71
231.11340 902.636
239.15071 1110.97
240.09769 6732.02
240.13361 2083.37
241.08173 1570.59
242.14941 7256.93
243.15109 736.276
244.09222 4511.18
244.16479 454.13
245.08379 534.51
248.12489 372.002
254.07645 761.658
254.14822 804.28
255.11060 478.868
256.12772 449.232
256.16495 2852.37
257.15970 2614.2
258.10837 5645.15
258.14468 4766.23
259.11139 496.055
259.14694 645.07
261.11957 632.907
268.16507 842.014
269.12424 360.927
270.10834 1385.62
270.18051 3321.23
271.10223 385.334
272.08694 747.832
272.17444 538.494
275.17062 3617.54
276.17493 499.806
280.09207 468.071
284.12308 1555.09
284.19672 514.735
285.19135 460.91
287.13342 822.265
295.17554 473.637
296.16000 1896.56
297.11789 2918.31
297.15466 439.55
298.10251 5353.72
298.17639 563.689
299.10706 463.074
299.16992 498.239
300.15442 2214.73
301.15146 780.382
302.13321 1592.32
308.15710 673.725
309.11780 433.129
310.10236 755.707
312.04898 418.517
313.18646 3390.85
313.22363 1168.19
314.14658 607.79
315.12939 9181.77
316.13318 1040.89
322.18588 814.241
323.13809 716.31
323.16846 1229.97
325.18579 1213.3
326.16876 641.41
327.23761 1310.03
332.15552 2808.95
336.13623 490.608
336.14957 489.937
337.11319 1589.45
338.09552 607.515
339.20233 584.964
341.14606 1577.3
341.21750 4622.68
342.22186 575.797
343.16217 500.341
343.18872 387.723
353.18127 3344.34
354.13889 919.502
355.12302 1758.3
355.23322 2495.58
356.19189 914.359
356.23679 425.049
358.20685 1142.47
359.18900 679.493
365.10876 940.139
365.17786 389.956
366.21115 448.774
367.19849 1972.32
368.19373 449.073
370.21100 371.975
371.19235 1613.32
372.15030 3234.55
373.21759 681.447
376.21823 10715.8
377.22076 1716.65
380.15555 452.497
381.14435 438.957
382.13474 612.832
383.11804 1546.01
383.19186 2549.24
384.23007 900.539
386.16727 864.933
396.22083 412.879
398.16748 413.261
399.22238 638.904
400.22131 610.088
401.20224 1166.57
405.17694 493.554
407.19473 686.567
408.15128 2717.76
412.18326 1105.29
412.25513 2107.5
414.23590 593.677
423.18628 1027.8
424.21826 1589.12
425.17145 679.021
426.16104 2638.77
426.27258 689.201
428.21228 555.363
430.19022 791.448
438.26920 486.884
440.21255 392.391
442.22849 2018.73
443.18851 1829.51
451.18289 576.249
452.25278 406.531
454.23062 557.712
454.30334 734.593
455.29416 383.633
466.26547 1168.87
468.20688 555.409
469.24338 1117.43
470.26398 962.67
472.28256 901.1
476.21246 595.401
478.22876 537.46
482.25934 552.328
483.29907 457.5
485.23093 619.492
487.25061 3114.38
488.25381 678.78
494.22394 1412.06
495.25885 472.106
496.20065 547.435
497.19461 427.269
505.26056 4788.07
506.26382 1227.08
511.25018 1559.02
513.25922 406.049
521.23712 400.739
522.21735 828.348
525.23291 694.293
528.27661 539.843
529.26233 438.468
539.24200 1283.48
541.30872 896.023
553.29938 755.938
556.27045 893.485
558.28754 1578.24
559.27643 630.891
565.26624 403.079
567.31366 458.872
576.29730 10410.7
577.30084 2596.97
578.30334 398.266
582.29114 733.159
583.35895 1326.23
609.34869 670.612
610.27588 618.707
624.34106 705.745
627.30408 401.681
628.34009 391.485
632.37494 413.788
638.35681 542.462
657.35907 1039.68
658.34924 460.717
670.70959 721.895
671.03979 810.477
675.36536 7002.43
676.37091 2696.25
676.70947 745.948
677.04608 569.311
677.37714 467.884
729.38702 451.044
735.36499 509.723
749.42828 1286.32
750.43127 672.128
756.43390 440.165
774.43549 3847.91
775.44391 1224.12
784.42792 410.807
827.46490 527.733
828.46930 398.064
845.47137 4963.25
846.47516 2018.04
898.50104 747.399
899.49164 654.425
916.50842 5782.04
917.51031 2277.83
918.51190 591.668
932.41083 566.932
1029.59338 2115.13
1030.59460 845.873
