2181.10855 3
110.07039 1639.03
120.08046 13825.5
127.08619 2674.29
129.10199 30230.3
130.06480 15307.8
130.10538 2267.85
132.08043 7912.97
136.07541 10089.5
147.11238 1794.1
159.09138 50599.9
160.09506 4392.27
170.05962 17852.3
171.06326 1676.72
175.11839 2109.98
184.11086 2633.15
186.12729 14939.2
187.08594 10278.3
187.13135 1897.69
196.11063 2473.28
198.12239 1422.15
201.12289 2404.16
209.09166 4781.48
213.08612 3350.62
213.13818 14904.8
214.14157 1718.68
225.13417 2456.81
226.11838 21555
227.12196 1958.59
234.12273 2000.97
237.12291 23264.2
238.12717 3104.01
241.13300 43739
242.13655 5841
243.14482 23321.4
244.14871 2704.98
258.15948 100554
259.16293 16893.6
262.11771 10414.1
265.11774 23261.2
266.12177 3044.38
269.12790 11019.7
270.13007 1687.41
283.14337 7494.88
284.14496 1347.72
286.15445 23410.4
287.15799 4385.13
288.20102 3552.6
298.15417 3106.89
303.21335 2797.85
326.14664 3883.79
346.17535 3368.86
352.16492 3728.62
355.17538 2217.45
366.21350 2607.57
369.19177 4146.99
370.17340 3984.79
372.20166 2166.82
373.18533 11674.6
374.19138 1740.03
387.20178 6033.93
390.21259 8990.77
401.17969 1590.33
401.73212 1849.45
412.18512 9218.01
413.19070 1617.1
416.29758 15900.3
417.24500 2141.66
417.30029 3035.33
425.18054 3595.05
441.19748 3343.03
481.20636 1613.19
483.26001 1387.28
512.23499 1581.04
515.78851 1977.56
526.22876 4693.1
536.25012 2086.93
545.33917 12615.1
546.34271 2086.84
553.27441 2036.98
603.32684 2148.67
621.82562 11212.2
622.32794 8042.46
622.83069 2424.26
637.29700 3684.7
654.32471 1862.1
674.35846 4065.36
677.36139 1646.33
677.86145 1575.18
683.33807 1446.28
685.87415 11151.1
686.37457 8846.72
686.87238 3087.23
716.03308 2039.7
716.36151 1723.09
716.70044 1760.07
731.41809 15351.4
732.42352 5283.79
734.37524 1686.25
742.89490 6018.39
743.39441 6040.88
743.89191 1851.75
752.37421 1628.16
752.88922 1492.13
764.43860 1482.6
785.42932 1769.6
789.38873 2885.53
802.45587 34975.7
803.45795 14578.6
804.46478 3053.19
807.91766 3848.7
808.41949 2421.25
808.91962 1607.26
816.42914 13728.3
816.93079 11489.3
817.43091 5622.24
830.40112 2031.28
833.90338 1420.76
866.40137 2192.11
867.41901 1457.39
875.43549 1825.93
875.92664 2764.43
884.44128 4155.62
884.93671 3415.44
889.45081 3193.97
889.95721 1589.89
897.95923 7556.12
898.46332 7551.03
898.96362 4944.57
899.46570 2467.7
901.44965 1450.3
902.46936 3636.56
903.45697 1876.43
917.48279 20023.9
918.48322 10072.3
919.49518 1826.82
931.46729 1549.72
939.97083 8262.17
940.47382 7652.39
940.97516 4199.3
941.47266 1610.38
948.48224 24341.3
948.98596 23976.1
949.48724 14952.7
949.99384 5854.59
989.51117 2514.16
990.03284 1564.46
998.02008 6537.6
998.51904 8998.83
999.01501 4991.15
1017.49542 1750.84
1018.50830 1806.4
1030.56555 18457.1
1031.56836 9778.86
1032.57324 2825.65
1094.52527 2030.17
1095.52271 2178.12
1096.54297 3115.14
1097.53760 2153.67
1114.55115 17705.3
1115.55396 10051.3
1116.55762 3771.46
1134.52356 1435.53
1145.59216 9742.61
1146.59912 4888.15
1147.59558 2105.95
1224.63611 4770.98
1225.62781 6992.81
1226.62097 2646.19
1242.64404 132415
1243.64807 89243.2
1244.65308 32607.6
1245.66602 6407.83
1370.74243 8188.52
1371.74377 5127.64
1372.75488 2675.94
1484.78748 8097.05
1485.78064 5659.86
1486.81409 2597.91
1631.85303 3405.4
1632.83472 2472.33
