3037.58878 3
120.08047 6673.62
129.10196 1031.87
130.08592 689.291
136.07523 1249.13
147.11252 1651.47
159.11258 820.272
173.12823 896.115
187.10748 1129.64
197.12778 1602.41
199.18048 691.401
201.12291 1085.77
202.08165 790.813
207.11237 873.945
214.11737 472.217
215.13847 15045.9
216.09720 2263.47
216.14217 1625.33
217.09581 789.806
225.12262 3400.69
227.17450 1082.53
230.07643 1334.52
233.16429 3200.1
234.16754 553.204
235.10696 2166.68
243.13339 25054
244.13686 2925.68
257.15945 1475.53
258.14420 2646.89
261.15881 2291.68
275.17062 2172.74
285.11908 1404.3
292.12845 935.973
297.15616 695.575
298.13858 876.076
299.09818 2187.8
302.13339 660.953
303.12848 1408.1
310.21204 1631.24
311.17209 444.682
312.15558 617.276
315.16574 1009.48
316.16644 1082.87
317.10834 1990.81
327.20288 748.636
329.18143 649.838
330.18311 1875.01
338.20676 5699
339.21036 643.499
345.17834 473.565
348.19165 1740.31
356.21713 9406.47
357.22052 1767.87
384.18710 517.389
385.16736 525.351
390.20004 684.503
396.22183 778.335
398.19299 1642.18
402.20087 690.837
411.22372 2218.44
412.18329 1999.17
414.23648 515.433
416.17776 1454.49
425.23932 1144.91
429.24722 570.749
430.19406 1002.31
438.23416 4320.38
439.23563 887.21
449.20193 1150.54
457.27924 819.828
459.22794 526.404
467.18610 955.61
468.16888 560.992
475.29208 951.883
477.23370 732.641
481.24536 468.888
485.19635 1402.73
485.27667 1204.8
499.21066 787.847
503.20523 1229.07
503.29218 1042.7
511.24692 608.271
512.24658 543.403
517.22400 685.723
524.30841 1366.69
533.27478 716.255
551.31622 1872.99
552.32416 494.617
553.25476 632.869
554.29871 1120.81
558.29126 503.111
563.23822 895.177
571.26910 599.773
572.30896 2025.11
573.31079 668.556
580.26331 807.662
581.26001 993.884
582.24951 620.239
589.81128 460.539
590.31702 1452.95
598.27771 1070.26
599.27081 958.712
610.30811 473.804
611.30548 799.748
615.23334 666.299
616.29572 745.557
617.29065 576.982
628.31073 769.391
629.32037 661.708
644.29810 587.093
646.35779 785.35
646.85681 464.467
650.27679 626.668
652.36255 3135.15
653.36884 1541.81
671.37799 779.725
723.37921 491.12
724.40741 1334.9
728.32629 647.634
732.30804 533.361
736.35980 826.439
741.39117 787.414
742.40204 995.164
745.34912 881.937
752.90961 1562.68
753.41028 1702.4
753.91345 889.003
763.37219 479.811
772.36200 758.834
781.40601 3347.63
782.41315 1481.09
791.37189 770.356
792.36035 559.68
809.45416 928.661
809.94885 846.162
813.36816 495.918
814.36401 671.582
831.37183 485.396
849.44849 651.22
852.96674 1922.85
853.46362 3096.83
853.97345 800.757
854.46930 1073.03
855.48950 609.698
901.46777 538.499
904.46051 723.157
908.00720 501.336
908.48798 1127.91
908.97986 876.588
916.99609 748.908
917.50244 686.955
918.46747 8022.89
919.46930 3686.54
920.48419 2161.15
921.48572 1033.53
952.00922 776.235
954.50305 969.018
960.51648 4656
961.01172 5069.54
961.52136 2309.23
962.02069 1008.99
987.47223 778.89
988.45880 538.139
1005.48230 538.973
1013.49823 814.898
1014.04553 542.966
1014.47266 556.353
1014.61035 803.429
1017.04858 1455.29
1017.55096 2102.55
1018.06476 803.34
1018.55029 624.087
1032.51465 867.059
1033.52222 542.705
1047.51257 656.833
1049.58325 705.462
1051.57349 520.798
1052.54053 496.016
1060.57092 1233.22
1061.07336 1744.3
1061.56860 1074.78
1065.53418 7285.47
1066.53955 4287.67
1067.56177 1867.67
1068.59265 999.016
1090.57703 668.897
1109.07947 840.683
1109.57532 783.304
1117.59204 1914.17
1118.09375 1589.83
1118.59644 1208.17
1119.58679 514.337
1145.59900 670.027
1158.58362 527.88
1161.59570 553.373
1166.10486 538.67
1166.59680 1276.35
1167.09253 789.579
1167.60498 691.668
1175.10535 2697.29
1175.60718 3579.21
1176.10364 1843.94
1176.60559 1268.93
1178.61841 6550.26
1179.61926 4442.29
1180.61829 1764.72
1181.64417 568.771
1216.12476 627.488
1216.64172 615.548
1224.63501 826.828
1225.13342 1095.59
1225.64929 1058.02
1230.64001 1703.34
1231.66333 1048.49
1232.65259 501.149
1259.64661 1487.33
1260.15747 1361.14
1260.64844 690.771
1267.71216 523.962
1268.15283 2170.53
1268.65820 4344.6
1269.15894 2607.64
1269.66614 1437.74
1291.70313 6296.5
1292.70544 4639.67
1293.70569 1579.17
1301.68713 509.649
1333.17151 778.54
1341.68738 1231.42
1342.18555 1474.38
1342.68994 1926.07
1343.18811 1168.94
1343.68665 520.769
1358.71399 1088.25
1359.72205 1051.74
1390.78296 1300.94
1391.75940 1029.65
1398.71167 512.497
1430.77063 856.554
1431.77515 597.696
1447.79150 3396.46
1448.79175 2410.43
1449.79578 836.96
1482.79333 708.565
1483.81506 611.142
1486.79333 738.036
1487.80334 1018.01
1488.82666 533.562
1504.81104 12463.8
1505.81873 11456.8
1506.82080 4940.1
1507.83289 1056.26
1558.80774 572.005
1559.81091 637.625
1617.89795 2756.28
1618.89746 3338.92
1619.89331 1350.2
1645.82104 756.018
1646.87817 520.243
1687.94043 499.149
1704.93005 4521.32
1705.92920 3973.59
1706.93066 1972.75
1815.98108 757.648
1816.97888 785.744
1832.98584 665.422
1834.00220 727.905
1903.01709 615.121
1920.01538 3288.15
1921.01929 3560.85
1922.03174 2031.96
1922.98669 498.452
