2968.29636 3
105.06542 4740.58
118.03172 544.639
129.10172 3359.89
130.08551 529.938
135.05911 693.647
136.06128 1781.14
147.11227 1512.27
181.06029 4028.49
183.14876 3698.64
186.12222 1043.74
188.10240 1424.65
198.08705 623.945
199.07098 3921.09
199.10718 668.132
204.13382 5102.01
211.14340 1716.65
216.09735 29272.4
217.10109 2388.43
227.10257 651.834
233.09456 859.733
240.13307 833.104
241.08096 1298.52
256.12848 584.552
258.10785 1053.54
261.08868 865.686
264.06226 1734.32
274.13876 619.111
294.17853 567.982
297.15451 700.919
298.17615 1191.89
305.18170 2681.66
310.10275 876.582
312.04892 1132.27
315.16571 633.873
317.14429 597.126
318.14645 3336.22
319.15219 585.155
327.12860 768.463
328.11273 3517.88
330.05841 2076.77
345.13956 12623.4
346.14215 1672.6
366.21100 876.773
384.22263 3829.04
385.23032 559.584
398.11407 2458.41
402.23380 29040.6
403.23679 4797.09
404.23846 588.946
412.21786 705.539
425.16260 1252.27
428.03494 724.824
442.19174 2065.63
479.27054 944.985
515.31726 2851.84
516.31818 797.647
527.23938 2998.84
528.23950 721.975
555.27545 1296.56
556.31744 693.623
563.79504 944.132
564.29388 618.435
586.35565 1032.12
607.83893 3795.36
608.33954 2865.69
608.83984 1001.73
624.30389 681.487
638.27789 737.745
642.30048 588.585
643.37598 4209.71
644.37939 1445.9
656.28070 859.633
665.35181 4296.59
665.85425 2599.58
666.35767 885.577
685.35431 719.478
722.86658 2635.36
723.36566 2398.87
723.87433 778.356
772.42438 1815.63
772.68573 1417.01
773.02496 1153.55
773.33612 675.439
773.44763 649.213
780.37946 1344.56
780.88245 876.256
783.39655 997.218
784.39105 622.762
785.82507 639.816
805.35181 681.349
805.67938 1007.75
806.37445 1527.56
806.88123 1007.35
813.44403 993.273
814.88898 1545.19
815.39081 1401.18
815.89166 623.89
829.44049 8436.45
830.44159 3000.75
831.05975 795.907
831.46228 723.218
831.73737 695.986
836.73944 890.75
837.06085 4147.09
837.39520 2806.18
837.72668 2193.34
838.06262 813.208
842.73407 12556.8
843.06805 17913.1
843.40021 14108.9
843.73376 6580.63
844.06268 980.088
849.38995 1054.2
863.89087 1413.14
864.37988 973.843
869.39026 1234.46
869.72015 1403.82
870.05310 914.648
870.39282 1048.94
871.37958 961.196
872.40387 2908.6
872.90607 1944.23
873.40985 960.509
873.74347 766.488
874.07788 1695.03
874.41260 808.963
875.39532 5722.02
875.72687 7283.38
876.06165 5364.94
876.39343 2627.38
876.72083 781.673
879.74438 3875.6
880.07825 7139.39
880.41107 5325.55
880.74353 2457.3
885.74799 1816.14
886.08020 3002.69
886.41296 1985.13
886.75195 1491.28
898.41870 1210.1
899.43134 1096.08
907.06464 766.11
907.40125 622.406
912.40717 1785.61
912.73822 2308.79
913.07135 1886.3
913.40393 1545.39
913.74365 779.106
918.74591 1557.6
919.08099 1610.54
919.41254 1557.53
923.08777 748.486
923.42316 978.288
924.75317 939.795
925.08630 1079.38
925.41760 761.747
925.75598 626.299
928.46808 1109.6
934.08795 987.248
936.44977 1833.81
936.95447 1605.17
939.76361 936.241
940.09741 2949.11
940.42969 2409.93
940.76147 1089.88
945.77203 800.031
946.09705 1151.69
946.43921 916.099
951.43927 1866.79
951.77039 3927.69
952.10596 4898.13
952.43854 2015.49
952.76752 797.048
957.42877 9930.03
957.57928 2564.83
957.77814 21100.6
958.11267 16983.1
958.43231 8069.72
958.60083 1382.33
958.78290 3190.25
983.46027 663.767
984.09760 637.296
984.43457 1133.22
984.76624 1076.34
985.09973 949.172
985.42310 710.9
990.10327 2261.36
990.43634 5368.59
990.77234 3710.03
991.10211 2045.06
991.46753 1902.33
991.97552 2970.67
992.46826 2364.12
992.97601 1191.97
1000.48364 2015.5
1000.98151 2047.19
1001.47339 1117.11
1006.45923 679.393
1006.94226 739.033
1021.95319 894.1
1031.45984 843.56
1040.46313 841.465
1040.96057 1414.36
1041.46167 1840.41
1041.95667 897.753
1045.46729 707.291
1048.98438 1029.67
1049.48755 1841.97
1049.97742 1020.63
1050.47241 873.157
1054.48230 1314.2
1054.98206 686.003
1057.99207 2447.46
1058.49475 2385.74
1058.99329 1158.96
1062.98120 2957.79
1063.48474 3383
1063.97839 2440.08
1064.49670 901.152
1068.57410 655.381
1083.47498 649.621
1086.57739 2363.38
1087.57788 1877.01
1106.49939 1084.71
1107.00073 1262.14
1107.49585 908.611
1107.99146 653.846
1111.97046 1082.62
1112.47681 2088.57
1112.96179 1004.95
1113.46741 654.056
1115.00647 3090.98
1115.51245 3053.84
1116.01379 2565.21
1116.51160 824.477
1118.49805 791.441
1119.00281 1244.23
1119.50549 719.734
1127.49133 686.189
1128.00452 788.662
1128.51013 899.519
1141.52405 689.072
1149.53015 1534.54
1150.02600 2713.5
1150.53052 2309.86
1151.02344 1735.4
1153.53247 704.307
1158.53271 8478.05
1159.02930 9973.26
1159.53027 6898.75
1160.02649 3634.61
1160.53430 687.263
1162.00281 646.985
1162.54089 734.735
1163.03223 862.898
1165.00146 869.898
1168.00464 883.328
1178.50439 732.878
1179.00171 676.692
1190.54053 736.408
1191.05530 822.273
1191.53833 841.222
1197.49902 706.762
1198.51428 939.584
1199.02087 866.752
1199.51868 1592.62
1200.05505 1188.95
1200.54114 955.686
1207.52454 3112.95
1208.01807 2941.02
1208.51807 2130.88
1209.02393 1388.99
1209.52600 662.413
1211.52551 862.922
1214.68079 1853.71
1215.07422 1683.19
1215.53979 2233.7
1216.06921 1412.36
1221.04260 977.856
1221.55359 679.409
1222.03894 975.039
1226.04419 674.262
1226.54871 1409.3
1227.04089 1274.55
1227.54980 1429.87
1235.04932 2997.4
1235.54871 4463.75
1236.04980 2437.41
1236.54858 731.958
1242.55969 1008.66
1243.53992 761.954
1246.58289 1318.23
1248.05774 646.319
1254.59204 3423.08
1255.08923 5639.18
1255.58545 5368.94
1256.08948 3230.5
1256.58154 1939.21
1263.59863 16519.4
1264.09680 23326.2
1264.59900 18050.2
1265.09656 9292.22
1265.59192 2452.43
1284.04956 1371.99
1284.54419 1409.19
1285.52417 634.52
1295.07458 758.899
1303.58105 1167.76
1304.08240 2262.91
1304.58374 1088.82
1305.07166 690.651
1305.55884 740.133
1310.11609 655.203
1310.61938 913.217
1311.10657 973.058
1311.59839 876.951
1312.57910 3982.14
1313.08875 5870.03
1313.58557 4816.81
1314.09241 2513.25
1319.11560 2645.78
1319.61133 4108.6
1320.11218 3860.34
1320.61536 2438.19
1321.11523 740.057
1328.12354 3039.79
1328.62256 4774.88
1329.11829 3378.69
1329.65466 1523.09
1334.60693 638.018
1335.07935 655.728
1368.11328 1072.79
1369.10388 1231.38
1426.59241 651.091
1444.72766 977.884
1611.74963 801.676
1612.75195 683.069
1628.77759 664.477
1915.80969 823.371
