2299.08725 3
110.07094 2291.22
120.08054 53158.2
121.08394 3837.97
129.10207 7604.09
130.08620 1809.15
131.11716 761.225
133.08539 843.911
136.07550 18224.9
137.07921 1137.66
141.06561 993.527
141.10193 1466.34
143.11749 882.954
147.11250 5163.59
159.07631 1352.01
159.09148 2357.87
173.12808 1146.37
175.11876 1099.21
183.11244 856.45
186.12323 2479.59
187.07094 1456.02
187.14359 1153.98
199.18098 916.066
201.12312 4377.54
203.11754 4552.19
204.13405 15280.1
205.13774 1247.11
211.10782 982.512
215.13896 1158.32
216.09758 1023.21
222.09503 917.039
226.08266 1463.52
227.17603 809.897
228.13344 3509.67
229.11810 4706.23
233.12772 1035.89
233.16461 3249.4
240.13470 1072.35
242.15039 1105.62
244.09241 9098.03
245.09480 983.472
249.15987 4178.43
251.12083 6714.34
252.12296 916.592
258.10815 729.5
260.10580 1195.97
261.12283 859.922
261.15942 2573.86
267.11560 7560.83
268.11841 879.924
272.17502 1092.14
275.17084 21094.9
276.17368 2308.48
277.15372 2875.58
279.11560 4193.72
281.11203 1534.04
295.11035 3803.28
315.16434 790.044
316.14868 1815.92
325.15027 972.326
343.16101 7770.06
344.16284 856.435
357.17532 6544.62
358.18027 892.294
371.18823 1054.84
373.19138 732.973
374.23920 11114.5
375.24234 2302.92
376.18423 1236.63
391.19705 2866.03
408.19431 1234.77
411.22327 864.4
414.19794 2599.43
428.23627 748.242
436.70874 1633.04
437.21072 1068.96
439.21869 1251.14
441.70108 1379.22
442.17395 1843.97
447.23956 917.905
450.70737 1399.81
451.20642 937.143
456.24704 2146.33
466.19977 1312.43
484.21152 2865.4
485.26797 2629.11
487.23978 1123.17
490.20724 1819.17
490.71368 961.747
492.24545 1401.06
494.19687 2908.53
499.21384 5429.07
499.71512 3035.44
503.28186 6830.72
504.28415 1560.99
506.22388 745.635
508.21768 12876.7
508.72040 6359.2
509.22073 1250.93
512.20874 8298.34
513.21332 1730.54
520.23993 5767.91
521.23999 1730.87
522.23444 1130.34
527.28259 1189.88
542.25806 1004.32
546.74915 1126.19
550.76202 2154.32
551.26196 1216.62
555.75494 2281.14
556.25787 1430.98
564.76068 7703.43
565.26227 3840.7
565.76288 1174.52
571.25037 761.328
574.28644 1458.8
581.22632 1829.36
581.75391 780.338
584.26910 835.062
591.32080 1344.89
599.24146 6423.72
600.30029 2445.86
601.30298 876.818
602.29419 956.282
615.29315 849.072
615.78888 881.489
617.32373 26914.7
618.32751 7396.52
619.31232 3191.68
620.30328 1041.97
623.27649 1054.93
624.29071 1532.14
628.28979 1274.34
629.28857 1829.27
638.30072 3628.6
638.79681 2154.67
639.30231 796.317
641.28815 3901.81
642.29443 1304.44
645.31598 909.272
651.27832 3388.8
652.28394 1385.85
654.27826 875.354
664.26404 1288.23
668.90564 765.619
672.29431 891.397
673.32233 893.586
682.27576 4880.91
683.27747 1165.23
690.34589 1429.15
700.28723 6020.66
701.28870 1706.43
703.81952 1234.05
704.30597 883.635
705.32111 1309.95
713.38519 1255.44
722.34576 776.039
730.40808 30089.5
731.41248 11108.1
732.41504 1927.67
732.95355 937.652
733.31543 916.9
733.45050 908.64
742.33490 2880.79
750.34454 1114.2
751.29388 2682.68
754.38147 921.938
759.32355 1021.04
766.36304 855.728
766.47815 1981.63
767.37335 974.481
767.47693 1061.2
768.33752 883.75
768.46497 1057.61
769.30969 8313.73
770.31207 2395.05
787.32056 8502.03
788.32391 3659.81
796.98492 906.281
798.34180 1226.21
843.38037 1458.03
855.42078 1158.49
864.38342 1104.53
865.38074 961.747
872.40424 1263.35
873.44623 1047.89
876.44995 1541.37
877.44861 1135.43
882.39447 7233.36
883.39868 2771.64
890.68811 998.422
893.47119 38243.9
894.47491 19711.6
895.48041 4652.89
900.40393 8820.94
901.40997 4127.48
903.47394 874.932
963.42749 853.786
963.93219 951.004
969.46576 1300.27
979.40308 1742.69
980.41821 1221.54
997.42102 6237.91
998.42377 3840.14
1007.48816 1142.79
1008.48248 796.496
1013.48047 1877.44
1014.49042 1571.41
1015.43115 73881.1
1016.43195 35060.1
1017.43536 9721.73
1018.43109 2016.41
1024.51074 24615
1025.51221 13234.5
1026.51477 5215.21
1027.52271 993.322
1084.49414 970.861
1092.48828 952.26
1100.51782 6647.59
1101.52356 3415.43
1102.52441 1152.28
1110.50696 4065.28
1111.50562 2565.56
1112.49841 966.483
1114.51257 796.893
1117.47693 1156.2
1128.51440 41507.1
1129.51794 24267.1
1130.51843 6901.57
1131.51550 1533.23
1162.49072 1099.33
1163.51831 1235.35
1171.58154 6837.87
1172.58264 4966.65
1173.57935 2542.33
1175.59778 827.339
1176.58704 1137.8
1213.54700 900.367
1232.63477 1037.39
1233.64917 1697.72
1234.64368 1204.59
1247.58325 2378.39
1248.58643 3045.79
1257.57788 2524.4
1258.57397 2030
1275.58264 17277
1276.58813 11240.5
1277.58533 3970.09
1361.65552 887.462
1406.62305 5576.4
1407.63074 4193.54
1408.63098 1767.08
1569.67529 873.931
1570.69482 865.335
