2719.35550 3
120.08039 3134.16
126.05452 1801.28
127.05036 2565.13
129.10179 7019.8
136.07521 4746.24
149.07417 3224.15
157.09666 2324.57
169.13319 16940.7
170.13557 1724.76
172.07135 9521.47
175.11856 16918.9
185.16533 2160.6
186.12338 5845.53
197.12799 16644.5
198.08733 2088
199.07079 1878.6
203.12114 2217.85
213.08664 6940.75
213.15918 3293.86
214.11795 3434.25
216.09763 3245.07
226.11792 5438.45
227.10349 2242.64
228.16901 2243.03
243.07993 2084.48
243.14476 6377.09
246.15567 14368.3
270.18063 2668.21
271.13937 26995.9
272.14273 3280.13
309.15475 2116.28
312.15491 6037.93
324.15521 7456.83
342.21307 7058.61
347.13733 3449.95
359.23917 17368.4
360.24359 4179.88
370.20786 3551.3
383.19125 7374.02
384.22028 2964.4
402.18024 2668.25
407.19220 1833.76
415.21524 2190.64
423.22543 3362.42
425.20264 6378.88
454.26828 2322.97
460.73944 5931.5
461.23953 2895.34
469.74414 7815.19
470.24567 3691.58
476.75204 1868.25
482.26187 1814.23
510.29572 2036.44
514.28229 2044.97
520.27521 4052.35
522.30139 22574.6
523.30548 5537.91
524.26569 2860.77
526.28607 19331.2
526.78668 12114.4
527.28961 3545.09
538.28754 10563.1
539.29559 3366.3
556.25763 4320.67
575.76080 5804.74
575.83191 8448.92
576.26239 4193.26
576.33246 6226.41
576.83002 2322.03
593.33978 17021.2
594.34387 4668.55
604.33051 6750.93
604.83203 4530.8
612.82660 2301.64
617.26837 2162.55
619.34412 2449.54
630.23608 1929.39
637.35736 6958.36
638.35895 3048.22
638.84039 2856.26
653.31244 14953.6
654.31787 5328.64
661.35242 16474.5
661.85333 15254.4
662.35461 5642.39
664.37622 35514.8
665.37988 16507.1
666.38617 2262.91
710.88501 13057.3
711.38861 8294.36
711.88934 3024.61
720.44598 2757.43
722.33136 2904.13
724.34723 5485.09
725.35010 2316.5
740.34778 4621.36
742.36151 4289.68
752.37982 5723.89
753.38043 2721.83
779.40350 18752.3
780.40436 8593.52
781.40588 2178.03
784.42328 2475.19
791.47949 1897.9
803.39380 1965.21
811.41937 4621.21
821.40228 16103.6
822.40601 6504.78
823.40454 3050.77
839.41266 30093.4
840.41663 14189.7
841.42426 3196.61
855.44208 4086.85
866.43396 28597.8
867.43762 14406.1
868.43567 4519.48
878.51001 4412.98
902.46228 2221.52
906.49988 2687.08
907.48895 3849.47
908.47778 3180.26
910.49896 3697.29
920.47144 18570
921.47357 11246
922.48187 2273.51
934.49023 2781.26
935.46832 2107.43
938.48053 57457.9
939.48376 33902.8
940.48529 10791.6
952.49701 20584.1
953.46863 51311
954.47070 24525.6
955.47424 7136.41
1004.47424 3776.26
1009.54663 2997.83
1011.53857 2027.49
1022.49023 6056.27
1023.44104 1881.99
1023.60974 2068.19
1033.55811 7610.51
1034.56177 4273.64
1040.49829 89951.1
1041.50110 54133.5
1042.50012 16441.4
1043.50012 2952.76
1051.56458 73264.9
1052.56775 45716.3
1053.57263 16306.6
1054.45032 6002.1
1055.46802 3229.76
1108.59204 2505.84
1125.58203 2072.84
1133.49707 2779.92
1134.50537 2151.09
1138.59119 3059.83
1150.65686 14132.8
1151.49841 17007.6
1151.71069 6721.75
1152.51135 10415.9
1152.73145 2009.28
1153.51880 4168.37
1168.55725 57538.2
1169.55737 39100.7
1170.55615 12185.7
1171.56433 2242.8
1207.65906 10197.5
1208.65125 7232.33
1209.64978 2344.31
1222.63611 3514.59
1224.64526 8720.35
1225.64343 6472.74
1264.56702 5529.07
1265.56604 3901.64
1281.58313 6407.44
1282.58569 5085.31
1283.57568 2998.39
1299.59692 66399.7
1300.59790 51069.5
1301.59875 21508.5
1302.59741 5764.04
1303.69165 2012.3
1304.67139 2343.68
1309.56909 3242.67
1310.56848 2735.29
1321.69824 14467.9
1322.69812 14095.2
1323.69812 4641.57
1332.55969 10545.6
1333.56323 9310.62
1398.67151 4864.3
1399.65649 4856.99
1400.67517 1915.47
1420.76453 6482.89
1421.76514 6487.18
1422.78381 2181.88
1431.63672 3974.58
1432.63525 3373.59
1502.67603 2951.69
1503.70325 2237.33
1512.70630 2974.67
1513.71252 3373.97
1551.76807 2533.02
1552.72241 3080.47
1553.70068 2684.83
1569.72302 9167.96
1570.73218 9336.02
1571.74707 4107.39
1668.78943 2717.89
1669.79211 3146.86
