1793.80449 2
110.07101 2917.66
112.08666 9441.71
115.08650 2437.86
129.10204 4665.83
129.11310 1655.54
136.06146 1409.32
140.08139 3627.45
157.10818 11909.2
158.09209 2296.18
174.13487 1344.59
175.11862 11593.3
185.10222 1016.05
187.10733 911.995
198.12404 1104.83
212.13921 4810.55
226.11835 4756.01
240.14606 4359.58
251.11319 943.613
251.14847 1238.13
255.14479 18819.6
256.14908 2192.8
257.17145 3210.18
267.15726 1177.23
268.13989 5088.96
272.17123 23692.1
273.17487 3458.21
278.11386 1079.9
285.16675 14196.8
286.16919 1132.24
295.13934 4598.24
312.04950 1523.02
313.15009 4303.26
330.05905 1330.99
336.17786 1050.47
337.16086 3153.9
344.20374 1688.96
354.18759 19801.4
355.19385 2381.47
368.22766 2325.02
372.20007 1546.11
380.22842 1201.35
385.25534 8144.13
386.25729 1722.36
398.23886 2084.91
408.22513 3341.48
425.26172 8285.19
426.22964 2730.08
426.27628 922.69
436.23032 2077.52
443.27353 3107.27
451.23328 1641.69
452.24185 2862.08
452.74670 1102.49
453.25620 12966.7
454.27252 2164.16
460.24426 1137.92
471.26486 2100.58
472.28809 7881.84
473.29056 1435.3
477.24979 1186.33
485.76382 3740.28
486.26160 1360.62
494.77008 1431.67
495.25058 1488.5
499.76239 3466.78
508.76941 1418.6
537.27478 1593.56
549.79279 996.621
554.30212 6039.01
555.28113 1408.46
558.79755 1099.23
563.79034 5188.42
564.29034 4920
564.79169 1600.47
565.26917 3302.2
566.27429 1100.83
572.31421 3291.19
572.79877 2349.02
573.30548 2176.2
582.29755 15199.6
583.29877 4423.49
584.29840 1300.93
585.30115 1145.61
589.79211 2157.44
590.28766 1243.98
593.31036 2596.11
593.80780 1740.73
598.29980 10249.2
598.79962 6966.97
599.30219 2672.27
600.30328 5182.91
601.30536 2108.78
602.30695 1032.33
607.30695 8168.47
607.80688 7225.58
608.30029 1109.81
610.33112 1181.9
616.31372 3210.81
616.81171 1416.22
617.31079 1201.96
632.31799 1704.42
640.84747 2733.49
641.34302 3585.6
641.83881 1267.35
646.33209 2483.66
646.83496 1171.34
647.28772 1104.88
647.78925 1298.88
649.85175 4505.08
650.35498 5288.52
650.84711 1627.47
654.84351 5100.21
655.34039 4405.82
655.83539 1812.22
657.35419 2084.47
657.85022 2387.95
658.34772 1100.08
658.85706 1921.38
659.36115 1450.7
662.36053 1418.35
663.84851 5359.3
664.34668 5146.63
664.84998 1292.82
666.36206 962.769
667.38867 6423.98
668.39478 2109.2
672.85223 2057.79
673.35394 1389.63
678.36304 1731.36
679.38910 7708.66
680.29126 4467.43
680.37238 4788.8
681.36737 1717.38
685.39600 1804.95
695.38232 8491.45
696.37964 2955.85
697.39813 58116.3
698.40186 21662.5
699.40521 3525.98
712.87183 2766.89
713.38611 3703.18
721.38110 2187.8
722.38251 1365.62
730.39130 1452.12
731.37994 1282.17
748.40924 2380.33
749.40167 1516.05
760.90295 1907.97
761.40881 1014.89
765.36212 1344.98
766.42004 12180.9
767.42346 4160.45
768.42987 1017.61
768.92438 1136.19
769.41205 3383.56
769.91370 4326.95
770.40613 3144.12
770.90826 1625.33
772.90521 1158.41
773.41241 2085.25
775.91040 995.043
776.42035 1816.23
776.92322 1972.66
777.43286 1565.21
778.42041 2584.18
778.91931 2794.45
779.41614 1540.03
781.41876 1534.91
781.91394 8542.26
782.41010 9924.78
782.90863 5745.57
783.40338 1332.69
784.42792 7449.99
784.92706 4843.98
785.43115 6000.13
785.93243 3734.9
786.43481 2371.16
787.42621 2516.29
788.43231 1256.27
790.42615 22287.5
790.92004 55417.7
791.41974 45595
791.92078 17566.5
792.41565 2334.22
793.33545 1207.12
793.44849 1687.04
793.93103 2347.65
794.43787 1866.06
799.42975 140271
799.67072 1069.44
799.71216 1151.58
799.92975 142630
800.17377 1185.74
800.42957 73130.7
800.92773 17165.7
801.42065 1294.83
804.44635 5446.17
805.45795 2464.29
808.43542 98634.9
808.93524 89318.3
809.43573 43464.7
809.93555 6514.94
814.42908 1735.04
815.43085 1895.81
817.44061 11148
817.94232 10580.3
818.44092 4622.23
822.46198 1495.84
832.44354 7679.33
833.43744 3613.21
839.90948 1970.8
848.41705 4408.08
848.91962 3220.77
849.42035 1251.72
850.45288 2804.21
851.46283 1588.56
857.42487 2156.52
873.47479 1215.44
874.45599 1280.18
875.48138 1583.82
883.45807 1898.42
884.43823 4621.77
885.45557 3480.64
886.46106 2304.69
887.45844 1118.69
901.46149 23967.7
902.46240 13557.6
903.47516 16639.3
904.47864 6899.74
905.47760 1810.38
913.47150 1972.84
919.47357 11839.7
920.47668 6449.32
921.48853 4862.87
922.49286 2214.05
931.48029 1021.82
937.48682 1043.83
998.55084 2429.68
999.41492 1855.7
999.58405 1132.35
1016.56268 12494.7
1017.56439 5645.35
1018.55396 1298.31
1026.54456 2245.32
1034.57483 3728.8
1035.57324 1400.39
1044.55591 1662.58
1098.58655 1081.44
1116.59424 1615.18
1126.57080 2280.29
1127.59070 4481.5
1128.58521 2724.72
1129.59766 1331.56
1144.58606 1638.09
1145.60339 11537.7
1146.60645 6062.63
1147.60767 1888.06
1155.58728 2955.4
1156.59229 1914.08
1163.61328 2739.71
1164.61499 1635.5
1173.60571 2354.27
1174.60815 1366.23
1178.56299 1070.24
1185.61047 1150.13
1195.58899 2607.59
1196.58667 2058.34
1213.60913 2081.75
1214.61194 2218.08
1227.65088 1443.12
1231.61755 1281.38
1244.67334 7463.33
1245.67517 5668.39
1246.67786 2401.07
1254.67444 1419.18
1256.66577 996.767
1262.68030 2985.78
1263.67468 1140.94
1264.66553 1224.14
1280.66833 1094.12
1281.67151 2004.17
1282.67029 1467.51
1295.66248 1365.71
1296.67627 1813.1
1297.69153 1046.71
1298.69250 5272.93
1299.68774 4658.43
1300.70142 2156.3
1309.66467 1297.76
1313.69434 9572.72
1314.69714 7181.4
1315.68982 2804.23
1316.70154 3946.06
1317.70898 2197.97
1326.69263 3877.59
1327.69055 3027.04
1331.69922 5293.46
1332.70618 4070.34
1333.69751 1394.56
1344.70813 2429.15
1345.70349 2211.22
1423.74683 2827.23
1424.73413 4994.9
1425.73657 3077.87
1426.75037 975.817
1440.76953 988.257
1441.75684 8294.56
1442.75488 6245.15
1443.75757 3436.17
1451.75696 1177.02
1452.72778 1405.77
1458.77844 1999.69
1459.76550 4603.16
1460.77307 3831.49
1469.74756 2630.46
1470.75122 2284.04
