1945.78617 3
110.07096 702.676
129.06702 523.682
129.10217 15988
130.08612 2473.32
130.10535 788.499
136.06168 1432.28
136.07535 448.172
147.11273 6583
155.08159 1025.64
173.09196 459.231
175.11874 992.637
185.05635 461.023
186.12354 579.234
187.10760 10130.8
188.11102 908.57
195.11223 413.67
197.12799 1381.05
199.07097 653.726
211.10741 1151.07
215.10187 3359.02
215.13879 26812.9
216.14262 2667.87
226.11877 1510.9
226.15492 1581.49
227.06555 1268.02
231.09779 489.204
240.13345 2297.06
241.08180 1019.69
242.07675 2358.45
243.13379 16990.8
244.13919 1479.59
244.16519 4419.47
245.07657 5399.15
245.16843 732.926
246.07961 490.01
257.19748 1718.88
258.18106 666.046
259.09097 759.724
268.14142 481.648
272.12384 705.037
275.20749 12557.1
276.21075 1753.62
298.13901 1347.54
312.04849 445.17
314.09821 838.389
316.15067 432.307
326.13449 1070.18
331.69519 1000.27
332.19748 593.459
335.16971 596.964
341.14481 1555.25
343.12445 583.078
344.14755 708.831
353.10840 503.418
356.11011 584.338
358.16043 14595
359.16342 2735
369.17307 931.534
371.11981 2563.27
372.23495 1100.64
374.11908 610.596
383.15396 778.33
387.19330 439.55
388.18155 1247.39
389.21121 916.758
389.71085 449.96
390.23514 3419.65
391.23901 607.295
414.20813 1406.09
429.23697 2126.88
430.23550 541.296
432.21994 3043.02
433.22311 463.541
446.72156 445.421
452.17603 511.658
456.17267 1285.64
457.22275 673.436
464.53757 696.944
470.18784 1122.38
482.14795 580.79
497.55740 919.746
500.16422 2062.51
501.30496 666.746
501.75806 559.578
502.23926 477.599
503.20956 808.124
511.24075 584.821
511.74527 651.338
516.27832 1221.66
518.33032 1068.6
534.28540 574.733
537.26489 532.846
552.28253 2249.03
552.78217 521.315
557.75421 565.147
566.75916 2284.32
567.20227 1752.54
572.91382 523.363
573.25012 476.831
575.35132 2581.35
575.76379 2366.56
576.26489 1573.27
576.35095 725.263
585.21356 1897.7
586.21716 633.725
592.27136 505.713
592.76904 473.544
597.17987 958.059
599.22919 538.439
599.80817 1184.12
600.29584 665.333
600.80347 2620.09
601.26318 1719.42
601.77441 865.482
610.28168 568.111
610.61780 590.862
610.93695 680.88
614.24292 559.199
615.18799 2131.22
616.20660 576.045
616.28503 650.973
616.61615 567.477
617.64502 714.162
617.97717 1127.14
618.24628 1008.83
623.24731 1411.28
623.74359 992.561
630.34515 479.493
631.31165 537.57
632.24280 993.094
632.74878 695.417
633.27679 1491.15
633.77460 828.216
637.96429 467.606
639.81122 786.597
640.31451 556.416
640.81744 534.329
643.64404 546.563
643.97382 1188.84
644.30920 1147.58
644.36371 1106.17
648.32275 5817.51
648.67694 1183.61
648.82513 5947.09
649.01324 1667.13
649.32953 3372.7
649.64191 2119.98
649.83099 1549.98
649.97833 2156.72
650.31525 2432.17
658.78339 1479.61
659.28094 2860.56
659.77704 1352.47
660.27521 493.826
662.38275 8143.98
663.38574 2639.81
663.77875 558.458
664.38995 606.619
667.78851 4976.18
668.29108 2823.65
668.79114 1426.71
672.77863 1750.03
673.27948 1419.05
673.78632 515.504
674.28375 519.16
674.78204 490.967
678.29083 1728.67
678.78638 1472.12
679.29639 734.128
681.79114 704.438
687.29425 9007.9
687.79285 6656.42
688.29407 2573.64
688.80096 639.292
696.29938 38712.7
696.79901 26513.6
697.30188 9957.35
697.80231 2801.33
698.29285 646.544
698.85773 633.965
712.20270 705.537
714.25897 1915.98
715.25415 661.906
719.36591 518.028
728.32660 771.534
730.21594 1609.87
730.80444 585.301
731.22540 720.682
736.82941 2823.3
737.33081 1988.62
737.82843 1095.14
738.32880 580.505
745.37451 1264.3
745.83417 17063.1
746.33295 11255.5
746.83545 4448.53
747.35046 1903.9
747.84448 1369.09
750.82349 1291.22
751.32434 1536.79
751.82306 818.577
759.40308 737.873
759.82593 747.743
763.82642 496.266
764.34894 747.51
777.41083 6087.88
778.41138 2270.4
779.42450 690.5
781.34155 506.321
785.33289 992.994
785.83081 2104.06
786.33234 1496.82
786.83075 734.794
788.33411 768.545
794.34241 5703.65
794.83466 6863.32
795.33295 4894.69
795.83563 1988.2
803.34668 23366.8
803.84747 18173.2
804.34735 9315.95
804.84839 2472.98
825.28638 471.068
826.41406 534.072
829.27850 1355.01
830.38330 685.078
840.84546 483.888
843.32245 855.06
843.81921 498.4
844.31390 482.651
848.40247 730.761
849.85645 2632.09
850.35724 2776.68
850.85712 1352.71
851.35522 560.638
852.33069 2471.26
852.83295 1864.58
853.32800 1107.3
858.31628 525.676
858.86163 12539.6
859.36505 10075.6
859.86597 5054.69
860.37231 1528.47
867.86725 10846.6
868.36847 10350.9
868.86816 4108.28
869.37012 1278.96
874.41882 2718.76
875.39899 1327.92
876.30383 621.051
892.43677 7237.71
893.44806 2676.55
894.44983 603.709
907.84717 1219.12
908.35175 1372.37
908.86340 586.586
909.91309 854.218
910.41681 864.423
916.85809 1059.83
917.35522 1089.08
917.85901 578.011
944.30505 825.49
971.45593 574.139
1003.47308 1653.08
1004.46875 858.658
1005.45966 486.218
1021.47949 5024.7
1022.48279 2782.76
1023.47394 788.505
1060.36292 697.441
1099.38000 804.987
1100.37231 683.387
1114.50439 503.156
1117.39014 4354.37
1118.38965 2617.59
1119.39624 1083.63
1132.51135 2061.22
1133.50696 920.527
1150.52075 3897.86
1151.52612 2204.84
1152.52710 807.173
1216.46826 1440.73
1217.46729 788.499
1245.48462 2566.69
1246.48218 1217.3
1247.52161 1068.56
1248.53113 891.409
1263.49597 1109.41
1264.49536 702.188
1265.54968 1769.35
1266.54919 954.373
1313.47900 515.754
1317.53674 1179.1
1318.54224 809.187
1331.48669 2281.51
1332.48181 1134.92
1334.57239 474.776
1373.57349 1583.69
1374.58020 1314.09
1375.59619 652.916
1391.59155 7478.44
1392.59521 4629.94
1393.59302 1906.26
1442.54102 834.66
1443.52563 998.831
1459.57141 531.341
1460.55176 1006.91
1461.53491 519.031
