2380.28789 2
110.07067 816.642
120.08047 11908.5
121.08402 848.942
129.10196 17681.3
130.08597 4766.11
130.10489 1056.56
136.07541 11441.1
143.11743 2555.33
147.11247 10201.4
171.11234 3222.36
175.11879 964.845
181.09735 789.288
185.12817 920.807
187.07095 1866.37
195.11131 1076.12
198.08652 1502.45
199.14384 982.972
201.08698 1660.58
205.09686 2609.2
213.08647 2650.11
216.09769 3513.96
221.12717 3159.33
222.12242 1650.85
225.16016 928.443
231.11246 1385.47
233.09152 3160.1
233.16402 6266.87
240.13394 2039.35
242.14900 1704.12
242.18619 3992.06
249.12274 2856.14
250.11752 1401.33
256.16446 1922.17
257.15930 1592.47
258.10794 7818.97
260.19638 9322.67
261.08676 3278.93
261.15930 3971.17
261.19946 1115.91
270.10822 4769.46
270.18060 3831.68
271.11017 926.389
273.15918 1206.39
278.11279 15044
279.11685 1939.31
287.13461 2384.24
306.14435 1909.2
313.22290 1435.46
318.10779 867.627
318.18048 7013.3
319.18311 1139.27
323.13821 818.301
324.11615 802.993
327.20212 2983.73
333.15402 1713.7
334.13855 4498.11
335.13837 1915.44
337.18515 1481.42
341.14417 1616.41
341.21790 2863.29
343.19632 1078.98
344.12476 1368.69
345.15546 1280.98
346.14011 924.21
346.17926 878.204
351.16617 1091.23
355.19638 6102.01
356.20218 1229.56
357.17651 838.799
361.14996 8375.93
362.12805 1320.96
363.16687 1447.35
365.18390 906.872
369.24612 862.144
370.24500 1696.47
371.19199 1665.15
379.16031 8102.03
380.16327 1695.86
381.13861 2447.04
383.19153 6537.52
384.19290 1089.46
387.16382 1069.6
389.25095 1803.52
403.16245 1143.55
405.17670 4998.37
407.26410 11212.1
408.26596 2755.11
412.29236 1240.93
417.17682 1688.53
417.24966 2479.78
420.18536 1021.68
426.23459 3712.81
431.26474 1566.37
435.18533 1618.27
436.22238 1444.9
440.21411 889.222
440.28537 1987.32
441.28323 2079.94
447.22372 1299.91
448.21964 956.398
454.22882 9412.83
455.23029 1989.82
463.19376 1744.63
466.22830 6353.68
467.23019 1363.32
471.25574 905.785
473.23624 843.894
480.22220 1535.77
481.20660 1493.89
482.20569 934.053
488.21280 1976.19
490.26520 1149.29
493.23849 1058.5
494.22357 6457.46
495.22531 1778.74
506.22058 1603.39
507.22791 871.769
508.22025 1847.84
511.24075 999.601
520.34875 2464.4
521.34369 907.968
525.30280 4119.86
526.30426 907.583
532.20398 1113.4
535.28711 1485.26
553.29620 10026.7
554.30157 2732.04
564.27521 1289.22
565.26074 5869.14
566.27466 1203.03
570.32098 849.622
577.36938 9308.8
578.37213 3194.43
582.27222 1039.79
592.31506 894.789
601.29828 1287.17
603.24176 1671.67
609.33044 1093.75
610.32196 1842.67
620.26276 892.281
622.31549 883.42
624.37201 1746.1
627.34314 2539.27
639.34308 1530.23
649.25946 1039.16
652.36566 2514.33
653.36951 1583.13
663.33649 1108.47
664.33008 1724.69
667.26764 1084.09
676.43726 5611
677.25940 859.248
677.44739 2171.52
694.28021 1987.94
695.26965 1750.57
709.38684 3405.59
710.38501 4055.52
712.29181 1337.01
738.30450 1555.67
748.29425 934.335
752.43292 974.097
765.32007 2293.13
766.30334 4577.81
767.30530 1631.02
774.41345 1669.54
775.50464 2519.94
776.51703 989.163
783.32782 2502.84
794.48645 1091.77
809.45380 1496.75
822.47504 1441.46
823.47272 1797.43
846.54645 2730.56
847.54346 1004.61
851.39032 1382.2
875.45386 1179.14
878.39661 1363.56
879.39233 2312.68
880.38525 1215.28
896.41064 2104.81
969.55426 930.702
1016.64868 1672.44
1017.64203 1581.45
1041.52771 1138.39
1080.57227 1028.26
1134.55530 2172.41
1135.54785 2424.28
1136.55457 1086.84
1152.56104 5925.5
1153.56604 3007.76
1154.57520 896.442
1228.72693 5187.69
1229.73438 3115.37
1230.73425 1105.23
1338.76660 995.847
1339.77966 1838.08
1340.75867 927.877
