1766.78288 2
110.07101 9687.74
111.07405 354.15
112.08669 519.8
115.08647 363.999
116.07021 332.937
120.08061 1303.54
126.05460 212.661
129.06596 239.691
129.10207 2818.1
130.06520 731.388
130.08629 408.174
130.10419 191.501
133.04333 185.879
136.06123 442.343
136.07545 987.18
138.06638 357.524
139.08630 194.547
141.10179 205.6
143.11833 185.384
147.11261 745.648
152.08156 794.095
155.08128 296.096
156.07674 579.822
157.06154 205.353
157.09726 337.672
157.13358 262.403
158.09210 878.846
159.07669 267.99
159.09125 908.177
167.08185 521.035
167.11830 187.302
169.09705 228.447
169.13385 239.199
171.11218 295.869
173.12769 264.531
175.11864 3965.87
179.09244 1909.56
180.07671 991.014
181.09761 277.224
183.11206 259.274
183.14874 458.912
184.07112 220.732
185.09094 358.804
187.07036 258.806
187.10851 242.65
195.08736 1182.93
195.11203 225.711
197.10297 1586.9
197.12842 272.66
199.07074 248.275
199.10759 332.998
201.08746 323.498
201.12335 692.626
202.08279 210.797
207.08725 3778.48
208.07327 197.92
208.09076 247.881
209.10361 326.362
211.08617 236.269
211.14510 208.78
212.10294 472.301
212.13918 193.17
213.08745 412.206
215.13887 332.741
217.08290 191.953
220.11975 266.377
223.15585 225.187
225.09793 7963.99
226.11345 686.376
226.15433 252.288
227.10016 441.168
228.13306 200.52
229.11378 258.813
230.07753 200.868
232.11861 214.102
234.09836 925.055
234.14386 215.21
240.13432 569.751
241.08153 323.755
243.13196 342.256
244.12502 241.862
245.07652 380.587
245.12497 536.498
246.09789 4628.24
247.10101 527.962
251.14951 361.112
258.09729 1254.71
258.14520 239.173
262.15088 517.193
264.10928 948.528
270.10843 308.97
272.17166 934.308
274.11835 204.937
276.10876 1403.05
294.11908 2038.25
297.15485 338.303
312.04803 229.135
312.13760 210.234
313.13110 255.944
315.17697 275.161
316.16171 344.614
322.18555 275.155
333.18756 2605.58
334.19247 252.908
343.14026 289.598
382.14938 249.544
400.15988 413.599
426.19986 293.784
444.21112 426.582
445.20502 290.333
451.17480 348.817
452.20981 468.687
462.22839 610.544
469.17966 412.936
470.22177 249.851
480.19772 741.78
504.21719 560.804
519.20715 357.083
537.21643 294.368
550.23199 203.725
575.31476 575.176
588.23187 347.205
602.19995 392.524
603.28058 345.008
606.23596 347.834
624.24530 248.081
625.27209 258.075
644.34869 209.958
662.34534 446.44
672.32465 319.12
677.30743 321.475
687.28351 278.455
695.32141 290.459
701.26599 821.707
704.21136 473.655
705.29828 374.746
719.36743 971.921
723.31531 210.501
758.37421 493.69
759.36591 551.285
760.35565 214.986
769.38385 303.701
776.38873 3190.78
777.39020 1160.24
778.39166 209.613
780.33960 261.908
801.43970 215.214
803.29553 248.168
816.89014 221.562
817.39349 286.334
825.90228 639.311
826.40283 1575.57
826.90259 237.014
827.39832 470.801
834.90533 254.919
835.40320 384.001
871.46588 235.456
872.46051 247.015
883.42224 247.959
884.32910 248.954
889.47205 1299.17
890.47742 479.923
911.45184 389.423
928.48840 645.101
929.47363 718.511
930.47748 250.963
946.49255 5740.21
947.49689 2274.75
948.50604 550.27
955.49078 232.832
1045.56348 1853.38
1046.56763 872.456
1076.47253 275.928
1114.59631 418.68
1115.58032 373.451
1132.59436 1848.24
1133.59619 1032.1
1134.59656 240.879
1171.60303 833.579
1172.60022 585.404
1189.61462 3884.02
1190.61560 2447.32
1191.62231 604.176
1298.56421 358.809
1299.55981 300.772
1357.68005 794.077
1358.67786 490.096
1359.68774 243.536
1375.69458 4378.83
1376.69861 2922.62
1377.70581 773.199
1385.67920 269.054
1426.70691 743.286
1427.71240 661.009
1428.70764 269.829
1444.71570 4074.17
1445.71545 3193.05
1446.71680 946.744
1462.72485 856.951
1463.72766 703.937
1501.72754 680.1
1502.74158 403.549
1513.72705 633.044
1514.74060 513.728
1531.74805 1571.76
1532.74780 1119.47
1533.74829 349.102
1541.72913 415.987
1542.71448 317.853
1549.75964 518.6
1550.77087 400.049
1559.73035 337.981
