3354.64377 3
110.07095 1277.11
120.08047 1622.7
129.10167 563.391
136.07492 784.215
157.13306 777.995
175.11850 3483.57
185.12805 1622.86
199.17986 713.314
214.11865 650.529
226.08180 787.284
243.13347 1240.33
244.09198 2913.53
245.07825 704.196
246.15547 3276.63
256.16458 1287.83
274.18634 567.438
283.13855 556.127
297.11783 1373.25
315.12924 3873.28
318.11081 526.688
343.16095 1347.64
345.15900 646.796
345.22342 5947.81
346.22635 898.48
379.20801 949.839
386.16586 1676.15
392.14569 699.038
412.18265 1298.97
414.19849 679.47
451.19086 528.437
460.25101 2669.68
464.29758 1046.74
469.20117 1577.98
474.20035 931.878
492.13950 564.31
492.29138 3615.48
493.29074 717.221
499.25162 687.896
528.20612 537.864
543.22156 568.904
546.21252 735.629
564.23322 727.235
570.28284 820.106
577.37830 1158.04
589.29205 1181.71
593.83032 4018.42
594.33136 2823.7
594.83173 1050.35
600.24854 853.52
602.81006 1080.69
605.37494 4834.21
606.37866 1255.62
618.31586 1177.52
642.29688 794.331
652.34131 912.48
652.84723 603.764
659.35199 3277.51
659.85144 2288.45
660.34375 806.869
662.38849 624.261
690.46521 590.097
699.30780 1075.93
708.88672 1492.39
709.38885 1872.43
717.34406 692.696
718.45898 5953.75
719.46301 2322.59
749.32330 4674.78
750.32654 1467.05
752.86108 1044.53
753.36505 828.834
759.87604 712.842
765.90674 1593.34
766.40997 1307.77
766.90527 1291.37
773.88342 1321.57
774.40051 1213.88
775.48267 3278.68
776.48218 1305.38
780.89050 621.016
788.38458 2278.6
788.88397 1656.48
789.40045 657.209
795.40906 562.664
800.39795 654.502
800.89380 949.424
801.40802 661.159
809.40613 1883.67
809.90704 2424.06
810.41064 637.962
813.34100 597.127
816.41577 1013.09
816.91589 745.876
817.42688 562.284
821.42419 737.463
821.91943 1560.42
822.42273 788.643
830.42859 7377.84
830.92932 7824.29
831.43451 3778.12
831.93188 1289.4
832.43481 720.471
835.92053 655.056
836.34998 10376.9
836.91693 946.698
837.35217 4365.32
838.34814 1089.86
843.43896 889.023
843.93817 986.478
844.92352 4420.47
845.42401 4186.73
845.92383 1628.29
846.42590 579.413
851.93933 603.497
852.44342 808.446
856.93439 1089.17
857.43695 1483.6
857.93365 1667.46
864.37756 707.484
865.94684 4627.69
866.44794 4962.93
866.94885 2069.63
867.45117 581.213
878.95459 617.878
880.44189 731.978
880.93927 1048.19
881.43927 732.56
885.36664 784.292
892.46600 1481.09
892.95905 2464.02
893.45905 1601.22
893.95392 750.954
901.46490 5604.44
901.96478 6091.27
902.46814 4113.47
902.96759 1144.38
907.39178 9081.79
908.39117 3495.99
909.37726 848.507
929.56879 688.375
936.98413 938.109
937.48224 1654.02
937.99445 1226.37
942.39728 1207.93
946.39081 755.637
947.39825 700.186
948.98926 670.86
956.40326 570.796
958.00745 1022.4
958.52051 1584.07
959.01074 813.321
960.48676 1134.85
964.41321 25269.7
965.41486 11845.7
966.41382 3397.54
985.01697 613.461
993.52924 1619.77
994.02368 1694.41
994.53302 826.145
1000.59521 2455.59
1001.59717 1841.63
1013.42834 1083.04
1024.41479 2619.52
1057.62427 1051.12
1073.57312 891.287
1084.46326 731.712
1109.45142 740.196
1110.44409 658.411
1119.54358 1223.52
1120.52588 877.817
1127.47559 22087
1128.47803 11829.1
1129.47717 4155.63
1130.47363 1021.38
1137.49927 3777.43
1186.65637 4021.91
1187.65076 2829.55
1188.66003 757.691
1190.60815 653.731
1191.58582 807.042
1197.52429 738.516
1238.50476 2222.33
1239.50537 1195.62
1250.58679 1996.69
1256.51794 16491.9
1257.52026 9708.47
1258.52014 3229.1
1259.50684 1048.8
1303.69543 702.042
1304.66260 839.224
1317.69653 3337.27
1318.70117 2725.6
1319.70789 1165.67
1369.60168 13974.9
1370.60400 10044.3
1371.60071 3767.84
1372.59167 1041.54
1413.64954 1531.24
1416.77051 4561.02
1417.76648 4039.2
1418.77478 1417.51
1422.62097 914.209
1440.64087 10947
1441.64001 7354.59
1442.63232 2909.65
1443.62695 727.141
1528.67700 1873.96
1530.80139 763.145
1531.80713 610.508
1553.72754 4449.36
1554.72559 3067.47
1555.71204 1365.42
1556.73315 596.946
1624.76318 2177.74
1625.75879 1790.05
1626.76953 889.484
1659.86255 926.125
1660.85864 618.867
1675.74207 1288.85
1676.73352 596.105
1695.79370 1103.26
1696.80493 1052.82
1730.89722 1035.35
1731.87927 915.657
1776.76038 751.697
1801.92480 1294.62
1802.94714 1362.67
1803.88770 679.425
1915.00317 630.489
1916.01343 682.664
1939.87097 700.867
