2250.76517 3
110.07137 213.944
129.06725 182.068
129.10185 6822.5
130.08585 1338.3
130.10486 519.684
145.06004 318.001
147.11235 4477.25
175.11789 247.371
186.12358 740.201
199.07057 330.839
208.10670 193.648
215.13829 506.884
226.11943 212.311
226.15625 181.269
228.17024 870.596
240.13394 448.528
243.13153 589.067
244.12660 187.577
244.16490 974.51
245.07497 263.517
246.18036 10403.5
247.18399 1386.86
255.14375 255.283
273.15509 761.892
286.10071 272.978
314.09650 480.043
348.65170 245.576
361.20731 1018.95
365.19174 210.919
369.18698 391.659
370.16589 423.142
373.17099 329.922
387.19745 1431.1
388.20306 198.357
408.70700 774.067
409.21323 291.17
414.67249 225.203
425.13147 218.192
441.17215 228.37
449.18463 243.836
456.21875 638.785
457.22113 327.423
459.29160 259.841
466.22076 1287.26
466.72046 509.254
473.24313 205.429
489.30148 912
490.30521 206.656
499.70892 349.078
513.70514 337.401
521.73761 209.162
530.74402 238.031
556.74097 325.154
565.25415 516.47
567.24884 358.022
571.22766 878.081
574.32617 259.86
584.27655 1157.8
585.27826 342.401
600.32880 226.332
604.93127 411.159
605.26221 271.777
614.24365 911.693
618.34406 766.061
619.34821 264.863
620.20874 298.375
622.76520 1131.58
623.26868 805.803
623.76208 233.959
623.94061 305.484
624.27667 299.744
624.60858 202.001
637.59338 530.134
637.93073 272.01
638.25507 335.569
640.94147 356.542
641.27502 636.126
641.60809 501.771
641.93518 221.458
646.94653 1067.29
647.27734 2069.23
647.61285 1456.91
647.94592 667.113
652.94836 3835.94
653.28516 4131.54
653.61841 1980.48
653.95093 826.203
656.59808 439.915
656.92981 274.242
657.27466 245.799
658.95038 431.776
659.29303 210.939
661.86804 233.506
662.37134 310.994
669.19672 283.405
670.24634 248.615
670.58569 204.145
671.75482 319.641
672.25067 259.403
673.93439 592.185
674.26947 498.269
678.28448 426.187
678.78418 376.376
679.60431 934.416
679.93524 2297.32
680.26953 1738.22
680.60046 618.361
685.60931 4651.44
685.94183 4833.79
686.27356 3048.41
686.61230 876.302
687.28870 483.257
687.78717 342.399
695.31311 245.834
696.29877 329.846
701.32495 317.36
701.85944 1216.49
702.36346 686.152
702.83594 355.888
703.36664 352.831
712.59912 481.355
712.92847 514.983
713.32867 695.871
714.32477 254.358
718.26550 1634.74
718.59918 1264.69
718.93683 806.569
719.26526 210.822
721.31531 237.994
727.26337 269.532
742.31177 380.268
742.80408 459.731
743.30914 410.42
747.38855 299.093
749.82581 215.29
750.28729 638.676
750.84344 339.465
751.34662 534.972
751.83990 256.792
776.81793 208.355
777.31506 484.421
777.81677 234.273
783.77057 211.888
784.31256 233.433
785.33167 322.643
785.82043 435.291
786.33081 467.668
786.82880 238.835
791.78485 255.836
799.39197 366.876
811.29669 723.633
812.81293 209.795
813.32294 207.48
816.40881 603.865
817.41162 263.003
826.30377 298.93
826.80414 239.279
828.34595 721.935
829.34045 304.63
832.40680 241.137
833.30219 264.658
833.83093 292.323
834.33569 395.499
834.82196 772.323
835.32629 550.52
838.81061 408.169
839.30859 504.23
839.80328 248.225
842.84863 1174.13
843.34723 1222.05
843.84827 521.878
847.32886 935.684
847.82605 1609.78
848.32428 951.936
848.82281 445.697
856.33521 3162.13
856.83368 2825.94
857.33563 1558.2
857.84100 378.179
861.81488 234.874
865.34344 244.527
865.84479 218.91
866.31927 222.93
874.82465 245.977
883.32141 392.082
883.81653 288.739
884.31567 488.682
887.80548 621.502
888.30573 576.635
891.83490 813.683
892.33893 477.285
892.83679 300.039
896.31726 1366.91
896.81171 1675.8
897.30542 813.576
897.80786 587.074
905.32208 3484.24
905.82080 2555.62
906.32123 1255.4
906.81329 412.123
909.28094 208.909
913.42682 313.511
914.39294 373.747
926.32056 761.307
927.31952 244.916
931.43286 1740.28
932.44012 692.797
940.86230 234.38
941.34448 275.784
945.30634 271.188
945.80316 397.049
946.30920 216.824
947.44067 411.107
954.30945 834.975
954.82007 750.623
955.33392 488.438
982.29883 319.9
995.34821 303.898
999.35602 398.742
1026.40344 377.136
1042.45654 215.856
1060.47131 227.725
1112.47131 328.038
1125.37122 217.966
1141.43762 293.757
1239.40698 322.857
1240.42896 254.282
1244.52466 716.718
1245.52356 427.011
