3040.44834 3
110.07100 579.626
120.08049 14140.4
121.08385 1145.51
129.10207 5526.88
130.08612 1234.18
133.04276 948.775
136.07510 1162.08
143.11766 778.36
147.11247 2793.99
155.08134 1548.13
159.09148 2585.34
165.10205 2618.67
171.11290 607.334
171.14919 1872.06
173.09167 2929.7
173.12717 752.269
175.11880 776.5
183.07657 1534.82
185.09166 730.409
185.12799 925.472
199.14377 1706.83
201.08673 6635.21
201.12253 1122.39
207.11249 1099.33
213.15793 642.42
214.11745 610.83
217.09593 1115.84
226.11827 1005.72
235.10696 1910.6
241.08240 1089.76
244.09143 1066.34
244.12761 1285.79
256.16461 923.715
258.10718 3561.61
258.14221 901.877
259.10837 955.526
263.10181 1025.53
272.12375 916.452
276.13361 7540.02
277.13492 1153.65
283.13974 1414.38
288.13373 1936.29
289.16016 1043.33
301.14893 1162.29
302.15042 1513.96
307.14285 1715.44
312.11792 1092.55
314.17023 2513.91
315.10681 1738.31
315.13446 789.224
327.20319 898.809
329.14478 3691.15
330.14529 2735.16
333.12286 674.142
339.19885 627.584
343.16422 746.941
347.17096 3064.86
348.15347 2071.77
350.13480 661.795
360.15631 1279.64
365.18192 1443.37
372.18762 2498.96
375.16785 647.616
379.14148 1262.74
383.15756 706.515
385.20715 943.616
388.14963 1008.36
396.22629 631.731
397.20529 717.96
404.19507 8923.94
405.16925 2237.17
405.21561 669.444
412.21918 1079.59
414.23560 1305.11
425.20370 1309.76
426.21695 1673.12
431.18878 757.424
438.23541 690.522
440.31992 718.405
441.16275 624.019
442.22946 1146.1
443.22708 1703.5
456.24084 690.305
458.20258 3342.64
459.18588 916.552
461.21585 17093.9
462.21808 3760.44
463.21484 765.217
467.26367 734.301
475.13721 871.361
476.21320 4725.57
477.21518 711.57
485.26538 1144.74
496.23914 1700.61
502.22736 658.858
504.20706 1126.9
512.19965 1103.87
513.30536 2002.2
514.26117 2787.63
515.26227 734.276
527.28412 644.804
530.22015 689.806
532.28473 1530.63
547.25012 2060.94
556.30566 2386.11
559.79370 716.115
561.30261 674.144
567.27649 1092.57
584.34058 3128.76
587.24347 4833.29
588.24957 1551.25
589.29657 843.094
591.31427 905.08
603.23859 978.57
604.21954 1254.7
605.25720 3040.74
606.26495 839.296
609.33240 1087.04
612.37152 1948.07
613.39032 836.514
621.24725 17564.1
622.24963 5170.6
623.25085 1810.81
627.34198 3905.51
628.35022 1207.59
631.26788 1196.41
643.30969 1195.34
644.33588 654.061
647.31555 990.711
648.30035 666.15
651.82025 765.633
655.37634 3245.38
656.38550 1023.57
658.28101 4319.39
659.27301 1634.37
660.33704 1711.87
661.33026 1241.12
676.29297 4556.13
677.29840 1463.79
683.40576 3703.48
684.41498 1193.78
694.36194 1272.21
694.86487 736.366
698.37634 863.329
708.36224 1697.41
708.85919 1599.68
710.27112 772.765
711.44305 1073.61
712.44299 702.259
726.41437 3544.03
727.41705 1609.46
731.37213 1731.01
736.36371 1202.11
740.43292 1804.46
747.32770 958.913
754.37408 1480.23
754.45752 2779.7
755.46545 975.472
757.89587 674.458
758.39813 1254.36
761.38342 1080.09
771.36627 2427.11
772.36182 1281.57
775.83069 1171.16
776.32343 819.92
782.47894 1083.86
783.47638 730.11
789.37689 3241.15
790.38214 1364.86
793.47131 768.23
802.40662 898.009
807.32745 11279
807.92181 700.862
808.32947 4525.23
809.32800 2120.65
811.46545 1781.98
812.46594 726.605
818.36627 830.655
825.48383 2522.45
826.48071 1700.76
839.50317 1454.71
842.40472 1690.05
843.39496 1277.97
850.44299 762.996
853.51721 1387.52
860.41302 3792.36
861.41504 1583.55
870.29364 718.44
897.50580 1362.69
908.37299 13012.9
909.37238 5569.1
910.37585 2159.63
910.50818 1422.71
911.52350 778.443
913.44141 1535.4
914.43091 780.544
920.47546 1441.97
921.48224 1089.03
922.50330 1485.51
924.55371 1239.87
931.45447 2857.79
932.45740 1506.46
934.47681 805.109
938.58112 863.89
940.50061 1321.31
941.52753 736.901
950.49640 1638.24
951.49445 702.766
961.38873 801.516
968.54095 1704.48
969.53796 995.843
979.40900 11113
980.41278 5451.85
981.40784 2358.33
984.48309 735.847
1002.48810 1755.1
1003.49048 1077.9
1004.50934 912.303
1009.60516 828.115
1010.61450 825.488
1013.53943 994.004
1014.01929 738.871
1014.57227 1462.55
1015.02405 886.491
1015.46741 716.434
1020.99670 910.247
1039.58093 2863.53
1040.58582 2090.98
1048.42188 1144.69
1049.56665 1120.87
1051.55310 769.224
1055.38428 973.041
1056.01172 901.174
1056.36060 951.589
1059.52429 849.351
1063.42285 876.201
1066.44238 14371.1
1067.44470 7267.72
1068.43945 3487.41
1069.44446 780.973
1091.01880 1005.42
1091.53223 1941.18
1092.03064 913.274
1118.58313 1411.72
1126.55005 3002.85
1127.05005 3800.07
1127.54285 2786.09
1128.04761 712.734
1136.59570 1134.26
1167.64282 1049.22
1174.52588 1171.71
1175.56079 783.199
1183.08691 1608.34
1183.59473 2269.12
1184.08667 1885.45
1184.59607 1059.77
1195.48669 781.273
1213.50964 9802.53
1214.51038 7210.29
1215.50098 3059.77
1216.47473 725.781
1218.60742 2835.43
1219.10962 2604.9
1219.61157 2743.57
1220.10010 1465.18
1220.61182 709.67
1221.57324 900.79
1222.57666 1288.92
1274.60339 1029.29
1275.13562 699.679
1283.12610 1604.82
1283.62695 2580.55
1284.13757 1865.67
1284.62488 1495.88
1302.63464 1210.06
1303.61438 812.793
1306.52466 1165.81
1307.51904 804.203
1310.51929 1529.97
1311.54565 1228.26
1312.51013 691.117
1328.53723 15200.3
1329.54041 10203.2
1330.53650 5314.05
1331.53406 1698.32
1338.64832 1203.51
1339.14429 1132.42
1347.64551 1311.41
1348.64685 707.757
1397.71143 2044.96
1398.71741 1386.72
1409.60510 951.363
1410.57568 887.932
1415.71814 3513.35
1416.71875 2677.21
1417.71460 1399.54
1418.69543 1323.23
1427.60498 11429.9
1428.60706 7701.81
1429.60852 4105.5
1430.59985 1284.16
1433.70654 853.988
1496.76770 840.568
1508.66418 777.759
1509.65808 1075.14
1514.78760 3100.7
1515.78674 3068.63
1516.79175 1554.66
1526.67346 9189.47
1527.68054 7589.1
1528.67432 3906.79
1529.66772 1063.84
1550.65759 2132.56
1613.87817 1419.88
1614.84375 967.82
1615.84912 758.21
1625.74414 4003.5
1626.74817 4103.84
1627.73450 2033.21
1738.82251 2007.8
1739.84546 1798.53
1740.85315 959.27
