3026.55008 3
110.07098 1479.86
120.08054 21633.4
121.08373 1219.21
129.10216 3237.41
130.08617 3562.57
136.07500 921.829
143.11790 1056.76
147.11255 8938.24
159.09142 1761.95
159.11227 1992.7
169.09671 1041.82
183.14885 1316.38
185.09253 891.782
187.10718 2060.39
199.10683 1846.17
201.12241 1182.68
215.13824 1826.3
219.07974 1600.23
227.10226 8166.61
229.11789 2055.82
231.11157 2223.06
233.09476 1021.63
233.16434 3959.12
234.14386 859.088
240.09813 2935.75
241.08069 1096.34
243.07899 1358.18
243.13356 6926.19
248.13889 3899.9
258.10776 4632.7
258.13358 1032.5
259.10876 1450.47
260.19650 2120.62
261.08923 1327.64
261.15930 3124.88
276.13397 5784.75
299.13394 1022.5
300.13678 1570.51
312.10107 4389.35
316.14835 1346.64
317.21759 9920.33
318.22150 1364.87
319.17172 823.64
330.11206 4329.99
343.23444 1199.78
346.17746 1659.63
347.17050 6641.84
348.12225 1186.69
348.17682 1082.62
354.16452 1063.39
356.21725 829.137
357.17599 976.107
369.14063 3757.5
371.19815 2630.1
374.17068 11064.1
375.17496 2648.72
384.22186 1273.06
385.24506 835.197
387.15039 2688.07
390.20236 3610.85
409.18283 1839.75
412.21924 1900.2
418.26544 29973.9
419.21725 980.007
419.27081 5188.64
429.17990 1441.25
443.19556 2103.76
444.20212 1375.18
445.20938 1080.94
447.18866 1252
459.26184 1360.64
467.25153 1156.12
470.26184 912.56
474.23816 2591.33
474.73978 1743.53
482.22211 2241.44
483.24899 925.942
484.27023 1184.22
484.31973 1020.49
486.21790 1538.05
487.25925 2218.25
491.79715 1222.06
496.74438 875.736
500.23209 2891.18
517.33331 18216.7
518.33716 4366.32
523.26227 1119.49
532.26630 1284.14
539.29834 1129.14
540.26434 978.402
548.28186 2477.43
550.23584 999.308
555.23712 1582.9
560.77032 1195.27
566.31927 1470.54
573.24072 1661.4
573.31427 934.876
573.78833 1131.96
574.24823 933.677
582.29504 1352.39
583.34802 934.049
584.20215 1710.24
587.28687 10485.5
587.78656 8770.44
588.28699 2282.77
595.30432 1161.56
596.29248 13214.7
596.79340 8303.43
597.29706 2035.31
599.29767 1578.43
613.31342 1995.29
616.29791 5690.71
617.30493 1865.96
617.81805 1053.87
618.30676 871.286
619.31842 8152.2
620.32263 2902.21
630.41730 17018.7
631.41992 5764.84
632.42438 1179.97
634.30847 2457.77
634.80603 2277.79
646.82538 3772.21
647.31915 2590.09
647.82275 1388.87
649.35327 1000.12
652.30859 927.231
655.82825 6328.34
656.33173 4412.47
656.82788 1374.62
660.82166 10953.1
661.32019 10688.7
661.81976 4051.64
668.32111 1226.86
669.31970 950.596
669.82672 20349.8
670.32733 15405.1
670.82892 5129.61
671.33563 1295.55
676.35999 1648.88
677.34222 3199.25
678.34747 1486.84
686.33923 2238.52
687.33490 1921.04
690.35583 2955.73
690.84894 1689.27
691.35492 2235.26
694.36780 2867.51
695.36987 1381.34
703.85193 912.405
704.28265 1396.36
712.38062 4277.23
712.87463 2019.81
713.38385 1432.01
717.36206 2910.9
717.85956 3146.94
718.35669 1760.97
726.36865 5885.45
726.86792 4917.9
727.36835 2640.58
743.50098 12063.9
744.50720 4735.34
745.50220 1244.46
748.38019 2771.72
749.38025 1436.44
755.36053 1124.97
765.40784 2726.33
766.40118 1620.75
767.38721 1143.66
781.41119 1071.7
781.88556 4867.08
782.38885 4719.41
782.88959 1878.17
783.38977 1318.78
790.89117 6747.98
791.39081 6152.58
791.89246 3424.27
792.39606 959.539
799.43317 1188.96
816.35730 1283.3
817.37415 1504.79
818.37604 1268.12
837.41656 1064.95
843.44995 903.018
845.41620 2788.47
846.41547 1812.81
852.45258 1277.28
854.53723 1108.76
856.90991 972.314
870.30994 2122.84
872.54553 11159.8
873.54858 5643.62
874.55054 1120.35
876.43561 2323.3
877.42090 7982.65
878.42377 4465.8
881.91345 1552.08
882.41443 2180.84
882.92029 1018.18
890.91547 2300.25
891.41907 2334.02
891.91449 1394.34
894.44788 5715.37
895.44366 3214.82
896.43750 1041.5
900.42242 1086.16
916.44836 2288.94
930.45801 1423.66
931.45068 1112.83
946.41229 1056.14
947.47412 5143.15
948.45837 22009.5
949.45819 9958.14
950.46497 3156.5
965.48346 19761.4
966.48480 9796.57
967.47748 2716.91
976.50055 2070.83
976.82013 1158.4
977.15424 1012.57
977.52307 1147.47
983.58038 5554.09
984.57971 2152.01
992.47992 2785.51
993.48322 2123.28
1000.60358 15946.6
1001.60504 8936.18
1002.61719 2531.13
1008.52203 908.539
1009.50751 4661.09
1010.01947 1657.3
1010.50537 2799.81
1011.54462 1203.13
1055.38464 2775.88
1063.52185 3541.54
1064.53308 2265.97
1094.63330 1046.46
1105.56287 1701.55
1106.57813 1329.31
1111.63550 4195.63
1112.63892 3728.71
1113.63416 1129.58
1129.64539 30513.6
1130.64709 17308.6
1131.65271 6151.14
1134.02686 1141.46
1134.49707 1048.67
1143.02991 1094.27
1143.54663 1063.67
1173.56445 2402.81
1174.55493 13583
1175.55371 8391.42
1176.57495 3544.28
1177.57715 1272.86
1191.57935 11638.9
1192.57788 7975.27
1193.57959 2547.7
1228.71362 10989.2
1229.71814 7831.94
1230.72620 2318.65
1234.61316 3402.07
1235.61658 1842.42
1293.62695 1690.76
1294.62988 1354.84
1297.75098 1833.31
1298.72839 1880.09
1299.70142 932.215
1305.65149 2002.86
1306.67383 1113.89
1310.66553 1604.31
1315.74805 17408.6
1316.75061 12171.3
1317.75586 3773.4
1318.76062 987.773
1320.62939 3392.6
1321.62146 11682
1322.62549 8295.26
1323.63208 3102.86
1338.64648 13121.4
1339.65076 10328.6
1340.65625 3951.52
1341.67200 1113.62
1345.75708 945.944
1428.76355 1009.48
1433.70984 1396.27
1434.70618 5486.9
1435.70984 3579.52
1436.69507 2226.03
1446.78662 8541.02
1447.78711 6840.06
1448.78516 2597.1
1451.73206 5788.04
1452.72839 4424.72
1453.72656 2746.87
1557.83142 1575.35
1558.82324 1747.03
1562.76538 1290.38
1563.76428 3620.42
1564.76123 3332.81
1565.74231 1379.32
1575.83215 5604.26
1576.83435 5236.22
1577.81970 2805.99
1580.77820 2807.91
1581.77026 2492.38
1582.77954 1166.21
1711.82849 1274.61
1712.85730 961.993
