1980.94411 4
110.07114 17882.3
111.07436 743.229
120.08071 1888.71
127.05019 1280.35
129.10214 6621.45
130.06500 26114.4
130.08624 1495.63
131.06812 2331.77
132.08055 760.76
136.06177 871.913
136.07553 2079.62
138.06628 1085.32
143.11792 6446
145.06070 3279.47
147.11264 2015.41
159.09158 10393.8
160.09518 1158.17
167.09239 2155.22
170.05942 1664.35
171.11267 1839.35
171.14816 813.412
173.12843 7351.29
174.13222 1259.66
175.11891 9570.4
184.07095 743.602
187.08621 1465.1
195.08755 11865.2
196.09167 903.193
199.08649 1033.26
199.14233 788.601
201.12338 2830.97
204.58430 1237.67
205.11879 948.934
211.60002 1293.41
213.09784 895.316
220.60551 27079.7
221.10640 6073.95
226.60567 4055.5
227.10640 905.739
227.61299 782.898
229.11700 808.477
230.15047 1246.12
231.59773 1270.19
234.09830 1511.07
234.60275 3728.83
235.10486 781.86
239.11371 1552.21
240.60274 3707.92
241.10495 942.016
246.12349 1350.63
247.10794 1285.15
263.11432 1218.89
264.10864 2050.77
269.11334 2764.78
269.61526 957.438
274.11893 1108.78
282.11954 7307
283.12323 826.707
283.62689 5936.93
284.12537 1478.78
285.10175 759.322
286.17084 11017.2
286.67197 2921.44
287.17224 1183.61
288.20264 4187.09
292.63232 3570.41
293.13477 1300.27
297.62415 6058.14
298.12451 2067
298.62976 1143.38
299.14743 1054.29
303.20352 735.02
303.62466 2990.71
304.12485 1003.52
306.62982 2303.98
312.13705 5242.03
312.63998 1760.55
313.12833 1862.99
313.18088 1035.37
317.12930 757.877
326.13486 10061.7
326.63641 2936.39
331.51801 735.3
335.18454 955.897
336.12967 1074.55
339.14264 1218.83
340.86176 2387.88
341.19809 1233.15
341.66974 1250.19
349.19894 903.46
350.18628 1656.7
350.21616 1793.62
351.13989 1800.28
358.69440 1417.5
362.19543 4538.65
362.52982 2546.13
362.86273 1317.77
366.10678 1354.51
368.16708 2650.13
368.67957 2503.99
369.17578 786.484
373.17230 959.511
378.15253 1630.03
379.20404 2536.48
379.53796 1421.23
394.86517 802.152
395.17270 1290.8
396.16220 22211.5
397.16522 4652.01
400.12946 1537.8
400.53738 4726.13
400.74203 1960.47
400.87280 2753.91
401.23959 987.861
402.24533 3374.38
409.22964 5238.44
410.23233 2308.63
416.89813 1396.15
417.23154 1015
422.19312 1136.35
428.88766 771.265
432.22858 1049.47
433.18750 803.316
435.90576 1703.45
436.24048 1809.3
436.57220 799.139
438.23239 6579.73
438.56607 4361.45
438.90112 1537
440.20132 4695.41
441.20642 830.88
446.27325 1060.71
447.74445 1741.46
450.18784 2244.1
451.23169 1072.04
457.23862 7260.85
457.57394 6097.33
457.90927 1828.51
458.24030 799.373
460.26840 4224.07
460.76926 2405.86
461.18454 1203.82
461.26901 766.151
464.91315 1181.65
465.25317 1546.75
468.19864 6350.18
469.20047 1630.15
469.27197 13984.4
469.77283 8045.9
470.27594 1792.99
470.98773 2913.93
471.23856 4014.82
471.48859 1672.34
474.28210 5390.73
475.28412 987.903
475.49014 8053.27
475.74039 9340.04
475.99146 4571.23
476.24274 2332.41
478.25211 1070.34
479.21167 785.768
479.99316 2154.11
480.24396 4313.46
480.49097 1352.49
480.58142 2600.97
480.91098 979.067
481.24789 809.69
483.98746 771.736
486.24899 6789.94
486.58331 6175.19
486.92084 2750.23
486.98715 4803.17
487.23694 5671.34
487.48886 2756.38
487.73813 1692.14
488.82254 1265.4
489.01984 805.358
491.48956 11627.9
491.74023 15235.4
491.99146 9417.57
492.24173 4704.49
492.49149 1458.35
492.62158 828.601
493.58096 1225.07
494.76474 817.981
495.25247 1081.08
495.99158 2919.93
496.24487 6714.04
496.49646 1450.03
496.73166 1475.43
497.22385 3416.4
498.23087 994.608
499.25711 1261.73
499.58340 1275.82
501.17557 1709.3
501.30600 899.723
501.79471 3432.77
502.29471 1651.12
505.25833 1284.46
506.24033 1117.31
507.20856 8007.71
508.21097 2154
508.30460 1098.52
509.30133 872.369
510.78983 7797.5
511.29172 5510.85
511.79236 1388.18
513.27643 1803.06
517.29736 1040.57
525.21967 33680.3
526.22339 9469.84
527.22522 1842.29
530.30426 5776.5
531.30756 1286.36
533.78326 2335.6
534.28149 2050.72
542.22906 938.404
542.78949 16367.9
543.29059 11886.4
543.79144 3827.92
544.29016 1082.14
554.30914 1588.11
555.60413 999.929
555.93817 804.276
559.29688 4634.23
559.79596 3441.74
560.30048 1310.84
561.60925 1193.21
565.27490 2882.46
568.30334 25643.8
568.80469 16232.9
569.30627 4987
569.80237 1774.88
570.22882 800.07
571.33435 43496.7
572.33746 14266.5
573.34692 2348.38
576.22931 1369.04
584.25708 806.47
590.63049 826.529
591.29773 5930.41
591.79724 5616.01
592.29572 2170.94
594.24011 5711.59
595.24286 1823.21
596.63733 979.338
596.97266 877.727
600.30292 47135.1
600.80402 29697.7
601.30542 12249.9
601.80579 4284.42
605.30890 945.008
605.79578 974.822
607.31293 1134.28
607.35004 1180.7
611.26331 1706.73
611.96619 1959.03
612.24750 5559.59
613.25446 1962.4
614.25543 1218.08
615.83801 2114.64
617.96637 1454.01
618.29272 2019.31
619.32532 926.535
623.26599 1108.29
624.84583 9103.8
625.34717 5528.56
625.84998 2449.64
629.26813 3946.44
630.27496 901.488
633.25415 2725.59
641.27655 2009.14
642.34283 1180.35
642.83209 4895.24
643.33575 1615.11
644.35187 3505.74
644.85120 2412.63
645.35699 982.51
647.84241 1865.2
648.33820 1487.45
651.26208 12458.4
652.26514 5187.46
653.35638 26816.4
653.85663 20549
654.35876 7490.34
654.86078 1975.82
656.84436 15700
657.34546 11536.8
657.84717 5212.48
658.34918 2081.71
660.28522 2763.21
660.78571 1292.98
669.27332 21313.1
670.27557 8195.23
671.28180 2621.69
676.35040 4494.81
676.85071 4603.12
677.35675 1943.55
679.36365 961.296
685.35498 42798.5
685.85638 30851.5
686.35638 14812.1
686.85822 4975.44
687.36243 1320.77
687.86688 2496.23
688.36957 1856.57
688.86957 969.837
696.87335 11094.5
697.37433 10350.1
697.87555 5228.84
698.37585 998.785
699.42963 11006.5
700.43274 4122.21
701.43677 808.707
711.35419 1998.05
711.85187 1082.82
712.37006 909.131
716.37885 3899.09
716.87799 2551.57
717.37903 2203.54
719.86591 3643.6
720.36707 2427.24
720.86853 1384.02
725.38361 8197.92
725.88196 4824.44
726.38898 2394.59
728.87115 17451
729.37238 13052.4
729.87323 6833.19
730.37408 2497.29
736.35773 796.158
739.37360 803.51
739.85840 1032.72
742.34827 817.569
748.37610 4717.26
748.87640 4437.29
749.37933 2113.68
754.35925 1043.17
757.38196 11991.2
757.88348 10190.4
758.38531 4918.23
758.87988 1382.41
764.33862 1192
782.37756 1627.57
789.33887 1878.05
792.35852 989.026
799.37549 2418.33
800.47729 14820.3
801.47925 6747.02
802.47949 1442.13
839.36829 896.619
879.36432 1271.66
880.36975 806.08
886.39685 934.977
897.38635 2656.61
898.38806 1329.2
918.54431 1201.2
919.54816 2130.29
920.54932 1351.1
937.53534 6884.25
938.53833 3633
939.53986 876.733
