2098.85373 3
112.08719 5966.78
129.06548 11826
157.10791 5176.36
158.09236 5608.56
175.11871 85948.4
258.10788 9121.61
402.69690 8015.6
432.21899 32653.4
433.22162 6284.63
472.23346 6023.04
480.74597 86085.8
481.24710 40485.6
481.74631 9379.22
483.26965 7310.7
493.73950 5693.35
505.23898 9237.91
513.26007 27201
513.75311 56041.9
514.25299 26036.4
514.75507 7207.87
515.25763 25342.6
516.25800 8545.79
522.26392 601452
522.76501 299393
523.26630 95661.9
523.76654 17700.5
529.25867 6421.03
531.26898 96105.1
531.77130 45655.2
532.27374 18711.6
536.26093 6095.23
543.25464 17902.3
543.59967 12443
543.93054 10835
544.26105 6675.6
549.27185 134591
549.60669 109547
549.94086 42534.3
550.26886 54807.3
550.76605 17605.7
551.26923 10316.5
555.27899 15477.3
555.60803 5581.29
559.27496 7502.42
561.26208 102612
562.26215 43554.5
562.75812 11387.6
570.77045 5565.41
571.25635 33940.7
571.76117 15903.2
579.77759 90826.5
580.27911 50597.7
580.78076 17940.8
581.28137 7718.42
581.93213 37861.1
582.26434 26520.4
582.60052 14760.3
582.93292 6609.59
592.28479 8199.02
592.61755 10246.8
599.25220 17007
599.75897 9080.44
599.94580 7272.51
603.28473 13083.4
605.61786 19223.1
605.95038 10784.6
606.27356 5852.84
609.28754 6949.03
609.61694 11982.8
611.29724 15962.8
611.62695 15706.3
611.95984 8140.48
612.28516 7152.74
612.78656 9676.08
614.31262 27404.4
614.63226 14641.8
614.81732 18209.8
614.96484 37153.6
615.29761 38476.2
615.62891 22658.1
615.95966 10780
617.29871 6850.73
617.62628 7765.98
617.94843 6973.09
618.29614 5725.55
619.97040 9746.34
620.29877 45418.3
620.63019 67445.4
620.96411 69471.2
621.29840 67740.1
621.62933 13878.6
621.79950 11165.3
621.97168 7247.08
622.30029 8416.12
622.96753 9190.52
623.29449 31453.8
623.62604 55339.4
623.95502 30165.7
624.28833 15854.4
625.64563 9929.07
625.97296 13388.4
626.30731 7275.44
628.97076 170884
629.30170 320918
629.63348 229882
629.96893 102774
630.30151 39273.5
634.32416 10265.2
634.42029 6711.79
634.52142 6893.8
634.56891 9183.1
634.66650 10725.5
634.71631 10623.2
634.76312 11304.1
634.80707 8394.85
634.97284 2.40653E+06
635.14734 17916.5
635.30548 2.32863E+06
635.46417 16250
635.50830 13516.3
635.63892 1.24765E+06
635.74573 15405.2
635.80054 7019.58
635.97327 457452
636.30835 117076
636.64771 6710.35
640.97437 301336
641.30914 294554
641.64258 159220
641.97839 69413.2
642.31250 11139.8
643.95111 11798.1
644.28516 9506.45
644.61908 6206.75
647.95148 7898.85
653.61755 11919.3
655.95673 6236.94
656.28760 12330.2
656.61676 8287.83
659.26184 10232.7
661.62720 65684.9
661.96021 91806.2
662.29126 49296.5
662.62622 23369.9
662.82111 7570.39
662.96265 5994.12
663.31927 17281.2
663.80884 9919.11
667.63080 588776
667.96503 589253
668.29828 298135
668.63165 132437
668.96832 26387.6
670.27582 6699.71
671.82635 73141
672.32703 58447
672.82837 18512.8
673.63483 38107.6
673.96912 30193.7
674.30255 16057.8
674.63562 6207.97
676.28870 41841.9
677.29236 14455.3
679.33972 11519.8
680.82806 23858.4
681.33038 14717.5
685.82397 5750.63
694.83002 41110
695.32922 26456.5
695.83752 12159.9
700.28796 53951.6
700.62372 47905.9
700.95416 27673.7
701.29071 15972.3
720.81616 17681.1
721.31372 11762.4
721.81836 7084.55
727.83331 6714.42
736.35156 22746.1
736.84772 20367.4
737.35449 6554.03
743.81226 7815.42
745.36182 69087.5
746.36591 27867.6
762.39032 9847.32
764.36932 11728.2
764.86584 6676.97
785.33667 7547.3
786.37384 6469.11
788.39539 6942.04
800.38733 10490
800.88031 7460.33
804.38422 72147.5
805.38531 27347.7
806.38629 11359.2
814.89276 24348.8
815.39215 19561.7
815.89258 11262.3
816.39380 5869.38
823.89984 7042.3
842.37970 16788.4
843.37811 13980.1
844.36432 5853.83
850.89832 15880.2
851.40839 11067.8
851.89935 10399.1
855.89117 9153.37
856.38690 9863.72
856.89667 8266.69
860.38812 250482
861.39264 113879
862.39221 32611.5
864.89795 75571.4
865.39880 67915.2
865.90045 29613.5
866.40454 10025.8
870.40997 6028.32
872.38739 6909.63
873.41595 9007.6
873.90479 35050.6
874.40613 32216.8
874.90540 18010.3
877.41412 8343.33
878.39856 40084.2
879.40460 23644.3
880.41492 6507.37
882.42084 5801.23
882.91760 10205.7
888.42236 6194.21
899.43134 8947.47
907.92157 17515.2
908.42688 12677.3
913.89252 12818.8
914.38965 10890.4
914.89600 7953.83
916.93402 6901.19
943.42651 22524.6
944.42310 9316.18
958.36377 60396.5
959.36877 24582.8
960.34369 6716.84
1041.39600 13363
1042.40894 7535.13
