913.58000 2
110.07097 4209.44
112.08656 2035.52
113.07066 836.662
114.06584 559.637
115.08627 8955.71
116.07033 1251.1
120.08052 3547.01
127.08651 432.692
129.06549 2339.99
129.10196 5128.04
129.11285 496.477
130.06433 714.696
130.08598 2549.28
130.09973 440.202
133.09732 413.304
136.06154 3616.44
136.07539 2815.76
141.06554 467.193
141.10182 932.987
142.12256 500.409
143.08124 6318.88
143.11755 4136.08
145.09679 1769.76
155.08119 1567.81
157.10796 1389.35
157.13326 767.883
158.09207 9456.2
159.09116 7860.23
159.11151 434.824
166.06070 469.149
167.08154 508.871
169.09691 911.46
169.13283 493.93
171.11252 1735.16
172.07137 2977.24
173.09177 2620.41
175.11859 21787.2
176.12285 1003.79
183.14822 428.889
185.09232 813.51
185.10625 570.017
185.12410 644.369
185.16454 66309.1
185.20674 557.242
186.12305 2516.31
186.16808 5941.96
187.08600 588.309
187.10713 1378.38
187.14336 1806.39
195.07593 767.903
197.09248 487.11
197.12828 3278.59
199.18005 18486
200.10243 1914.52
200.18369 1997.71
204.13393 8811.28
209.10397 515.072
211.11778 491.472
211.14235 479.167
212.10400 804.442
213.15936 38276.7
214.11806 1488.35
214.16331 3813.17
215.11401 753.96
215.13849 3602.5
226.11804 898.93
227.08255 525.619
227.17511 7438.86
228.17874 775.994
229.12929 5286.27
230.11313 6121.95
231.11397 646.717
240.09799 484.477
240.13306 785.873
242.14940 1258.79
243.08772 1442.23
243.14525 649.635
244.10706 622.763
246.15575 1561.24
251.14978 763.236
253.12843 420.426
255.14499 808.782
257.12286 695.405
257.15997 1503.74
261.15460 793.163
268.11948 560.662
268.16278 2001.5
269.12311 1122.93
271.13953 3848.63
271.17554 629.492
272.17383 913.193
273.15491 1993.99
281.22226 1054.88
283.13980 1356.76
284.19458 1234.22
285.15457 6416.3
285.67093 642.119
286.15051 14505.1
287.15329 1829.54
288.20120 510.994
297.15405 472.337
300.16968 653.315
301.14984 4746.05
302.15405 660.548
303.17703 5784.2
304.18109 580.531
310.21170 2890.26
311.21371 516.959
312.04803 1290.37
314.18369 518.221
315.20187 665.356
318.17654 595.871
325.18732 531.432
326.24319 3346.25
328.22211 3865.76
329.22427 490.317
332.19119 476.855
338.21884 451.085
339.20142 1871.84
340.16019 1160.62
341.12216 412.314
342.17877 899.053
342.69315 565.757
343.19653 2277.93
345.19138 1214.77
351.20615 1185.15
353.25650 522.299
356.22873 734.172
357.18732 10270
358.19034 1530.36
359.13556 1853.18
360.13953 522.103
367.23294 507.972
372.20367 474.344
373.18552 1654.8
374.21365 12345.5
375.21701 1958.84
381.25024 1265.17
386.24103 792.304
390.21246 13684.2
391.21350 860.926
396.09558 423.258
396.19177 780.889
396.22940 858.221
399.22705 460.752
414.19879 1221.85
414.24335 1263.06
415.23370 787.227
416.26007 432.898
421.09149 418.377
422.20926 414.696
431.23477 4891.2
432.23978 1013.77
433.23776 701.671
439.10104 1597.99
440.10422 529.171
440.22485 2228.67
441.20392 964.935
441.26059 454.559
454.20746 705.571
456.28647 595.246
457.24945 2480.66
458.23221 7560.87
458.31042 2960.75
459.23651 1609.98
471.23206 1057.26
475.26129 55146.9
476.26379 11954.7
477.26645 1379.12
485.24512 1261.11
503.29578 1365.58
527.31897 453.934
528.25555 874.193
544.31744 2254.71
545.31677 715.71
546.31818 530.265
554.30328 477.707
560.31799 4183.96
570.33887 2972.93
571.32111 2395.39
572.32098 673.817
573.32294 439.239
588.34509 46687.9
589.34760 13475
590.34857 1939.71
616.37964 924.378
639.32813 664.461
657.35938 3227.1
657.39362 3449.49
658.40576 690.338
659.40485 741.731
674.35962 6038.55
675.35645 877.717
683.41840 2405.91
684.41431 1738.13
685.41644 557.151
701.42865 58413
702.43213 21879.1
703.43396 3313.83
773.42981 1181.99
800.49713 6630.73
801.49902 2779.22
