2466.11496 3
110.07087 386.632
120.08023 842.686
129.06578 322.012
129.10191 430.118
130.08571 381.481
133.04248 1086.05
136.07523 323.705
147.11220 804.428
159.07590 586.221
171.11198 233.066
185.16484 216.161
187.07062 1497.62
187.14360 309.295
197.12715 184.373
199.07080 467.515
215.13821 578.304
241.08134 281.026
243.13322 473.235
252.10803 254.835
259.09161 414.657
262.08386 413.93
272.06885 518.185
276.15210 262.065
277.21582 225.019
288.11554 203.501
290.07965 1653.8
298.10052 225.319
300.15366 320.409
310.10254 241.869
316.11203 518.196
329.19324 232.086
333.17535 1461.83
334.17773 277.503
350.21713 943.883
381.14926 264.751
401.11194 681.783
403.16327 321.237
412.21072 187.465
416.21240 228.564
419.12283 293.238
421.21265 195.347
434.22275 2232.3
435.22623 590.534
464.26056 450.687
493.11182 192.817
506.26767 337.678
528.21930 281.469
565.26129 1499.03
566.25983 215.229
570.78485 355.768
571.28607 199.713
590.74805 240.639
593.30145 1490.89
594.30676 329.629
611.25714 466.472
612.25348 193.513
629.26239 213.371
648.30438 272.435
666.30994 3605.68
667.31506 1025.27
668.31451 245.617
712.37384 325.347
724.33862 471.071
725.33801 285.679
740.37097 1511.56
741.37195 755.697
742.35242 369.741
777.33997 878.255
778.33643 308.187
795.35077 4110.2
796.35358 1441.68
797.34857 355.865
806.37378 205.151
821.43475 282.053
821.80438 438.659
822.44537 433.753
822.99359 197.377
823.41766 3245.65
823.51349 2894.42
824.37842 599.702
824.45648 580.383
824.56293 1030.92
841.41693 2139.28
842.42108 882.146
890.42926 302.396
908.43585 3673.44
909.43781 1442.5
910.43140 347.902
926.51843 274.954
936.48981 1421.91
937.49231 829.241
954.50012 1480.75
955.50403 725.892
1011.52344 1430.51
1012.52380 703.899
1019.46149 661.993
1020.47809 269.818
1037.47742 2382.22
1038.47888 996.326
1039.47473 440.121
1140.56409 1401.9
1141.57019 863.25
1142.55847 298.511
1180.49255 319.269
1197.50745 1924.11
1198.51123 1348.71
1199.50098 592.99
1269.60291 982.766
1270.60291 647.583
1271.59290 283.741
1308.55371 404.131
1309.53931 205.192
1326.55530 724.029
1327.54541 420.231
1455.61792 223.207
1512.59351 420.468
1513.62537 391.82
1558.68652 362.106
