1850.96892 2
110.07120 660.01
115.08641 189.97
120.08048 1583.33
129.06581 284.893
129.10207 1691.54
130.06491 1406.85
130.08638 452.185
132.08090 348.411
136.07542 887.666
141.10211 355.681
143.08162 446.616
143.11774 247.225
144.08049 284.64
147.11255 1232.01
155.08107 291.908
157.09697 491.944
157.13341 618.898
158.09140 193.472
159.09149 4330.77
160.09509 383.912
168.07941 200.165
170.05991 483.366
171.11159 185.258
173.12888 215.497
175.11876 917.301
183.11275 247.74
185.12819 1346.86
187.08636 1292.64
197.12845 319.695
198.12747 554.45
199.18045 511.432
200.10268 407.097
200.14313 1901.66
201.12337 408.415
201.14729 248.116
210.12740 237.549
211.14384 286.973
212.10336 226.745
213.08618 241.945
214.11734 268.093
217.08322 223.639
226.11815 343.993
227.15466 1286.96
227.17120 769.333
228.13417 636.744
229.11804 577.296
230.12912 252.354
231.11108 466.581
233.16371 362.788
240.09761 479.164
240.13379 266.808
241.08177 883.095
242.14949 616.469
248.13902 210.078
249.12378 573.658
253.19107 192.578
254.14964 260.936
255.14900 3743.84
256.14594 371.698
256.16821 930.751
258.10803 942.485
258.12531 1166.55
259.09039 712.287
259.10849 479.097
260.19623 781.099
261.16049 263.84
268.16376 215.954
271.13925 291.665
271.17569 457.062
272.17545 9267.23
273.17883 1316.89
276.13434 372.319
277.11798 1380.86
282.18152 305.637
283.14301 754.509
286.13913 595.054
298.21210 836.498
299.17136 276.354
300.17044 5098.69
301.17416 721.424
313.18845 219.077
325.18735 259.828
326.18719 507.342
327.20258 378.793
329.16049 774.313
339.17233 194.275
339.20276 213.287
340.23734 191.601
342.21292 280.949
351.12988 206.078
356.22961 199.641
357.17624 480.868
360.15588 212.913
368.23428 554.833
369.14084 769.549
369.25253 218.963
370.20892 373.447
371.20758 814.02
384.22534 239.459
387.14807 476.438
388.15015 813.099
389.21936 343.237
397.22302 221.164
405.17682 751.193
406.15933 1036.7
407.26492 1060.39
413.25424 1152.82
414.24997 440.731
423.18903 352.857
428.21625 235.642
438.26938 197.99
439.26935 424.292
442.24313 481.169
459.22672 201.93
468.25751 196.745
484.28867 320.467
499.17725 196.893
504.24530 232.621
506.22986 199.382
510.30887 300.573
516.20862 516.295
517.18982 455.999
517.31116 460.951
518.29755 832.121
534.21606 846.952
535.20361 317.505
535.32355 761.957
536.32739 196.924
562.25214 302.581
636.25964 203.034
645.25000 219.036
663.26233 312.529
664.36493 867.741
665.37305 292.803
689.35596 312.356
691.28888 238.434
704.32581 205.674
762.33289 321.311
779.36310 251.765
793.41077 489.544
940.48169 612.585
941.49121 418.249
1069.51624 394.547
1070.51392 223.35
1225.62036 351.616
1226.61792 443.095
1296.64063 309.894
1297.66663 212.674
1367.69019 239.543
