3037.59281 3
110.07088 242.861
117.09061 255.264
120.08061 3848.64
121.08433 327.183
129.10223 721.466
130.08640 490.783
136.07523 831.646
143.11725 410.675
147.11266 964.089
159.11270 728.104
170.11719 225.532
171.11293 223.521
173.12794 526.279
187.10735 691.736
197.12846 1133.43
198.08708 290.331
199.17953 283.48
201.12332 613.238
202.08257 464.2
207.11246 527.201
215.13881 9818.5
216.09773 1153.77
216.14270 885.862
217.09654 516.364
225.12335 2065.33
227.17535 883.457
230.07686 767.533
233.16484 2008.36
234.16769 273.248
235.10733 1491.04
243.13377 16105.8
244.13728 1741.66
257.16086 1073.29
258.14471 1250.24
261.15955 2005.51
262.16321 306.458
270.14444 308.514
275.17105 1592.23
277.11899 281.31
279.17090 235.622
285.11832 1016.44
292.12918 729.917
297.15765 436.787
298.13840 727.819
299.09814 1548.8
299.20691 267.761
302.13229 534.944
303.12964 873.974
310.21249 847.888
311.17328 361.467
312.15384 501.86
315.16461 552.819
316.16711 618.793
317.10861 1522.84
318.11472 219.558
327.20178 455.395
329.14542 474.092
329.17957 273.752
330.18393 1303.24
331.18756 234.651
338.20731 3870.51
339.21011 592.958
345.17896 340.614
346.13876 237.883
348.19138 1088.05
356.21756 6332.29
357.22046 1185.58
371.15631 275.176
374.24301 359.65
384.18774 401.796
385.16922 424.578
386.23630 236.735
390.20282 466.234
395.26303 228.522
396.22427 468.902
398.19437 973.958
401.25403 253.582
402.20303 450.489
403.19986 237.394
410.26794 234.88
411.22440 1557.74
412.18301 1322.05
413.16003 238.019
414.23285 344.586
416.17902 798.378
425.23938 716.488
429.24576 261.629
430.19263 679.307
438.23465 2700.58
439.23740 595.441
440.28653 318.049
449.20401 865.283
450.19879 239.926
457.28000 414.45
459.22345 391.487
459.73813 360.957
467.18362 437.368
475.29312 722.576
476.29083 326.971
477.23849 407.496
481.19656 246.177
482.19006 316.423
484.23486 256.282
485.19489 966.828
485.27997 819.945
486.18457 226.804
486.27798 234.159
499.21631 569.28
500.20450 248.769
503.20721 961.573
503.29025 764.017
504.20331 246.856
509.31342 246.944
511.24182 251.386
512.24023 266.844
517.22266 403.808
518.22455 265.211
524.30676 736.948
525.31445 229.007
533.77441 250.019
535.24823 264.977
551.31958 1200.81
552.32568 335.96
553.25970 492.472
554.30029 736.961
558.29047 348.028
562.33331 293.337
563.23895 391.806
564.24023 244.791
571.27991 359.1
572.31042 1183.23
573.31134 351.791
580.26953 601.508
581.25549 561.224
587.24738 305.213
589.81635 279.932
590.31671 785.39
594.28888 243.108
598.27649 639.273
599.27380 605.964
611.29968 257.388
612.29736 310.234
614.24976 308.788
615.23938 385.524
617.29181 287.119
628.31885 501.374
629.32184 530.174
632.25519 255.841
633.25488 306.64
644.29700 254.703
645.29138 261.138
646.35474 474.87
646.85742 374.537
650.27631 582.24
652.36548 2147.44
653.36792 1135.65
654.37787 290.328
667.30585 253.55
671.37085 437.833
676.33691 231.868
686.30103 261.503
689.39795 285.372
694.35370 231.559
697.27069 306.374
700.32739 237.325
703.32422 274.432
712.36737 274.351
714.29877 573.542
715.28851 384.476
723.38629 402.668
724.40680 996.74
724.90198 281.069
725.40643 280.713
727.33392 363.273
728.32123 379.674
729.32770 230.036
732.31311 454.382
736.35980 457.99
741.39691 669.326
742.40063 479.503
745.35138 529.568
746.34363 335.64
752.91089 1493.31
753.41144 1152.43
753.91125 322.285
763.36865 399.093
772.35577 601.197
781.40887 2422.37
782.41425 1177.92
783.42010 230.028
791.36462 499.835
792.35834 294.225
796.34534 342.939
804.41351 271.64
809.46283 504.602
809.94745 453.165
810.45844 411.381
813.36652 375.6
814.35663 346.895
827.38159 240.76
831.38684 292.067
837.49493 293.312
849.44952 667.604
850.45575 258.108
852.96918 1198.99
853.46478 1849.4
853.97375 868.693
854.47052 762.447
855.48755 419.066
882.40106 247.003
883.36676 266.533
900.45728 321.756
901.42566 339.718
902.42664 245.746
904.45789 566.347
905.46326 344.395
907.99622 352.043
908.48798 777.992
908.98279 527.907
909.49402 313.059
916.99884 688.931
917.49878 604.719
917.98755 255.497
918.46802 5111.17
919.47028 2421.84
920.48383 1676.31
921.48346 722.746
922.47400 346.112
951.52472 323.893
952.00049 478.239
952.51642 302.126
954.50146 541.046
960.51740 3044.72
961.01453 3520.57
961.52344 1981.19
962.01440 638.889
962.51654 236.911
969.46112 366.841
987.47253 516.777
988.48431 339.325
1005.48828 440.816
1008.53546 243
1009.03412 246.759
1011.60492 307.02
1012.12726 548.76
1012.65497 327.502
1013.49799 595.738
1014.58185 426.175
1017.04974 965.229
1017.54633 1686.75
1018.05829 720.415
1018.55206 531.475
1032.51721 474.041
1033.50989 249.454
1048.50256 273.148
1049.58813 454.183
1050.57996 271.222
1051.56104 315.428
1052.58167 283.226
1053.57312 268.015
1058.51367 292.431
1060.57104 979.917
1061.06921 1351.83
1061.57446 637.504
1062.07141 347.207
1065.53735 4651.89
1066.54199 2801.86
1067.56421 1327.34
1068.59070 537.044
1090.59290 376.516
1100.56909 290.827
1101.54810 243.052
1109.08801 490.138
1109.58582 579.04
1117.59375 1169.07
1118.09058 1559.89
1118.59155 1022.1
1119.09338 286.186
1119.59094 259.782
1145.59204 417.579
1146.60095 298.669
1154.63147 356.959
1155.63428 257.248
1158.59009 239.353
1160.57605 333.529
1161.57959 375.529
1163.60278 271.43
1166.10767 265.933
1166.60059 639.092
1167.10132 666.901
1167.59961 554.049
1173.64124 303.936
1175.11023 1482.62
1175.60559 2243.93
1176.10876 1498.59
1176.60730 814.137
1177.10315 280.809
1178.62036 4615.93
1179.62183 3097.16
1180.62463 1173.58
1181.64172 325.623
1216.63525 385.919
1224.63977 878.979
1225.14343 1083.03
1225.64746 906.655
1226.15515 412.267
1230.65027 1042.44
1231.64209 654.622
1232.65869 290.319
1250.65356 252.971
1251.12183 270.04
1259.16284 382.998
1259.65247 892.347
1260.15356 743.985
1260.64221 608.948
1261.13025 268.667
1267.71729 280.096
1268.16089 1403.43
1268.66211 2572.39
1269.15393 1667.39
1269.66113 999.339
1270.13354 248.249
1274.67749 327.703
1291.70349 4517.26
1292.70422 2847.5
1293.70850 1357.04
1333.17871 508.547
1333.68787 581.41
1334.19861 326.032
1341.69556 834.656
1342.18982 1293.89
1342.69104 879.154
1343.18652 595.357
1343.70947 280.791
1358.70581 841.884
1359.69702 688.612
1360.71606 398.403
1369.70789 245.892
1390.77051 908.423
1391.77673 719.739
1392.77051 257.823
1398.25854 243.558
1398.72021 256.798
1399.24109 396.076
1417.68323 319.926
1430.77258 354.884
1431.76538 307.99
1447.79211 2210.96
1448.79065 1770.54
1449.79651 923.384
1471.78967 316.398
1483.80835 306.927
1486.80969 559.522
1487.81934 529.12
1488.82397 285.069
1489.79272 244.082
1504.81409 8429.44
1505.82031 7089.78
1506.82031 3323.53
1507.82861 898.044
1558.84937 321.179
1559.84570 400.398
1617.90125 2155.7
1618.89917 2101.86
1619.91003 937.609
1620.90649 317.77
1645.87109 277.108
1687.89355 330.944
1704.93298 2939.79
1705.93616 3208.52
1706.94409 1292.17
1707.92883 349.93
1815.97864 588.1
1816.96021 328.458
1817.95630 280.193
1832.98779 474.148
1833.99438 617.152
1835.00745 359.009
1885.94470 244.53
1903.02234 311.617
1903.97986 279.561
1920.02124 2243.49
1921.02832 2672.53
1922.02026 1353.46
1923.02454 639.832
