2185.99198 3
110.07092 2128.92
120.08054 2709.18
129.06583 487.323
129.10207 7370.33
130.10471 483.79
136.06042 490.054
136.07550 4332.05
139.05006 1710.64
141.10124 572.763
147.11267 1924.31
155.11769 531.151
157.06073 488.844
158.09128 497.918
159.09152 780.184
167.08139 633.82
169.09674 513.648
171.07637 677.109
173.12810 2206.99
175.11855 4919.79
183.11243 701.216
185.09178 4565.18
186.12286 1436.38
189.08609 741.217
199.18028 1744.96
201.12303 2960.79
210.02562 509.817
213.08664 8650.52
214.09061 694.075
214.12968 1587.03
215.14005 514.726
216.09787 622.704
217.08188 1004.67
218.14952 1608.72
226.11790 446.431
227.17471 1109.16
229.11761 2704.2
243.13208 477.952
244.16467 522.296
270.10712 572.901
270.14493 542.426
271.17581 798.963
272.17255 969.606
286.13754 465.639
288.20233 7145.8
289.20569 812.495
296.12286 981.095
313.61627 691.888
314.13504 3295.27
317.21606 775.368
327.61575 2392.18
328.11340 3052.83
339.12967 514.909
342.20190 1903.62
344.14404 494.693
353.12097 1568.45
353.62091 570.656
362.12546 979.251
365.14496 791.995
381.12781 1695.26
383.15872 1352.48
387.63138 967.909
388.25247 682.317
396.63654 5042.15
397.13828 1750.02
401.16650 1450.6
405.14905 469.542
405.64182 4349.68
406.14273 1191.42
411.14981 948.432
413.19669 637.178
415.18307 1365.09
417.24551 1768.42
429.16150 1438.7
429.23486 806.401
439.18076 878.836
451.73499 508.107
455.19986 1829.87
462.18427 2027.75
462.68311 887.6
477.24557 464.193
479.75262 463.377
480.17145 551.664
486.26093 834.447
487.25198 892.16
496.24243 762.401
498.18027 884.242
500.25906 6056.27
500.75925 3303.81
501.26184 1242.22
501.33975 795.953
504.27692 10232
505.27994 2321.77
506.28476 755.932
509.26328 15470.8
509.76471 8588.61
510.26608 2276.51
510.76486 768.142
514.24969 1460.96
548.76569 786.158
549.25793 594.947
553.17523 4492.91
554.17639 802.4
556.24371 598.689
557.76740 1220.06
558.27228 787.565
566.77429 1511.9
567.28070 1160.06
601.27997 523.841
602.36316 1031.38
611.27008 697.261
617.36115 7695.84
618.36395 2406.14
625.25562 515.146
636.21014 1945.1
637.21234 668.493
643.27637 752.869
654.22247 3922.99
655.22363 999.087
663.34271 626.048
680.34521 1002.87
680.84601 856.823
681.34235 569.249
694.29199 1419.44
702.32208 604.917
704.39233 13925.8
705.23431 3137.72
705.39722 4891.59
706.23639 1033.48
706.40088 884.862
712.30176 4206.1
713.30225 1264.3
723.24231 4614
724.24786 1429.66
728.33136 623.982
728.83887 571.613
729.34515 1675.5
730.29669 2944.03
730.40485 915.069
731.39496 4434.48
741.25238 1800.49
745.41876 620.065
764.39313 478.314
774.26398 612.018
787.43835 1152.45
788.43634 807.741
792.26611 11634.7
793.26874 3976.95
794.26624 1113.5
797.39124 1133.11
800.28333 479.289
805.43988 23430.6
806.44232 8835.1
807.44806 2054.08
810.27576 26333.3
811.27899 9416.32
812.27875 2139.48
815.39972 3306.72
816.40100 1236.91
825.38324 3236.14
826.38251 1722.02
827.39270 635.527
828.28809 9623.97
829.28735 3032.01
830.27747 511.442
830.46143 727.17
843.39380 6411.43
844.39502 2359.25
845.39124 503.858
861.40222 883.146
895.36639 2590.58
896.35486 804.417
902.45612 2089.86
903.45959 1647.15
904.45776 574.845
905.34924 1398.97
906.34961 716.471
911.35315 831.215
913.37555 4931.72
914.37146 1512.46
920.46686 14474.6
921.46869 6305.7
922.47461 1832.54
923.36115 20873.8
923.60498 590.849
924.36078 8210.41
925.36383 2720.73
928.48291 2971.47
929.49139 1223.9
941.36902 13450.5
942.37164 5599.75
943.38068 1063.54
946.49182 735.112
956.47925 4036.84
957.48492 2188.12
958.49261 569.219
973.49921 751.725
974.49506 946.726
975.49469 742.86
993.48474 492.892
999.51129 5103.09
1000.50842 3061.33
1001.51257 1215.98
1017.51849 63414
1018.52216 34319
1019.52301 9415.28
1020.52344 1625.84
1026.46082 2369.23
1027.46655 1246.78
1036.43921 820.261
1037.43335 493.044
1053.49561 1319.75
1054.45520 7073.87
1055.45813 3370.41
1056.46875 868.554
1071.50439 12054.8
1072.50806 7017.07
1073.50903 2598.76
1089.51404 2773.12
1090.52405 1216.77
1114.53687 1650.1
1115.52979 1485.19
1116.52307 578.57
1132.54492 23550.3
1133.55115 14296.8
1134.55310 4302.72
1135.55591 1033.9
1142.51758 937.168
1151.46716 1353.49
1152.46619 927.511
1169.48120 11124.4
1170.48340 6184.88
1171.48474 1796.42
1185.53906 570.327
1245.63062 4889.44
1246.63538 3202.97
1247.64087 1118.81
