1190.50554 2
105.06589 977.107
110.07111 1767.39
111.05483 498.746
112.08665 2973.75
113.07079 988.997
113.10734 874.823
115.08640 1769.08
116.07045 2699.79
120.08050 15191.4
121.08357 1261.85
129.10204 35571.9
130.08582 1186.63
130.10492 2105.18
132.08054 2379.97
136.06151 3711.3
136.07579 1123.37
139.08632 1022.45
141.10201 3721.36
144.08076 3336.78
147.11281 1708.53
153.10194 1351.08
154.06036 651.282
155.11749 663.415
157.06096 535.984
157.10780 1426.34
158.09215 6523.53
159.07532 506.254
160.07549 6231.34
161.10725 581.698
162.09105 598.812
163.08688 687.745
167.08125 765.733
169.09633 691.731
170.12851 691.275
171.07613 609.669
171.11179 928.486
172.07520 1205.9
175.11865 32086.9
176.12257 1991.23
177.10193 4484.4
178.08627 1085.77
180.11304 662.724
181.09688 2729.81
183.11270 2142.55
183.14880 1251.7
185.05547 595.049
186.12357 565.527
187.10735 538.587
189.10184 18538.1
190.10588 1547.02
195.07635 708.626
195.11246 2061.31
196.10748 2675.63
198.12320 4523.28
199.07082 708.54
199.10754 1616.42
200.13913 1056.39
201.12312 2634.89
202.08185 818.137
203.11716 1164.43
204.13406 601.436
205.09691 3740.22
207.11247 12231.9
208.10478 563.947
208.11993 544.778
209.09106 759.621
210.12236 796.712
211.10741 3329.36
212.13837 542.885
213.08681 742.806
213.12311 1541.58
216.09711 766.576
216.13380 7025.65
217.09662 3803.72
217.13734 607.27
223.10664 596.798
225.12323 719.391
226.11830 9193.38
227.10242 2205.63
228.13373 1090.51
229.11800 3380.67
231.11198 3984.77
234.12325 824.483
235.10684 2848.99
239.10173 723.526
240.13365 3853.36
241.08167 2443.57
244.12743 1299.73
244.16559 788.402
245.09319 543.689
247.10719 1127.38
250.11798 580.195
252.09731 601.432
252.13605 554.784
255.14720 710.731
256.10751 542.046
257.09265 2158.44
258.12466 3818.63
259.09076 2410.71
259.10870 2255.21
264.06271 892.722
268.12592 618.708
269.09088 597.69
269.12381 5213.97
270.12634 528.126
272.17194 542.965
274.11804 13334.2
275.12070 1551.71
276.13449 1455.43
286.11899 3213.89
286.15445 1232.86
287.08157 2320.01
287.13522 5465.45
288.13535 692.001
292.12851 2522.47
298.15561 750.903
304.16055 40652.7
305.16187 4904.21
309.15530 2279.67
310.13541 748.942
312.04880 1319.33
312.66660 574.514
315.07394 1273.45
321.15466 2919.98
322.13480 540.839
327.16354 2826.33
328.16696 651.294
330.05542 542.865
337.14893 1427.44
340.14914 1537.13
341.21671 816.587
345.16324 941.473
345.19601 3200.61
346.19736 565.169
355.15628 1567.56
357.17694 987.891
357.21289 900.398
358.15884 2198.6
369.19400 831.294
373.18933 632.096
376.68143 736.896
380.15549 1949.54
385.68497 1102.04
386.22147 983.196
386.69473 2823.86
387.19904 2474.09
392.69437 4558.13
393.19696 1500.29
395.20840 3170.91
395.71008 1248.59
396.20352 536.62
397.18533 1368.26
398.16608 4545.32
399.17511 560.361
401.20657 951.452
403.19714 3559.06
404.19754 741.467
404.23242 1180.17
414.21179 1940.67
415.19327 3409.86
416.17340 2611.07
428.70920 597.181
429.71884 1919.33
430.21881 837.524
432.22330 10624.4
433.20096 12939.7
434.20306 2708.64
434.71057 798.031
435.20621 659.937
435.71875 884.366
436.22330 656.364
438.72357 2399.56
439.23398 606.212
443.71585 1865.96
444.72318 2177.83
445.22186 547.407
474.23938 580.934
480.74130 1086.21
486.26572 632.129
497.23422 641.87
498.22815 921.716
503.25525 1664.58
503.75034 879.796
508.25000 1160.23
508.74313 686.138
514.27222 550.466
515.24854 2711.1
516.24713 1752.17
517.24878 1453.31
517.75024 659.073
518.25940 696.296
524.25787 1758.16
524.75677 1244.02
528.75830 604.794
529.24786 1419.05
529.75183 819.533
532.27124 48868.2
532.76752 949.277
533.27338 12602.4
534.27496 1995.82
537.76239 2253.31
538.25977 2270.43
538.75977 823.299
542.25690 852.19
543.25470 5705.52
544.26147 1259.69
546.76874 12294
547.26959 7564.3
547.76978 2393.67
555.26990 657.102
561.26526 7821.27
562.26996 2390.89
573.29456 622.707
596.24768 611.221
615.30536 1037.95
625.29108 644.022
632.33862 1297.44
633.31586 668.848
642.32147 926.411
643.30359 17175.5
644.30353 6921.15
645.30621 1539.71
660.32806 2588.02
661.31366 86396.6
661.54797 728.123
662.31653 26992.8
663.32147 4308.95
671.29810 3182.71
672.30188 1676.33
673.30884 558.16
729.37616 580.373
755.36316 655.056
770.35583 982.175
771.37720 1208.77
772.38263 3655.08
773.38281 1287.62
789.40826 32537.8
790.41132 12318.8
791.41571 2742.11
799.39484 1199.66
801.40955 4210.29
802.41089 1412.85
841.40704 992.505
846.42578 575.211
858.42938 5295.6
859.42603 3448.77
860.43561 923.106
868.41528 1578.91
869.40863 980.712
870.41724 771.593
876.44055 20437.1
877.44330 8699.14
878.44232 1595.34
886.42456 5197.36
887.42725 1933.36
888.43884 4803.12
889.44122 1966.13
918.41626 567.982
1023.52032 951.431
