1439.78508 2
110.07098 12745.2
112.08660 2703.64
115.08631 1679.21
116.07030 1703.32
120.08047 22716.3
121.08376 2141.94
125.10721 1197.15
128.10657 1000.53
129.10196 9719.86
130.04944 1240.1
130.08611 4027.31
130.09760 1092.38
136.07547 11859.2
137.07845 994.531
142.12238 3952.42
143.11758 41772.4
144.12105 2992.68
147.11270 5375.02
152.10640 3127.13
155.09219 2486.88
155.11716 1257
157.09724 1704.12
157.10713 1406.16
157.13310 9287.36
158.09200 7201.12
159.07617 6390.33
159.09113 2027.84
165.10225 1544.78
169.13330 3492.68
171.11250 69303.5
171.14487 1359
171.15347 1021.13
172.11615 4169.21
173.09181 2487.22
173.12794 8752.76
175.11852 34556.7
176.12273 1967.59
183.11234 4195
185.09169 3121.51
185.12802 8879.92
185.16324 1297.89
187.10701 1119
187.14366 11460.9
188.14653 937.029
190.09747 3150.16
197.12805 9502.28
199.14340 1564.55
199.18057 1166.61
201.08699 7584.79
201.12292 10853.3
203.10234 933.072
209.12852 928.07
211.11792 1034.25
211.18027 3228.59
212.10239 1486.99
213.12329 1031.35
213.15863 1180.24
215.13846 17940.6
216.14256 1783.81
217.08167 1417.43
223.15588 1995.74
226.11823 1125.74
226.15340 1311.93
227.13861 5051.81
228.13240 3156.3
230.11272 2604.76
231.11049 1251.8
239.11334 4033.25
239.17491 9687.97
240.13335 4961.39
242.11224 1054.29
242.14975 3440.76
242.18629 1103.71
244.16472 3057.25
246.12624 1089.17
249.12234 2198.1
251.14973 4443.31
254.14941 22447.4
255.15193 2486.15
258.10895 1155.56
258.14392 4607.45
260.19675 1239.09
262.15485 1637.18
265.11786 2153.2
266.18433 1163.69
268.12988 1108.04
268.16534 5207.09
270.10117 903.408
270.18066 2066.24
272.15973 28967.1
273.16263 3001.28
276.13379 1660.23
277.11746 2008.66
278.15277 4150.07
280.16428 1443.73
282.14362 2493.2
283.14337 8194.82
284.19614 8298.21
285.20108 929.59
286.13791 1757.97
286.17511 7642.05
287.17874 1286.24
288.13403 1900.63
293.11188 2632.27
296.19702 3758.53
297.19290 1160.87
298.09607 7736.23
298.17429 2581.59
299.17120 1441.8
300.15469 6075.8
302.16086 2635.17
303.21329 1044.43
305.16013 20053
306.16452 2929.23
311.14023 4963.58
311.16861 5301.21
315.20123 1829.25
322.18677 8691.05
323.19547 918.088
325.18600 7368.12
325.21570 2692.78
326.20798 1712.36
327.20203 1999.11
329.18085 6185.4
332.10822 2676.4
334.18839 1106.6
337.18738 2536.56
339.16492 1193.97
339.23880 1930.06
340.22000 2817.61
341.18201 1881.87
341.21475 1538.94
343.19669 8786.16
344.20169 1268.86
346.22260 1590.4
352.19699 6455.39
352.25790 1986.82
353.21890 5712.44
355.19684 12271.3
356.20203 2324.27
357.18427 1338.45
357.24823 3442.59
364.14975 8167.18
364.23367 1162.52
365.17987 1814.01
365.67120 1097.03
367.23294 2903.35
371.22791 4305.38
372.22916 1156.54
373.20743 6066.95
373.28036 1905.98
374.20776 1361.02
375.16916 1380.71
379.23181 1820.65
381.21130 1178.85
383.19254 3183.73
385.24387 5175.42
393.17212 3364.41
394.17538 1100.36
396.26028 2729.66
397.24304 2623.39
398.24432 1157.3
399.22372 1843.57
400.18155 2473.21
401.20276 3993.84
402.20346 1570.57
403.14182 992.403
410.19891 958.13
410.27740 1533.21
411.17969 2643.16
412.22006 1375.41
414.26962 3501.66
424.25555 5351
425.25290 1032.86
426.23645 2488.45
426.26712 2284.97
428.28696 1779.48
428.69324 1579.87
429.18930 1231.05
435.22610 1883.23
436.25674 2448.56
438.27066 1576.8
440.21457 1326.49
442.26425 4908.4
444.27823 1246.3
450.20566 966.703
453.24426 1379.56
454.26675 5226.01
455.26859 1054.58
456.28152 1181.66
463.21613 1444.42
464.25366 957.252
465.28250 1985.97
468.22354 14272
469.22748 2973.81
472.28018 2041.27
481.27838 1079.92
482.25998 1515.96
485.24979 29319.2
486.25204 6798.94
494.21744 4956.93
495.22266 1669.33
507.29016 1738.53
508.28891 1104.74
510.33893 3439.45
511.33636 1001.64
512.22668 4500.04
513.23041 1226.77
518.26208 1083.59
525.30200 4599.14
526.30115 2227.86
536.27472 2319.82
538.34033 957.165
539.31439 1119.43
543.31470 2120.37
546.25195 2419.91
553.29523 3138.32
554.29846 1762.84
564.26672 1188.91
566.33191 1072.9
567.34766 1073.12
571.31201 1647.09
596.27795 2016.14
597.26965 3310.1
609.25928 2228
611.38696 3294.96
614.29150 13006.8
615.29541 3719.09
627.34735 1336.91
631.29730 1336.98
637.32977 990.809
638.39008 1258.39
639.38672 1079.93
641.28418 3099.05
642.28607 973.074
650.28876 1335.68
654.33960 1154.22
655.34442 1709.54
659.29272 5978.29
660.29492 1634.3
667.37836 977.465
668.30396 5188.38
669.30951 1442.27
672.35046 1196.53
680.29034 2106.49
685.32867 42314.2
686.33167 14183.3
687.33319 2428.9
702.33423 1058.63
708.36896 980.017
712.31622 1038.33
716.37097 1261.58
721.34216 1983.3
724.46826 1021.13
730.33136 3155.93
731.33777 1168.31
767.37457 1197.94
784.39716 33221.3
785.40082 12627.3
786.40240 2236.19
825.51282 1742.06
841.41779 6367.82
842.42352 2288.4
846.38452 1646.86
856.37659 5176.67
857.37280 2742.57
858.37341 1110.82
867.43292 3232.46
868.42938 2383.25
874.38379 10633
875.38708 4757.34
876.38446 1493.04
885.44373 61295.6
886.44775 27059.3
887.44989 5855.96
895.43677 1224.35
926.57758 1053.26
980.51953 1721.22
981.51672 1078.84
987.45764 995.489
997.47357 1189.35
998.52972 16172.7
999.53314 8303.98
1000.53882 2188.38
1011.53448 2627.57
1012.51398 1371.87
1037.54138 3710.49
1038.54041 3279.9
1039.53613 1342.58
1055.54956 57008
1056.55298 32365.5
1057.55554 8388.81
1112.57239 8575.06
1113.57385 4183.24
1114.57532 1444.01
1138.58960 5943.05
1139.59094 3426.86
1140.58252 1422.8
1156.59607 48544.8
1157.59912 30948.8
1158.60388 7645.85
1166.57776 3293.16
1167.59070 2634.62
1225.64819 1384.29
1251.67810 1677.24
1252.66528 1752.64
1269.68127 10484.5
1270.68604 7274.29
1271.68323 2225.88
1340.72034 4464.83
1341.72766 3035.33
1342.72571 1020.21
