2598.12978 4
110.07105 6007.72
112.08697 3802.76
129.10184 2653.72
136.07552 18759.4
169.13333 26246.6
175.11847 6047.84
197.12787 7584.13
228.13364 6003.71
228.61888 34383.7
229.12010 8268.28
251.10144 3242.88
272.13519 16704.4
286.13211 8144.33
319.17200 23605.2
320.17526 2452.72
341.15637 10606
358.65802 4511.59
367.66400 39342.1
368.16522 15950.1
368.66364 3007.62
418.69232 3061.88
419.21686 3586.51
425.17749 20600.8
425.23846 6714.29
425.67862 9403.98
437.69388 3123.24
439.13083 4001.83
448.20868 4536.47
448.54898 3367.99
456.23090 63703.1
457.23395 15220.8
466.19669 5118.16
469.24414 2723.34
474.86121 2663.26
480.86676 13613.1
481.19913 9556.49
481.53113 3158.58
481.71909 34668.2
482.22101 17378.4
482.72202 6345.85
486.67996 6814.69
487.18201 3850.5
488.22437 2996.87
498.20761 3030.76
501.23126 4247.62
513.21741 7244.19
513.55029 3698.42
515.19067 4289.42
529.28607 6328.97
531.23273 9497.18
531.56812 7488.08
531.90491 3114.04
536.90900 7126.73
537.24487 5422.83
537.58179 2918.46
538.29437 2975.83
543.76233 8186.25
544.26361 3571.48
549.24115 2969.31
558.24542 12354.4
558.74518 7585.48
571.25793 36899
572.26013 10369
578.27399 19338.2
578.77344 7211.12
579.64917 3323.82
579.77954 35065.9
580.27948 24952.8
580.78271 9923.65
581.28607 4047.1
585.32330 28453.3
585.65698 25562.9
585.98999 14805.5
591.32739 17609.5
591.66162 10018.6
591.99493 5968.23
592.78546 7514.38
593.28473 4891.79
594.97046 3933.99
595.30054 5195.8
598.22955 23200.6
598.72870 13372.3
599.22803 4213.93
600.75037 4165.01
601.23438 4292.8
601.31384 4912.21
601.72748 2961.08
601.80927 4119.47
603.25104 19525.8
604.25665 6408.51
607.23431 41804.6
607.73547 20856.4
608.23590 9234.57
611.97101 3935.82
612.31018 8441.7
612.64441 7161.2
614.78918 17051.4
615.28845 10849.3
615.79340 3301.2
617.66449 3871.83
617.98254 98631.7
618.31573 90948.3
618.64929 45343.6
618.98260 6165.35
621.29755 8259.33
621.54034 24232.3
621.78967 24656.6
622.03949 17173.6
622.29102 8587.19
622.52991 2968.81
623.98401 8706.8
624.31866 8624.28
624.65192 3736.74
625.34930 3233.46
625.79480 101488
626.04492 126791
626.29431 94090.5
626.54590 49912.9
626.79480 20708.8
627.63684 5822.93
627.96802 3420.63
628.29425 4771.28
630.29663 13144.4
630.54950 17099
630.79608 10312.5
631.05188 5088.05
631.30334 4909.29
633.30841 35558.2
633.64301 29550.7
633.97644 20640.4
634.30981 5084.59
636.80286 2737.63
641.77887 5621.09
642.03741 2937.7
642.27332 2972.56
644.63947 4077.95
644.97424 6377.52
645.30334 6677.29
645.78583 16413.2
646.03485 36999.8
646.28412 37976.4
646.53436 23055.5
646.78333 11240
647.03619 5719.47
649.29675 4511.03
649.77344 10616.8
649.86578 4174.22
649.99121 3273.71
650.28906 224484
650.54089 259153
650.78766 203431
650.97821 104230
651.29865 89290.7
651.55133 9481.56
651.64825 10843.8
654.76978 27129.3
655.27173 17578.7
655.77191 6206.73
657.81207 5003.89
662.79987 5002.67
663.30457 5742.52
663.77570 54922.1
664.27850 34152.4
664.77924 14515.3
665.27875 4007.41
671.80859 122939
672.31024 91916.1
672.81201 37059.1
673.31598 8399.19
680.81494 7727.05
681.31671 6312.54
697.39844 13122.6
698.29089 5426.58
698.39923 4337.95
701.22833 29301
702.23157 8169.67
706.80023 14198.7
707.30225 8423.64
707.80188 4980.98
711.79218 11968.9
712.28674 15017.7
712.78668 9023.7
720.34491 5758.41
720.47809 3234.09
720.79755 419513
721.05298 3786.13
721.29840 298197
721.80048 121622
722.30176 36908.7
722.80945 8815.23
734.32013 52186
735.32355 17738.2
736.32538 4043.3
740.37140 13680.7
741.36945 5621.17
755.32434 2694.03
755.87531 7652.15
756.37250 6190.7
756.87085 3281.35
761.33667 3187.13
769.31848 9558.36
769.87482 27401.5
770.37378 24306.7
770.87305 11557.2
771.37488 3252.59
776.34418 2745.65
782.35376 3014.45
804.85870 12040.7
805.36261 10975.9
805.85522 4510.65
810.33710 5702.34
813.89465 4173.71
816.24982 6567.08
818.85901 53614.5
819.35907 37663.8
819.85901 21138.4
820.35608 7433.27
826.41199 4191.26
826.91492 6069.46
831.34210 3531.46
832.32098 3742.35
849.34644 127237
850.34918 54264.2
851.35425 13488.6
852.33972 3706.26
859.33752 3102.34
862.87183 3681.42
864.39160 2828.31
875.40845 9084.12
875.90070 8503.29
883.92480 27755.1
884.42554 21409
884.92548 12854.3
885.42749 5211.07
893.42676 2707.32
924.40131 3573.06
932.91260 29580.7
933.41534 29104.1
933.91510 16060.5
934.41766 5469.5
944.42175 9749.86
945.40826 6190.97
949.46960 2669.09
962.43158 226379
963.43304 105899
964.43451 33457.6
965.44293 8766.07
1002.46210 4959.37
1022.96838 13494
1023.46564 10908.8
1023.96588 6190.08
1024.48450 3176.76
1061.49976 12735.6
1062.49805 6896.69
1063.50525 2948.52
1071.48462 3528.88
1071.95703 6651.24
1072.45935 9005.49
1072.96252 6536.79
1073.45288 3040.06
1158.55164 14621.3
1159.55469 8252.61
1164.60681 2901.06
1169.46692 2674.24
