2167.93412 3
110.07110 3057.78
112.07563 528.571
112.08653 392.263
120.08053 793.122
129.10216 4732.5
130.08649 493.461
136.06161 986.468
136.07553 3632.26
140.01031 459.046
141.10205 15619.4
142.10564 1121.33
147.11246 850.255
155.08122 866.24
159.09138 1913.19
159.11264 1466.04
169.09705 4881.22
175.11884 4267.47
183.11259 753.38
183.14919 528.117
185.05586 553.564
185.09184 449.842
185.16537 418.23
186.12401 554.98
187.14378 1128.14
191.08057 379.594
196.10823 555.745
201.12312 1307.13
210.02446 397.398
211.10750 754.358
212.13921 719.83
214.11807 1491.85
215.10205 471.061
217.08159 1544.64
224.10274 393.329
226.11923 758.692
226.15495 600.972
229.11801 534.334
230.07706 415.486
236.64711 1208.74
239.07881 3458.73
240.13414 1021.77
244.12762 786.237
244.16554 519.92
245.07661 6673.83
246.08038 625.061
250.11852 2930.89
254.14861 765.688
256.12875 675.291
258.14410 385.328
262.15109 2916.69
266.11301 4739.69
267.07480 628.981
267.11728 444.124
278.11298 1804.29
284.12372 12992.6
285.12646 1641.06
298.13950 598.438
305.17691 1967.16
305.67770 591.074
321.15158 453.274
322.15695 658.463
325.14920 980.811
326.13318 390.475
343.16180 997.577
344.14459 2156.59
350.15085 500.185
367.15936 1901.24
368.14282 1087.15
372.18701 769.605
375.23578 1301.78
377.18140 561.077
382.10257 960.29
384.15201 621.072
385.17184 3376.81
386.17676 517.827
395.15564 1241.93
413.16614 11597.6
414.16943 2241.91
418.20959 421.23
423.73035 475.884
426.71609 504.456
454.27164 1873.1
455.26038 580.384
458.18820 1405.31
464.19135 1016.31
465.17438 817.122
466.23071 655.67
472.28738 22114.6
472.71780 484.238
473.29037 5104.09
474.29507 652.82
482.24393 426.997
484.24026 2316.93
485.24228 467.636
487.21292 579.244
488.21167 436.244
490.76642 5977.65
491.26904 3149.24
491.76846 1201.62
494.22028 457.788
506.22153 509.636
509.24152 512.56
511.14154 844.547
512.23431 2757.19
513.23932 609.371
520.25006 1026.28
520.58441 868.46
548.28052 5165.1
548.78168 2347.21
549.28247 759.504
553.27405 1443.17
553.60883 914.559
553.94110 426.593
579.22101 871.228
584.94427 470.359
590.28284 1768.91
590.61749 1789.3
590.95026 1034.78
591.28314 440.039
596.28778 1368.65
596.62042 996.268
596.95276 576.55
599.26489 488.191
608.80499 1447.52
609.34778 17411
609.80011 566.547
610.34894 5380.51
611.35059 1357.41
619.29767 856
621.24805 1184.55
622.95526 471.054
624.27850 513.23
625.31061 1531.37
626.27051 917.325
628.95886 962.341
632.31573 1119.12
632.80878 1646.74
633.31042 1267.01
634.62640 1435.25
634.96515 2087.91
635.29669 1974.82
638.35974 514.707
641.31946 9433.9
641.82123 6770.72
642.32062 2161.61
642.82404 641.78
643.23871 469.021
646.31787 960.287
647.29877 1012.54
649.31415 584.367
656.37970 1571.63
658.99109 454.728
659.81396 504.64
664.84100 513.96
665.33496 916.568
666.32080 516.739
667.98395 465.407
670.30713 548.88
673.29321 838.557
673.83105 1334.46
674.33264 1221.97
674.82178 614.66
675.31006 1019.76
676.32367 470.221
678.98749 529.541
679.64758 569.509
681.32629 681.052
681.66425 811.309
684.37305 547.078
684.65479 621.454
684.98566 2207.56
685.31519 1494.93
685.65448 1531.14
685.98151 443.559
690.34497 470.305
690.66016 6347.52
690.99365 6916.66
691.32568 5575.84
691.66211 1891.18
691.99677 891.615
692.31378 438.235
697.39948 451.428
712.34814 720.95
713.84375 804.023
714.34875 1136.18
714.84473 1113.2
715.33917 966.203
722.33716 772.603
722.45526 851.942
722.85284 9496.9
723.35394 8776.46
723.85858 3472.95
724.37671 11080.8
724.85510 572.601
725.38690 2609.26
727.84363 850.887
728.34747 931.38
761.36981 459.892
762.37097 464.028
762.85077 868.778
763.34485 1683.15
770.86914 1209.08
771.36090 6441.6
771.86206 4766.94
772.36426 1836.15
772.87341 733.183
776.84955 462.896
779.87158 18534.8
780.37280 15552.2
780.87573 7182.58
781.38092 2482.81
783.37213 1236.29
785.35870 1109.57
785.85779 1257.41
786.35468 739.678
789.33813 1195.71
799.84033 482.645
810.34528 771.033
811.35229 519.583
820.40906 627.039
820.89667 2066.04
821.39734 2207.33
821.89642 952.722
822.45557 504.389
829.40820 9760.06
829.90778 8374.57
830.40802 4640.62
830.90912 989.509
834.40527 603.19
834.90076 618.335
835.39728 1638.75
836.35718 966.203
852.43011 6499.98
853.43390 2874.66
854.41553 2167.41
855.42719 649.985
864.38715 2093.4
865.38702 910.714
867.40424 707.646
875.41498 1661.93
875.91504 466.123
876.41699 1638.47
876.91772 880.281
877.41901 507.033
884.92236 3045.34
885.42200 3746.82
885.92139 2638.65
886.41956 1187.11
893.92865 6859.15
894.42719 6582.84
894.93060 3575.9
895.42944 1371.09
911.93726 633.668
933.93018 908.453
934.42908 905.18
934.92328 523.255
942.43457 1541.04
942.93097 3700.61
943.43317 3669.13
943.93524 1607.46
944.43555 631.188
945.42413 452.942
950.40094 1560.43
951.43951 12346.4
951.94189 12658.8
952.44415 7129.25
952.94763 2565.52
953.46448 888.442
956.43561 846.914
956.94055 979.016
957.44598 620.348
963.45465 2821.43
964.45868 1585.68
969.41809 580.06
973.40424 754.589
980.52545 5152.58
981.53094 2825.5
982.53156 569.031
1000.96967 891.119
1001.48193 1044.34
1006.47382 692.017
1049.47070 926.714
1050.46204 812.286
1054.53210 906.377
1059.45044 615.141
1062.52795 549.8
1070.43591 513.23
1077.55505 644.404
1078.53540 542.459
1087.45203 1242.14
1088.45642 852.305
1095.55469 6474.87
1096.55396 3490.3
1097.57190 1114.29
1119.54663 743.84
1160.51514 476.841
1178.51074 943.454
1179.51050 661.356
1186.52832 829.67
1187.50049 526.938
1217.59729 847.551
1264.60938 470.715
1281.63574 4260.98
1282.63318 3217.67
1283.64465 1298.23
1293.54089 1296.38
1294.53906 892.028
1295.53784 445.626
1318.63892 500.63
1430.60522 680.644
1431.59705 606.482
1444.69873 854.25
1445.68921 686.67
1447.66345 457.305
1461.62659 734.897
1462.62476 544.164
1558.71643 693.505
1559.74329 495.605
