2909.43784 3
129.10156 205.091
170.09132 181.933
218.09454 375.131
234.14392 634.21
246.08980 791.913
359.17300 998.624
404.25058 431.077
460.21912 230.819
475.28546 532.045
580.25244 335.357
580.75262 233.824
591.24286 196.431
604.32617 204.735
625.75928 411.88
626.26031 193.756
675.29260 653.229
675.79199 457.142
731.83472 307.8
732.32446 206.256
751.39819 342.233
788.36639 198.633
880.44019 235.052
937.46039 1374.94
938.46417 640.822
969.67316 1632.96
970.67456 841.666
971.61072 519.449
991.41168 321.919
1036.53101 442.237
1093.54675 1540.78
1094.55078 764.179
1104.49194 272.557
1164.58350 801.464
1165.58020 409.531
1235.62207 573.131
1236.63000 394.584
1250.50488 530.117
1251.49646 304.186
1334.69580 384.594
1335.67798 300.692
1349.57092 699.801
1350.56677 432.734
1447.77209 231.187
1462.66577 367.174
