3469.76291 3
129.10176 1432.33
133.04283 2131.46
136.07559 703.71
147.11234 1641.51
183.14891 1261.27
186.08699 1211.04
187.10716 763.726
199.17992 2624.56
211.14349 3657.3
212.10245 1600.87
227.17462 1835.98
243.10838 3608.86
272.17117 723.313
292.16449 1240.61
296.19531 1175.74
299.16980 916.668
310.17511 9034.21
311.17810 1488.29
318.17538 941.877
326.14459 4457.73
332.10028 1337.17
342.20087 2590.42
343.17328 929.484
356.19199 1744.12
374.20767 2336.12
394.17282 1403.04
411.23361 1837.55
423.25754 1539.28
429.20770 1849.46
439.22858 6477.66
440.23111 997.893
455.29288 680.706
465.24823 733.797
476.21054 1010.7
482.27292 677.075
493.23984 3313.18
494.24597 941.319
510.26517 6964.72
511.26685 1353.22
514.28857 711.596
520.31146 47803.8
521.31445 13539
522.31714 1641.24
524.27679 1586.54
542.29205 2109.5
552.31525 731.216
564.31500 845.156
564.82178 2712.67
565.32190 2580.58
565.82684 985.509
581.34009 1809.3
592.30719 4724.35
593.31195 1137.14
609.33337 8175.73
610.33484 2285.42
619.38104 5202.54
620.38300 1869.37
621.85974 835.528
629.26300 775.494
651.27747 1111.63
655.37213 1073.92
679.31152 1081.03
690.41504 3969.71
691.42542 1371.48
707.82239 4326.11
708.32416 3895.69
708.82983 1078.41
716.33508 3477.75
716.83850 2549.87
717.34186 1398.6
722.41931 988.756
731.29034 900.147
731.79846 989.9
733.82275 2132.09
734.31805 1567.59
742.33307 5004.87
742.83337 4309.56
743.33325 1602.45
755.41052 1677.05
756.41180 1148.52
765.32721 1592.37
765.82874 1498.88
773.84192 2173.73
774.34180 1942.44
774.84271 923.784
778.83466 768.008
779.32739 1839.33
779.83282 1192.23
787.83978 2921.82
788.33923 4245.04
788.84064 1632.34
789.42804 1047.21
798.87567 1290.91
799.38239 975.312
803.50336 1145.26
822.36438 736.442
838.41187 926.601
844.38043 1352.77
844.89008 1315.8
883.46631 2534.77
884.46918 1117.84
917.54150 1441.04
935.43506 786.565
935.92889 846.377
947.49615 1313.18
948.50391 737.344
964.52087 2546.95
965.51538 1680.85
970.45300 761.556
1012.50928 5578.6
1013.50897 2553.66
1031.59436 1085.66
1083.54211 5289.44
1084.54297 3222.27
1111.61487 1140.39
1112.62573 778.601
1128.63660 25336.5
1129.64001 17827.9
1130.63770 5482.42
1131.64185 744.535
1156.52478 929.622
1241.72070 3339.66
1242.73071 2117.17
1243.56531 2712.19
1244.58044 1998.78
1245.55957 979.22
1346.55786 919.562
1357.61926 1737.56
1358.61548 1693.35
1414.64026 2781.96
1415.63257 1885.64
1416.62756 1089.9
1426.80200 1792.27
1427.81421 1437.58
1461.59253 780.505
1483.54236 1204.08
1483.85181 5605.9
1484.51807 762.887
1484.85547 4613.22
1485.84119 2106.02
1546.65710 946.352
1547.66980 789.154
1557.65552 743.552
1574.66943 3717.18
1575.67126 4006.63
1576.65515 1701.06
1583.91394 1056.59
1669.91980 2069.05
1670.94238 2005.15
1687.74988 3779.08
1688.75623 3220.88
1689.75745 2351.26
1800.84204 3625.12
1801.83289 3640.85
1802.83496 2015.49
1869.86096 877.724
1870.86658 1085.83
1887.86426 847.25
1969.91504 981.4
1987.95557 739.425
