2647.19326 4
110.07105 8895.87
120.08049 2258.09
129.10211 17670.2
130.08606 2222.94
136.06151 2423.18
147.11259 6459.31
175.11797 945.632
215.13911 1636.7
226.11754 1447.19
237.13535 742.716
240.13405 806.271
240.17072 1090.17
242.15001 752.52
244.09186 846.709
257.19696 3177.02
267.10709 843.984
270.14587 1035.56
272.17145 2967.71
275.17090 822.915
276.17130 1794.57
294.18066 32472
295.18420 5066.93
302.09747 769.916
317.66290 5254.06
318.16528 1858.41
341.14505 18949.5
342.14767 2632.59
367.19763 1389.88
368.22946 992.81
386.23859 1381.21
409.20728 2842.01
428.03394 1212.12
435.72647 4381.2
436.22760 1728.32
440.21313 1752.82
453.21072 938.708
460.21887 1460.77
477.73480 1822.6
478.23865 3011.55
478.73849 1316.02
480.94772 1817.3
488.21249 2922.38
498.27179 991.006
499.32205 1137.77
506.22269 958.436
507.28152 869.012
508.73987 877.149
512.24493 3726.16
512.74725 5950.97
512.89813 957.302
513.24829 2442.27
520.24091 864.914
527.92743 814.781
537.26514 1142.94
543.76343 4401.32
544.26355 2248.7
545.55292 2800.14
545.88751 3181.36
546.22070 971.953
561.74121 1145.04
561.81299 1273.46
561.92438 839.361
565.00555 3259.99
566.93732 906.707
567.26971 1701.63
567.61029 865.499
575.81598 2582.9
576.31732 2263.79
577.27191 838.476
596.95911 2126.98
597.29034 2160.01
597.61884 2111.89
597.96661 1608.53
598.31274 968.885
600.61139 1319.3
600.94586 830.283
601.27844 2154.76
603.28162 2249.1
603.61481 2932.3
603.94940 1034.03
604.28955 1107.05
605.62018 925.124
606.28656 9088.06
606.62054 7364.23
606.95404 4214
607.29065 1278.28
612.30280 5220.74
612.80280 15866.4
613.30316 9731.75
613.80853 2925.24
614.31403 1719.73
616.30933 2268.53
622.96448 1215.17
623.30017 1387.84
623.61493 2425.88
623.93781 1688.01
624.27600 1791.01
624.61090 1174.4
627.37512 946.848
628.63599 3289.01
628.96613 8114.26
629.30463 7277.8
629.61346 15259.6
629.94525 13604.2
630.27808 8046.52
630.61469 4994.94
630.78015 1757.56
630.96942 2137.45
631.29010 951.599
632.94196 2430.91
633.26849 3912.91
633.61194 2666.68
633.80859 5973.62
633.94385 894.606
634.05884 6268.94
634.31885 55589.8
634.55829 988.57
635.32202 18570
635.93768 4065.48
636.25836 2945.22
636.34668 1798.53
636.60022 2167.19
638.06189 21582.5
638.31158 27280.4
638.56152 21821
638.81268 9618.86
638.94470 19987.1
639.06305 4302.39
639.27728 17847.3
639.61017 10238.6
639.94580 3259.99
640.34424 1249.26
640.83826 1493.81
642.09668 1681.98
642.29480 1791.98
642.55560 1198.07
642.81152 1222.05
643.06647 1757
653.79144 1412.71
654.04932 1321.83
654.29236 1008.31
658.04950 5384.89
658.30133 14540.1
658.55151 12168.5
658.80151 8376.74
659.05090 4193.72
659.30170 1533.35
661.28235 5728.48
661.38593 1571.38
661.61865 6313.69
661.78363 12184.1
661.95203 5876.93
662.10529 1824.19
662.28400 11921.3
662.37213 3338.36
662.55511 44528.8
662.80518 59386.7
663.05487 41002.9
663.30298 28636.3
663.55652 11361.3
663.80389 3498.16
663.95294 1621.71
671.23682 843.718
671.96716 5078.42
672.30273 5099.95
672.63361 2987.08
674.84406 1386.77
675.35010 1118.7
678.30365 1203.69
678.63580 1761.16
678.96973 1220.56
679.30139 1214.22
684.30902 1016.16
691.30054 1009.75
700.31140 3159.4
700.81116 2617.59
711.29498 996.697
711.62390 1194
711.96094 883.845
722.00098 995.458
722.33282 1465.81
723.84674 1070.73
725.38196 929.366
732.35547 3507.42
732.86047 2720.51
733.38654 7724.64
734.39020 3153.93
742.40924 5513.77
742.98022 922.737
743.40967 2145.61
744.40771 846.217
746.67786 986.695
747.01355 3020.92
747.34381 2066.92
747.68860 1184.37
752.68811 6384.85
753.02325 10924.9
753.35577 7239.88
753.68927 2647.34
754.99908 1294.51
758.32770 1014.58
759.00940 1853.33
759.34528 3222.32
759.68262 1752.56
760.01892 1185.21
765.01581 1887.98
765.35303 2609.51
765.68286 1173.16
766.00995 1181.97
766.34363 1648.2
767.33691 1287.82
768.83783 3605.55
769.33807 3109.15
769.83905 1841.42
774.33582 846.89
776.36993 1058.44
779.34735 1683.31
779.67584 4882.94
780.00702 4288.56
780.34253 2652.49
781.34393 2630.44
781.84570 1708.38
782.35522 1038.22
785.34735 17444.4
785.68146 19631.8
786.01459 15090.7
786.34668 7384
786.68298 2982.03
791.66492 1070.58
792.00836 2703.54
792.33386 1280.65
797.67267 1191.98
798.01147 2316.52
798.35217 1224.61
801.70679 1194.69
802.04376 2096.76
802.37585 1795.88
802.71368 950.084
806.80554 1064.02
807.31604 1399.08
807.71649 4980.17
808.04675 7186.26
808.38422 6516.59
808.71863 2493.63
809.05139 1088.34
817.81909 3269.71
818.32471 3021.11
818.83032 1430.06
825.37787 2070.12
825.88739 1131.83
826.39685 1169.35
831.38782 2097.83
831.88763 2183.85
832.38641 1646.81
834.37073 1279.88
834.70355 917.808
835.03363 1358.97
840.39026 12579.9
840.70691 4687.5
840.90253 8043.29
841.38940 5355.12
841.89490 1597.76
845.37463 893.871
870.45496 1565.93
871.86621 1194.78
874.36829 1120.96
876.39844 1068.06
880.37915 3664.85
880.87927 4436.27
881.38190 2003.35
889.38605 8554.56
889.88501 7662.73
890.38519 4001.82
891.38788 845.671
893.86688 1642.96
894.39136 1152.81
894.92535 2703.86
895.42517 2894.5
895.92975 1295.66
899.92078 1375.79
900.39203 896.605
900.50995 1103.45
900.92212 1403.19
904.90808 1144.35
908.92468 8729.07
909.42719 6930.88
909.92767 3511.94
910.42987 1501.63
936.43866 912.182
943.91296 2757.41
944.43402 2226.87
944.96436 2057.91
945.47540 951.408
948.90869 1376
949.42621 1777.94
949.93304 1775.95
950.44415 982.609
953.42261 1160.65
953.90582 1271.65
954.46393 1082.77
955.46436 1913.89
957.42584 1020.75
957.91321 8850.75
958.43750 10515.2
958.95111 7711.75
959.46173 4624.02
959.95233 1149.58
961.92859 1562.16
962.43506 1457.03
993.44855 2096.75
993.95697 1702.36
994.45453 1524.81
998.43286 1183.31
998.94373 1585.18
999.44977 1217.03
1000.93445 1022.75
1007.44916 7806.11
1007.94800 6109.88
1008.45032 4452.79
1008.93921 2204.92
1010.91418 1696.11
1011.41998 2260.06
1013.55933 2791.7
1014.56879 1412.96
1017.45386 1342.3
1017.95587 895.778
1049.41553 849.842
1064.98071 900.986
