1990.06400 3
110.07090 726.566
116.06992 295.254
120.08044 14802.1
121.08386 1160.92
129.10196 3254.26
130.06477 6609.99
130.08617 1144.43
131.06790 478.66
132.08054 841.545
133.08527 298.897
136.07545 2193.78
141.10147 505.194
143.11787 282.291
147.11247 3386.96
158.09743 407.595
159.09132 22198.9
160.09467 2018.95
169.09686 677.151
170.05991 413.95
173.12808 520.125
175.08609 1094.08
175.11855 886.097
183.14893 1526.62
185.16451 816.075
187.08592 1762.2
199.10732 1334.18
201.12274 443.268
205.09680 282.776
211.14380 1583.5
213.10106 282.945
213.15964 500.421
217.09505 502.954
219.14865 1309.56
227.10233 2056.95
228.13492 472.607
229.11719 465.766
229.15405 380.178
230.07642 313.222
230.12785 1005.03
231.14792 556.315
233.16428 1560.98
240.13319 515.012
241.09740 750.272
242.18419 333.057
244.16489 485.897
247.14363 1075.85
249.15990 337.184
256.12750 386.461
258.14240 1158.7
260.19595 1192.52
261.15900 1666.7
286.13925 404.143
288.13440 409.737
292.12811 425.109
296.12326 841.575
306.15970 1847.48
314.13397 1737.81
318.17911 291.571
328.18512 1028.64
330.18500 411.102
334.15433 2761.19
335.15668 382.252
339.16461 317.162
339.23834 1035.78
355.15939 420.06
357.18130 492.867
357.24860 14472.3
358.15875 582.724
358.25153 2369.08
360.22742 607.875
362.20505 482.438
366.69781 397.416
367.16141 1954.52
368.16498 350.526
371.20938 11162
371.71136 4324.94
372.21411 661.102
373.17126 1027.58
385.17093 2956.91
386.17462 448.613
405.17792 348.395
405.22156 509.074
406.72842 650.616
407.22821 463.513
408.22556 535.607
428.21399 424.312
428.28592 2822.96
429.28723 597.708
438.20044 499.65
454.23016 570.539
456.20523 756.501
457.22876 610.546
458.26401 546.669
460.27530 451.718
464.21088 337.298
468.23944 433.275
475.25467 1310.03
476.25461 425.133
482.22208 948.627
486.25537 1298.37
487.25766 322.448
502.23212 383.319
515.31738 6035.5
516.32037 1548.1
520.24084 484.484
557.32874 1460.95
558.33435 480.214
567.31299 1681.38
568.31702 458.12
577.29614 788.954
585.32294 5169.56
586.32904 1357.17
588.34174 651.959
595.30817 1094.97
596.32300 311.921
604.29254 594.564
605.32465 435.968
607.34564 617.416
613.32233 534.904
615.31451 417.17
624.27686 382.635
626.35138 724.71
630.36188 335.045
633.32312 1299.04
634.32349 511.357
642.28424 469.607
644.36139 4010.54
645.36462 1011.54
662.33356 872.24
663.32349 1771.18
664.35211 978.137
664.44879 705.82
664.91943 523.319
665.36053 518.445
666.34839 396.495
687.36896 607.279
688.37463 321.319
689.36401 320.109
698.41608 324.102
704.39563 1884.5
705.39703 812.429
706.40228 455.696
714.38135 1092.32
715.38336 598.363
718.41272 348.216
723.40521 1149.71
724.40057 417.623
732.39014 11154.3
733.39551 4425
734.39935 711.753
741.41254 30668.2
742.41583 10902.3
743.41846 2187.72
746.40839 789.753
794.42755 623.997
800.45673 611.306
801.46429 364.691
812.45007 11126
813.45044 3999.91
814.46002 825.84
816.87842 332.362
817.48065 1820.73
818.48755 743.562
827.46503 626.516
828.46948 372.523
836.43329 439.894
844.48401 364.033
845.47394 11378.1
846.47693 5082.55
847.48334 879.096
860.45386 391.313
862.45996 414.991
873.44995 385.251
879.45947 1506.35
879.91711 393.353
880.46667 655.553
890.42517 457.926
893.46515 537.566
915.52960 483.664
934.46423 342.394
947.52863 613.595
948.53046 484.324
964.55145 1346.59
965.55731 837.428
974.52979 620.426
986.55591 648.257
989.51782 333.463
992.54364 10580.4
993.54547 5545.61
994.54724 1641.32
998.52869 4974.58
999.53503 2925
1000.54504 634.808
1037.51135 379.416
1049.54980 365.628
1065.53955 388.005
1082.52966 560.174
1092.61011 346.745
1120.60498 1032.16
1121.58826 558.78
1139.56958 349.464
1145.59729 1863.79
1146.59692 1111.74
1150.61682 401.2
1151.61743 356.976
1178.62512 836.388
1179.62305 566.876
1249.66418 600.641
1250.65112 481.697
