1090.58525 2
110.07107 4297.72
111.07433 216.576
112.08682 581.064
113.07047 309.895
115.08624 439.274
116.07045 319.56
119.04852 209.835
120.08056 7064.54
121.08395 740.273
127.08656 193.965
129.06642 361.953
129.10208 6542.05
130.04994 334.983
130.06490 493.759
130.08601 2889.97
130.10431 533.564
132.08136 213.793
133.04279 234.266
133.08501 233.052
136.06165 1219.41
136.07552 3608.51
137.07840 208.531
139.08646 286.006
141.06572 1100.01
141.10204 1200.96
143.11771 2152.9
147.11263 7472.33
148.11592 420.033
153.06554 317.315
155.08142 522.065
155.11780 407.134
157.06009 215.867
157.10826 340.894
157.13312 602.592
158.09215 4849.95
159.07628 321.749
159.09119 2091.41
160.09485 195.843
165.10207 291.401
166.06070 207.377
167.08122 1798.68
169.06082 520.225
169.09702 1270.76
169.13286 576.865
170.05981 486.255
170.09230 187.636
171.07629 329.541
171.11261 680.08
173.05597 234.25
173.09201 480.222
173.12781 553.52
175.11873 4709.52
176.12340 282.658
179.09155 257.253
181.06050 313.764
181.09853 273.118
183.11285 1187.44
183.14900 528.342
184.07211 203.943
185.05460 255.877
185.09235 362.719
185.10725 191.059
185.12482 312.49
185.16464 28046
186.08693 3874.67
186.16809 3000.29
187.07233 190.166
187.09105 232.228
187.14418 277.701
195.07617 977.799
195.11198 253.519
196.10747 464.361
197.12825 916.347
198.08678 430.957
198.12119 248.036
199.07137 375.171
199.10695 270.883
199.17998 195.098
200.13895 615.612
201.08932 283.536
201.12300 961.331
204.13452 204.902
207.08734 244.184
208.10773 532.824
209.09169 269.827
211.10765 676.909
211.14445 344.148
212.10207 333.571
212.13893 261.698
213.05159 192.972
213.08733 511.483
213.15939 5225.04
214.16408 502.13
215.13966 337.256
216.09828 203.709
217.08415 405.851
217.13347 295.776
219.11235 956.083
219.13857 227.899
221.12637 213.534
223.15680 271.029
224.10185 244.349
225.09753 241.795
226.08224 219.434
226.11794 1389.31
226.15413 527.071
227.06729 197.003
227.10062 278.782
228.13365 2719.92
229.09689 499.34
229.11325 313.049
230.07681 3491.5
231.09451 437.62
234.12267 453.033
235.10461 237.948
238.08215 208.439
238.11868 242.867
240.13342 546.054
241.08113 284.965
242.18578 347.166
244.09262 282.627
244.12758 332.907
244.16556 229.789
245.07697 489.14
246.15512 305.32
249.15929 906.506
251.09908 195.164
251.14983 370.199
252.07713 310.681
252.13345 333.454
254.14905 1221.88
255.10863 195.186
255.14450 348.106
256.12772 287.864
258.14365 501.687
259.09042 242.89
259.17950 254.908
260.19647 1988.13
261.19855 265.665
262.11807 1837.94
263.12210 195.2
267.10712 226.903
268.16492 276.544
269.08459 222.997
270.07114 827.098
271.10709 519.52
271.17584 229.336
272.17230 481.505
274.11749 557.613
275.17807 575.85
276.16608 1666.39
277.15329 336.86
282.14072 225.814
282.18039 738.048
284.12408 208.694
285.15128 233.667
286.13812 606.109
287.09827 4508.59
287.17206 240.994
288.10046 452.481
288.13354 933.478
288.20172 335.482
294.18146 447.109
299.10315 576.799
299.17062 1002
299.20929 220.955
301.15076 227.844
303.21234 229.419
305.15939 374.072
309.66864 262.313
310.17349 217.377
311.16962 199.453
315.14615 569.147
316.12869 1208.52
317.13559 280.129
317.21753 10842.7
318.22113 1646.58
320.17200 210.906
322.18680 988.419
323.13144 247.21
323.68515 435.715
327.20221 1814.13
328.20380 199.081
330.17984 358.321
332.19974 1351.97
332.70068 460.554
333.15479 3496.17
334.15897 537.47
337.14664 403.283
339.16428 258.557
341.10907 377.819
342.12851 207.24
343.14056 305.905
345.15524 207.727
350.21918 299.404
354.17563 465.642
355.16156 574.282
356.19290 208.915
358.13690 598.075
359.16116 341.843
360.11603 325.488
361.14993 198.587
362.18576 240.384
368.22913 470.641
369.21170 347.749
371.13193 287.561
372.11502 226.993
372.18686 820.931
373.71863 537.516
374.22119 235.115
377.14438 1920.51
378.14865 273.248
382.16510 232.66
383.15570 478.094
385.14133 199.217
385.25510 3961.39
386.26120 308.58
389.14368 626.872
390.17905 338.016
391.19720 251.897
395.22977 246.417
396.22650 203.705
397.20593 317.311
398.17273 250.974
398.23999 200.255
400.18332 953.351
401.13620 246.703
401.21771 1184.61
402.18005 360.999
413.14362 203.288
414.23447 980.263
416.14960 329.871
417.13922 1624.83
418.14392 375.992
422.68979 236.097
426.20016 254.009
430.17038 415.29
432.24445 6059.14
433.24854 1113.45
434.16565 1940.87
435.16553 288.517
438.12518 276.803
440.28378 249.662
444.14676 226.057
447.19882 367.601
448.18192 543.478
455.14984 526.988
458.16580 749.836
460.17874 538.624
467.26135 307.459
470.17041 267.154
471.22501 239.247
472.17770 373.393
472.28503 318.412
476.21921 230.752
483.26440 267.927
484.21664 362.866
488.17371 649.009
490.22354 396.629
500.28516 472.794
502.22769 724.416
503.23315 229.678
505.20468 593.688
506.26538 245.081
511.25034 530.297
512.24573 217.016
515.18860 671.163
516.25201 304.474
519.25641 1267.81
520.25299 276.533
527.18304 208.228
528.16846 427.96
528.27667 722.79
529.26068 2015.88
530.27069 374.4
545.18896 388.653
545.30518 779.703
546.28796 7179.66
547.29230 1868.07
548.29279 325.781
557.19745 1865.95
558.20007 461.768
562.22107 394.927
567.18103 317.55
573.26465 643.744
574.21875 389.618
575.22278 232.752
584.20715 311.993
585.19360 965.76
586.20013 333.914
590.29437 555.268
591.29987 204.617
601.24249 286.045
602.21649 1411.89
603.22388 461.21
605.24799 325.159
613.36609 773.937
618.27979 236.139
619.24194 456.63
620.24170 206.643
627.29407 240.065
635.30048 213.865
652.25891 209.411
653.31775 414.627
658.31860 264.46
669.30066 282.391
670.28351 465.118
671.28033 281.426
675.34808 437.933
676.33496 721.469
681.27460 209.941
686.31439 246.545
687.30713 574.974
693.35565 5806.4
694.35938 2206.55
695.36304 444.936
697.39923 325.699
698.27600 267.609
703.34760 278.877
704.33075 495.121
710.34424 936.169
711.34735 377.568
715.29999 393.136
718.33148 548.264
724.39935 638.078
729.35516 220.282
732.32336 253.877
741.42493 1024.9
742.43005 248.152
746.38275 296.406
747.37463 354.745
764.39282 4543.48
765.39532 1629.32
766.40424 242.41
774.37408 797.412
775.37891 528.849
805.37817 250.093
817.40289 654.129
823.42938 517.591
843.39398 433.866
844.38440 516.905
860.42261 401.02
861.40820 2618.3
862.40985 1091.4
863.41211 386.111
878.43439 5827.03
879.43915 2716.11
880.44177 617.688
889.40540 322.574
894.46521 690.748
895.47345 241.092
974.50177 358.005
991.51581 534.401
992.52563 300.849
