1935.01865 3
117.09039 484.125
120.08027 1695.49
129.10159 180.085
130.08566 219.119
133.08546 1372.29
134.08931 187.462
136.07503 247.412
145.12155 303.541
147.11197 730.854
157.13286 491.994
173.05461 284.658
173.12798 410.659
175.13152 261.482
177.11134 546.135
183.11176 227.839
185.12772 435.917
185.16417 318.681
186.08665 256.912
199.17958 1064.48
201.12263 395.35
213.15868 250.063
213.18414 398.787
219.11150 225.64
219.14905 262.108
227.17435 678.14
228.13358 675.986
229.11781 222.517
230.07637 280.521
234.14430 317.662
243.13277 220.888
247.14319 307.383
258.10892 290.681
258.14474 600.796
262.11682 251.819
269.08786 217.002
272.15869 266.304
276.15396 593.232
286.13837 731.204
298.21191 229.849
299.17139 260.442
318.17868 299.785
329.18060 193.22
332.19534 207.17
339.16479 264.519
355.12195 234.538
357.17606 512.923
361.18390 211.355
372.15170 501.061
385.20306 230.743
389.23819 672.181
440.20868 213.624
454.19174 406.797
456.24680 245.832
460.27551 1169.78
461.26102 190.917
468.20721 426.8
471.21808 610.496
485.23132 489.94
515.22430 257.781
539.28076 457.504
549.27032 216.8
553.25970 409.059
556.30615 359.838
567.27557 1064.43
568.27838 196.372
570.28046 328.682
584.30090 1333.53
607.34259 2565.51
608.34521 466.223
638.34546 309.143
643.91248 5479.86
644.06818 265.249
644.42169 2897.71
644.91595 1042.03
645.33685 758.639
645.42413 1289.02
646.37433 637.499
646.45215 328.788
646.88489 320.013
647.42456 215.149
647.99725 477.592
649.00262 229.666
655.37695 216.592
666.34357 912.07
683.36859 861.455
706.40961 1873.66
707.41730 480.498
853.48798 493.63
910.49762 395.771
967.51630 958.358
968.52344 425.328
1082.54773 643.764
1083.54077 279.16
1121.54309 270.597
1139.56750 2127.59
1140.57007 1085.88
1252.65039 358.58
1253.66797 207.825
1320.58118 312.29
1321.58655 335.274
