2909.43436 3
129.10191 305.888
147.11256 244.275
171.11238 257.72
218.09485 459.461
234.14449 894.644
246.09023 1148.7
359.17358 1146.51
360.17709 214.219
404.24820 591.23
460.22089 444.244
475.28473 766.319
476.28860 219.308
580.25305 468.627
580.75336 300.04
590.23651 245.847
604.32703 341.632
618.28979 244.474
625.75696 439.731
626.26031 303.113
640.36993 269.817
666.78180 226.526
675.29333 848.148
675.79211 620.363
676.29327 334.983
731.82733 312.978
732.33795 477.786
732.83459 210.058
751.39917 464.029
752.40515 244.914
788.37561 230.957
788.87543 398.012
860.41571 199.95
880.44238 325.322
881.43616 220.132
937.45837 1598.67
938.46198 910.466
969.64954 5310.12
970.64862 2850.51
971.64771 3819.93
972.64313 685.245
991.40674 331.439
1036.51489 451.417
1037.52002 327.19
1093.54651 1914.34
1094.55005 1188.69
1095.54822 384.102
1104.48901 477.359
1105.48669 256.722
1142.58362 220.325
1164.58801 937.548
1165.58679 824.505
1217.59070 260.897
1233.48767 204.999
1235.62683 927.505
1236.62915 550.653
1250.50940 522.159
1251.51123 624.06
1334.69275 543.852
1335.69531 494.034
1349.57275 764.948
1350.58350 681.906
1351.58398 290.138
1445.66809 226.173
1462.65540 399.953
1463.65808 335.707
1464.65967 196.781
