1459.73481 3
110.07101 1708.19
115.08620 1305.88
120.08054 564.658
129.06657 775.062
129.10207 20601.9
130.08606 6705.75
130.10516 1310.5
131.09044 411.822
131.11763 16775.6
132.12097 1118.29
133.04269 6073.91
136.06152 2299.22
136.07555 3801.24
147.11258 11565.6
148.11629 511.988
152.10631 621.808
154.09821 404.27
155.08125 2337.23
169.13336 2994.36
172.10794 2426.59
175.11891 1807.96
178.06433 1357.74
182.09221 1075.78
183.07611 1247.58
185.05559 377.794
185.09291 428.069
187.10782 626.151
195.11235 555.065
197.12830 4357.96
199.17960 425.002
200.10268 2205.58
201.12328 465.504
204.07974 3166.34
208.09653 4665.79
210.08624 372.425
213.08743 432.838
213.12268 742.906
214.15450 1314.71
215.04816 3237.26
215.13849 910.895
222.12321 532.468
225.12303 6393.74
226.11635 1546.68
226.15454 589.998
230.05917 453.291
232.07462 7037.6
233.07689 599.688
239.15004 1742.63
240.13403 4317.84
241.12090 545.88
242.14948 13452.2
243.15274 1419.69
244.12775 1127.4
244.16539 1324.68
257.16031 6599.25
258.14453 10876.4
259.14761 1100.9
272.17267 576.594
275.17081 6783.27
275.20633 599.263
276.06378 1995.9
276.17377 901.232
288.20163 616.516
292.69131 1580.78
293.09540 426.077
296.15915 438.891
301.09564 2411.45
304.16052 971.904
310.21179 3502.81
311.21384 475.512
312.04858 475.268
313.18625 1614.53
315.11133 709.223
321.06741 1956.17
321.11957 685.412
325.22217 593.997
327.23776 582.679
339.71826 439.645
341.21780 667.675
342.12579 433.604
343.10638 5792.95
344.10928 736.016
345.08340 743.85
353.21854 1555.66
356.74207 523.327
360.13281 2078.12
371.22852 472.303
386.14832 1567.86
388.25504 8339.72
389.25766 1407.54
389.67868 507.319
390.89127 907.528
391.22708 525.294
392.10425 1678.93
393.28220 852.767
402.17932 834.215
402.67950 476.775
404.15866 3309.56
405.16238 425.002
410.27319 447.008
412.12460 792.091
416.12350 464.027
416.29718 1984.8
423.19864 608.021
436.09436 3809.23
437.09964 749.91
437.23901 763.26
437.70496 621.527
437.73874 698.393
438.19708 442.359
438.27750 3264.15
438.74860 751.243
439.24036 782.269
439.29376 515.593
440.24728 723.831
443.55032 1053.4
443.88699 1119.3
444.21698 513.556
448.92538 1180.32
449.25812 1005.51
456.28308 651.474
457.69415 536.131
458.72397 722.081
462.24521 488.804
471.20267 558.395
472.71802 412.257
473.21945 529.573
485.75464 1082.15
486.25119 1029.1
487.26605 1624.16
487.32828 1593.71
488.23553 444.933
488.29068 558.641
488.33881 479.586
494.26727 4789.39
494.76901 2406.63
495.26868 618.42
496.78070 2450.52
497.27917 1125.91
501.22348 521.53
503.13419 532.169
507.13187 2222.3
508.13309 488.382
513.74811 629.551
514.24304 581.446
514.74219 448.005
515.36469 2319.42
522.75562 527.728
527.15515 605.221
527.74396 568.501
528.23639 521.051
528.78143 517.221
536.26550 409.95
536.75232 611.107
546.17804 912.125
550.28870 442.075
553.33307 1496.86
557.25562 450.875
564.18945 1429.55
565.28027 521.312
565.77106 3033.31
566.27148 1664.71
566.36597 1599.29
566.77197 831.543
567.35175 2087.78
568.35522 748.08
574.28247 9666.57
574.78424 6628.63
575.28418 3593.44
575.77985 947.05
583.26135 531.037
584.37573 17507.8
585.37848 5682.82
586.38635 908.667
591.76526 511.858
592.27661 573.431
600.27856 2148.96
600.79279 428.39
601.28668 2370.04
601.78601 958.526
602.28693 639.602
606.32294 728.176
609.80121 14636.4
610.30237 9448.01
610.80249 3848.01
611.30304 1539.6
617.17548 2081.98
618.16357 1609.23
619.16608 486.723
624.28735 584.228
624.78125 532.877
635.23102 764.373
656.31140 1063.51
656.80640 2510.74
657.30548 1167.44
657.80688 746.557
664.82477 6138.34
665.31860 15297
665.81927 9853.75
666.31982 4081.82
666.81915 1428.55
668.27551 480.507
673.83002 1641.29
674.33051 1364.6
674.83289 841.097
678.42975 1286.86
681.40247 734.959
685.37457 720.445
694.45459 461.874
695.43787 870.41
696.29083 420.216
701.31140 438.254
712.47137 6133.15
713.37036 3266.93
713.45258 2550.21
714.36597 1176.73
715.37207 552.748
728.24268 529.58
729.25275 415.126
730.38580 432
732.28925 637.979
745.27478 888.642
746.25848 1585.71
747.26471 806.416
749.39392 625.769
760.30640 2209.82
761.30817 870.966
763.28510 464.585
784.27386 509.733
803.35297 1010.05
810.47827 934.438
824.39368 641.967
827.49756 5468.79
828.50104 2319.85
829.50012 540.111
831.34735 3697.36
832.34943 1503.84
833.35059 634.287
841.42389 1789.06
842.43121 809.369
843.30872 714.091
859.33704 659.941
873.39709 2701.41
874.39978 1354.46
875.40076 503.958
914.38611 1094.79
915.37878 539.405
916.44226 1047.49
941.39966 813.364
942.38007 4704.36
943.38135 1932.27
944.43213 4285.94
945.43463 2164.53
946.43439 684.672
959.41003 452.552
969.51208 640.259
970.50787 2127.94
971.50433 983.569
972.52502 440.92
978.37823 1913.33
979.37982 843.176
987.52698 10262.9
988.53210 5296.11
989.53284 2020.94
1001.44849 823.345
1002.44421 658.566
1027.46436 1203.06
1028.46704 619.351
1037.45532 444.834
1054.47766 1269.79
1055.46765 3291.26
1056.46765 1964.18
1057.46631 646.64
1072.49207 2537.56
1073.48877 1703.17
1074.48047 649.463
1090.50793 670.632
1130.52588 461.182
1147.55603 2743.51
1148.55591 1580.12
1149.56702 535.603
1183.51770 1091
1184.52454 510.747
1201.54224 572.245
1218.59497 575.196
