1168.59034 3
110.07098 9061.29
111.07441 452.623
112.08646 189.92
115.08639 228.057
120.08058 416.155
129.06644 305.1
129.10199 7563.92
130.08600 4533.09
130.10506 420.207
131.08905 229.291
136.06165 484.106
136.07558 1315.97
139.08618 202.545
141.10216 296.933
143.11766 2084.86
147.07617 880.876
147.11253 9211.86
148.11626 435.9
149.02301 1872.39
155.11748 409.284
157.06068 315.343
158.09222 243.812
159.07568 381.129
159.11229 471.648
160.09711 948.868
161.09169 713.389
166.06071 855.401
167.03363 188.537
167.08150 294.782
169.09648 308.113
171.11259 914.813
173.12775 312.879
174.09419 629.916
175.11864 1620.82
181.09695 194.739
182.12845 1261.27
183.11244 2297.58
185.09161 1191.39
187.10741 463.016
193.08199 229.601
194.12863 368.983
195.11316 203.014
198.12292 728.32
199.10686 734.383
200.13869 661.765
204.13506 352.926
207.11157 453.234
209.09183 248.738
209.13988 405.105
210.12332 3243.75
211.11690 330.349
213.08661 2268.36
214.09103 240.595
216.13373 1994.31
217.08134 216.953
217.11855 365.352
217.63374 416.777
220.10739 786.944
221.13943 192.073
226.11810 1306.82
226.15602 256.814
227.10130 184.839
234.14447 8031.17
234.17592 738.427
235.11972 803.55
235.14813 976.623
237.13449 1816.94
240.13347 690.722
244.12704 909.17
244.14842 294.604
244.16486 305.874
244.63277 354.771
249.09674 212.658
249.14438 278.108
250.11810 391.584
256.09317 306.558
257.19595 193.306
257.62354 756.174
258.14267 464.359
259.63904 6575.73
260.13959 300.449
262.13623 238.495
264.66653 347.104
265.12888 786.264
267.10782 689.44
268.12845 1377.35
270.10815 335.022
272.15628 366.083
273.15695 189.161
274.10226 325.557
275.20715 1786.58
280.13419 3096.41
280.62552 667.028
285.15515 342.086
286.13882 773.241
289.14056 264.533
292.66022 215.706
296.12366 538.879
299.14215 1585.7
299.64273 365.833
302.16138 331.561
303.16541 1703.37
303.21353 512.831
304.17734 610.004
307.65558 204.614
308.14716 2006.3
308.64902 666.806
313.13925 708.782
313.19165 763.327
313.64145 223.709
314.13412 895.628
317.15146 349.642
319.13940 282.931
319.18454 349.15
320.17099 4101.42
321.17612 18676.4
321.65186 398.765
322.17899 2595.92
322.64349 316.37
323.18225 413.798
324.81772 379.392
325.15024 293.73
327.12854 320.164
327.16635 228.297
329.16708 386.781
329.19440 774.83
330.15341 505.854
330.65787 372.939
331.15094 678.489
332.13449 381.339
336.65756 561.196
337.16019 274.882
341.18384 305.62
342.42508 736.619
347.18179 5262.45
347.70383 584.632
348.16510 12768.6
349.16824 2036.2
350.13504 387.284
350.17044 724.368
350.65646 466.379
353.14465 971.124
353.86740 237.679
358.53247 1908.6
359.16592 1109.19
359.20068 413.531
359.54343 663.483
359.66882 555.637
359.87677 292.659
362.17844 209.548
364.53549 318.558
364.94937 262.37
365.19229 2282.06
366.19623 279.179
369.22247 217.716
369.70099 336.272
370.71613 293.984
371.15475 2261.18
372.15787 452.826
372.22424 473.769
378.19604 498.833
378.53003 317.803
384.19925 1157.18
384.53058 525.762
384.69565 245.372
387.17993 320.011
389.18481 2036
389.70526 232.909
390.13113 373.559
390.17267 695.231
390.23550 5011.79
390.71591 202.892
391.13165 451.196
391.20935 888.106
391.24451 574.519
392.20166 419.01
392.53610 352.556
393.70242 1215.5
394.20200 468.518
398.21304 528.297
401.71182 683.999
402.20694 198.64
402.70767 2523.24
403.20837 962.258
403.70874 239.68
404.24695 268.578
405.18637 462.297
414.24588 314.397
416.24966 462.548
421.21960 403.108
426.20792 226.931
431.27158 830.554
433.18063 374.117
434.26004 3153.6
435.26343 692.351
437.20837 234.965
438.23386 330.373
444.23911 233.295
445.21823 821.707
446.22299 354.037
449.21213 887.008
450.21783 382.596
450.71811 362.84
456.24451 1860.91
457.24789 455.306
459.76071 267.186
462.23846 835.178
462.73251 295.539
466.22925 215.19
471.23590 1162.67
471.73950 502.525
473.26855 399.755
474.21060 232.547
482.25555 335.06
484.23969 1100.36
485.23856 213.795
488.25729 235.649
490.20013 422.662
491.28125 5628.6
492.28336 1125.88
493.28891 367.286
496.19629 309.256
497.28299 1354.12
508.21255 592.835
511.29825 404.13
528.32355 3803.5
529.32568 216.617
540.32477 318.974
543.27899 289.311
545.29846 572.999
549.24194 224.053
553.26013 485.396
559.26215 466.783
560.24445 6000.9
561.24756 1972.02
562.24829 401.561
571.27173 658.689
574.31927 643.987
576.28741 789.77
576.78729 489.004
577.26935 217.468
584.31384 2143.72
592.32837 4675.52
593.33240 1317.45
616.34253 329.203
617.26190 644.948
633.29773 442.543
640.28619 227.617
643.28223 3255.98
644.28540 1176.61
645.29272 242.498
656.27222 307.132
660.31000 220.654
661.29120 1809.22
662.29370 611.792
672.30530 598.123
673.30939 287.329
674.28601 1483.99
675.28894 554.012
676.31024 211.838
682.28955 813.836
689.34399 1128.61
690.32281 790.08
691.32391 296.851
694.40045 295.743
699.31689 635.142
700.30389 6349.6
701.30737 2133.29
702.30725 504.809
707.35510 4399.52
708.35785 1370.37
709.35413 309.297
717.32953 2513.85
718.31494 9302.55
719.31757 3366.45
720.31732 597.916
735.33783 1153.43
736.33972 360.766
768.38000 219.751
786.39697 948.217
787.39777 303.047
803.40601 608.885
804.40692 7339.41
805.40924 2990.5
806.40912 634.785
813.39502 301.585
830.41174 412.785
831.39746 1055.7
832.40369 472.917
899.43970 317.896
900.41809 735.413
901.42072 277.415
918.42761 238.016
