2357.17729 2
115.08630 3333.36
120.08065 10647.1
127.08650 6136.62
129.06598 3917.65
129.10233 8304.41
130.08632 5942.86
136.07567 46508.7
137.07912 3551.37
143.11783 5144.48
147.11276 12061.5
148.07596 2062.84
153.10217 17170.7
155.08138 13169.4
157.09723 1453.5
165.10242 2858.01
167.08054 1549.73
169.13341 2183.58
171.11275 18122.2
175.11711 1746.93
183.11234 3201.59
183.14867 2397.37
185.09177 2354.2
186.08707 7731.81
188.10683 3598.15
189.08658 1439.19
193.09694 14141.8
197.12836 5492.55
199.07115 2262.18
199.14476 1330.55
201.10553 19678.6
203.10208 1895.44
204.13835 7099.25
211.14465 1479.78
215.13889 1680.01
217.08199 3237.3
217.13350 16120.9
218.13754 1991.97
219.11282 5938.92
221.09158 4623.77
226.15535 1407.55
228.13463 3405.92
229.10091 13382
230.10591 1339.68
230.14995 5096.67
233.12885 2413.9
235.14398 3702.06
242.14940 5848.36
243.13480 2888.43
245.12842 12860.1
246.12796 3071.75
247.10765 12931
248.16020 15435.7
249.16113 4535.36
251.10196 2757.55
254.14970 10246.8
261.12332 2682.62
261.15958 10675.2
262.15521 2045.6
263.13879 3321.31
264.13214 1421.24
268.16483 2667.36
271.17642 7599.7
274.15549 5729.88
276.13516 2361.18
277.11795 4318.43
278.11243 1547.97
279.09732 5955.05
280.16602 1526.02
286.12097 19576
287.12262 2190.07
289.15460 26661.9
290.15842 3002.77
292.12891 2630.44
299.17111 11776.2
300.11832 2600
300.17667 1407.19
302.14999 9911.38
303.14667 5896.33
304.12878 5475.16
313.18524 1532.04
318.14670 2958.15
320.16013 3207.41
321.15536 36503.6
322.15881 5046.78
331.19833 2441.16
332.19617 2300.73
334.17523 2245.2
337.18738 6601.87
340.16446 1943.4
342.20355 5849.72
346.17630 3369.63
349.15082 8420.35
349.20816 21173.7
350.15118 1515.88
350.21017 3358.01
355.20813 2038.62
360.19217 18155.6
361.19458 2915.13
368.16098 2070.53
369.18118 2361.88
371.20959 2258.81
374.17145 26177.2
375.17416 6245.55
378.16693 3541.73
383.16794 1697.77
385.21033 4982.44
387.18918 3505.34
389.21701 7993.53
391.19693 3523.95
392.17996 4481.88
397.15182 1849.81
399.20145 1573.12
403.19696 5654.4
405.19788 3291.38
413.17691 2869.98
414.18320 2490.11
415.18448 2087.84
416.22961 3577.18
417.21231 13021.1
418.21237 4230.17
431.19232 17011.8
432.19543 2866.24
434.23975 26031.1
435.19046 5203.21
435.23965 4764.42
444.22485 1644.86
446.22577 5496.56
452.21735 1740.03
453.23529 2535.27
454.24530 2720.67
459.26175 2687.02
462.23590 3126.59
463.25714 1408.83
464.23434 22776.7
465.24078 4162.78
468.24869 1487.06
469.20364 1906.31
469.25568 2005.35
470.22357 3702.17
472.25690 4509.05
473.25781 1850.57
477.27344 2389.19
487.25522 17938.8
488.25919 4167.17
491.25308 3076.22
498.27142 3226.83
499.25513 4517.4
500.25507 2058
501.25943 1592.16
502.24808 8503.17
503.25171 3053.4
505.26642 2528.06
516.28210 6151.92
520.27722 1722.83
526.26648 4314.21
527.26660 2476.62
530.24292 9431.39
531.29419 4857.8
544.27576 10510.3
545.27917 2606.96
547.27307 1726.5
548.27197 6380.31
549.23358 1993.67
556.27960 2237
559.31128 2847.33
562.22809 2355.39
566.27466 2753.24
572.21832 3059.42
572.35156 2084.82
577.31781 8313.6
578.32159 2184.58
582.28864 2696.54
583.28674 2398.7
598.31628 2553.56
599.31262 1972.19
600.34619 4062.21
602.29089 2164.9
611.35455 1421.72
612.34192 2183.87
613.27869 7580.63
614.28308 3319.68
616.33527 5592.48
617.34119 2335.59
620.29114 1460.05
629.36432 2701.39
630.29370 2029.58
631.29248 8752.61
632.29462 2975.97
634.34027 44564.4
635.34430 12009.5
636.35364 2034.01
641.27405 3714.31
642.27765 1631.8
657.36462 4581.83
658.37054 1472.49
659.28680 18166.2
660.28833 6193.48
661.35962 2058.84
662.32776 3048.79
669.35425 2162.47
675.31555 1756.98
685.30243 1427.27
697.36365 3050.87
715.36554 10581
716.37073 4014.94
719.35229 1888.97
726.36578 1748.9
733.40881 19049.6
734.41205 6548.63
744.37744 9249.07
745.38220 3962.77
754.36426 5688.38
772.37433 19002.6
773.37628 6453.58
774.37311 1501.81
822.36285 1890.45
850.43365 1942
857.45618 3300.45
878.44373 4572.83
885.45526 6136.64
886.45508 2758.84
890.41479 2033.18
896.47302 18559.2
897.47467 9008.78
898.47968 2023.04
903.41827 1888.02
935.45526 2951.08
936.44238 1626.87
993.48444 2792.48
994.49237 1682.1
1000.48138 11524.3
1001.48291 6347.46
1002.48840 2295.36
1011.49829 16038
1012.49982 6797.94
1034.52551 1499.44
1124.58398 11654.1
1125.58350 6693.08
1126.58899 1706.87
1163.53601 4208.04
1164.54407 2788
1165.55261 1662.36
1237.66760 7319.9
1238.67004 3889.05
1239.66028 2181.84
1366.70288 3742.41
1367.70813 3307.13
1513.77014 1619.29
1610.83984 2535.65
1611.85706 1569.02
1667.85474 2368.7
1668.85303 1834.15
