1959.93161 3
110.07118 14010.7
112.08688 824.987
116.07013 538.316
118.03176 550.474
126.05489 4593.96
129.10223 4046.9
129.11281 520.991
130.08699 405.98
135.05896 716.514
136.06174 8570.07
136.07561 5940.66
137.06480 472.546
137.07899 1005.05
138.06612 1480.45
141.10205 966.301
147.11290 681.198
155.08153 637.132
157.10818 459.338
159.07646 614.231
159.11278 555.657
164.08240 513.666
167.11787 3647.74
169.09715 1348.1
173.09195 1441.16
175.11891 4817.31
181.10835 7343.19
182.11253 488.586
192.04190 489.871
195.08777 3754.74
195.11269 6807.61
196.11650 651.432
201.08687 1569.64
209.10333 22631.5
210.02490 420.765
210.10728 2020.8
213.12329 1921.04
240.14778 425.389
240.60646 488.318
253.17961 430.585
255.14493 951.878
264.06323 2362.06
264.10818 754.323
264.17007 1523.87
266.14957 733.558
272.17142 877.128
274.65631 714.37
282.16846 3225.23
282.67023 854.331
283.66055 419.248
284.16055 491.529
292.16470 1207.93
303.17795 1139.2
309.19266 425.852
310.17499 1748.41
312.04956 2075.47
313.20996 1803.59
318.14780 1721.41
320.13535 4708.89
321.13770 956.502
323.18289 1396.47
323.64465 13405.2
324.14590 3635.3
324.64694 523.785
330.05978 1769.23
330.69498 9044.33
331.19620 3100.88
331.69913 608.993
338.14575 4626.27
339.14771 755.671
344.70282 819.166
352.19724 1198.11
353.70880 414.9
358.17300 1175.74
358.70108 2152.05
359.20270 672.622
361.22598 473.573
363.62790 1045.51
367.70734 920.119
369.22495 772.871
372.17075 6797.71
372.66977 2089.51
373.17062 573.037
379.13486 1983.83
379.22153 12737.1
379.72223 5148.02
380.13956 549.092
380.22437 1170.08
382.23105 3477.35
383.24081 561.421
389.21909 436.473
393.69238 5267.93
394.19281 1724.07
394.69644 477.812
397.14609 525.723
398.11508 1903.81
398.68369 1247.04
399.17935 422.129
399.69006 476.936
402.69797 521.43
405.15930 440.438
406.24551 518.881
407.16458 421.605
407.22708 3478.06
407.69019 10515.2
408.19165 3699.67
408.69318 913.342
409.18277 3072.03
410.18658 575
413.71481 445.493
416.26474 930.544
416.70044 620.025
427.74792 17369.6
428.24893 9426.54
428.75140 2223.38
433.67496 971.653
434.21765 1277.21
435.74316 1170.08
442.21771 468.558
442.68057 14105.5
443.18176 5387.87
443.68253 1098.4
447.66971 2484.67
448.16837 713.294
449.25095 1427.84
455.75385 1517.27
456.21619 8432.38
456.67755 23452.5
457.17902 8563.16
457.68112 2091.77
459.26804 1108.09
464.75565 563.121
466.27695 3656.82
467.27954 947.601
470.14374 521.015
476.27359 13765.8
476.77530 7370.99
477.11252 2371.7
477.27768 1670.9
478.11566 521.963
480.20728 558.289
483.21121 1322.29
483.70731 603.67
488.20996 501.105
489.89175 583.672
490.74680 1105.22
491.20459 433.998
492.21933 4986.91
493.22247 1072.37
495.73508 773.783
498.19449 466.713
503.29953 572.667
503.75021 1016.57
504.23859 1469.03
504.29535 1364.46
504.74115 3885.74
505.20300 10611.6
505.70361 4556.27
506.20709 992.039
513.27820 1994.52
514.28638 477.13
524.80017 12635.4
525.30200 7834.57
525.80286 2402.34
535.78394 1752.56
536.28473 911.663
539.27063 800.444
539.72644 1985.64
539.78369 472.312
540.22778 1123.31
541.76270 520.819
545.30499 1832.36
546.30292 4632.9
547.30707 1127.42
548.30878 1130.82
552.80743 781.049
553.26501 2061.31
553.71887 1392.46
553.78510 938.933
554.22784 1207.93
562.28186 788.437
562.78528 479.93
563.33008 10738.4
564.33215 3334.27
566.31342 617.293
577.31866 514.623
578.31854 443.019
586.28510 1350.09
586.78717 794.902
587.28656 748.93
588.24713 770.309
588.66608 3175.99
589.00177 2902.99
589.33582 1115.59
594.66968 1236.22
594.78485 804.058
595.00549 968.676
595.30487 5096.27
595.80701 4787.65
596.30682 1329.01
596.80957 777.998
601.34607 476.543
601.78723 481.966
602.24988 1275.98
602.75897 499.974
603.32111 8651.41
603.78693 6390.41
604.31287 43486
604.81299 26352.5
605.31189 11169.5
605.81610 3221.5
606.31244 985.498
612.79303 1662.2
613.31726 5165.32
613.81757 3211.98
614.31659 1234.48
620.92310 1368.22
621.25110 961.669
621.33411 1419.89
621.59131 499.608
621.65936 1700.97
621.99487 1810.17
622.32788 730.684
627.32916 487.155
627.66937 457.52
628.26093 552.925
643.35638 1558.15
644.29199 1979.48
644.79279 1204.46
645.27820 481.277
645.80768 979.202
646.28137 8469.74
647.28528 2684.59
650.76941 469.959
652.37360 639.501
652.77478 4032.92
653.29688 12167.9
653.79822 6954.28
654.30988 3002.1
654.81714 1585.76
655.29938 443.321
655.40228 452.384
660.38367 20019.6
661.38654 7628.82
662.39526 1639.18
673.36487 1708.01
674.36688 1326.5
675.37671 534.072
688.40778 550.525
698.39417 471.417
699.38239 636.08
716.40393 8489.36
717.40741 2958.42
718.39978 1270.61
718.89740 501.991
726.24762 1791.45
727.24841 505.472
734.40637 1575.22
735.41156 809.602
740.41193 1302.15
742.38745 495.055
744.25049 585.718
757.43494 27805.5
758.43774 12201.4
759.44147 2454.06
769.34711 514.266
774.41382 730.516
775.41193 870.867
786.37604 4090.8
787.38025 1833.24
788.37988 452.179
796.35803 1128.42
797.34564 1338.17
799.44232 7726.96
800.44525 3252.7
801.44885 667.807
804.38892 866.82
814.37054 11624.1
815.37384 4481.07
816.37811 954.303
825.42017 644.477
826.42865 694.124
828.43591 8085.63
829.43854 5674.46
830.43762 1378.57
832.38330 2015.61
833.38776 635.677
843.43781 1458.43
844.43585 1408.89
854.48767 26581.3
855.49103 13229
856.49591 3176.64
866.34607 901.185
870.48004 9880.19
871.49036 4250.79
872.41522 1387.92
873.41840 558.338
884.35419 5099.93
885.35071 1907.73
888.48987 604.453
894.33417 2780.52
895.33228 1638.97
896.32593 556.156
911.42297 1554.35
912.34705 16096.6
913.35022 5899.04
914.35052 1408.06
920.41559 501.191
941.40143 571.082
942.40710 592.288
943.47314 764.373
944.46527 744.933
951.54028 12569
952.54401 7105.21
953.54639 1761.5
968.45227 715.699
981.50781 2609.02
982.51196 1468.97
999.52167 20660.6
1000.52448 10409.7
1001.52814 2986.56
1002.54535 705.026
1006.49640 1059.89
1007.49829 2004.78
1008.49323 1181.36
1009.38824 1343.36
1010.38977 785.643
1012.48285 1415.74
1013.49139 1432.94
1017.53278 1636.2
1018.53546 803.638
1048.59363 11104.8
1049.59558 6518.52
1050.59619 2098.26
1052.54504 665.984
1069.50525 2520.81
1070.55640 11503.6
1071.56042 6971.66
1072.56165 2172.17
1079.48401 1952.33
1080.51099 1352.09
1081.54089 542.144
1088.56995 1417.19
1089.56641 636.99
1097.49976 1494.26
1098.52136 1447.85
1099.52502 578.991
1119.62476 503.533
1168.53650 1832.69
1169.54871 1143.43
1170.53796 457.407
1216.68652 1037.85
1217.69519 496.397
