1798.91777 2
110.07088 3157.04
112.08639 1317.91
116.07008 663.768
120.08041 31926.1
121.08372 2180.41
129.10185 4739.59
130.08595 879.356
130.09773 535.748
133.04277 847.302
136.07533 3429.22
143.11749 2846.84
147.11261 1460.79
149.07397 2593.32
154.15826 1035.98
155.08043 556.403
157.09734 545.981
157.10753 588.96
158.09206 3136.51
159.09077 1316.89
167.08066 783.315
169.09613 554.801
169.13318 1171.64
171.11249 5092.88
172.11565 546.69
173.12788 2912.55
175.11853 16480.9
176.12259 893.845
183.11229 1773.33
183.14960 683.974
185.09160 1707.07
185.12787 689.648
185.16467 625.631
187.07150 790.929
188.14342 785.069
195.07573 827.306
197.12825 900.74
199.07108 799.949
199.10652 764.774
199.18015 1545.05
200.13870 2601.35
201.12294 3398.27
203.10239 1006.54
207.11237 4312.07
211.14368 509.365
212.10178 990.194
213.08661 3851.69
217.09378 850.624
217.13620 1039.61
226.11887 833.993
226.15463 642.639
227.10120 574.284
227.17490 1766.63
228.13364 17837.4
229.13718 1571.54
231.09698 2417.63
233.16426 54368.1
234.16760 7254.07
235.10617 3620.99
239.17400 651.729
240.13382 1671.51
242.14972 837.645
243.07968 1829.08
244.09270 597.25
245.13155 929.174
245.16449 1678.64
249.12303 1502.74
252.13324 760.313
258.14450 2557.61
259.09116 1273.37
260.10580 10671.2
261.15897 29013.9
262.11929 1027.5
262.16232 3882.49
268.12863 585.077
270.10785 637.653
270.14389 920.335
271.17578 1785.09
273.15878 2184.5
274.12103 868.09
277.11734 2246.16
284.19553 631.175
288.20239 4141.38
289.20514 531.853
296.12299 782.897
296.19589 2079.32
297.15494 3131.71
301.22678 6769.82
302.22940 904.707
303.17111 898.496
311.16989 550.566
312.15320 900.003
313.22241 6323.38
314.13168 2124.23
314.22745 932.537
315.16534 3389.77
318.18039 2193.62
326.16943 611.876
328.11057 1034.79
329.22128 5209.96
330.18082 5004.77
330.22507 951.939
331.13965 797.767
331.18637 614.795
332.13901 804.24
341.21722 3336.02
346.17206 674.954
347.20673 3642.59
356.23260 659.501
357.22211 724.915
358.20792 2235.14
360.15976 1826.22
364.14954 1628.14
365.21857 789.01
373.19025 3756.45
375.23172 11016.2
376.23566 2050.62
378.16763 556.123
381.17224 621.132
387.20425 799.194
399.20380 887.12
405.16251 796.899
409.28052 628.282
410.23914 802.484
415.26837 1913.18
416.22427 1092.9
417.21088 661.695
423.22342 1807.23
425.16257 850.799
426.20264 550.839
428.25052 753.09
429.15912 1047.34
434.24069 966.788
438.14389 938.882
442.30936 660.835
443.17569 1187.89
443.26477 3100.87
444.22308 2158.59
447.18365 1084.1
460.17847 690.388
460.29172 3922.65
461.18710 1693.78
461.29514 1061.56
462.23212 844.115
465.19907 868.778
469.24200 674.941
486.26859 1597.87
487.24655 1086.56
488.28882 1784.89
489.19257 1173.84
504.27686 11192.1
505.28000 2430.96
512.20306 852.205
512.28589 929.173
530.21576 1262.85
531.21814 700.122
538.25189 924.639
547.32404 687.122
548.23187 1462.96
557.31116 869.396
572.22766 705.404
573.26556 752.969
573.37054 605.88
590.23212 705.514
591.27814 744.57
615.30542 699.228
616.29279 931.878
617.28888 1099.03
633.31799 4628.59
634.31934 1198.5
635.30249 5603.95
636.30878 672.06
643.29749 719.16
659.26202 1435
674.30505 698.798
677.27405 1152.65
716.36072 786.936
717.34100 700.122
734.36591 7769.88
735.36926 2215.28
749.34467 998.195
757.35120 606.642
764.44122 844.632
791.38544 2090.07
792.39960 820.074
793.39453 552.044
806.31244 696.771
817.40021 1333.78
818.39478 1080.59
835.41302 19328.4
836.41705 7392.95
837.41687 1307.38
920.43408 553.972
946.44464 3687.85
947.44385 1707.07
964.45630 14629.1
965.45886 6471.04
966.45856 1477.15
1067.49158 859.516
1093.50940 997.93
1094.50220 963.491
1111.52319 17228.2
1112.52490 9384.44
1113.52673 2341.02
1154.52588 1872.85
1155.52820 1220.54
1168.54907 915.484
1180.54602 3586.79
1181.54541 2707.29
1182.55200 756.357
1198.55457 29649.3
1199.55579 17795.1
1200.55786 5017.13
1201.55945 731.83
1311.64246 4614.3
1312.64490 3521.07
1313.64575 1173.17
1324.64099 584.226
1350.64417 1008.57
1351.63928 1070.5
1368.65991 8615.48
1369.66431 5398.82
1370.66382 2124.51
1381.65601 2439.5
1382.66785 1484.14
1383.65845 754.927
1390.66028 584.878
1395.67725 598.641
1407.67236 3351.48
1408.67102 2620.16
1409.66785 1506.26
1425.68494 27739.8
1426.68530 18851.4
1427.68469 6376.7
1428.68408 1813.44
1494.74866 641.131
1520.76245 741.295
1521.75623 826.74
1538.76953 7434.94
1539.76917 5444.43
1540.76941 1823.71
