1863.82671 2
105.06562 584.71
110.07108 1277.15
112.08670 476.025
115.08627 540.774
116.07011 292.22
120.08047 519.16
127.08627 345.865
129.06590 568.942
129.10210 5989.84
130.04974 520.357
130.08607 1254.08
130.10493 361.391
131.08133 248.313
136.06163 926.026
136.07550 1158.8
141.06557 914.611
141.10161 380.845
143.11769 605.881
147.11269 3589.05
155.08151 843.832
157.06047 580.994
157.09750 525.219
158.09213 988.262
159.07617 512.912
159.09108 650.649
167.08141 1089.33
168.06650 335.445
171.07614 911.762
171.11263 1538.49
173.09196 471.551
173.12761 331.438
175.11874 2686.62
181.06052 705.141
181.09706 612.667
183.11250 568.167
183.14888 1748.63
185.09200 865.152
186.08128 230.614
186.12291 283.381
187.07143 569.166
193.09654 226.235
195.07639 1435.58
195.11221 368.252
197.12773 242.856
199.07121 2838
199.10748 3717.37
200.07506 228.426
200.11255 241.056
200.13831 321.234
201.08661 809.809
201.12315 758.172
209.09146 766.292
209.12852 276.529
210.02631 259.2
211.10695 368.46
211.14372 1826.31
212.10208 429.301
213.03178 245.684
213.08647 2078.52
214.13037 273.965
215.13861 788.927
217.08133 493.885
226.11812 1084.14
226.15483 3038.63
227.06642 995.459
227.10237 6091.91
227.13582 237.848
228.09344 409.03
228.11011 425.988
228.16957 225.176
229.11804 677.063
231.09727 6775.01
232.10056 552.64
238.11795 379.533
240.13387 2535.17
241.08154 5648.51
242.08421 550.487
242.11313 3559.37
244.09898 273.136
244.12912 689.849
244.16512 14555.2
245.07683 593.339
245.16850 1470.9
248.06886 707.386
256.12836 314.855
257.15961 382.647
258.14261 317.681
259.09195 15090.4
260.09503 1416.43
268.12653 298.265
268.16412 523.555
270.10794 3608.04
271.11081 407.595
272.12286 235.674
275.20850 273.43
278.11267 230.228
280.16525 549.762
283.15265 584.13
284.12219 247.924
288.11826 332.161
294.14484 517.547
294.18079 1187.42
296.12350 1152
297.19162 452.304
298.10294 326.882
298.13907 711.239
298.17535 973.124
301.18634 2107.71
302.18994 245.594
307.14270 255.242
309.15506 251.949
310.10010 291.298
310.13782 356.568
312.04877 885.625
312.11932 621.114
312.15482 2713.97
312.19135 4401.66
313.15485 402.223
313.19290 518.54
315.11487 300.797
318.14819 276.32
319.10556 376.76
322.13852 382.573
323.13290 304.665
323.16858 394.594
324.11880 508.318
324.15439 323.986
326.16974 450.166
327.20163 684.931
328.11359 1606.21
330.05908 502.67
330.12860 850.334
331.20859 304.814
338.13397 950.02
339.13647 240.89
340.14938 4570.92
341.18063 2243.84
342.18521 324.533
343.11340 1154.28
345.21225 6630
346.21625 1134.11
351.16531 436.855
355.16464 341.007
356.14465 5910.77
357.14767 956.354
358.16000 2859.51
359.16000 724.551
367.15948 743.41
369.17688 2028.3
370.18298 272.094
371.22894 290.942
373.17038 296.261
379.16159 240.067
381.21198 1039.88
383.16739 243.967
383.18286 254.655
388.13397 352.534
399.15161 984.172
399.22235 1681.39
400.22733 361.764
404.25119 237.648
407.15594 433.07
409.17194 973.314
411.18552 697.335
412.19180 246.371
425.16650 853.142
426.23648 350.763
427.18124 4601.37
428.18277 1122.89
429.19489 440.327
435.15585 258.739
438.20633 325.573
439.14563 292.439
440.25183 294.018
442.18652 313.557
443.17865 314.377
446.27222 799.615
452.20987 407.088
452.25323 422.228
453.16147 240.616
453.20120 256.22
455.20007 936.244
456.21255 445.989
457.15619 1194.71
458.15829 244.42
458.29700 286.098
467.17825 498.551
468.21698 252.997
469.19156 271.57
470.22479 1362.06
473.20816 333.207
478.19437 289.278
479.17426 587.189
480.20813 1693.26
481.21088 463.287
488.20117 326.354
496.20401 1026.18
498.21899 3293.52
499.22101 756.017
500.32178 263.823
511.32199 677.744
514.20972 371.071
523.28870 343.121
528.18903 770.74
536.19147 357.516
537.33771 1546.18
538.21216 659.69
538.34106 420.261
540.22992 283.231
541.29828 460.801
549.23029 378.276
554.20941 996.321
555.34888 10498.9
556.22498 334.349
556.35236 3029.81
557.25128 391.575
557.35449 493.131
561.29669 408.606
563.24384 387.668
564.19171 298.226
567.23914 2077.64
568.24261 497.388
570.29962 1105.3
570.79828 669.583
572.33997 660.139
581.25433 1809.8
582.19067 252.582
582.25995 393.601
585.25012 3201.31
586.25226 945.568
589.21875 272.852
591.23779 416.522
595.27136 283.587
597.24347 259.741
598.35449 300.026
599.26440 826.094
607.23199 616.845
608.23560 275.243
609.25073 2108.48
610.25305 541.039
624.37195 605.649
625.24506 1577.11
626.24780 581.422
627.26239 1303.2
628.26465 427.048
635.22552 282.082
642.38098 4133.52
643.38519 1323.91
652.33429 268.72
653.24249 445.495
664.29138 834.722
665.29291 311.851
668.28436 429.614
670.34277 309.478
676.36035 1464.65
677.36267 470.024
678.27368 499.069
679.27606 271.119
682.30524 1234.52
695.41052 340.908
696.27991 1668.52
697.28558 459.453
706.29315 288.098
713.41833 2629.67
714.42175 973.125
724.32269 306.386
749.29767 346.45
765.29889 551.685
766.44202 288.996
767.30798 811.213
767.40240 312.906
777.37244 286.818
783.29834 319.484
784.45599 3120.03
785.46002 1042.44
786.40137 380.665
795.39117 965.546
796.38586 329.756
797.39368 305.276
818.32355 313.167
823.41290 323.532
835.33362 380.184
836.34235 886.047
844.39172 347.634
848.38281 330.186
851.91724 407.888
852.41028 535.237
854.34607 742.382
855.35486 409.068
860.41730 817.309
860.92328 1068.28
861.40466 458.985
861.90802 272.805
865.40771 414.979
866.38861 428.758
873.91803 740.305
874.40686 1449.3
874.89984 1319.41
875.40094 607.936
878.42657 775.655
879.42645 410.849
882.43719 469.927
882.91681 2538.69
883.41290 3024.5
883.91205 1868.94
884.41339 725.3
891.45428 328.827
891.92267 1648.01
892.41992 1205.94
892.91968 513.279
895.48621 531.01
896.43243 953.444
897.43231 617.379
913.49890 2430.94
914.50146 1202.42
935.41418 331.312
1009.45313 393.709
1024.53711 447.499
1035.44275 307.951
1036.42896 280.568
1042.54358 1547.98
1043.54297 734.7
1072.44226 272.939
1089.45642 655.052
1090.45776 466.598
1095.57239 433.869
1103.55725 298.506
1121.58704 775.507
1122.57813 538.221
1139.59265 6605.23
1140.59546 4071.45
1141.60461 1144.37
1209.57471 285.282
1210.58337 256.213
1250.62732 295.939
1310.62878 692.571
1311.61694 506.79
1337.66577 792.207
1338.67798 408.412
1390.64453 319.214
1408.69568 889.765
1409.69177 689.024
