2466.11332 3
110.07112 1656.26
120.08063 3769.66
129.06590 1148.3
129.10211 2296.59
130.04938 479.61
130.08620 1434.35
133.04283 3493.08
136.07555 1691.27
143.11842 270.087
147.07617 567.536
147.11267 2894.52
159.07632 1752.42
159.09132 986.738
166.06152 282.981
170.04474 583.741
171.07675 371.59
171.11263 1018.24
173.12778 414.557
175.11879 1208.31
181.06084 643.948
183.14949 270.07
185.16489 893.56
187.07111 5847.89
187.14377 1348.28
188.07533 458.596
197.12823 741.613
199.07121 1817.27
199.18059 666.114
201.12318 790.651
203.11714 321.838
205.10030 372.669
213.08669 700.522
213.15932 615.064
215.13928 2017.94
219.14923 481.356
225.12303 427.687
227.05305 281.94
227.17529 640.364
229.11848 528.789
231.09822 881.007
233.09586 702.308
233.16487 463.814
240.13300 509.109
241.08171 1035.46
242.14900 394.386
243.13387 1926.96
244.08627 924.906
244.16539 577.906
249.12230 395.094
251.15114 393.279
252.10913 1378.53
258.14426 1122.45
259.09213 1581.62
260.19614 373.255
261.15909 634.855
262.08508 1858.08
270.10666 392.066
272.06955 1951.15
272.15970 364.569
273.05539 422.471
273.13504 533.118
276.15475 1150.87
288.11789 852.448
290.08011 5389.73
291.08347 558.176
298.10321 960.003
300.15469 1530.76
301.12943 640.764
310.10275 804.111
315.16571 473.286
316.11267 2546.57
317.11688 480.766
326.17172 683.223
328.11301 625.933
329.19327 1340.7
333.17627 6266.41
334.17859 974.686
344.12363 566.597
344.17709 659.525
350.21805 3958.74
351.22217 624.058
356.69113 774.687
363.14081 472.649
367.12378 355.013
373.12592 284.882
381.15094 1308.52
385.13000 400.617
390.19958 326.092
391.15991 775.504
398.20963 294.953
401.11246 2348.24
401.20129 556.1
402.11578 444.651
403.16415 1601.25
411.18530 303.915
412.20883 444.165
412.70523 418.945
416.21399 1040.19
419.12283 1272.38
421.21533 940.289
421.71475 331.954
429.19666 653.412
434.22412 9614.33
435.22690 1619.44
436.23355 302.699
445.17233 369.275
446.21567 317.216
454.75525 661.839
455.21307 604.992
464.26083 2041.27
465.26483 479.05
468.19040 290.724
468.74997 545.44
474.19296 436.345
476.14117 572.388
477.75922 375.908
484.19119 314.341
486.19669 336.738
492.21198 435.79
494.23315 702.858
497.26056 627.456
497.75711 408.089
500.22989 342.409
501.22717 310.536
502.19586 449.141
503.28876 358.329
506.26956 777.563
506.76343 573.162
514.19574 873.233
520.20392 573.849
528.21875 935.591
530.15393 364.181
530.24628 400.767
532.20599 873.288
547.25128 546.829
548.28149 430.432
556.79407 333.168
561.78436 550.812
562.28455 510.441
565.26245 6179.5
565.77551 763.82
566.26544 1423.24
567.26178 482.482
570.78839 916.364
571.28949 581.904
576.27655 487.096
587.17834 394.408
589.22266 333.799
590.25195 646.356
593.30359 5699.27
594.30591 1775.76
595.30939 339.874
599.25629 639.024
599.75635 444.775
605.18433 646.222
611.25574 1798.88
612.25751 530.868
621.29132 790.345
629.26642 676.183
630.27277 530.752
635.31390 542.811
635.81531 318.152
636.30798 332.425
641.30457 690.119
643.23279 414.351
648.29895 878.823
649.31006 351.013
650.32910 348.881
666.31146 13913
667.31561 4512.94
668.31506 1409.29
669.30786 386.337
677.82617 406.392
695.34460 352.941
706.31372 365.06
712.37842 1121.56
713.38403 434.698
718.26611 472.503
723.35028 581.8
724.34039 1833.5
725.33795 898.933
726.33917 375.886
740.37207 6182.74
741.37531 2900.61
742.35187 1941.1
743.34839 447.416
753.32855 394.975
759.33545 616.215
762.31964 343.356
762.47742 376.162
771.33679 365.044
776.40521 621.059
777.34216 3888.13
778.34601 1524.55
779.35284 481.718
780.34912 455.687
791.34998 380.25
795.35400 16593.4
796.35541 5962.07
797.36212 1959.66
798.39148 523.84
799.37396 753.286
806.38580 787.233
813.42865 576.385
814.43500 504.806
819.29987 339.763
822.40399 926.186
823.40997 8732
824.41052 4488.79
825.40503 1351.02
829.44562 401.77
837.42188 483.535
838.43640 352.699
841.41931 8204.58
842.42120 4441.7
843.42444 1230.98
855.43738 659.983
872.41840 357.131
875.56006 632.346
880.42767 520.328
890.42865 1076.31
891.45074 409.298
894.44464 354.673
896.45813 473.084
898.45026 639.586
899.44037 373.387
900.43152 337.476
901.48651 332.959
907.45715 345.925
908.43744 14402.9
909.43976 6062.96
910.44440 2441.78
911.45294 581.327
912.47125 449.042
919.46997 426.199
920.46533 360.489
926.51990 1018.86
927.51794 499.43
928.41046 623.924
929.41425 326.267
936.49237 5507.14
937.49225 2916.06
938.49713 1013.15
940.45422 553.996
941.45941 337.328
954.50238 5247.14
955.50702 2870.01
956.50690 728.482
983.55133 340.633
988.64606 428.575
993.51477 860.41
994.51172 821.881
995.52155 410.644
1001.44403 322.015
1009.47272 352.088
1011.52631 5226.81
1012.52881 3347.89
1013.52826 961.584
1019.47021 2462.14
1020.47516 1457.94
1021.48065 374.569
1022.53705 972.553
1023.03314 865.135
1023.55823 326.009
1027.49121 374.987
1028.49731 566.54
1037.47974 8362.74
1038.48157 4481.86
1039.48462 1859.8
1040.48413 461.583
1041.49744 357.927
1057.46350 563.071
1058.47131 347.222
1069.52124 320.752
1112.58228 788.404
1113.56726 597.475
1117.68506 630.051
1122.08008 575.995
1122.56812 904.511
1123.06763 359.725
1123.55200 649.456
1140.56824 5662.4
1141.57092 3425.67
1142.57312 1326.11
1143.57471 343.829
1161.47363 508.191
1179.50122 1006.25
1180.48657 946.953
1181.50073 756.27
1182.49658 348.619
1197.51123 7579.95
1198.51013 4351.74
1199.51282 2246.12
1200.50757 732.34
1241.58093 595.375
1251.61365 550.98
1252.59875 509.496
1269.60730 3520.63
1270.61267 2858.66
1271.61230 1017.75
1281.61755 321.081
1282.59229 365.533
1286.57642 390.239
1308.54761 1510.78
1309.54028 940.029
1310.54236 403.237
1326.55615 3032.14
1327.55701 2089.01
1328.54358 1002.26
1329.51843 328.161
1338.63098 656.275
1339.64258 506.529
1346.59705 418.043
1429.65015 482.272
1455.58911 338.719
1456.59851 389.206
1494.60254 364.805
1495.60815 415.58
1512.62329 1805.09
1513.62781 1201.52
1514.61426 745.728
1558.68384 871.113
1559.67932 834.828
1560.68896 365.843
