3204.47422 3
110.07109 1498.94
120.08141 480.392
129.10199 2114.94
130.08604 977.315
138.05461 409.766
147.11238 1927.55
169.13368 437.639
175.11830 448.355
199.10715 517.805
200.13904 865.821
207.11220 1370.01
218.14948 6817.08
219.15384 770.843
227.10213 2175.33
235.10707 456.929
253.09297 1011.58
254.16214 466.949
269.10745 528.477
298.13907 3003.17
299.14426 396.701
304.12860 3793.35
305.13168 745.157
316.14874 388.928
323.20685 570.825
329.18378 490.792
338.12714 1772.88
347.19232 656.984
359.17111 2223.41
360.17117 497.602
383.18954 481.98
384.13211 815.71
407.17343 410.456
408.22580 453.182
426.23260 1245.58
435.17123 752.669
444.24451 18853.7
445.24768 3970.2
446.24979 435.763
453.15402 1847.02
467.21957 387.99
497.21936 415.25
537.28760 1124.55
537.79138 907.169
538.30139 423.065
544.23267 1613.52
545.23407 451.488
557.32849 987.616
566.23541 765.298
572.22748 2763.65
573.23120 718.822
584.31940 696.446
658.37982 717.801
669.30859 410.498
670.19641 594.989
687.25317 3849.14
688.25800 1231.81
698.86877 1357.48
699.36841 850.749
720.31024 502.522
738.32068 610.167
743.36707 431.854
766.38495 700.436
767.38208 563.003
772.34290 850.119
785.23126 1055.25
796.93152 4196.65
797.43152 3420.04
797.93219 2168.21
800.33905 3264.78
801.33862 1353.39
802.33746 437.329
810.39966 454.949
845.05042 516.71
845.39044 515.278
850.72943 794.436
851.06714 868.046
851.40216 1131.18
852.44708 1876.79
852.94440 1664.99
853.45758 673.683
861.44977 5022.38
861.95154 5641.98
862.45557 1968.7
862.95355 1118.35
874.08130 456.978
879.43329 708.219
882.44885 583.028
882.75104 521.299
883.36926 1285.26
884.37152 727.098
885.46954 432.475
885.77209 759.985
886.43506 659.562
888.42987 673.297
888.75952 904.417
889.09705 839.726
891.45007 2150.76
891.78485 3017.23
892.11725 2628.87
892.45380 1415.42
892.77820 549.066
901.38251 1643.18
902.38312 785.59
910.45374 573.222
918.97174 582.712
929.79883 533.221
930.13312 539.341
932.47449 624.149
935.12885 1280.18
935.46539 2646.28
935.80005 1908.18
936.13123 1319.4
936.47638 468.996
939.46448 642.143
947.47577 2725.27
947.97455 2211.08
948.47760 1445.81
948.98547 576.523
951.45831 449.592
952.12427 641
952.46417 1445.31
952.79767 1076.95
953.13550 595.209
953.48169 906.942
954.39526 1068
955.41156 686.108
958.13550 4312.73
958.47211 6750.91
958.80573 6514.35
959.14197 3472.17
959.47314 2428.72
963.78955 540.133
964.12000 1209.86
964.46295 880.822
964.78436 588.263
965.12042 483.305
972.42072 2359.63
973.42517 1254.81
987.47180 497.574
987.80560 656.86
988.45343 514.833
991.46790 520.993
995.00439 431.915
1002.49548 788.577
1002.99359 2401.76
1003.49585 1721.14
1003.99005 1138.21
1004.49731 440.16
1007.16193 683.945
1007.50177 479.742
1007.83203 432.302
1008.16602 469.774
1011.50159 3514.04
1012.00311 3570.81
1012.50995 1596.9
1013.01337 602.126
1019.52814 458.477
1020.48889 801.254
1020.99323 650.565
1021.48267 649.852
1024.50342 628.963
1025.15271 510.604
1025.49719 487.957
1030.17126 1635.66
1030.50195 3943.24
1030.83704 4142.13
1031.16321 3424.61
1031.49036 2229.21
1031.96106 530.007
1036.17163 10912.5
1036.50500 20161.9
1036.83972 17281.1
1037.17102 10870.9
1037.50708 6312.73
1037.83521 1256.14
1042.18213 498.625
1042.51855 794.028
1042.83362 612.511
1043.15466 466.497
1046.54578 2163.5
1047.03784 460.264
1047.54016 1025.69
1059.01587 436.139
1060.48157 504.713
1063.47974 479.137
1067.49438 460.781
1068.03955 2792.44
1068.55200 4306.1
1069.02112 1730.48
1069.20264 1021.45
1069.51709 2035.17
1069.79626 924.211
1070.16235 593.659
1070.34253 515.631
1070.57935 1070.85
1073.56909 1465.73
1074.02600 452.783
1074.57849 919.429
1075.58679 512.05
1085.50708 2320.9
1086.50891 1225.03
1087.50513 589.238
1095.05908 727.37
1095.56091 509.834
1103.56213 3988.96
1104.06421 4628.98
1104.56458 3020.23
1105.05811 1009.29
1105.55579 474.057
1115.54968 691.076
1116.03992 505.827
1145.08374 473.781
1145.56824 1146.04
1146.08118 666.76
1146.58411 545.75
1149.62781 589.744
1150.61755 680.336
1154.08960 5089.07
1154.58813 7634.59
1155.08936 4516.26
1155.59058 2197.1
1159.56628 446.117
1160.05298 831.203
1160.57788 739.828
1172.58215 1360.6
1173.09216 2487.2
1173.58826 1183.93
1180.57849 544.785
1181.07251 677.871
1181.58020 533.255
1184.46643 489.598
1193.58093 451.643
1201.59583 758.235
1202.10742 513.118
1202.63757 1661.63
1203.64600 718.4
1206.59277 497.599
1210.63086 3441.06
1211.12939 4716.9
1211.63489 4214.12
1212.13611 1433.45
1212.64465 526.833
1213.57385 1350.44
1214.56348 763.097
1215.07959 897.425
1215.58752 1215.52
1216.08081 579.389
1216.58862 545.838
1221.58057 850.736
1222.08252 1408.32
1222.58350 653.841
1225.06897 475.23
1225.57947 923.184
1228.59229 446.871
1229.10950 630.316
1250.65405 585.958
1251.64526 480.647
1253.60046 563.285
1258.59119 489.079
1259.14551 547.633
1259.63257 1308.46
1260.12817 1135.48
1260.64185 995.39
1261.64392 528.531
1262.11230 553.245
1262.60962 577.754
1266.58301 820.555
1267.08545 1730.03
1267.59607 849.475
1268.14343 5562.03
1268.64404 8779
1269.14563 5504.33
1269.64294 2670.85
1270.15234 817.673
1275.60193 895.672
1276.10840 966.92
1276.60193 1245.75
1277.09521 706.302
1278.65515 943.627
1279.65417 763.497
1293.61133 500.945
1294.11304 669.511
1309.63586 641.845
1310.11926 770.186
1310.62207 998.36
1311.13611 851.694
1311.63599 476.613
1314.62134 602.081
1318.13904 1387.77
1318.63989 1605.41
1319.14124 1780.25
1319.63965 1237.57
1323.13037 1243.53
1323.63208 1879.82
1324.13330 1810.41
1324.62146 921.7
1325.12366 629.74
1328.16699 830.079
1328.67859 795.615
1329.13232 596.268
1329.67004 476.22
1332.13513 2563.17
1332.63721 4442.88
1333.13672 3160.93
1333.63721 2085.14
1334.13184 570.069
1336.67200 2885.45
1337.17212 3940.08
1337.67310 3368.43
1338.17053 2224.19
1338.66321 572.456
1385.60901 1376.15
1386.60718 1076.65
1393.68970 513.441
1396.72961 934.713
1397.74451 856.963
1402.19861 1647.22
1402.70117 2258.4
1403.19800 1673.12
1403.69592 930.579
1404.19373 516.558
1436.69360 563.331
1437.19141 904.267
1437.69177 515.066
1445.18250 1120.79
1445.69092 1446.03
1446.18872 1641.65
1446.69775 981.884
1481.19971 842.149
1514.64832 803.515
1515.64319 602.423
1592.84338 1185.54
1593.84741 933.78
1721.92432 472.457
1722.89905 624.225
1864.95007 458.723
