2098.85245 3
112.08691 2537.25
129.06563 4298.46
129.10170 2516.88
175.11861 23141.5
258.10928 2682.67
402.69235 2633.15
432.21948 9245.87
472.23569 2130.03
480.74539 23573.6
481.24677 10496.4
481.75058 2958.42
483.26398 3047.44
504.74301 2069.86
513.25873 7756.72
513.75348 14596.8
514.25531 6472.35
515.25623 7731.64
516.25806 2985.24
522.26355 163493
522.76501 92579.9
523.26556 26291.6
523.76501 5554.67
529.26141 2236.3
531.26929 28202
531.76971 14330.3
532.27148 3916.92
536.26514 2202.75
543.25806 5931.4
543.60315 2482.29
543.93146 2968.75
544.26117 2877.08
549.27209 35578.8
549.60590 28751.9
549.93872 13666.1
550.27002 18089.2
550.76764 5920.53
551.26776 2127.09
555.27386 4002.29
555.61176 2337.09
559.27344 2596.31
561.26147 26413.3
562.26190 9675.6
562.75574 3502.58
571.25848 10854.3
571.75891 5390.28
576.25476 2614.94
579.77734 25425.5
580.27954 13780.6
580.77991 4121.46
581.93127 11476.1
582.26611 7636.11
582.59814 4470.25
592.28589 3811.83
592.62262 2820.74
599.24872 3283.19
599.75757 2789.76
602.31415 2204.97
605.61841 4293.52
605.95605 2799.88
606.27698 2929.12
608.96521 2661.21
609.29022 2387.68
609.62305 3467.21
611.29297 4631.6
611.62732 3367.42
614.31555 9344.06
614.63690 4315.65
614.81396 6378.2
614.96130 12341
615.29541 11104
615.62622 7041.28
617.29675 2351.23
617.95770 3125
618.29193 2109.33
619.97235 2165.18
620.29785 15594.4
620.62915 20261.7
620.96381 19844.5
621.29803 15372.9
621.63116 6671.96
621.79657 3730.67
622.96338 2684.38
623.29474 6697.64
623.62549 16792.3
623.95648 12807.7
624.28918 4392.6
624.62915 2898.72
625.63831 3666.37
625.97247 3549.48
626.31171 2475.45
626.63257 2153
628.96997 59615.8
629.30139 92087.2
629.63318 63913.2
629.96783 31317.5
630.29968 10441.4
630.62775 2128.36
634.32397 2389.93
634.56744 2547.54
634.65814 3171.68
634.71350 4059.7
634.76642 3103.27
634.80524 2804.52
634.97229 726910
635.14606 5350.99
635.30511 699333
635.46600 5238.89
635.50818 4188.14
635.63867 379701
635.80927 3250.6
635.97290 152639
636.30511 17989.1
640.97412 95072.6
641.30914 91156.5
641.64227 49784.4
641.97809 18990.3
642.31171 2860.36
643.95087 2522.41
644.27979 2352.29
647.30096 2577.66
647.61731 2473.95
653.62079 4694.64
653.95502 3594.17
655.95319 3586.3
656.29065 2628.24
656.61377 2189.33
659.25757 3195.41
661.62726 16279.6
661.96039 24763.5
662.29041 15366.7
662.62573 9157.95
663.31897 4238.04
663.81018 3560.4
667.63074 173825
667.96490 174406
668.29822 92030.1
668.63177 32734
668.96899 5029.95
670.27313 2171.26
671.82593 22118.1
672.32660 13282.2
672.82660 4565.12
673.63531 12746.5
673.96643 7967.1
674.30469 5970.48
674.64148 2663.84
676.28638 12336.5
677.29382 3124.46
679.35608 3537.74
680.83075 5965.37
681.33368 4610.92
686.33234 2465.42
694.62177 2751.4
694.83032 9423.16
695.33209 7695.9
695.83636 2541.09
700.28607 17489.8
700.62299 16542.4
700.95428 9086.66
701.28839 3794.64
720.81323 6991.9
721.31683 3852.88
736.34930 5720.39
736.84991 5777.73
743.81464 2570.09
745.36139 19564.9
746.36322 8521.01
764.36780 2233.3
764.87573 2181.16
785.33777 2890.95
800.87219 2980.38
804.38373 21381.6
805.38452 7369.52
806.38416 3773.3
814.89246 6501.99
815.39160 5381.49
842.37744 5304.68
843.36810 2831.56
850.90533 3922.27
851.39954 2433.22
856.40460 2227.48
860.38763 73614.6
861.39117 34801.2
862.39282 7455.05
864.89807 18557.2
865.39905 17838.4
865.90247 10277.3
866.39569 2714.18
869.41199 2431.72
873.41241 4265.81
873.90814 12291.6
874.40613 9862.99
874.90765 4802.04
877.41687 2724.77
878.40051 11410.7
879.40198 7328.46
879.90979 2291.83
880.40576 2163.48
882.92108 2217.48
907.91907 3990.24
913.89258 4503.52
914.38129 2841.69
914.88708 2336
917.44012 2211.85
922.89319 2692.88
943.42401 6676.66
944.43573 3832.21
958.36273 17044
959.37097 8967.89
1041.40747 2361.26
