2517.04228 2
110.07086 5386.88
111.07400 339.962
129.10185 449.355
136.07544 276.34
138.06586 592.261
167.09186 566.938
175.11823 538.862
178.13313 316.201
195.08748 259.938
201.12312 263.891
213.08598 444.004
223.15453 2027.82
227.06538 327.757
241.08061 278.27
249.15797 277.043
251.14951 1542.58
259.09210 219.235
276.16696 348.465
279.14328 371.347
284.12158 421.806
301.12885 1382.56
311.11374 272.609
329.12320 675.096
370.22278 823.137
386.21643 315.225
395.20053 445.43
396.20123 1984.69
397.20734 394.992
404.22351 812.861
414.21228 12473.2
415.21555 2697.92
416.21906 238.284
423.19806 265.974
442.20657 762.501
449.12076 213.73
477.11679 250.181
499.30038 534.114
515.26532 292.489
527.29700 640.463
533.26984 578.772
568.19086 231.442
661.36469 440.323
687.26868 259.413
791.39557 226.278
808.42792 3067.48
809.43365 1001.72
923.45642 645.739
924.46002 243.112
947.38324 250.552
980.54138 221.877
1034.48730 352.649
1035.48059 258.474
1052.49597 1701.5
1053.49976 744.686
1085.33423 261.524
1167.52100 539.833
1278.55457 324.412
1279.55688 299.31
1296.57251 913.128
1297.55457 545.02
1411.61560 272.678
1463.63000 248.757
1480.62390 309.728
1609.64001 273.158
1680.69482 798.928
1681.69861 688.642
1796.72498 230.85
1875.74072 276.128
1892.77429 1361.84
1893.77356 1478.48
1894.77747 452.564
1910.81360 289.019
