1093.53887 2
110.07107 50475
111.07423 2413.63
112.08666 1937.04
113.07050 433.243
115.08633 1200.63
116.07036 1220.33
120.08073 813.68
129.06601 389.212
129.10205 6831.2
130.08609 1299.72
130.09822 561.631
136.06172 1782.96
136.07553 15115.3
137.07861 1070.72
138.06601 4282.23
139.08693 368.524
140.08116 390.9
141.10155 521.897
147.11281 1260.55
155.08170 623.051
157.10796 1369.93
158.09218 4018.63
159.09111 960.731
166.06084 653.599
167.08150 736.964
169.09715 606.309
170.05959 414.572
173.05548 1931.55
173.12770 369.328
175.11874 16113.7
176.12282 725.74
178.13359 15513.7
179.13737 1473.21
181.09712 520.585
183.11270 379.754
185.09404 395.568
185.16487 530.388
197.12805 585.26
199.07106 884.336
199.10718 359.867
201.12274 460.136
206.09230 2454.27
206.12863 2810.43
207.11250 715.576
212.13965 366.432
213.12282 362.706
216.09819 764.366
223.15509 38810.8
224.15855 3916.88
225.09837 439.809
226.11780 1040.31
229.11571 454.891
233.12717 571.679
234.12247 789.008
235.10590 738.629
235.14346 3486.27
240.13345 415.836
244.09241 13087.6
244.16151 399.944
245.09586 1167.24
247.10643 562.617
250.16524 428.174
251.14999 8186.12
252.15297 1090.89
255.14497 954.967
255.64600 450.657
262.15005 817.275
263.13837 2708.69
272.17133 1223.83
275.14944 453.282
278.14932 1008.74
286.13889 2299.69
292.12875 5633.46
293.13205 618.043
296.16034 510.539
298.13812 1239.57
303.14365 634.506
304.18152 409.748
311.17181 466.595
320.17075 374.027
321.15512 8437.28
322.15857 1170.84
329.18066 1076.04
334.17404 452.906
338.18161 2755.63
343.15860 475.357
348.16602 3094
349.17212 486.661
357.17664 2275.03
358.17969 383.652
361.15146 557.199
362.13467 782.108
363.20166 1062.57
366.17801 695.939
367.15701 408.043
379.16061 3259.1
380.16147 568.237
389.14459 668.104
391.19684 1779.7
392.20190 386.604
407.15573 9396.75
408.15781 1624.39
420.22430 2826.02
421.22403 548.362
437.25095 1636.85
461.19846 499.265
462.23221 387.823
463.94351 686.712
466.23846 655.705
473.29190 434.475
475.21396 424.308
478.22791 1043.28
488.21274 403.981
492.24438 1446.01
494.23404 1881.97
495.23782 402.259
498.26520 431.408
506.22345 2132.47
507.22482 586.187
507.76978 416.452
520.23724 930.551
546.30261 552.595
547.31232 597.499
548.28333 674.089
559.28131 1247.67
583.28613 944.637
600.31097 1531.09
601.31348 540.39
629.30078 951.786
630.31128 494.671
657.28979 1221.03
658.36218 905.282
659.35974 509.224
671.35132 1267.95
672.35339 541.427
710.35980 413.911
711.34161 869.344
728.37177 28056.3
729.37384 10413.2
730.37561 1612.26
782.38293 609.115
825.38733 546.858
826.37195 1778.45
827.38184 527.421
843.39752 21618
844.40027 9925.95
845.40070 2198.53
853.38849 509.107
956.48212 11209.2
957.48572 5897.31
958.48584 1390.1
966.46478 675.361
