1739.74126 2
110.07113 7372.97
111.07420 383.962
112.08683 279.793
113.07051 200.491
115.08629 343.069
120.08064 4606.08
121.08392 266.751
127.08607 234.308
129.06593 557.906
129.10217 2979.1
130.08623 743.749
131.11769 238.265
133.04289 2480.73
136.06172 362.505
136.07565 3552.77
137.07918 338.947
141.06599 334.947
141.10243 294.146
143.11761 483.821
147.11273 1321.29
155.08125 541.662
155.11743 284.946
156.07599 305.673
157.06053 279.001
157.09767 296.54
157.13297 389.852
158.09233 376.422
159.07607 388.934
159.09149 1200.89
166.06059 296.588
166.08623 1729.91
167.08188 343.253
169.06117 262.572
169.09732 480.993
169.13333 446.26
171.07611 356.298
171.11258 496.793
171.14917 259.353
173.12823 2591.64
174.13156 200.931
175.11887 1925.94
179.09247 489.361
181.06033 220.627
181.09718 314.29
183.11282 424.221
183.14908 409.918
185.05554 1058.66
185.09224 323.492
185.12791 412.072
185.16486 1233.2
186.08704 830.83
186.12280 338.451
187.07085 313.286
189.08745 330.895
193.09692 218.178
195.07919 289.783
195.11267 214.873
197.12856 989.03
198.08580 214.77
199.07143 556.062
199.10820 424.745
199.18031 465.876
201.12325 1873.8
202.12776 222.625
203.10381 248.354
207.08777 930.661
210.02565 363.079
211.11900 2634.13
211.14157 253.279
212.10245 496.528
212.12312 260.884
213.08736 402.626
213.12508 214.138
213.15990 1294.61
215.13908 1392.63
217.08203 869.881
223.15553 346.51
224.10210 232.703
225.09828 2452.66
225.12279 261.612
226.11708 662.409
226.15419 324.715
227.06606 238.375
227.10210 436.275
228.14636 1920.01
229.13161 305.76
230.05946 575.696
230.11267 215.356
231.05898 225.985
231.09779 541.61
235.10616 674.878
237.13611 218.76
238.11816 275.185
239.11484 262.819
240.09830 209.829
240.13368 608.864
242.11324 201.028
242.14958 491.202
243.13361 705.48
244.09253 295.113
244.16449 364.939
245.07671 1824.78
246.12601 378.189
246.15668 256.347
246.18198 330.574
248.06967 591.302
249.12244 220.841
249.16026 264.602
251.14996 498.992
252.13486 325.466
253.09265 346.564
254.14972 235.281
256.16440 204.685
257.12405 211.864
257.15991 205.677
258.05444 301.05
258.10852 201.531
258.14471 515.325
259.03870 598.312
259.08984 206.533
261.08899 218.905
263.10251 545.395
265.11288 231.636
267.10791 290.876
270.10822 586.242
270.14377 547.404
272.17303 249.835
274.12189 923.558
276.06458 5871.94
277.06787 537.704
277.11661 344.738
278.05768 261.966
279.17026 972.515
281.11203 311.557
284.16019 227.824
288.11621 235.265
290.16208 422.73
292.17636 330.331
293.11234 409.205
297.15515 242.034
298.13959 576.875
302.16132 236.9
310.18863 205.001
312.15363 299.302
314.09805 445.672
317.21680 225.843
320.17133 457.967
323.17084 266.321
329.19299 1631.18
330.16788 246.077
332.10724 303.73
334.18713 580.297
338.18149 796.985
341.18246 428.951
350.13452 293.722
351.14398 239.234
352.16214 652.76
353.21747 215.175
355.17468 229.688
355.18967 222.536
357.18759 1530.61
358.15903 357.654
361.15320 667.279
366.20212 1498.09
366.70300 534.215
367.19537 332.835
369.17587 446.363
371.19394 386.15
374.17603 308.722
375.20245 455.878
377.11285 832.366
380.19818 2935.92
380.70001 1420.57
383.16135 221.706
385.16681 209.902
387.09656 879.109
388.07687 226.534
389.14865 1104.17
389.20496 1333.51
389.70602 437.033
393.18527 243.311
398.14761 293.695
398.21188 422.95
400.70947 307.22
401.20465 623.946
403.14288 405.38
403.20767 537.732
404.19104 295.613
405.10699 5481.02
406.11203 638.75
407.10202 245.662
407.19717 234.309
408.19180 267.298
409.17874 302.486
409.71649 933.961
410.21545 374.206
414.70892 4744.16
415.18277 2783.06
415.22305 1034.45
415.68668 921.145
418.72189 232.72
421.21957 717.739
423.71432 7301.05
424.21655 2703.09
424.71771 713.614
426.20886 12057.7
427.21393 2364.85
428.21899 331.154
429.18607 5949.04
429.68747 2209.54
430.19055 472.841
432.25055 236.214
432.71878 1437.08
433.21826 918.251
438.19742 407.197
444.22134 793.005
449.69632 885.206
450.19373 1234.96
450.69666 437.395
452.21411 275.245
454.17554 223.521
454.69266 381.581
455.18939 284.772
457.25314 1253.64
457.75287 611.016
458.70453 1406.29
459.20706 434.701
461.21759 462.57
463.69720 8118.77
464.19812 3671.48
464.69937 945.287
466.25970 1466.44
466.75943 788.918
470.21518 263.521
471.25259 1404.87
471.75107 806.333
472.18039 376.121
472.70261 4923.11
473.20401 1981.98
473.70483 512.042
474.13120 225.933
475.26587 301.562
476.17953 830.287
480.25467 1464.69
480.75754 606.139
490.19626 412.277
495.25861 262.654
496.18774 368.407
498.21356 457.121
500.18130 282.863
501.17999 232.688
506.23969 1365.53
506.74234 864.805
507.23193 221.261
514.76514 578.765
515.24573 1586.93
515.74817 819.536
516.29376 312.254
518.19086 1156.78
519.19000 258.986
520.23944 1562.4
520.74036 574.489
521.24457 238.599
522.22687 277.626
523.26147 749.058
524.18561 2504.54
525.18665 455.681
529.24634 773.415
529.74390 288.694
532.24652 339.957
537.26935 239.041
537.76239 283.591
541.25250 237.614
546.27368 548.125
546.77649 359.454
551.25830 328.429
560.27179 1217.15
560.77344 593.001
561.27460 466.457
563.75903 448.37
564.25659 288.375
569.28003 264.244
569.77686 266.281
572.27966 659.924
572.77954 425.571
576.32593 284.631
577.22052 264.142
587.26379 370.41
594.33533 5749.79
595.21967 598.564
595.33685 1742.13
596.27332 449.262
596.76263 323.442
600.25464 271.623
600.76190 318.544
601.26807 276.028
604.32727 242.939
605.29633 386.254
608.78003 1236.63
609.27216 1076.53
609.77484 501.665
612.34601 1409.83
613.23840 2401.11
613.35779 327.341
614.24164 599.347
615.23517 263.577
617.78412 5052.77
618.28558 3688.92
618.78528 1547.19
619.28284 589.921
621.25818 559.281
621.76898 248.309
622.32983 6056.56
623.33276 2130.89
624.34241 297.858
626.78979 1698.91
627.29193 1108.55
627.78986 475.24
640.34137 1788.89
641.34344 808.796
648.32489 230.811
657.76849 690.577
658.26599 355.112
659.80090 225.933
666.77271 2677.26
667.27106 1587.48
667.77704 682.278
668.31042 733.917
668.81122 771.298
669.31836 248.928
673.30090 474.105
673.79987 236.278
674.29718 338.944
677.81744 244.697
682.30658 1241.1
682.80524 1040.37
683.30780 442.954
691.31177 542.25
691.82190 323.665
692.31158 3920.69
693.31403 1173.22
695.34583 263.289
696.27197 225.442
714.29071 580.656
715.39484 422.719
719.35126 418.456
720.30566 5309.04
721.30750 1811.97
722.30585 402.344
724.26862 346.209
731.39301 3030.76
731.79816 420.933
732.39630 1155.44
733.40027 561.057
741.38898 336.93
742.28448 1067.25
743.28455 460.95
749.40729 952.325
750.41034 425.078
759.38885 4342.13
760.39081 1689.01
761.38745 422.647
772.39233 480.675
772.90442 340.782
777.40039 2035.41
778.40381 759.935
781.40234 253.775
781.90845 288.179
791.34558 367.154
800.41718 274.826
801.40808 308.056
809.35999 950.897
810.35400 371.433
811.37146 242.267
816.42773 235.464
818.42834 805.855
819.43500 383.114
828.41083 1597.54
829.38831 1131.91
830.38379 336.784
833.43439 268.878
834.44531 231.164
836.43933 358.986
841.45386 339.28
846.41876 2010.65
847.42371 1000.39
855.35840 265.835
857.36475 1579.84
858.36401 716.085
864.43195 502.527
865.43256 274.604
870.48315 333.371
886.51227 293.125
895.48743 232.207
910.39789 370.927
913.50854 570.269
914.50012 440.646
926.38715 1398.58
927.38324 585.205
931.51172 2528.37
932.51422 1207.39
933.52020 295.844
935.50732 266.713
938.39099 412.638
941.49585 403.658
942.49243 273.292
944.38531 279.834
949.52246 1039.07
950.52948 452.325
958.52539 469.465
959.50867 1258.97
960.50610 642.399
970.50128 253.386
976.53101 494.383
977.52203 544.214
978.51697 295.985
1003.49756 309.791
1007.42078 272.23
1028.56262 250.026
1029.48022 370.184
1039.47034 494.5
1117.55530 368.76
1162.58740 271.68
1217.55750 265.698
1234.56226 1404.73
1235.56299 969.028
1236.57678 369.175
1252.57007 774.024
1253.56934 411.087
1335.60547 458.613
1336.60193 397.67
1337.63525 555.9
1363.60681 451.402
1381.61255 265.836
