1218.67912 2
110.07110 3664.96
112.08680 780.079
113.07082 495.512
115.08651 796.411
116.07031 413.538
120.08057 4238.71
121.08413 264.568
127.08689 358.759
129.06769 370.499
129.10211 27408.4
130.05006 314.241
130.06535 366.772
130.08606 4168.11
130.10507 1848.56
131.08911 317.366
131.11707 254.406
136.06157 1719.44
136.07545 2294.13
138.12709 585.925
139.08627 537.696
140.08194 273.935
141.06572 338.995
141.10202 893.32
143.11774 1343.98
147.11264 6782.59
148.11650 317.029
155.08130 490.988
155.11751 595.337
157.06030 298.695
157.10739 722.084
157.13295 429.04
158.09216 1988.53
159.07626 713.672
159.09117 1145.48
167.08151 967.829
169.09689 596.669
169.13339 599.494
171.07683 381.974
171.11243 611.088
173.09238 348.079
173.12831 448.148
175.11882 4057.55
176.12167 339.382
181.09703 422.753
183.11281 837
183.14896 6414.07
184.15292 543.509
185.09218 841.665
185.16479 1274.09
186.08682 1805.82
186.12323 275.222
187.14349 382.308
195.07680 502.04
195.11353 321.823
197.12904 316.84
197.16452 1974.2
198.08746 321.925
198.12326 659.102
199.10777 558.835
200.13916 505.701
200.17552 2294.98
201.12323 492.722
203.10243 271.069
205.09708 293.023
207.08658 277.513
209.09161 298.049
209.10220 255.375
210.02548 326.053
210.15982 2206.48
211.10745 443.179
211.14394 1765.98
212.10309 449.814
213.08679 617.788
213.16035 580.364
215.13913 274.644
217.13457 283.933
219.11209 641.658
224.10132 254.904
225.09799 315.671
226.11807 1427.5
226.15503 457.617
227.11443 1676.72
228.13387 3004.06
228.17026 1793.55
229.13857 274.874
230.07678 1879.31
231.09811 322.706
233.12802 1076.59
240.13309 502.224
241.08112 394.137
245.12407 320.244
251.14955 298.423
252.13217 257.262
252.17055 293.906
254.14810 595.134
255.14473 961.553
258.13742 278.585
260.19653 1256.69
262.11792 686.983
262.15308 310.934
264.06363 260.31
270.07172 321.181
272.17288 885.812
280.16547 399.247
282.17926 308.509
284.12262 275.138
285.00949 544.436
286.13821 359.936
287.09827 2258.34
288.13507 319.326
288.20181 834.232
294.17944 387.313
295.13739 255.799
297.15332 301.54
297.19150 336.93
299.06067 281.099
299.17093 3128.46
300.17374 517.213
306.21735 590.826
311.20569 417.752
313.15164 336.884
313.25955 922.251
316.12939 482.517
317.21765 7384.97
318.22150 1021.56
323.24335 1635.65
325.18646 377.427
327.20187 1370.52
333.15564 2148.73
341.14352 403.135
341.25443 1417.99
342.25439 266.606
344.69839 566.006
354.18378 316.907
355.06973 968.241
355.16022 313.315
358.13773 378.764
372.19543 722.039
377.14536 1165.47
378.14404 305.377
385.25467 317.601
389.14587 333.347
391.23007 285.183
396.16205 272.483
397.20377 276.302
398.23990 766.153
400.18082 686.281
401.22028 1118.13
410.27341 591.395
414.23654 548.166
417.13953 1015.82
418.24631 397.445
430.17502 327.346
432.24524 3614.49
433.24918 866.193
434.16574 1136.29
435.23517 321.15
435.55960 690.342
435.89319 415.045
438.27090 604.358
443.73682 1069.52
444.23761 393.971
446.23895 371.065
447.19885 388.824
448.18192 606.802
451.23254 311.935
453.23935 377.264
456.22995 273.451
458.16800 445.996
460.18369 309.206
470.23254 858.586
472.28708 608.901
473.28983 275.97
487.26212 445.669
498.23370 301.207
502.23004 561.048
505.19809 461.634
509.30975 507.377
511.25040 403.995
512.24194 284.915
519.25317 801.446
520.25537 294.095
521.27289 478.944
523.29895 355.79
526.33423 914.863
528.27856 569.182
529.26056 1093.83
546.28778 4964.63
547.29559 1157.95
557.19446 640.385
562.22278 478.749
567.30170 433.127
573.26678 412.381
582.30090 569.83
583.30865 415.899
585.19501 623.339
590.29352 577.078
595.29767 373.108
600.35461 623.904
601.35919 284.603
602.21881 971.268
609.31189 967.708
610.35614 2117.98
610.84894 1331.62
611.35986 330.432
612.29132 436.968
619.24438 542.097
631.82513 988.582
632.32550 1046.73
634.35657 575.829
644.32440 678.137
653.34015 386.898
667.39386 278.853
670.27350 319.406
673.40741 358.908
675.29120 302.951
676.32770 398.752
677.34735 700.288
677.84644 711.088
678.35376 349.123
686.35828 353.35
686.84943 489.11
687.30328 447.993
693.35492 3711.39
694.35974 1384
695.37280 398.22
697.39752 1586.41
698.27551 342.786
698.40448 515.02
704.33228 396.515
705.43793 856.212
706.44543 292.074
714.32208 324.322
715.30518 744.637
729.36060 327.802
731.37140 352.824
732.33698 414.955
733.43860 780.868
738.36908 287.182
746.37952 344.107
747.37463 417.012
749.38373 350.339
759.37646 307.754
764.39307 3822.69
765.39453 1485.07
766.41455 323.748
774.37628 409.932
775.37341 281.412
786.38263 619.595
828.41803 495.582
844.38214 318.858
846.40771 301.355
860.42566 315.003
861.40820 1741.3
862.41071 548.672
878.43530 4192.43
879.42950 1818.68
880.42780 443.223
889.40295 661.853
907.49866 571.237
974.49316 1061.91
975.49280 679.062
976.55786 1678.54
977.56665 593.58
991.51746 3991.04
992.51953 1847.38
993.52411 403.423
1090.58240 994.784
1091.58923 497.283
