1914.90666 2
110.07094 1943.48
115.08598 404.261
119.08131 4279.37
120.08044 8979.6
121.08388 996.114
127.08650 773.351
129.06564 1484.84
129.10204 5999.73
130.06473 477.578
130.08614 2148.69
136.07545 5107.05
139.08698 420.101
141.06572 1099.93
141.10190 570.588
147.07608 1160.44
147.11261 5413.09
152.10736 615.192
155.08122 614.561
157.09673 484.195
157.13324 883.992
158.09209 699.303
159.07602 875.601
159.09140 1111.87
165.10190 1504.35
167.08127 897.347
169.09721 765.243
169.13316 608.813
170.11671 516.306
171.07625 694.666
171.11172 430.224
173.12810 543.088
175.09001 866.391
175.11847 3046.48
181.09689 609.499
182.12840 974.61
183.11256 2363.24
183.14886 1151.08
185.09200 2283.62
185.12801 1029.12
186.08417 563.435
187.14430 467.618
189.08673 692.387
195.07617 2633.05
197.12813 6260.42
198.13324 457.291
199.07120 996.887
199.10716 657.426
199.17992 883.952
200.13896 3148.83
201.12381 978.875
202.11803 826.085
203.08473 1334.44
207.11282 700.385
210.12343 715.544
211.10742 664.662
211.14404 1041.39
212.10266 5833.17
213.08708 1202.91
213.11116 420.537
214.15453 1160.03
215.13857 18314.9
216.14246 1731.42
217.08188 2084.13
219.07866 612.032
219.11324 517.507
219.14883 1763.54
221.12737 769.702
223.10760 738.097
225.12305 7055.3
226.11557 623.543
227.06601 585.332
227.10211 913.076
227.17537 512.14
228.13397 2198.9
229.11775 1305.93
230.11313 19301
231.11430 2701.83
233.16542 508.483
240.09752 609.659
240.13350 929.414
241.08067 425.583
242.14940 2381.82
243.13358 9271.77
244.09328 524.076
244.13916 1038.97
245.07668 1627.83
245.12340 544.627
247.14328 2276.18
249.12299 3891.18
250.12659 489.748
251.10121 461.067
254.14862 885.117
256.12952 681.137
259.10818 2515.71
260.10846 618.984
260.14279 940.778
262.15048 3017.02
266.14835 865.328
268.16351 457.622
269.18527 950.683
270.10773 802.785
276.13358 9288.97
277.11777 10659.8
278.12061 1395.05
278.15289 10176.3
279.15540 1305.48
280.16605 1110.51
282.14380 653.346
284.15945 1527.36
286.12006 535.766
288.11514 455.52
294.14468 1059.59
295.17374 498.231
296.12369 480.269
296.15961 813.025
297.17502 802.9
298.17618 1035.6
299.17184 648.059
304.13141 512.479
308.15973 5798.89
309.16519 1031.57
311.17032 1034.15
312.15350 966.381
313.18637 1664.21
314.09811 799.857
316.12967 429.374
317.18686 670.091
325.18640 6176.82
326.16925 7834.95
326.20148 416.469
327.17236 1340.34
329.18121 3349.38
330.18448 713.207
332.10815 7550.86
332.16068 1004.39
333.11087 1033.61
333.18692 664.981
339.16415 419.533
342.20554 440.418
343.19687 4645.56
344.17627 1717.25
344.21167 478.546
345.17783 684.644
348.11935 2370.73
353.18243 1600.01
358.17572 1339.3
360.15567 595.278
361.20581 1354.41
362.20602 616.66
365.18030 962.819
366.12915 1791.63
367.13245 431.416
369.15909 461.079
371.18823 591.919
372.19373 587.625
375.17142 914.518
376.18494 2703.31
377.18289 592.424
383.18970 1070.38
385.13272 693.424
387.16641 4611.6
388.17111 946.278
389.21774 3209.36
390.19241 460.365
390.23355 459.917
393.17966 4906.54
394.17892 697.748
403.14465 3473.26
404.14706 546.83
405.17679 3914.76
406.18066 826.007
408.22073 425.813
409.20462 503.014
410.20248 429.818
424.18576 3042.61
425.18259 550.909
426.23657 698.552
436.21872 4410.65
437.20651 785.935
441.21045 1849.25
442.23703 472.904
442.25247 469.895
443.22629 486.907
446.27371 676.704
454.22888 4033.9
455.23068 1789.01
458.18646 916.043
458.22476 891.611
460.25806 517.048
472.24023 1655.78
473.24017 726.631
476.25558 479.107
479.21252 1190.55
483.21835 547.573
486.24121 563.307
487.21750 1128.84
488.22385 753.141
490.26541 1241.07
494.22449 549.519
498.22101 625.788
500.24823 1694.01
501.24628 782.102
504.20413 1216.28
504.26477 477.434
508.28064 596.433
512.24475 469.614
516.22711 2472.08
517.23193 617.623
518.26233 1561.64
522.22131 3309.14
524.25433 595.145
525.29919 583.187
534.17816 661.786
534.23901 582.788
536.27734 602.317
537.26843 461.742
552.24463 2797.91
553.29999 1636.59
571.31335 1002.27
587.28583 556.27
588.27338 606.858
589.29211 592.148
591.24188 1258.17
609.25366 11872.4
610.25598 3139.2
611.25366 904.218
620.31152 630.655
626.27234 937.552
634.28827 650.616
637.33563 811.076
644.28149 629.851
662.27765 1271.67
663.28021 493.522
665.33191 1411.85
666.33124 704.432
680.29126 9654.79
681.29486 2603.58
682.29224 656.462
705.37372 514.809
734.35394 443.024
736.36334 747.408
775.35443 561.813
791.35028 450.225
793.37457 5885.54
794.37769 2022.54
795.37689 573.085
867.38232 1508.35
868.38940 749.696
903.42261 935.86
904.40338 2135.55
905.41217 710.79
921.42865 1216.65
922.42267 634.158
961.48621 2784.69
962.48938 2778.14
963.48944 1209.87
1033.45740 453.162
1068.50098 2875.39
1069.50598 1658.91
1070.50439 587.684
1074.57288 820.409
1075.56775 1049.53
1081.50317 534.752
1161.61023 860.817
1162.61523 994.809
1163.62878 616.156
1180.54321 518.671
1197.54199 1367.66
1198.54468 833.659
1210.55652 564.086
1248.63757 1884.09
1249.63745 3633.01
1250.63904 1692.66
1251.64270 488.44
1323.63977 1046.72
1324.63306 541.713
1344.60339 1754.33
1345.61499 1273.29
1346.62378 693.302
1361.71594 877.667
1362.72144 1446.56
1363.71204 1156.81
