2968.48130 3
110.07145 369.158
115.08660 420.39
120.08073 1673.81
129.06595 267.396
129.10220 2753.83
130.08603 753.323
133.04277 1103.08
136.07568 2466.69
143.08139 1100.79
147.11275 1753.87
157.13354 516.465
159.07588 584.95
159.09117 752.923
169.09686 799.209
171.07657 302.58
171.11292 502.317
175.11890 738.178
177.10185 277.995
183.11235 539.63
183.14915 790.82
184.07133 964.264
185.12778 555.717
185.16507 477.705
187.07095 1120.9
198.08777 367.665
199.18123 336.905
200.13914 1084.34
201.12315 1417.49
210.02573 329.947
211.14415 760.55
212.10242 286.426
213.08698 426.667
214.11890 1090.73
218.05911 1288.99
218.14970 4545.93
226.11839 913.437
227.17477 399.54
228.13391 1343.66
229.11815 5881.58
230.12398 362.839
233.12878 451.193
235.14395 1883.39
236.14714 294.622
240.09740 441.36
240.13368 402.081
243.13313 467.034
244.12875 834.79
246.12799 442.465
254.15056 283.587
255.13361 736.086
256.16461 341.24
257.12424 487.878
258.10822 7393.52
259.11200 667.907
263.13873 564.857
274.12134 958.748
275.08026 1558.76
277.11743 422.082
282.14520 325.168
282.17963 450.891
297.15619 500.434
299.17126 823.851
299.20865 478.643
300.15506 9428.22
301.15753 1227.91
311.13461 452.281
314.16910 456.447
315.16632 539.887
317.21796 2059.67
325.18716 1055.86
326.17044 3642.56
327.18842 639.482
329.14529 12019.9
330.14764 1652.14
331.14267 440.683
343.19702 1808.44
353.18451 633.752
354.13858 398.593
365.12503 656.41
371.19254 5782.7
372.19586 968.499
373.19336 532.773
381.17758 314.974
386.20105 318.688
387.20676 538.424
389.18152 592.597
390.19974 1014.29
391.19901 582.674
394.15356 1065.3
397.20764 2257.13
398.20889 566.158
398.23679 382.157
399.18292 338.343
408.19241 417.804
414.23462 2172.53
415.23779 500.596
422.14755 403.577
424.22079 312.335
427.26520 1069.76
428.24896 1534.6
439.25845 328.683
442.23013 3724.76
443.23041 1127.02
444.23013 298.74
445.27689 4187.63
446.28006 1068.99
454.26547 3715.24
455.26923 827.192
456.27545 471.26
485.27530 330.944
489.26648 348.606
495.21765 352.779
501.28961 313.29
507.24777 358.97
509.18073 420.599
525.30121 462.132
532.29163 482.771
535.32227 1053.06
536.32898 346.133
539.27991 524.151
542.29132 696.675
544.34515 2643.63
545.34814 609.374
553.33496 2257.52
554.33362 545.027
563.29456 585.45
575.29205 300.194
577.79620 714.612
578.30292 477.764
588.23187 306.856
603.30994 714.421
613.32501 387.069
614.37164 638.962
615.37952 2229.61
616.37274 651.812
622.35303 373.962
624.37262 622.586
630.25958 302.26
634.34656 552.559
663.30627 799.306
664.31531 410.898
674.34045 340.389
679.80212 572.21
685.37244 437.508
687.30133 498.357
702.41547 2034.95
703.42218 599.431
704.34723 437.876
705.34637 422.863
713.36505 1899.93
714.37183 855.103
715.36139 435.757
717.36444 317.655
723.31976 404.57
729.30096 358.533
729.40906 918.762
730.40735 462.121
734.35156 565.627
735.43738 320.161
759.43573 8955.76
760.43866 3440.62
761.44220 803.307
762.37726 586.298
763.38519 343.416
764.35846 311.923
767.38708 335.588
770.38879 349.762
784.40588 730.815
785.40717 350.194
786.43555 314.284
798.45654 722.388
805.38928 507.169
806.38525 342.933
815.37427 403.886
822.37701 930.219
822.88403 467.929
823.36920 405.699
826.44904 5638.98
827.45251 2224.56
828.45313 747.085
829.44568 317.813
831.41479 325.83
833.38397 441.959
851.38770 566.12
852.40283 387.274
863.43207 415.792
895.50958 394.471
897.49469 1178.83
898.48975 575.736
902.48944 918.939
911.54169 838.865
915.43433 327.516
922.50153 3620.18
923.50403 2008.38
924.50983 563.267
932.45093 333.885
934.48938 331.451
939.53223 8117.36
940.53601 3555.82
941.54028 1072.04
946.45233 398.197
948.43726 324.7
950.45624 525.185
951.42456 464.276
951.92389 377.988
952.42059 476.07
957.12939 336.678
957.45251 340.2
961.52576 363.365
968.54138 390.189
976.55859 418.747
979.52094 9056.62
980.52301 4433.38
981.52600 1452.28
989.46283 377.741
990.02679 592.742
990.51398 811.14
990.99988 334.128
991.46594 1240.6
992.46234 729.55
993.45673 454.688
994.56335 1639.87
995.57666 513.999
996.55707 1962.24
997.56757 1036.25
998.58478 427.819
1003.48309 468.633
1009.43103 374.352
1009.92841 321.976
1010.58160 1446.26
1011.57941 774.325
1013.58533 425.348
1023.56940 380.916
1037.51257 535.138
1042.50684 357.453
1043.50208 514.769
1063.57861 777.292
1065.61426 338.658
1066.47058 394.477
1067.59155 441.415
1074.53857 328.621
1080.56934 6101.91
1081.57507 3158.3
1082.58093 1020.43
1085.54895 384.086
1094.05566 480.236
1094.57397 449.885
1097.51111 575.893
1098.51904 332.715
1101.53308 1361.27
1102.03394 742.542
1102.53479 804.64
1103.52893 484.306
1114.55627 608.177
1116.51318 334.625
1118.55042 335.582
1120.50745 559.165
1121.49988 338.704
1122.59570 395.959
1123.60535 331.23
1128.59351 523.89
1131.59668 349.759
1132.57263 508.82
1149.60486 671.772
1150.57471 618.426
1151.56018 429.801
1154.58899 1954.55
1155.59033 1321.33
1156.58569 1845.37
1157.58337 1032.37
1158.59692 497.267
1159.07007 585.909
1159.57886 590.144
1160.59277 468.922
1165.49744 390.795
1166.02808 636.385
1166.53015 562.962
1167.60034 8975.82
1168.60205 5232.48
1169.60327 1744.31
1196.60217 327.382
1209.64014 641.012
1213.60828 1349.59
1214.60925 1069.62
1215.62634 488.024
1222.56104 881.306
1223.06934 361.306
1223.56128 447.301
1239.69556 507.641
1240.71399 337.136
1247.62561 370.43
1248.59619 575.663
1249.61963 438.418
1250.60449 379.779
1251.64368 360.09
1255.13232 379.802
1255.64624 682.112
1256.14624 442.38
1264.13794 3332.37
1264.63782 4763.8
1265.13818 4257
1265.64063 2202.18
1266.14893 592.375
1266.63818 341.235
1267.67712 2745.51
1268.67664 1587.09
1269.69067 698.933
1285.65955 380.932
1299.66772 762.274
1300.15198 824.041
1300.65039 931.784
1301.16589 389.707
1314.67163 1580.06
1315.66370 1158.4
1316.66443 527.956
1322.73010 360.734
1332.68579 825.477
1333.69214 870.397
1334.68323 502.474
1335.69873 465.173
1336.66711 350.587
1360.67065 1313.33
1361.68347 1044.15
1362.67957 600.692
1370.70813 382.051
1371.19495 406.342
1371.69543 3728.5
1372.69507 2262.64
1373.69727 987.708
1374.72473 377.709
1380.75574 1485.77
1381.76282 1042.19
1382.77771 515.692
1428.20288 348.861
1428.70496 574.505
1429.70276 599.127
1431.69373 437.511
1432.66711 407.438
1437.78247 603.335
1447.70142 582.21
1448.70544 491.655
1530.74121 482.798
1531.71838 1404.89
1532.73755 872.779
1533.73535 434.726
1570.74048 379.626
1571.72559 506.111
1588.74426 5057.86
1589.74341 4204.78
1590.73877 2201.39
1591.74854 529.199
1701.83862 1096.29
1702.83301 749.663
1703.82910 528.856
1815.93445 352.2
1974.93640 742.236
1975.93640 689.915
1976.94751 428.911
