3644.59238 3
141.10182 536.479
169.09662 1469.71
175.11809 1291.88
186.08630 675.291
200.10226 618.075
201.08618 643.435
212.10210 1097.46
297.11816 1847.22
298.13879 3043.44
300.15601 642.61
315.12903 2711.58
340.16006 2336.75
351.16397 599.062
355.16071 3144.65
357.13898 724.665
367.16132 678.523
368.19064 713.274
369.17313 858.954
385.16959 1605.94
386.17841 665.307
386.19678 675.367
396.18741 1114.56
400.18277 765.444
401.21313 6629.06
402.21637 1275.51
414.19653 1268.82
426.19687 1778.24
436.18430 593.487
453.24600 884.044
454.19049 837.513
470.23303 897.855
480.20984 613.38
497.23563 1709.05
498.22552 654.844
507.22015 581.325
515.24506 668.028
525.22882 3453.54
526.23309 607.707
537.23010 1013.94
539.25500 873.558
543.24011 2276.21
556.26947 639.55
557.26678 2076.68
560.26434 1226.95
568.20959 823.475
582.28711 837.508
596.26544 2858.93
597.26556 982.135
608.26776 1033.04
614.27551 2459.22
625.29132 786.437
626.27667 3625
627.28058 1232.79
628.30463 562.861
640.29572 797.455
643.30151 604.337
653.28571 772.502
655.23737 1878.91
667.30621 2221.05
668.29669 624.279
669.30768 808.728
671.29675 5034.14
672.29919 1325.32
675.32153 1804.21
675.82660 909.237
679.29736 684.169
680.29602 619.481
684.32849 1266.84
684.82874 647.478
685.31592 4693.63
686.31732 1639.88
696.33142 716.767
697.31335 4902.31
698.31818 1774.57
702.34192 1142.06
703.34399 681.498
724.31726 1074.73
725.30469 1171.66
726.26959 883.639
733.31360 3255.9
733.81824 2907.19
734.32013 1000.66
739.35327 705.352
742.33417 1780.19
743.33710 857.283
754.33203 909.639
768.35388 1373.71
783.30194 2813.27
784.30585 907.722
786.37317 2096.97
787.37524 934.093
788.34100 823.941
788.85425 776.691
795.36145 1509.81
796.34796 2284.15
797.34430 775.112
813.37048 7259.72
814.37164 2975.82
815.37030 756.748
825.37189 1354.73
826.36755 668.672
884.34631 3718.77
885.34241 1686.15
896.40540 706.773
897.40338 1440.34
898.42627 605.057
915.41089 1971.67
916.41309 936.802
967.44543 719.721
994.44562 739.525
995.36694 1526.24
996.37909 825.144
1010.47296 1526.64
1010.97412 920.964
1011.46191 722.494
1013.38232 1812.04
1014.39252 1141.84
1028.49792 1085.89
1029.49329 779.894
1039.46863 621.645
1059.94226 680.852
1068.45740 1375.52
1068.96753 1757.67
1069.45959 1086.21
1126.47205 2703.24
1127.47241 1082.69
1167.51843 1105.68
1168.53101 826.321
1215.56799 1266.24
1216.56763 787.649
1221.53613 920.463
1237.50623 1079.62
1238.54224 1622.13
1239.55786 1785.23
1240.55750 779.406
1309.58252 836.854
1310.61060 811.133
1337.63977 647.769
1349.63293 2165.87
1350.63403 2186.58
1367.64404 7809.62
1368.64429 6066.93
1369.64990 1621.88
1385.65393 1057.1
1386.66968 705.776
1438.64709 1059.27
1439.63049 601.833
1447.62830 1150.54
1448.61328 1062.89
1449.60388 663.796
1465.62744 11466.7
1466.62988 9044.05
1467.62610 2455.52
1478.68591 917.498
1479.70044 719.123
1495.68823 714.413
1496.70752 606.487
1509.68188 2423.41
1510.68616 1374.78
1576.66040 1577.68
1577.65710 1403.23
