1850.96855 2
110.07108 252.659
115.08628 184.894
120.08041 1069.88
129.06581 200.602
129.10202 1199.19
130.06471 1545.94
130.08601 382.654
132.08022 256.654
136.07501 446.391
141.10159 295.413
143.08101 440.752
143.11757 334.051
144.08038 362.775
147.11247 1255.72
157.09659 502.565
157.13297 584.678
159.09132 4903.7
160.09489 434.821
170.05954 641.168
175.11879 607.246
183.11214 186.626
185.10612 199.325
185.12804 1456.65
187.08598 1417.27
198.12743 654.454
199.17986 557.21
200.10210 380.82
200.14299 2363.85
201.12422 301.972
201.14752 227.099
210.12631 289.999
211.14348 330.27
212.10199 268.356
213.12315 226.416
214.11807 431.429
227.15433 1188.49
227.17435 979.382
228.13393 659.612
229.11713 468.89
230.13020 310.894
231.11186 540.775
233.16284 445.108
240.09697 577.651
241.08159 699.759
242.14966 549.587
248.14018 277.808
249.12297 635.299
253.19151 196.987
254.14859 261.876
255.14876 4540.06
256.14679 404.315
256.16733 982.382
258.10846 954.508
258.12469 1226.83
259.09052 625.173
259.10822 625.731
260.19598 861.593
261.15872 225.557
271.13995 417.686
271.17520 377
272.17505 11029.2
273.17853 1495.34
276.13443 562.148
277.11780 1534.64
282.18054 387.841
283.14301 908.551
286.13831 805.665
298.21194 831.253
299.17203 455.153
300.17001 6766.56
301.17371 993.89
311.16861 195.474
324.22714 265.594
326.18628 478.926
327.20294 380.886
329.16052 933.301
339.20053 253.525
340.23709 245.582
342.21335 501.139
356.22903 266.196
357.17505 580.968
368.23160 574.337
369.13980 1114.78
369.25070 255.278
370.20795 354.094
371.20737 801.682
384.22717 238.832
387.15225 642.091
388.14941 1025.66
389.21823 242.311
397.22064 252.356
405.17789 657.286
406.15842 1139.42
407.15891 291.023
407.26465 1018.36
408.26630 240.956
413.25336 1053.58
414.25058 501.888
423.18790 315.759
428.21021 360.175
433.20578 302.321
439.26837 480.383
442.24329 581.302
459.22311 197.166
468.25876 243.564
471.18253 202.2
476.25238 285.923
484.28986 272.081
499.25320 254.042
504.24139 315.548
510.30566 354.764
516.20508 371.592
517.18896 451.964
517.31335 438.303
518.29675 917.787
519.30640 316.045
534.21490 888.639
535.20575 429.83
535.32196 928.758
536.32251 265.009
562.25073 324.385
633.28857 310.801
645.24884 224.7
646.36377 207.777
663.25830 308.269
664.36444 1208.91
665.36902 408.482
681.28741 333.409
689.35925 326.124
691.29950 230.292
762.33130 412.879
793.41266 509.976
794.40851 237.191
853.57739 739.579
854.58813 240.329
925.60565 9989.29
926.60809 4779.32
927.61798 4884.06
928.62463 240.468
940.47449 711.915
941.48315 484.127
1051.50220 235.625
1069.51111 504.961
1070.51038 292.945
1225.61060 462.6
1226.61316 363.596
1296.62988 225.647
