1728.80437 2
110.07115 2837.21
112.08673 1324.84
115.08651 876.812
116.07042 1210.6
117.10153 435.879
120.08058 3562.5
121.08446 337.112
127.08649 891.908
129.06573 1441.67
129.10217 4866.1
130.06526 553.357
130.08632 861.789
130.09866 503.008
131.11775 15047.8
132.12123 1033.88
133.04289 2603.72
136.06195 462.63
136.07559 5515.91
137.07877 535.238
141.06621 680.467
141.10226 515.682
143.11774 738.742
147.11266 1190.53
152.10686 396.012
155.08150 986.392
157.06021 428.877
157.09944 824.714
157.10760 929.434
157.13313 1600.97
158.09221 2600.64
159.07640 617.611
159.09149 1979.77
159.11256 1519.41
160.09419 340.296
167.08142 784.94
169.09721 568.786
169.13353 1810.6
171.07620 342.439
171.11255 743.686
173.05524 363.526
173.09079 340.5
173.12819 587.699
175.09003 1403.58
175.11885 19503.3
176.12302 1128.49
181.09668 524.542
183.11224 684.966
183.14876 476.184
185.09158 1707.59
185.12828 5103.37
185.16493 1113.75
187.07068 458.387
187.10757 1263.01
189.08607 397.676
195.07495 383.024
196.14458 771.779
197.12834 2618.62
198.08684 343.487
199.07211 521.639
199.10677 628.834
199.18071 618.22
201.08751 345.558
201.12347 1320.62
203.08476 3592.56
203.12106 2147.76
204.13478 551.996
208.09679 3533.75
209.10414 364.692
210.02582 537.437
211.14384 372.085
212.10281 474.785
213.08685 5231.41
213.15981 1216.21
214.09181 406.988
214.15472 4705.6
215.13875 603.117
215.15617 476.379
216.09784 443.592
217.08266 801.337
217.13638 653.924
221.09100 364.819
223.10707 641.312
224.13908 983.441
225.12325 10012.1
226.11525 1157.15
226.13167 635.687
226.15471 476.445
227.06709 421.126
227.10228 899.132
227.17459 480.721
228.13351 986.441
229.11809 1220.48
230.11227 419.936
231.11452 1265.27
232.11121 484.693
233.09334 354.623
235.10606 888.884
240.13391 687.364
241.08112 463.104
242.06781 378.303
242.08479 618.036
242.14970 44906.7
243.08156 474.258
243.15295 5516.52
244.12636 635.559
245.07797 458.114
245.13148 712.448
246.12662 551.239
249.12292 1170.28
251.10144 755.539
251.15295 425.063
252.13217 446.473
254.14903 473.376
258.14331 531.855
260.10571 2738.21
263.10205 1157.14
268.16547 1403.36
269.12405 1917.36
270.10825 784.599
270.14450 921.358
271.14731 2981.73
272.17255 857.313
274.12097 610.985
277.11765 2242.87
280.16507 2084.06
282.10843 444.622
284.19461 434.735
287.13477 1848.4
288.13632 492.006
292.20187 375.36
294.14413 365.787
295.17575 1272.18
296.10608 3194.31
296.15961 2605.62
296.19836 725.788
297.16226 463.218
300.11743 2530.19
301.12222 382.062
301.18591 631.928
302.15292 1990.25
304.16125 2309.39
305.16257 384.839
310.21170 1037.87
313.18683 6456.22
314.15219 518.511
314.18884 640.886
316.16876 4440.27
317.17191 670.255
320.12595 359.151
320.19684 529.445
323.13675 368.582
323.16901 470.288
324.10037 2401.82
331.14310 363.548
332.16071 2044.89
337.22372 717.407
338.20615 887.48
341.18152 1705.77
351.20245 2686.06
352.20477 471.094
355.15552 551.137
355.23370 10888.3
356.23743 2261.38
360.15491 3776.13
361.15726 857.402
371.17789 426.377
373.19028 1116.81
374.25021 416.505
381.24731 795.162
387.24066 1043.23
391.14600 2442.89
391.23203 790.951
392.14749 902.295
393.11942 1068.84
393.24933 1457.05
394.25159 365.624
398.27594 501.058
402.18222 374.858
409.24454 1431.49
410.24850 422.195
411.13345 3789.61
412.13693 852.301
415.23636 1389.55
416.19473 1489.63
419.19208 1405.08
420.19534 419.319
423.16849 751.78
426.27100 3133.84
427.19696 1191.45
427.27225 594.195
428.20029 478.349
429.24817 400.328
434.20288 2978.74
435.20715 523.679
443.19110 603.161
444.22803 1333.72
447.18784 1272.4
451.22958 26886.3
452.23303 6219.34
453.23599 865.422
461.20349 1552.03
462.18036 388.329
464.28665 1109.63
470.18423 494.267
471.18658 606.033
476.24411 451.093
480.31845 702.38
481.31357 651.283
488.19931 507.593
489.19742 4184.49
490.20087 1022.31
492.18716 397.074
506.22241 1054.88
507.21347 579.286
510.20032 675.717
512.28955 404.596
529.31281 461.331
531.21594 733.462
548.23773 599.612
549.23041 2829.36
550.23444 608.163
557.31262 437.988
558.21765 397.141
566.25653 1352.83
576.23004 1675.05
577.23438 469.673
585.26770 459.854
591.27808 381.447
603.27734 2125.88
604.27466 691.215
621.28412 408.123
628.27039 1096.99
629.26337 747.385
646.28271 9052.88
647.28571 2771.25
648.29272 573.571
663.30890 9496.86
664.31097 3125.7
665.31708 691.419
670.30457 478.649
671.30505 430.564
687.34491 757.908
688.33203 1330.37
689.33301 605.036
690.31299 583.302
715.30396 719.204
716.28979 633.377
720.32837 557.208
732.33032 801.996
733.31592 3035.37
734.31879 972.159
750.34113 7987.42
751.34222 3326.63
752.34735 563.626
866.36456 939.453
896.37659 915.621
913.40314 9217.24
914.40472 4127.27
915.40326 978.923
982.42664 688.732
983.43195 399.145
1043.41553 541.68
1055.42383 870.757
1056.41199 2016.58
1057.41016 1003.21
1058.41614 402.174
1073.43323 16507.3
1074.43665 9657.94
1075.43811 3430.12
1076.43848 710.021
1081.49121 803.399
1154.46667 454.043
1155.47998 612.518
1172.50281 11568.4
1173.50464 7210.07
1174.50549 2887.59
1175.50061 833.804
1212.55347 392.666
1284.57385 441.694
1286.51611 396.985
1303.54529 8051.02
1304.54492 6156.12
1305.54333 3168.26
1306.53772 789.587
1356.53882 420.543
1374.58069 7818.54
1375.58203 6374.1
1376.58411 3149.97
1377.58606 707.532
1396.63586 462.783
1487.66382 5053.72
1488.66736 4628.1
1489.66919 2370.63
1490.67859 574.902
