2675.32376 3
110.07098 29103
111.07458 1909.91
120.08054 3630.06
129.10199 10603.9
130.08600 6017.04
136.07588 1142.85
138.06606 1417.5
143.11740 2630.41
147.11243 10245
159.09023 1144.32
166.06078 1745.57
171.11221 2310.52
173.12772 1443.49
175.11853 2343.44
181.10846 1982.04
185.09181 2575.81
185.16469 12646.9
187.07083 2758.89
201.12318 1631.19
209.10307 4334.96
212.10245 1904.32
229.11780 5186.16
230.07605 2608.72
234.12419 1770.23
237.13457 2500.38
239.14909 1145.19
240.13425 2475.29
251.15005 2894.19
253.09271 19439.4
254.09561 1588.04
256.12769 1292.42
257.16028 5088.52
258.14429 8922.84
259.14825 1223.79
262.11758 2998.23
273.15521 1624.42
275.17078 6663.77
279.14459 2866.79
286.13910 7652.12
298.12170 1888.86
300.15546 2415.17
306.22717 1547.16
308.17075 1203.89
316.13132 2105.51
318.17993 1603.91
319.13937 3388.86
322.18610 2181.11
332.20822 3421.92
340.19690 1825.7
341.18024 3057.02
349.12515 3115.34
350.21783 28674.8
351.22183 4985.61
358.20776 15222.2
359.20996 2139.6
366.17603 2273.39
367.13492 5388.96
371.22668 1763.47
377.14725 1179.5
384.18964 1595.51
392.19418 2791
399.22379 2364.02
405.22687 1266.8
409.21777 1387.09
417.14111 1730.47
417.72861 1283.36
426.23947 20286.3
426.74048 7943.3
427.24405 1787.23
429.24454 13911.8
430.24744 2174.49
432.22443 1917.47
434.16620 6764.55
434.73557 1540.79
435.16556 1276.14
448.73441 2641.04
465.24469 11751.3
466.24640 2071.41
475.22925 3067.48
475.77258 2779.62
476.27258 1582.66
485.22336 3416.8
485.72241 1296.03
486.20090 2586.86
494.26923 2001.57
498.26871 4180.27
498.76865 1823.07
508.21185 1550
510.26569 2553.55
513.26672 1327.15
514.20099 4458.1
515.20074 1826.75
519.24969 1744.42
522.30231 2693.02
526.29974 4127.71
526.79852 1943.94
530.29211 21705.9
531.29596 6083.47
541.76660 3364.78
542.27057 2795.32
547.24835 4222.91
551.28882 2090.1
562.25836 1990.42
562.79071 2963.28
563.29138 1556.74
564.31512 3770.46
568.30865 1486.31
571.22394 3826.55
572.22211 1375.86
576.82007 10111.5
577.31482 8828.11
577.82129 1564.74
578.31744 1487.75
579.28748 10002.9
580.29144 2592.5
582.79010 1612.98
591.29950 9487.26
591.80182 7364.96
592.30536 2532.32
594.33337 1280.54
597.26788 1227.97
607.29382 1334.33
613.25739 1242.27
623.35022 3963.34
624.35706 1399.55
625.81091 1884.86
627.28650 1806.32
628.26825 4672.99
629.28802 2087.48
633.84088 2547.71
634.35120 1364.44
641.30719 2351.57
642.34119 5541.31
642.84235 5985.65
643.37891 13822
644.37848 5136.84
646.32159 1287.01
647.84515 2643.21
648.34619 2834.51
656.31158 2670.44
657.81366 1304.02
681.32996 1687.04
684.30798 11037.3
685.31464 4408.12
686.31464 1510.2
690.31445 1993.5
690.81805 2027.33
691.31946 1497.68
697.40082 1324.28
698.35956 4951.45
698.88763 1711.92
699.31226 1848.69
699.38654 1848.74
699.82153 1410.42
704.02136 1620.6
705.36115 2460.03
706.37549 1741.94
709.32843 2573.68
712.30664 1513.73
714.41479 24317.2
715.41821 9446.04
716.41595 2325.78
724.39508 1650.81
726.35559 13972.1
727.39136 6101.71
727.89282 4330.81
728.40277 2880.7
740.37311 1920.78
741.35498 3041.33
742.36279 1435.56
754.39093 3380.06
755.37946 3188.67
756.38818 2255.49
765.35907 1586.27
766.34851 3066.31
777.41498 3376.58
777.72260 2037.87
782.91144 1522.25
783.06384 3849.41
783.38135 32791.1
783.73242 6634.98
784.06403 5229.96
784.38275 12221.4
785.38434 2459.49
789.06866 23768.7
789.40314 31855.6
789.73663 21054.6
790.07172 10991.7
790.40521 5131.7
791.91528 5658.84
792.41254 4254.63
793.41003 1547.09
796.40033 2062.06
797.38806 2917.5
805.40399 2542.14
805.90381 1604.43
811.40875 2167.51
812.38989 9164.99
813.40259 3709.3
821.73297 1604.59
822.06024 3147.59
826.39679 5086.56
826.89209 3946.66
827.09344 2710.12
827.41193 2885.58
827.77002 1389.88
830.43030 2040.85
830.75348 1602.11
833.46228 3808.38
834.45538 3008.97
841.45007 6172.95
841.94843 5971.23
842.45258 3300.25
848.77386 1610.47
851.47198 36612.7
852.47546 18588.3
853.48407 3659.48
853.78345 1743.14
854.11609 4191.62
854.44604 2930.89
854.78119 2174.67
855.44128 1891.71
859.78790 7387.09
860.12006 10866.9
860.45361 9061.52
860.78864 3989.49
861.12042 2061.33
861.91412 4686.3
862.41510 3647.59
862.92236 2838.19
868.46820 7572.88
869.47583 4410.45
870.47388 1430.37
878.47614 2525.78
879.43939 4475.67
880.44196 1882.8
891.50464 1395.79
892.44971 39215.2
892.81622 1306.67
893.45416 20363.4
894.00836 2276.81
896.46027 34975.3
897.46307 18636.6
898.47516 5091.82
912.42029 4041.83
913.41699 1576.75
918.46521 4067.92
918.95868 3400.52
919.46393 2485.91
924.48608 2700.68
926.50128 6264.28
927.00000 5289.58
927.50739 3131.43
928.00696 1302.22
932.47028 4487.32
932.97754 5771.68
933.47858 2843.82
940.46564 1669.48
949.44568 10336.8
950.39984 2532.39
950.55670 9900.34
951.56061 5068.94
959.97266 2206.84
960.47870 2652.32
960.98364 1746.01
967.99084 5382.81
968.49023 5326.13
968.98865 3796.44
969.43689 7970.33
969.96484 1451.45
970.43835 3561.95
978.50891 1446.05
995.52954 16127.8
996.53302 8502.99
997.53510 2331.56
1000.03717 3578.6
1000.54047 2544.97
1001.02484 1699.52
1001.53442 1643.34
1007.52844 1671.87
1009.49353 1401.22
1024.54407 3389.39
1025.04187 2974.08
1025.53918 3613.83
1026.53125 1881.62
1034.55164 1465.24
1046.00806 2584.68
1046.51782 3376.63
1047.02393 1805.92
1048.52612 4639.01
1049.52942 3135.61
1051.58984 13354.5
1052.58875 7601.11
1053.56104 2441.04
1054.53479 2220.13
1055.55298 1599.12
1057.04626 2803.59
1057.56335 3310.41
1058.05481 1404.35
1066.05383 1433.15
1066.54236 2742.15
1082.52454 9087.32
1083.52380 4362.21
1084.52698 1403.18
1085.53857 1564.19
1096.56763 1709.44
1097.06360 1480.07
1106.05823 2144.88
1106.55664 2266.67
1110.04797 1481.19
1110.56799 2762.44
1111.04553 1426.83
1111.53223 1420.95
1114.57874 4321.77
1115.07275 5304.26
1115.56665 4144.96
1116.06140 1520.9
1124.57422 8216.4
1125.57544 5258.9
1126.57043 2085.67
1134.62903 2822.55
1135.61816 2446.65
1136.61475 1707.22
1137.57593 1752.84
1138.59229 1353.57
1149.55981 3703
1150.56995 1972.49
1152.10474 1763.13
1152.63062 25162.1
1153.11279 1832.06
1153.63306 15337.4
1154.63550 5336.41
1155.61426 1918.09
1164.57776 2683.35
1174.59167 1918.92
1175.08838 1421.54
1175.59583 1408.6
1179.61206 1866.12
1181.59363 25893.9
1182.59509 15544.9
1183.10559 4967.59
1183.60144 12947.4
1184.10010 4558.59
1184.59998 3123.72
1209.62244 1336.98
1213.56311 2749.46
1214.56726 2086.87
1232.59119 1449.41
1250.61304 3800.82
1251.61707 2104.71
1265.66003 2012.27
1266.67615 4669.89
1267.67163 2564.01
1283.67676 17328.9
1284.67810 11466.4
1285.68250 5552.16
1286.67236 1801.07
1294.67810 13786.9
1295.68298 8798.33
1296.68042 2746.95
1308.68042 2578.85
1381.64429 2558.52
1382.64453 2201.67
1396.76453 2224.29
1397.61279 1476.83
1407.74121 1444.77
1425.72266 4326.89
1426.72766 2762.98
1427.72827 1901.74
1436.75500 1416.65
1453.78601 8740.08
1454.78748 6673.59
1455.78333 3685.12
1496.72327 1461.83
1497.73816 1445.54
1514.71558 2816.96
1515.74304 1916.73
1565.80981 1888.07
1582.82642 7590.63
1583.82227 7230.77
1584.81763 2920.64
1585.81592 1752.97
1609.83264 1477.89
1610.80664 1862.83
1681.89026 4480.1
1682.88013 3904.51
1683.89526 2546.04
1708.89697 2228.68
1709.88367 2138.83
1726.86023 1470.64
