1431.61539 3
110.07105 3573.48
112.08689 312.168
115.08633 185.916
116.07011 209.432
126.05472 779.233
129.10205 3326.56
130.08611 902.934
136.06149 221.69
136.07555 357.625
139.08641 370.685
140.08141 490.224
141.10179 362.634
147.11255 1706.95
147.58711 465.144
153.10211 343.506
155.08112 217.258
157.09712 437.076
166.06134 216.452
167.08174 394.485
167.11761 568.334
169.09692 256.564
173.05536 183.27
173.09180 336.473
175.11850 1196.33
181.09715 1361.86
185.09209 458.636
195.11259 1429.07
201.08517 217.377
209.09161 402.366
213.12311 671.117
219.63937 721.71
225.09816 591.27
225.63191 790.004
226.11589 241.909
226.15471 1815.23
230.62434 786.82
235.11772 216.41
236.10094 209.263
237.13435 281.003
238.11803 232.517
239.62926 1171
240.13164 217.445
244.09383 330.541
244.16519 5990.62
245.16940 646.423
250.11682 276.65
252.13362 2340.61
253.13896 244.786
254.11279 239.656
254.16158 296.787
259.13379 477.104
260.14224 798.283
261.15704 517.153
265.13455 2332.72
265.63632 686.444
269.14172 189.776
272.17197 313.836
274.13989 11440
274.64133 2869.48
275.14127 368.05
277.14008 2079.55
278.14871 1164.37
283.14566 379.357
283.82031 2793.63
284.15454 1126.87
284.48801 375.008
289.82388 971.01
290.15756 379.914
291.15009 736.228
293.15106 387.898
293.66156 202.918
294.16687 4024.35
295.16937 473.164
295.82785 327.204
299.46451 334.563
299.66360 2443.07
300.16495 938.797
300.66791 203.152
304.14536 218.132
307.66162 583.967
308.16217 258.214
308.66821 715.942
309.13184 213.976
309.17007 255.719
310.17563 951.527
313.66046 1558.01
314.16132 389.858
316.17242 231.972
316.47852 261.639
321.15491 1545.54
322.48267 4239.4
322.66586 2402.06
322.81723 2117.81
323.12573 327.751
323.17142 540.617
323.20700 716.361
331.81506 332.393
335.18137 835.426
335.68463 323.656
341.21783 8242.55
342.22141 1333.7
344.18616 540.217
345.20129 539.574
349.17969 1242.2
349.67999 446.435
350.11044 385.928
352.08978 272.538
352.71893 782.17
353.21799 336.468
358.18466 810.868
358.68692 368.666
359.20337 472.862
359.66522 203.59
367.19342 253.313
376.70166 358.425
379.71069 243.587
381.69263 276.636
382.18619 740.586
382.68616 216.367
384.69858 1535.43
385.20084 549.224
390.69812 12396.9
391.19931 4979.91
391.70105 970.154
393.17526 1764.71
393.67273 530.206
394.18954 618.575
399.70316 6265.79
400.20334 2549.37
400.55563 289.622
400.70840 519.016
400.88040 826.295
401.21384 1556.72
402.55429 676.389
402.89078 287.155
406.55515 4415.72
406.88910 3243.77
407.17538 1037.16
407.22333 1444.89
407.67172 342.822
408.70859 2093.96
409.21033 933.407
409.71252 203.767
410.21732 272.567
411.22479 412.45
412.55936 2111.87
412.89304 1324.4
413.22656 746.946
418.56265 1055.88
418.89685 755.141
419.23190 407.388
420.26279 477.609
425.22754 1140.41
425.72824 473.609
429.19937 292.415
433.21530 431.576
434.23389 600.122
434.73407 286.82
435.21616 314.771
435.54889 210.014
438.27014 15312.3
439.22235 4046.17
439.26584 3365.65
439.54718 1766.89
439.72311 1312.57
439.88062 656.135
440.18347 378.652
440.24557 377.505
440.26416 378.787
441.21146 219.689
444.23572 232.355
444.59363 500.171
444.92712 269.235
445.21619 1589.46
445.55142 1114.58
445.88672 652.403
448.22974 1436.1
448.69153 12993.3
449.19250 5613.23
449.69412 1228.32
451.22086 1318.42
451.55573 644.183
451.88971 389.353
456.25751 426.128
457.23264 332.662
457.69696 412.919
460.24265 390.482
464.21130 247.854
465.76901 209.307
470.23425 791.048
476.75269 730.802
477.25043 1037.23
477.58810 237.807
477.75171 656.011
477.87433 619.536
478.20425 458.852
478.25720 662.689
483.22238 484.531
483.72244 244.059
487.22653 482.6
487.75146 729.115
488.26013 378.422
488.66837 295.918
496.75443 346.557
497.21655 1790.15
497.71976 1019.09
498.22183 449.833
504.28180 298.607
504.90973 328.464
505.23538 443.365
515.25739 238.435
520.28400 234.083
521.30701 2265.55
522.31122 623.238
529.26196 640.787
530.24567 228.093
531.30347 207.518
532.30298 233.849
536.77435 336.862
545.28131 473.471
545.79590 236.232
547.27271 6750.54
548.27441 1790.87
548.80048 220.04
549.28156 321.7
549.81683 228.971
556.32623 358.396
565.28113 344.459
592.34314 858.61
593.34332 340.296
597.78973 218.85
598.79883 225.986
602.33368 319.325
603.21539 638.647
607.29303 813.099
608.29834 313.116
616.34003 249.104
619.28467 334.908
628.32611 217.894
643.32660 400.094
644.32123 223.809
653.81909 213.523
661.33881 357.882
669.36847 208.117
689.39917 945.417
690.32745 655.899
697.34930 387.81
707.40625 479.279
715.36475 270.008
735.35431 414.921
759.31665 405.555
768.39160 229.173
780.38904 914.45
781.39105 427.53
787.37286 1363.78
788.37274 479.668
798.39862 991.895
799.40015 403.969
813.33759 257.49
816.41168 260.068
896.37201 1867.29
897.37988 740.763
935.46423 298.872
