1925.95694 3
110.07108 4278.32
120.08059 2818.2
129.06610 990.067
129.10205 18850.9
130.06509 751.622
130.08614 1768.17
130.10515 1120.83
133.04279 770.564
136.06171 727.391
136.07553 3183.19
139.08627 2610.83
141.10184 607.885
143.11771 6271.02
147.11243 2837.1
153.10175 937.716
155.08102 629.612
157.09708 1528.85
158.09258 677.658
167.08141 3217.78
169.09680 1331.31
171.11255 6146.41
173.09134 1127.84
173.12825 1032.05
175.11868 9030.48
180.11258 1590.09
181.09755 1153.41
181.13306 1002
183.11253 1033.08
183.14897 5184.48
185.16425 1063.31
186.12462 614.734
187.10759 766.915
193.09750 694.607
197.16359 726.061
198.12303 1285.32
201.08591 607.925
201.12283 2355.16
209.12831 741.305
210.02504 651.586
215.13876 1040.97
216.09781 1251.41
218.14928 1695.84
226.11763 2308.94
228.13387 1135.26
235.14426 864.316
240.13371 2211.38
242.18596 2761.55
244.12883 1210.78
252.17056 2992.9
257.16003 1589.2
258.14359 1452.28
263.13901 856.476
268.14169 1284.33
269.12378 1508.65
269.16003 732.407
270.12827 806.788
272.17139 640.039
274.18677 1898.4
280.16495 23174.7
281.16827 3593.51
282.18112 1550.36
284.68192 1077.72
285.20529 689.567
286.15189 2162.12
292.14200 686.703
297.15491 2418.35
304.16238 825.755
313.19305 849.379
315.16568 2333.49
316.16599 1005.84
329.18176 1240.28
333.67038 1617.22
335.20483 1844.18
335.70645 643.395
337.16119 3484.13
339.20184 1709.95
341.21655 635.534
348.71100 827.213
349.17169 1400.42
355.17203 6682.11
356.17569 816.256
369.20877 652.87
371.22824 1229.93
373.25510 4270.29
378.14120 657.365
396.22159 811.291
397.69885 786.95
398.20297 689.208
399.21603 773.328
405.52866 744.102
407.13519 675.809
408.22745 4331.51
408.72870 1089.13
410.27756 1549.73
414.25519 654.388
417.23441 3590.45
417.73529 1416.83
424.25928 1258.06
426.23410 1594.95
426.74011 912.472
428.28644 902.28
435.13736 4811.41
440.27704 716.938
440.76810 1263.89
441.27026 702.448
442.26538 3319.62
443.26712 846.576
444.20911 1036.04
448.21201 3408.66
448.71231 1634.5
449.27863 10128.9
449.78027 5047.65
450.21823 2161.61
450.28128 1292.66
453.14957 6574.33
454.15378 1007.7
454.27039 1009.85
457.21671 6833.8
457.71939 2763.12
461.28363 843.395
465.76175 683.925
466.22336 3579.8
466.72247 1275.72
472.32379 4403.1
473.32788 903.167
475.27530 1902.6
479.29993 794.482
483.78934 22077.1
484.29062 10820.3
484.79254 3000.67
505.74377 1225.76
506.19403 683.979
506.25464 724.178
508.30515 934.905
513.29956 649.71
514.74744 658.016
515.24872 698.016
522.30664 1174.23
523.25952 1651.56
533.25189 788.248
535.22150 1455.48
535.72156 732.253
541.33466 1074.36
547.83643 2070.59
548.29028 1981.92
548.33942 1735.69
548.78754 1083.94
557.29437 1415.75
557.79633 1045.36
559.35547 24317.7
560.35822 6821.07
561.36188 1031.3
562.28534 2021.18
562.78638 1455.52
566.98102 863.494
567.30817 770.236
571.27924 1200.16
571.34827 1674.08
571.66882 1943.28
572.00085 2041.45
575.23083 960.271
576.31128 2156.4
576.64368 2167.98
576.97375 848.856
577.34052 6606.36
577.67395 5622.84
578.00848 2655.62
578.35040 678.663
583.34363 2761.23
583.67889 2427.7
584.00793 1211.32
584.34595 818.397
585.27789 732.225
586.33228 795.518
593.23224 960.377
594.32294 842.809
596.82550 2268.77
597.26776 1225.66
597.34167 1270.26
597.76947 796.888
597.98969 798.622
598.32690 2041.44
598.65271 1334.05
603.22766 4483.24
603.99512 8848.05
604.23022 1341.81
604.32819 8261.71
604.66132 5584.27
604.99585 1888.51
606.83423 761.666
607.33002 664.824
608.34760 1814.51
609.99982 12391.4
610.33270 11132.5
610.66718 6445.24
611.00043 2029.77
616.00183 2909.93
616.33722 2407.9
616.66846 1246.49
618.33997 1137.4
621.23846 4021.41
622.22650 810.75
626.80963 1293.33
630.64868 793.972
631.32153 3410.72
632.32489 1223.4
633.33051 695.975
635.82593 704.952
636.34552 5278.69
636.65381 4502.77
636.98975 4363.71
637.32294 2630.84
637.65192 752.832
642.35016 1372.04
642.65802 2242.54
642.99115 2818.8
643.32544 2096.88
643.66187 1129.41
650.33447 1322.91
653.36829 2361.69
654.36407 1141.98
667.38000 1021.2
669.40149 2811.71
670.39160 4784.26
671.40033 1678.26
674.38232 1056.98
674.83746 944.077
675.34338 1595.73
680.32312 1319.68
685.38635 3757.33
686.38800 1737.48
687.41296 52209.3
688.41663 22096
688.92633 2586.37
689.42035 5417.16
697.40247 1393.66
706.32581 2632.69
706.86212 1707.41
707.36444 1516.11
707.86249 719.679
716.31177 9109.83
717.31262 3704.33
718.33295 980.756
719.36615 734.946
733.33380 2087.44
734.32251 8682.81
735.32477 3103.16
737.41345 2245.83
737.91602 2024.62
738.41675 1327.94
746.42871 4343.52
747.43536 1608.77
751.34619 1654.01
756.42828 1374.64
764.43994 16375.7
765.44476 6775.98
766.35889 801.984
766.45081 1443.09
782.45020 5428.65
783.46014 2333.77
786.43774 1116.4
800.49750 11449.7
801.50397 4197.98
802.50232 1053.73
805.38025 1070.51
806.38715 1079.01
809.86688 693.141
810.48212 4044.99
811.48309 1818.36
815.45135 1223
826.39905 797.573
826.54303 1174.76
827.39459 959.935
828.42303 1694.84
828.92645 2249.85
829.42920 1867.38
829.92688 811.553
833.46527 3317.48
834.46936 1074.86
844.40643 15796
845.40967 6706.23
846.41248 1683.8
853.46680 1030.03
862.41699 13380.3
863.41949 5323.1
863.94690 1340.49
864.43768 4342.29
864.94360 1233.51
869.43555 771.532
874.50354 756.762
877.39899 684.595
880.52863 1232.66
887.97186 981.023
888.47949 1012.69
895.41925 972.787
897.54919 26008.2
898.55365 10964.7
899.55884 3290.86
902.39380 1494.48
903.40723 977.129
913.43164 2079.11
914.43085 882.327
944.50000 734.395
945.53076 1442.11
949.55383 737.328
953.44574 1084.31
954.44531 710.789
966.57111 14675.2
967.57257 6852.7
968.57782 2394.25
971.45892 19743.6
972.46112 13725.1
973.46429 5843.86
974.46466 1434.16
984.58075 1243.31
1024.46167 1729.91
1040.48596 685.517
1043.57849 833.696
1057.44128 1218.18
1064.54407 1548.45
1065.55420 1092.91
1069.42993 1692.29
1084.54785 3637.08
1085.54504 2289.2
1094.67493 859.648
1180.55127 1196.94
1181.54956 769.152
1212.63831 848.058
1213.64404 785.644
