1935.02739 2
120.08045 1146.33
129.06535 362.053
129.10199 518.108
130.08516 215.064
136.07520 351.666
147.11244 487.959
158.09224 366.272
175.11824 291.767
183.11243 655.113
185.12787 226.343
185.16405 335.405
186.08684 887.201
187.07091 509.682
191.11656 212.882
200.13890 464.826
201.12271 335.059
211.10707 535.132
213.15849 276.303
215.13812 268.148
219.11221 602.08
228.13370 2037.72
229.11751 474.855
240.13380 433.749
243.10889 403.001
243.13339 345.276
247.14420 340.942
254.14862 277.701
258.10794 1340.94
258.14447 767.649
262.11710 629.067
276.15463 617.158
282.14276 250.25
282.18018 250.876
286.13901 1007.43
299.17087 665.627
311.17123 559.99
312.15283 280.908
318.18207 333.285
327.20145 197.081
329.18103 322.517
332.19489 337.659
333.19156 343.245
339.16464 689.954
353.21771 266.938
355.12402 721.323
356.19150 249.965
357.17526 690.815
361.18536 513.123
372.15082 1259.48
375.20248 257.009
377.14542 317.185
385.20596 305.05
388.15973 212.772
389.24063 654.184
406.17151 354.339
410.24008 196.238
416.15530 480.726
422.20056 236.061
426.19699 430.701
434.16635 644.788
436.17908 286.326
440.21390 448.485
450.19412 231.43
454.18985 457.45
456.24448 219.779
460.27597 1017.54
468.20578 738.198
471.21857 438.899
485.23407 450.04
502.22733 225.739
505.24289 287.961
508.26093 209.775
515.22174 326.477
519.25507 354.66
533.23511 531.544
539.28113 602.043
547.25092 196.005
567.27606 492.418
584.30334 331.254
601.29437 270.369
607.34442 1515.71
608.34625 220.409
618.32813 297.071
637.38617 367.578
646.31921 388.531
666.34119 209.701
706.41315 385.953
967.65088 5084.71
968.66241 2508.14
968.87152 229.801
968.97583 277.55
969.14844 212.966
969.24994 355.411
969.66510 46441.7
969.98315 290.251
970.04822 221.069
970.15936 267.902
970.25012 258.713
970.63934 481.524
1139.57385 545.025
1252.67004 255.519
