2419.16680 2
110.07096 975.263
120.08041 1600.83
129.10191 2639.61
130.08604 422.736
130.10422 207.812
133.04254 390.365
136.07538 1421.53
138.05490 182.751
141.10220 193.357
147.11259 1254.38
155.08125 222.861
157.09750 222.127
158.09193 220.92
159.07623 275.927
159.09128 310.948
159.11243 3273.74
169.09676 232.848
169.13333 285.739
171.11201 197.827
173.12801 363.936
175.11858 1135.76
183.11238 400.378
183.14832 330.891
185.09192 490.073
186.12338 332.997
187.06956 420.348
187.10741 2594.77
187.14392 565.474
195.07613 185.567
197.12865 376.371
198.08716 200.252
199.07059 231.447
200.13948 206.072
201.12297 708.44
203.10229 1359.59
211.14374 248.785
212.10318 241.249
213.08635 1412.89
213.15935 290.823
215.13857 734.936
216.09750 869.718
217.08336 386.739
226.11748 213.95
227.10181 348.024
229.11716 245.46
230.11305 230.853
231.09734 3083.64
232.09862 206.389
233.09369 317.214
234.12299 464.293
235.10532 241.884
235.14259 311.757
237.12047 197.153
240.13303 205.842
242.14899 310.077
243.13394 393.998
245.07710 235.051
249.12291 396.504
252.13409 216.391
256.09341 253.632
258.14371 244.792
259.10822 303.668
260.10602 233.096
261.16043 380.9
262.11780 649.475
270.14417 2295.05
271.14862 242.76
274.10217 492.339
275.08029 451.184
276.13211 244.769
277.11670 227.648
284.15942 265.186
286.13889 1816.61
287.09650 191.626
287.14206 261.345
288.08218 586.618
288.15460 1312.12
289.15564 419.202
292.16367 394.789
297.15665 254.216
299.13596 367.822
300.11810 269.357
310.17548 2853.29
311.17764 393.569
312.15417 575.291
316.13138 288.607
317.14514 587.747
319.14127 199.756
326.16956 192.565
334.14499 281.358
337.15189 195.573
340.14923 334.57
341.17798 250.85
353.10651 257.141
355.16205 277.523
360.15622 217.701
369.17560 371.617
370.13562 291.359
371.11584 544.311
371.22324 478.731
373.14752 384.586
375.19690 354.339
378.16351 561.286
381.17783 243.624
383.19144 232.771
385.20673 618.652
387.18622 904.988
389.12546 367.957
390.17465 639.47
399.18652 1508.79
400.18762 311.164
403.16638 228.146
409.24310 1288.27
412.21631 228.25
417.14227 270.828
417.19586 534.58
430.17325 576.324
430.23218 226.741
431.15436 213.032
435.14847 368.078
438.20059 278.566
448.18414 560.759
468.24786 220.16
469.74652 381.455
482.26215 370.637
484.20331 260.691
500.17130 287.889
500.27133 347.761
513.21967 231.095
513.25751 230.995
518.17731 301.704
518.22614 282.719
522.32764 1202.81
523.32880 280.813
526.29059 222.917
531.21802 510.903
543.25653 253.646
546.24908 222.639
549.23425 307.323
561.81012 245.029
567.24646 237.847
581.33514 267.178
585.26111 257.614
601.27100 333.761
619.28052 257.963
626.29541 288.661
627.27393 203.065
629.21796 310.454
637.35925 273.564
644.30762 338.756
645.29022 242.891
647.22644 293.682
662.32031 354.668
694.37585 1616.71
695.37878 458.37
733.30536 225.06
754.36847 218.141
807.46014 443.724
808.46112 317.58
816.35309 479.144
817.33496 312.925
834.35840 354.519
867.45398 217.99
881.95911 218.883
908.50537 887.521
909.51898 356.528
930.41705 304.766
1039.55029 377.257
1054.47156 993.202
1055.46765 567.499
1140.59509 297.632
1254.63867 276.478
1354.59216 210.449
1355.68262 441.984
1356.69043 339.849
1813.83203 232.872
