2505.30960 3
117.09077 326.473
120.08043 747.373
129.10193 309.186
133.08540 355.744
136.07475 196.452
147.11288 242.79
159.09125 424.575
175.11865 186.876
175.13304 242.225
244.09116 488.558
260.19611 197.108
315.12970 202.079
316.12900 195.513
374.23856 445.668
445.27621 623.213
449.09921 606.038
450.10452 526.001
451.09985 1026.34
557.28857 211.356
558.35834 661.486
657.42670 816.431
673.30554 517.273
673.80902 207.335
688.33508 551.178
756.49561 1240.13
757.50006 357.115
835.35858 204.338
835.50085 621.693
836.00232 264.856
836.50153 598.649
837.01025 324.774
837.57300 274.445
855.56787 476.908
856.55554 227.152
874.39990 461.414
875.40021 221.041
942.59692 680.199
943.59247 347.249
1003.45129 805.907
1004.45197 398.954
1089.66553 573.523
1090.66223 327.103
1102.51855 461.568
1103.53040 239.22
1132.57678 301.27
1160.68835 251.273
1416.64111 340.273
