2000.86704 3
110.07131 311.429
129.10211 19641.5
130.08609 3254.76
130.10503 1361.4
145.06056 526.621
147.11269 5558.85
148.11702 350.724
153.06548 456.406
169.09711 296.354
171.07608 595.966
173.05553 750.752
175.11816 988.943
181.06081 594.382
187.10748 1139.48
198.08707 1230.79
199.07129 699.011
215.10281 956.077
216.09770 1523.55
217.08191 1334.43
226.11786 672.64
226.15482 8854.5
227.06680 689.147
227.15784 1038.57
230.15019 620.122
238.11827 664.236
239.15031 371.649
240.13385 1893.43
244.16528 2901.12
245.07640 2063.47
250.68135 664.649
255.14569 470.55
257.19659 363.148
258.14316 759.801
265.13004 532.168
268.09210 1004.38
275.20715 1507.05
276.16635 475.885
283.13968 3341.12
284.14279 349.599
285.11923 1641.58
286.10294 317.013
296.06335 363.999
297.15271 321.461
297.19168 444.239
301.15045 1994.87
306.19684 2671.3
306.69803 786.932
315.17004 575.228
315.20193 2251.34
315.70340 803.642
323.63745 393.277
325.11514 295.584
328.11484 334.549
330.12811 509.303
337.15146 388.301
337.63394 360.697
343.12552 321.713
344.14487 343.354
351.13022 579.453
354.24936 2364.56
355.16306 530.79
356.10791 570.458
356.19131 422.086
363.71161 740.434
364.20996 353.743
367.16287 355.801
369.14020 1883.62
370.14218 465.576
372.25986 13663.3
372.71579 2839.23
373.17450 714.181
373.21817 937.699
373.26248 2497.34
374.11945 791.175
374.26190 296.622
379.15158 297.847
383.09531 339.303
384.18918 897.697
388.15686 400.014
392.67618 571.397
394.17038 394.914
401.21405 1420.94
412.18311 2103.11
413.18710 387.961
413.24442 1073.35
413.66357 979.325
413.74481 652.693
422.24976 6726.37
422.66827 541.769
422.75201 2922.87
423.25287 884.778
428.17645 588.909
428.67300 306.007
430.19272 4719.91
431.19806 648.343
433.16974 405.616
437.18164 942.313
437.68301 549.812
441.18362 1313.93
441.68097 1393.57
442.17560 1093.27
442.67535 415.91
448.21292 467.337
450.19016 3960.67
450.69138 1836.49
451.18857 602.583
455.18277 1696.86
455.68420 632.679
457.15048 362.159
459.17032 405.114
459.29297 644.179
464.18707 2223.4
464.68964 1085.94
465.19485 357.863
468.20358 525.062
470.23221 443.009
473.19080 389.044
479.76358 1712.41
480.16989 313.539
480.26544 749.874
482.18558 363.305
482.34579 619.075
483.29248 817.324
490.68091 397.167
498.18253 440.892
499.68768 1389.83
500.19244 969.321
500.35474 4438.02
501.35742 1121.24
502.21268 473.888
503.69260 463.428
508.69250 1498.22
509.19626 1230.19
511.22040 1113.07
511.71994 675.477
512.69476 3225.06
513.19446 1568.5
513.69336 621.851
517.22827 310.541
521.28320 393.406
521.70074 9569.77
522.20227 4723.47
522.70300 1399.36
527.20624 673.633
530.28754 998.31
530.78888 768.341
531.24609 313.86
536.92548 630.706
537.26068 679.966
541.22046 310.243
545.21899 5108.59
546.22101 1206.21
547.28156 530.023
547.78400 530.142
549.26898 476.408
555.79834 328.668
556.29041 777.316
557.23358 1314.38
557.73718 419.821
558.93243 448.17
559.23279 743.443
562.26233 376.692
562.94354 535.313
563.28253 466.154
564.60309 749.488
564.79767 1299.92
564.93951 1005.26
565.30414 807.578
565.60699 316.331
565.79926 360.307
565.94269 430.179
569.58264 1133
569.91632 629.901
570.60651 317.27
571.22772 570.692
571.61523 1193.58
571.73193 385.477
571.94769 1503.15
572.28894 634.808
572.61560 406.746
573.93402 326.617
574.26501 572.944
574.32385 599.917
574.59583 311.285
575.94635 595.543
576.28033 562.772
577.61951 882.752
577.95483 349.815
578.29163 583.6
578.94836 317.249
580.28339 419.101
580.59949 537.461
581.95074 1769.53
582.28448 1216.82
582.61737 775.545
583.23730 921.252
584.29535 350.164
584.62000 750.909
584.95081 1468.76
585.29272 641.009
586.26819 391.602
586.60156 331.98
587.27411 338.583
588.79956 562.223
589.29907 380.974
590.62231 4196.37
590.95673 3774.09
591.29376 2302.35
591.62305 533.428
593.31049 1882.54
593.80945 1048.25
593.95056 322.042
594.31555 380.382
596.62451 1807.33
596.95544 1766.43
597.25677 1360.44
597.59583 1031.73
597.80371 3939.06
597.93176 312.385
598.31006 3026.86
598.80481 861.274
599.31219 447.466
600.59375 375.04
601.24738 334.798
601.95288 437.511
602.61957 1321.2
602.95215 1196.05
603.28662 700.408
606.31537 1388.63
606.59802 405.657
606.81580 649.195
607.30029 474.733
608.28845 766.763
608.61890 760.846
608.94891 732.1
609.28735 436.831
611.38586 1487.58
612.38672 657.973
614.28961 2667.51
614.62299 2731.57
614.95691 1635.69
615.32733 858.747
615.82074 449.745
616.32660 771.793
616.96027 954.905
617.28699 1279.97
617.62268 1121.12
617.96338 347.783
618.28455 737.82
618.76331 752.917
619.33691 841.842
619.74493 328.126
619.82843 446.036
620.29395 7272.24
620.62659 6419.59
620.96167 4439.51
621.29718 1358.02
621.62427 336.387
622.96179 5960.49
623.29431 7056.93
623.62811 4156.24
623.96362 1826.3
624.30042 426.507
628.74701 1464.09
628.96436 21646.8
629.19458 335.165
629.29956 21990.3
629.63220 11166
629.74664 466.045
629.96680 4250.85
630.39868 1840.4
631.39618 397.407
634.96759 5396.23
635.30176 4669.55
635.63550 3402.75
635.97015 1212.52
646.26257 649.561
648.81750 735.466
649.32043 771.606
656.25000 1895.03
657.25140 616.57
657.83228 552.144
658.33038 514.878
661.63428 361.992
661.83167 590.208
661.95844 415.626
662.33997 356.198
667.25629 364.868
667.62585 1118.55
667.96057 934.254
668.31042 700.277
668.81024 625.334
670.83655 2198.63
671.34076 1348.56
671.84229 429.312
674.26086 7393.3
675.26270 1901.17
676.26617 544.104
694.26569 443.962
697.39026 791.158
697.79572 318.995
703.37506 378.451
709.30035 396.481
710.83392 361.961
712.27417 1013.44
713.27039 413.169
715.33887 1325.36
715.84229 948.613
716.33948 381.02
719.35028 707.955
719.83942 853.664
720.33417 582.765
724.24164 505.624
726.41431 2596.03
727.41174 1435.27
728.34839 3038.51
728.85266 2309.99
729.35803 910.761
735.36212 351.03
737.35492 637.688
737.86243 552.961
739.28693 379.664
742.25073 406.159
744.42371 16962.2
745.42792 6594.14
746.43134 1467.01
747.42285 374.61
748.30731 458.193
756.35498 532.126
756.86139 373.885
757.29779 1456.92
758.29932 374.044
761.85193 512.697
762.35516 666.193
766.31299 1765.21
767.31366 583.071
770.86041 1453.49
771.36102 1376.61
771.86273 443.856
774.86084 830.975
775.29144 1054.62
775.40112 377.366
779.86414 2236.76
780.36798 1439.13
780.86591 767.591
783.86707 3088.49
784.36725 2840.88
784.86798 1143.2
785.36108 321.092
786.34320 405.503
792.87231 4904.87
793.37451 4280.66
793.87476 2557.41
794.37109 525.377
795.87909 483.591
796.37946 579.423
796.86731 338.828
801.87860 1389.12
802.38074 688.898
802.88379 466.889
804.88397 1612.78
805.39069 1417.99
805.85791 583.229
812.38983 524.025
812.88129 361.566
825.48132 1056.57
826.32104 727.981
826.48358 425.854
827.31079 441.359
843.49298 6223.27
844.32739 1366.44
844.49567 2848.46
845.33344 674.635
845.49530 796.579
853.34729 5085.79
853.87170 525.053
854.34979 2032.38
855.35419 588.423
856.88519 897.881
857.39630 654.813
857.89191 589.142
860.89020 342.009
861.38623 360.211
861.89111 316.116
866.37799 359.969
869.89142 1810.78
870.39264 2115.2
870.89142 862.648
878.89819 1481.4
879.39612 1317.62
879.89246 755.193
880.39392 511.914
888.37976 364.445
901.34784 658.399
909.35364 339.633
927.36481 1337.35
928.37152 756.435
940.51263 1251.65
941.51251 571.134
945.37531 558.838
952.41321 1329.61
953.41522 616.04
956.35132 323.946
958.51953 6333.91
959.52161 3029.32
960.52191 731.021
998.36823 917.058
999.36664 526.176
1016.37848 3295.57
1017.38031 1602.13
1018.38855 555.611
1021.43707 2179.15
1022.44049 817.742
1024.38489 1056.44
1025.37317 686.045
1041.56885 561.182
1042.39441 5665.23
1043.39392 3326.94
1044.39697 923.83
1059.56299 905.535
1060.41248 1937.91
1061.41052 854.967
1079.41772 341.278
1093.55139 458.362
1094.54541 397.965
1111.56384 659.632
1112.56311 350.802
1119.41504 475.015
1120.41479 411.187
1128.58423 771.338
1129.59167 491.247
1141.47119 676.839
1142.46619 438.92
1158.38098 1498.33
1159.36694 590.912
1185.61292 346.5
1194.59888 846.88
1195.60559 482.268
1211.62256 690.758
1212.63440 525.981
1230.45740 442.2
1231.48022 450.033
1256.48950 1262.4
1257.49255 808.352
1274.50037 352.836
1360.52246 351.983
1385.53491 708.533
1386.52502 593.035
1513.62390 594.203
1514.62708 359.14
