2719.35341 4
110.07115 540.956
120.08060 2684.42
129.06570 1128.76
129.10178 1283.8
133.08589 813.419
136.07558 4826.15
137.07935 403.178
143.11772 691.425
147.07587 661.966
147.11272 1326.3
149.07448 533.775
157.09668 431.182
159.09143 2399.75
159.11307 509.211
169.13336 2211.38
171.11263 919.822
172.07146 3175.46
173.12827 1138.97
175.07120 986.474
175.11874 2870.31
183.14922 586.058
185.16452 2834.49
186.12315 1542.32
187.07088 874.295
187.14320 645.914
197.12837 2722
198.08678 626.601
199.18140 479.696
201.12317 1170.8
203.06610 1000.86
203.12051 501.765
207.11298 471.75
211.14389 798.991
213.15939 1888.47
214.11891 1118.39
215.13818 974.534
216.09756 876.863
219.14796 454.322
226.11855 880.304
229.11560 803.37
231.10558 576.553
233.16405 423.772
243.07823 393.893
243.12665 397.49
243.14708 1005.44
246.15588 4073.87
247.16129 386.075
258.10809 830.933
259.09183 721.445
260.19568 515.615
261.65485 922.038
267.14935 1455.07
270.18097 2613.54
271.13959 9567.27
272.14252 1219.94
274.10275 526.182
288.20233 455.219
295.14481 471.853
297.17462 416.237
302.11343 735.272
309.15512 1042.75
323.20770 607.474
324.15518 1187.34
342.21313 2385.38
343.22083 397.698
347.13867 671.008
357.15649 405.233
359.17551 534.09
359.23956 7053.58
360.24496 1050.14
370.20822 2155.31
373.28107 429.778
374.18378 409.387
376.18100 406.338
377.12955 517.162
384.22418 1079.11
385.15222 756.054
396.74515 425.256
401.23392 1441.26
401.73517 1813.57
402.17938 1980.27
402.23648 864.209
406.21417 513.291
408.22769 802.969
410.24069 1824.89
410.74203 1851.3
411.20609 1383.63
411.70926 755.301
419.71964 438.638
420.21365 1310.89
420.71292 606.512
423.22397 817.142
425.20233 788.46
429.72559 1811.49
433.72333 447.893
438.27011 408.566
439.75525 430.451
445.78003 661.94
446.74097 567.178
455.29764 624.176
455.74777 1066.58
456.25247 702.91
457.77448 589.185
458.26920 775.866
458.32077 627.72
458.77798 424.002
460.73932 3033.39
461.23880 1337.9
465.26431 1023.76
465.76523 999.173
466.26486 933.914
466.78107 847.672
467.28189 822.582
467.78293 512.451
469.74341 2442.57
470.24570 1212.99
474.26801 903.714
474.76959 1254.44
475.27148 613.384
483.29141 1620.91
484.22162 870.346
488.79153 671.884
489.28763 1890.33
489.78867 764.143
501.24820 1269.99
502.25162 509.495
502.32291 509.301
502.74243 631.955
505.18799 440.104
506.26312 422.927
508.31281 643.107
510.24750 585.681
513.21130 634.106
516.31989 668.598
516.81616 841.853
520.27875 667.228
521.80750 1493.02
522.30292 16926
522.80682 1003.72
523.30536 4649.76
524.25787 494.876
524.32031 505.338
526.28638 4040.23
526.78680 1853.45
527.29041 718.176
530.23706 1497.45
531.31055 944.805
534.29718 4069.08
534.79846 1229.76
538.28741 1743.41
539.29120 606.501
542.18701 1158.16
556.25787 658.945
564.34961 551.683
565.35510 549.479
566.76819 528.45
575.76251 1660.01
575.83197 2471.37
576.25604 557.085
576.33118 1903.84
576.83484 498.495
580.84888 437.108
581.34766 565.718
583.33679 3265.98
583.67010 1654.16
584.78314 917.955
585.27911 457.9
587.35107 1331.23
588.36084 531.331
593.34003 14058.7
594.34216 4624.65
595.34351 797.118
597.30322 628.363
601.39264 1017.21
602.40027 692.37
604.33252 1172.75
604.83374 845.309
612.28137 615.339
612.82758 691.382
614.33289 1010.25
615.33502 554.867
617.26575 692.569
623.76697 435.539
629.31146 1657.5
631.26215 539.535
631.38507 495.289
632.78668 484.462
636.22601 653.166
637.35754 1936.08
638.36304 708.183
641.79272 760.994
642.31610 459.039
650.30322 1497.27
650.80298 1085.67
653.31183 3268.95
654.31610 968.268
659.26483 590.511
661.35309 2452.1
661.85406 1251.31
662.36322 520.596
664.37830 9994.12
665.38202 3218.45
666.38507 639.915
679.37189 4637.76
679.69189 2379.09
679.87073 594.448
680.02478 1495.82
680.28302 2429.45
680.37390 2583.41
680.68353 615.128
680.85065 1085.37
681.34839 2665.34
681.80536 494.949
682.32214 788.3
697.32263 763.101
698.33026 1014.5
700.43347 2844.95
701.43756 1561.94
710.88593 3580.46
711.38959 2578.94
711.89166 1400.04
718.43378 672.25
719.43848 548.613
722.33661 680.978
723.33661 508.694
725.35931 713.845
728.41132 1529.3
730.43506 2134.98
731.43890 1166.66
732.44733 689.437
740.34448 1325.8
741.35413 869.078
742.37042 1057.52
752.38141 3175.77
753.38806 901.025
758.35181 442.634
761.39105 609.088
776.36584 633.554
776.85986 622.104
779.40326 9460.73
780.40649 3553.85
781.41064 1039.19
782.39502 713.984
783.39014 661.74
785.35638 1151.45
799.50671 1099.33
800.50635 471.746
801.36395 838.651
803.37970 584.153
810.41473 779.025
811.42175 1970.99
812.41461 824.24
819.48773 933.39
820.48846 544.332
821.40143 9240.31
822.40472 4369.86
823.40161 1137.9
825.98792 523.306
826.38647 799.716
827.47491 498.04
829.42200 507.326
834.90112 1708.24
835.40192 1758.09
835.91089 924.555
839.41455 12243
840.41638 5387.15
841.41974 1294.47
846.48254 869.153
847.48114 836.054
855.44714 717.537
857.46509 795.833
858.45813 1191.8
866.43481 11467.8
867.43750 4744.66
868.44299 1435.95
874.50354 1325.6
875.00879 689.93
877.50354 7254.48
878.50507 7171.41
879.50885 3660.37
880.52106 903.251
882.43774 628.045
882.93726 576.559
883.94623 545.504
890.56427 511.032
891.44794 856.274
891.95715 725.6
892.44110 626.53
896.47833 471.735
902.47296 645.67
910.48389 1057.97
914.54272 1425.71
915.54065 884.235
917.44623 972.237
918.44916 495.56
920.47186 6996.42
921.47736 3254.61
922.47626 1026.56
924.51196 742.615
929.52161 1365.36
930.52563 1864.39
931.51886 882.689
932.56531 512.304
933.56183 466.901
935.46680 785.788
936.44659 488.373
938.48145 26905
939.48444 12515.1
940.48822 3539.6
941.49744 666.915
946.04578 505.355
947.53204 1646.4
948.53473 1807.47
949.52704 820.44
952.50134 2396.39
953.46863 9324.11
954.46771 4022.36
955.07269 856.059
955.44037 888.167
955.60669 997.604
976.57257 4349.61
977.56775 7888.84
978.57202 3971.44
979.57239 1029.07
1004.47833 1587.64
1005.44733 672.891
1019.48816 1291.38
1020.48633 696.664
1022.49054 1575.77
1023.45093 454.74
1026.49231 512.348
1031.44067 846.93
1032.46667 486.506
1033.55383 1012.99
1034.55664 540.771
1040.49915 18621.4
1041.50256 9381
1042.50525 2451.13
1043.49902 569.844
1051.56628 16521.1
1052.56909 8832.43
1053.57129 2478.34
1054.58875 636.554
1060.62329 511.16
1061.61792 1121.97
1067.58728 1547.24
1089.65002 545.43
1090.65857 1506.66
1091.66211 577.223
1100.60962 1069.45
1101.63367 576.841
1132.52478 608.897
1133.51465 553.407
1146.46021 847.196
1147.46741 1179.18
1150.66040 1741.87
1151.50586 2261.84
1151.71985 725.104
1152.51514 1168.1
1153.54553 453.966
1158.53540 922.918
1159.52869 712.995
1168.55884 9755.13
1169.55908 5061.49
1170.56421 2088.36
1207.65381 1356.74
1208.66333 683.437
1224.64880 669.869
1225.65088 545.181
1245.52649 480.692
1246.54114 568.875
1260.55493 868.583
1264.57544 631.898
1281.57605 829.261
1282.58203 823.203
1283.57166 516.246
1299.59937 7462.2
1300.59888 4537.96
1301.60022 2165.59
1321.69788 1679.55
1322.70422 1440.95
1323.70325 447.273
1398.66333 483.457
1420.76221 743.989
1421.77258 720.607
