1719.82578 3
110.07106 3063.46
112.08669 1050.43
120.08062 987.485
128.10684 3145.63
129.06583 539.056
129.10202 5210.4
130.08641 552.184
136.06198 793.674
136.07556 2528.5
143.11703 502.568
147.11276 1021.17
155.11780 1545.1
157.10802 815.835
169.13321 457.029
173.08313 382.115
173.09628 589.01
173.10292 510.367
173.12810 85768.7
173.15834 465.818
173.16446 424.669
174.13165 6446.29
175.11859 6683.15
183.11212 1306.06
183.14903 1424.43
185.16417 451.029
197.12804 3485.37
198.13286 425.893
199.10745 2548.27
201.12302 33096.8
202.12686 2904.87
211.14345 1222.87
213.12320 597.698
215.13857 11984.1
216.14317 1092.29
225.12277 773.33
229.11784 3346.91
240.13307 400.667
243.13333 1497.34
244.16464 404.036
254.16116 1213.16
255.14487 1819.18
272.17126 60276.5
273.17429 6398.68
274.17432 498.277
302.17099 597.708
312.15439 1748.11
330.16550 19175.5
331.16846 3183.07
342.12863 4002.52
343.13382 548.274
355.20468 1761.27
393.87469 1148.31
394.20892 722.804
410.74313 516.513
415.25833 629.651
419.74759 7843.73
420.24908 3701.42
420.74933 658.467
426.53381 2865.84
426.86847 1493.69
428.75299 899.119
429.25635 478.528
438.27402 451.441
443.17596 815.257
443.25018 889.459
453.19370 465.783
454.72586 1261.25
455.22955 506.719
459.73105 695.955
460.23059 475.597
468.73724 2751.5
469.24182 1392.45
471.17117 3886.96
472.17532 685.535
477.26086 4650.37
477.76300 2269.78
478.26239 778.87
486.26929 555.605
487.75397 921.286
488.24225 473.345
494.28143 490.678
498.33792 932.513
504.27396 498.72
508.94675 525.805
509.28659 1105.59
509.61581 1504.07
510.28635 610.272
511.30948 1527.59
512.31482 419.876
515.29120 890.016
515.62506 847.681
526.24719 1450.99
526.75018 707.331
532.78125 440.081
541.61920 641.364
541.78253 2325.74
541.94934 744.058
542.28998 1635.36
542.78180 585.421
546.77740 574.04
547.27826 571.372
553.29633 482.402
555.77905 4574.36
556.28326 3143.54
556.78534 1000.62
559.31287 445.605
560.29889 802.978
560.79010 524.563
567.32379 1691.01
569.28809 584.12
569.79999 560.762
570.23749 1933.69
571.23779 747.446
572.29883 1318.18
572.79883 1133.92
573.24200 587.098
573.30963 972.403
574.24420 569.91
574.32104 1896.2
574.82483 768.685
575.31525 688.104
576.31531 1282.07
581.30334 5831.46
581.80005 7997.39
582.30078 3661.37
582.80084 1356.74
590.30780 69671.5
590.45154 417.723
590.53973 605.863
590.80969 44657.4
591.31177 15482.4
591.81323 2871.26
593.34961 901.605
595.75598 496.089
599.31323 9607.1
599.81549 5424.31
600.31744 2108.58
604.35358 453.504
609.28284 1834.21
610.37830 1506.18
611.37231 552.743
621.28271 621.251
621.79120 853.866
622.27979 499.396
630.28760 1317.91
630.79022 1772.01
631.28290 549.135
637.85193 524.933
638.34253 862.293
639.29620 24846.5
639.79791 14990.6
640.29919 5449.09
640.79962 1309.7
646.85040 12840.5
647.35168 9757.44
647.85272 2845.55
648.36420 870.092
655.85510 1667.67
656.36017 1067.48
656.85614 711.131
657.31848 777.072
657.83398 499.604
665.29742 522.824
669.29883 467.783
682.34937 1291.55
689.36322 444.182
691.32159 477.093
692.42542 577.689
693.36060 692.802
695.83887 2822.51
696.33881 2137.56
696.83881 591.598
702.36609 12869.4
702.86694 10084.5
703.36792 4179.18
703.87054 856.806
706.85706 1742.83
707.35950 1351.33
708.35474 1603.15
709.44037 1227.92
710.44794 455.989
711.37073 31768.7
711.87286 24384.1
712.37360 9493.32
712.87317 2057.9
720.37616 3727.82
720.87915 2521.61
721.38373 1193.29
751.35217 2400.14
751.85229 1745.88
752.35754 1027.8
760.35974 2999.09
760.85046 1648.69
761.35358 1024.35
763.40259 1030.59
763.90253 1274.56
766.41290 1411.96
767.40851 464.946
793.38666 446.213
807.42218 1107.56
811.39532 1178.76
811.93091 622.25
821.46082 607.64
825.41101 1716.23
826.41779 722.999
837.44574 1691.09
838.49084 1411.51
839.49646 817.095
880.45502 883.13
890.43683 612.763
891.43726 697.495
908.44580 28385.8
909.44812 14374.6
910.44928 3390.27
911.48749 866.281
926.44543 444.505
936.47998 1914.51
937.48291 954.031
953.51465 2483.95
954.51758 1412.43
974.50464 1343.32
975.49738 625.216
1005.49603 775.656
1006.40417 1467.88
1007.41211 646.166
1021.53033 3867.87
1022.53235 2602.2
1023.52521 1228.55
1024.52808 604.816
1040.53650 905.518
1041.54248 482.083
1051.49878 1084.36
1065.53687 1173.7
1067.53699 1092.52
1068.54663 576.586
1082.55420 2221.31
1083.55884 1237.85
1084.55469 451.857
1093.54077 443.746
1111.55518 983.995
1119.58301 500.052
1132.56067 4361.9
1133.56348 2673.4
1134.56384 753.944
1137.58582 1601.58
1138.58594 983.634
1150.57068 10278.7
1151.57373 6829.64
1152.57751 2372.74
1153.58923 552.597
1162.58997 1497.77
1163.57507 821.049
1179.60986 5787.85
1180.61694 3397.53
1181.61426 901.099
1248.54700 590.563
1249.64941 446.642
1277.58972 1993.18
1278.58496 1389.23
