2823.36831 4
110.07106 1625.98
120.08055 10061
121.08385 825.444
129.06563 1913.81
129.10188 1977.98
132.07628 1376.71
136.07556 18228.6
137.07874 1948.34
143.11775 760.086
147.11285 1331.43
157.13335 1212.77
159.09131 742.163
173.09164 965.09
173.12807 1026.91
175.11862 2784.23
183.11395 831.326
185.05479 663.148
185.12811 1349.12
187.07141 521.334
191.11758 5047.54
197.12910 691.523
199.18039 2824.17
200.13911 1791.36
201.08691 1855.74
201.12347 2049.74
203.06668 554.424
214.15344 646.721
215.13860 1230.85
219.11241 4624.51
221.09172 1985.97
223.10747 5359.99
226.08206 1315.76
227.17465 1442.88
228.13387 1303.73
231.06116 1088.09
235.11978 636.265
242.14986 1030.48
243.10838 7011.66
243.13609 750.131
244.10710 684.692
247.10739 5077.55
248.11090 555.738
251.10220 1923.03
258.10797 2847.49
260.19574 589.712
262.13858 737.752
265.11786 3475.54
273.65561 525.365
275.10208 2426.37
292.12836 859.592
297.11996 691.248
298.21152 636.903
308.12381 2825.93
311.17056 1018.66
314.14584 2172.59
314.20911 559.36
321.15549 534.426
324.12976 647.051
329.17834 580.757
333.15469 2851.14
338.18317 620.66
339.16461 1153.57
341.21808 781.783
344.19467 804.46
346.08670 850.274
346.17422 696.732
350.18207 3157.92
356.19238 3542.64
372.19226 686.718
378.70563 742.756
379.16183 1530.94
380.16302 549.246
387.70941 1577.18
390.12823 1603.01
410.20667 947.219
411.15927 888.026
421.17215 1566.61
427.22903 1535.14
439.15671 2231.92
444.18445 1210.53
446.24036 888.659
460.23547 1149.79
460.73721 1036.95
461.21304 8410.78
462.21915 1718.2
469.27881 1020.05
480.20612 770.198
490.19250 807.501
497.75275 2051.09
498.25311 1424.17
506.24609 1252.6
506.57764 835.397
508.20514 1841.2
523.28894 719.19
524.24298 941.531
529.27380 2484.43
530.23041 682.638
533.27045 675.775
534.30243 30194
535.30573 8930.75
536.31085 1305.06
539.78693 5612.43
540.28906 3081.94
540.79211 1073.17
543.93787 2377.13
544.27283 2956.32
544.60419 1231.17
545.27332 589.242
546.30457 2697.73
547.30396 1027.59
552.24091 1641.39
557.26923 3520.13
558.27087 1009.38
574.29749 9461.16
575.30035 2940.03
580.94836 4740.03
581.28174 5172.78
581.61578 2291.73
581.95105 634.06
586.95636 906.36
587.28235 630.434
599.31226 2547.03
599.80658 1193.21
603.27692 756.76
604.27856 774.388
608.31635 9192.72
608.81830 7132.6
609.32074 2393.12
609.81885 638.587
610.34131 1027.34
610.69019 643.928
610.94702 685.705
611.03174 682.885
611.28455 818.631
616.30872 816.936
621.28668 1637.63
623.97235 683.225
626.28894 814.576
629.63812 1802.65
629.97150 1101.12
630.30804 1371.94
635.27057 589.49
636.30133 627.343
642.36182 1326.63
643.31348 1933.88
644.31732 1230.92
649.33636 2638.22
650.33899 895.205
653.33435 899.437
657.32440 730.851
659.31427 582.56
665.83020 2810.93
666.32959 2426.9
666.83307 1148.26
667.04175 2128.77
667.38062 2783.7
667.70984 1994.51
668.05096 599.281
670.35938 3062.5
671.36273 1122.44
673.30365 647.025
681.27264 721.894
682.33258 808.303
683.82043 754.488
683.99371 2759.83
684.32855 3600.85
684.66077 2565.42
684.98981 740.856
687.38312 4157.62
688.38800 1430.01
692.34662 836.099
692.84161 747.539
701.34869 12102.8
701.84991 8919.82
702.35138 4252.48
702.85278 862.887
704.39514 604.911
705.35840 1534.06
705.84906 1093.77
706.00824 625.54
706.32391 3004.07
706.65613 888.393
706.83258 3003.82
707.00610 759.161
707.33337 3640.06
707.66656 928.528
707.82251 1493.48
707.93573 699.971
710.05792 1021.17
711.34015 637.172
713.00177 1403.17
713.33563 1195.85
713.66937 1284.91
714.00720 645.419
729.06396 2682.33
729.40039 2715.96
729.73413 1701.33
730.06360 733.631
734.38507 706.862
737.37439 683.848
737.69897 869.6
738.03357 817.891
738.36420 633.447
739.37488 1312.47
740.37946 852.167
745.02783 784.619
749.85852 1430.28
750.35193 1820.12
750.69849 1151.43
750.85199 1187.53
751.03412 1572.18
751.36145 1293.09
756.40411 4090.35
757.40283 2765.38
758.39606 1278.35
758.86182 32089.3
759.36224 26494.3
759.86322 12971.8
760.36420 3862.46
760.86908 1154.57
761.36609 656.779
765.35535 717.333
767.40900 1314.15
767.73651 939.422
768.06836 1555.49
768.41083 878.276
770.87720 1200.31
771.38062 894.854
774.41168 2851.24
775.41736 1577.59
776.41455 678.273
777.42969 1211.28
780.37823 945.757
780.71490 1626.24
781.05127 1008.64
781.37946 1317.25
788.37402 654.486
789.40387 929.189
800.08032 672.882
800.41724 731.486
805.74384 946.732
806.08246 2171.96
806.39502 2193.29
806.89648 1060.39
807.39081 1205.63
807.94269 1871.06
808.45087 1288.85
808.94763 729.328
809.33759 1609.42
815.40393 26431.3
815.90424 26864.3
816.40515 12781.4
816.90753 4157.99
817.41370 964.459
818.40210 1162.68
818.74097 1690.8
819.06995 1105.34
819.42078 622.381
825.41290 1411.3
825.74261 1016.77
826.07935 692.778
826.40894 806.476
831.41028 864.586
838.08636 1242.56
838.42078 941.07
838.76056 1009.79
839.08716 788.287
840.38995 648.216
842.08484 971.647
842.42676 1220.31
842.75073 968.124
844.09277 1484.76
844.42401 2600.14
844.75476 1563.59
851.42615 1113.95
852.41077 627.291
861.39996 667.065
863.42438 804.746
864.50189 1135.72
864.98425 1749.5
868.39545 1297.66
869.39337 806.031
870.91870 4140.6
871.42053 5198.94
871.92133 2198.16
872.41742 1237.49
879.92438 19882.4
880.11340 876.336
880.42743 18679.6
880.92505 10261.9
881.42761 3384.35
883.41077 683.588
897.42938 624.579
915.00879 6890.99
915.42029 7567.8
915.92743 7861.1
916.43225 4752.98
916.93494 1255.62
917.44098 625.038
919.46381 624.754
920.46051 1225.37
934.94891 2744.49
935.44897 3443.16
935.94128 1924.27
936.44940 1012.24
937.46130 1270.52
943.95258 29623.9
944.45551 29092.7
944.95636 17696.9
945.46039 7067.33
945.96808 1991.57
946.47711 687.774
947.80957 734.597
959.47278 714.419
964.51697 813.199
972.05768 751.045
972.41400 618
976.48108 1331.22
977.47241 1569.81
981.51917 1721.6
982.52502 1069.31
983.40961 2157.8
984.42004 1285.61
994.49554 2620.82
995.50336 1922.75
996.49268 897.035
996.98877 708.545
997.49463 710.209
1000.06110 3063.96
1000.55927 4167.79
1001.06226 1997.55
1001.56226 1432.78
1002.05591 677.368
1016.47406 654.861
1016.98016 915.392
1020.52917 720.198
1025.48621 9625.1
1025.98718 9243.99
1026.48560 6464.07
1026.98059 1774.49
1027.49585 1103.51
1048.52136 644.723
1051.98486 801.411
1059.41870 713.915
1059.99683 1622.9
1060.49622 1766.45
1060.99927 1270.47
1064.60010 658.567
1065.53809 1439.12
1066.53650 1031
1069.00085 14013.1
1069.50208 16786.6
1070.00659 9359.02
1070.50842 5132.29
1071.01147 2159.23
1078.56616 14384
1079.56909 9413.15
1080.57178 3139.13
1093.08337 639.792
1095.50708 678.446
1096.50159 2705.9
1097.50684 1753.78
1116.53186 743.898
1117.04529 995.515
1125.54260 5615.19
1126.04419 5735.55
1126.54370 3951.89
1127.05042 1725.61
1127.54443 638.166
1131.55017 612.434
1172.53113 706.077
1177.55957 881.036
1182.08301 1855.36
1182.58679 1740.82
1183.08704 1384.99
1183.58154 795.017
1194.57581 1219.72
1195.58179 1264.64
1207.53760 628.835
1215.63159 2653.64
1216.63062 1659.15
1217.63489 812.478
1225.54846 2107.9
1226.53601 887.594
1296.57898 996.129
1297.58032 739.904
1353.60144 3015.94
1354.61230 1821.28
1401.70923 620.537
1516.69836 794.364
1517.70569 666.861
1603.70410 890.908
1604.67920 886.949
