2365.33207 3
110.07100 368.143
116.07017 501.457
120.08054 968.346
129.10197 772.339
136.07545 519.875
147.11223 278.5
157.13298 390.07
159.09091 182.011
173.12836 216.903
175.11845 756.552
185.12804 417.907
185.16438 302.872
187.07089 543.993
187.14476 189.058
199.17996 311.053
201.08667 291.588
201.12331 325.261
213.15987 382.537
215.10114 244.014
215.13811 336.166
221.12762 454.377
227.10237 392.109
227.17502 258.572
235.10649 261.264
245.07632 209.089
249.12332 358.778
258.10843 458.884
272.13858 194.11
289.16122 576.483
302.09747 473.462
310.21173 286.652
316.11429 303.451
387.18359 196.091
402.24564 969.698
403.24802 210.348
438.30695 620.624
490.29507 276.935
501.31302 1643.64
502.31616 427.507
527.28040 472.19
551.39032 667.801
552.39227 285.271
614.39716 1223.27
615.40210 320.919
625.85437 226.688
626.35284 256.314
653.34814 234.22
654.80841 328.243
664.47589 859.284
665.47510 258.037
690.37292 279.008
690.87158 350.651
715.44275 1643.06
716.44861 615.178
725.89130 290.099
735.51093 653.229
766.43597 686.881
767.43549 245.592
788.48920 544.77
788.97778 357.386
789.44519 942.51
790.37189 397.711
790.46997 258.198
802.47583 4404.55
803.47723 1817.99
804.48181 241.379
864.55548 388.968
865.47845 277.485
866.50464 264.987
868.41431 411.589
868.91052 351.73
915.56134 1880.03
916.56250 927.776
924.94989 292.32
964.57349 277.943
979.58362 1527.76
980.58417 755.142
986.59576 1311.61
987.60077 764.785
1039.49561 256.683
1049.44751 213.216
1078.65222 801.14
1079.64795 341.123
1150.45154 262.092
1172.67017 362.577
1173.66199 404.805
1186.69312 227.492
1192.67346 328.139
1193.67957 808.208
1194.67932 494.731
1250.70129 487.827
1251.70044 330.541
1287.70068 490.718
1288.68579 239.52
1379.73621 281.21
1380.76147 225.503
1450.78015 542.319
1451.78064 503.987
