1570.68791 2
110.07111 2358.61
112.08659 2550.57
115.08633 2519.63
120.08024 1423.04
129.10182 6165.84
130.08644 959.005
136.06154 3264.51
136.07510 1901.59
141.06544 1078.32
143.08153 4427.99
143.11751 40551.7
144.12074 2754.94
147.11263 1355.02
155.08202 1221.1
157.10762 1266.23
157.13312 9343.77
158.09203 3523.12
159.07590 1886.03
159.09171 991.816
169.13297 2741.29
171.11244 37091.2
172.07137 876.533
172.11586 2425.8
173.12772 7694.31
175.11848 18520.7
176.12354 1110.16
183.14848 1056.56
185.09105 1084.26
185.12791 17206.6
186.13318 925.853
187.07094 5776.62
187.10748 972.772
197.12799 4373.82
199.07080 1937.53
199.17999 1803
200.10268 2144.8
200.14014 1013.04
211.14301 1191.55
212.10262 2280.57
213.08679 1243.94
217.08104 2590.89
225.19519 1092.67
226.11855 1045.52
227.17564 1019.44
228.13318 1493.78
230.07599 1026.14
239.17473 7870.13
240.13335 2084.34
242.14937 7386.75
244.11064 2141.97
245.07619 6651.95
253.19000 2085.42
255.10739 1862.22
256.16476 2750.3
258.10764 5384.59
258.14395 1193.66
266.18668 2288.42
268.16422 1883.92
269.12323 950.692
272.10590 2697.21
272.13464 3914.33
284.19614 36311.5
285.19418 5222.65
289.16153 3274.35
295.17465 1063.13
296.08868 1075.66
298.13770 1049.81
300.15482 1579.79
302.09808 1659.03
310.21194 4454.54
311.16669 1796.02
312.13046 1989.95
313.18619 6295.78
314.09756 3342.23
316.11331 2584.16
326.17059 998.92
327.16418 943.23
327.23907 2839.86
329.15433 3661.81
332.10660 2564.38
339.20105 1045.91
346.18216 14434.9
347.18390 1519.35
353.22134 1109.64
355.16092 1485.94
355.23334 6245.78
357.16907 959.211
367.12299 1088.17
369.16592 955.101
371.19278 3436.59
381.24799 1275.22
382.20734 1481.99
385.13501 2354.46
387.15298 1379.89
397.17712 995.25
398.14606 912.767
398.27536 2907.7
403.14526 1653.26
413.16809 1253.8
414.20193 1914.84
424.25278 1026.01
426.20126 925.579
438.19449 1437.92
439.09888 1174.27
443.16974 4182.46
456.16888 1354.18
458.21530 943.422
460.19659 5218.88
474.17749 1177.63
477.22290 21344.4
478.22507 4097.69
484.20282 1550.53
486.21750 1006.99
493.24191 1133.04
503.19843 1149.13
526.20831 1190.05
542.24457 1153.21
543.23303 4430.4
555.23883 1296.7
556.22937 7315.88
557.23822 2150.06
560.25940 11436.5
561.26074 3202.48
573.25214 1332.94
582.24969 1343.78
583.22681 3901.38
584.22833 1085.49
599.26990 1387.75
600.25409 9177.6
601.25714 2043.14
617.28052 45567.2
618.28406 11052.1
619.28387 1982.66
635.29236 2854.79
672.32648 1543.23
698.34637 941.035
699.32562 2209.57
715.25507 1989.38
716.34961 18558
717.35034 5698.74
718.35291 1142.5
734.36163 1774.02
735.35767 997.412
744.34906 1269.54
759.35516 2196.89
760.35425 1335.21
785.36841 4271.83
786.34802 2129.06
787.35535 1658.63
803.38037 37655.1
804.38385 13200.7
805.38037 2524.43
821.38947 5628.65
822.39301 1806.92
870.38593 997.072
888.39771 2335.86
901.35846 2414.66
914.41321 11347.8
915.40802 5549.35
916.40552 1231.04
932.42303 35105.3
933.42413 14753.9
934.42371 3143.32
950.43427 4538.25
951.43402 1633.05
1003.42371 2618.5
1012.41058 1393.9
1013.40863 986.739
1029.43701 3845.21
1030.42664 5023.32
1031.42224 2162.9
1047.44836 31391.1
1048.45117 15124.4
1049.44934 3812.49
1065.45898 5616.61
1066.46436 2754.89
1074.46667 2103.36
1075.46729 1535.94
1100.47290 4180.89
1101.46265 3880.69
1118.48694 33581.8
1119.48779 17854.1
1120.48438 4047.03
1136.49731 7161.99
1137.50122 3597.23
1138.50049 1331.98
1145.50488 1759.73
1146.48938 1279.66
1153.60071 2426.95
1171.51404 3667.16
1172.50647 3079.03
1173.50964 1345.86
1189.52319 26134
1190.52356 14353
1191.52539 3552.4
1207.53235 5987.83
1208.53308 2998
1302.60571 4893.68
1303.61145 3292.27
