1996.01200 3
120.08036 9433.16
125.10698 1306.2
129.10205 1237.1
136.07535 45399.2
137.07864 3729.81
142.12230 12580.6
143.12573 1036.27
152.10664 2672.5
159.09113 793.372
169.13326 2353.78
175.11841 12044.4
176.12311 727.946
185.16441 3905.2
187.10652 2329.47
187.14357 27136.8
188.14719 2865.35
197.12796 7913.88
201.12242 723.131
213.15897 2671.66
215.10172 3794.1
215.13846 16254
216.14229 1527.2
229.11798 846.6
233.16412 3129.19
234.16801 735.975
235.10718 6698.91
235.14355 20015
236.11125 908.836
236.14696 2361.76
237.12283 15867.1
238.12605 1643.4
247.10765 1602.41
251.10396 679.051
252.14473 1027.08
261.15881 6083.06
262.16217 960.275
263.10168 16825.7
263.13837 8347.89
264.10529 2247.41
264.14139 1048.38
265.11761 10297.7
266.12250 1565.24
279.09659 3289.32
295.15042 1393.71
312.17712 6039.05
313.17902 948.729
315.17212 725.797
315.20441 854.437
331.16733 1041.77
331.19846 1143.87
334.17520 1058.96
334.67676 1642.12
346.14334 834.867
346.17001 831.435
348.19055 1077.72
358.17639 785.283
360.19189 8771.78
361.19501 1694.99
362.16983 12634.3
363.17346 2915.05
364.18240 1904.4
365.18985 895.106
376.18588 20435.3
377.18854 3864.8
378.16525 19427.6
379.16818 3866.39
384.21002 1346.14
405.19897 697.026
406.18140 682.02
422.22552 1353.9
423.20773 2321.49
425.26123 1040.53
426.16431 1208.21
427.25217 748.666
429.25165 1224.09
440.23523 24874.8
441.23767 5207.83
441.72443 1362.05
447.26105 3311.85
449.27454 949.153
457.24652 1133.57
459.22202 1362.71
461.19980 1456.42
466.23419 678.362
475.25360 13125.2
476.25702 2915.14
477.22601 1259.37
479.21210 4112.97
480.21097 2072.17
489.19568 1170.19
491.24963 1992.38
494.22818 818.474
497.23779 5281.96
498.23810 1388.96
509.19968 1811.57
523.25342 4047.74
523.75604 2134.45
525.23236 4272.46
526.23541 1317.89
538.23315 1765.34
539.24683 3362.12
540.24982 680.48
554.30328 1647.79
555.26093 16772.2
556.26282 4006.38
557.26532 777.241
558.29309 842.763
572.78760 2346.7
573.29163 1406.81
574.33099 1539.31
580.27539 708.507
585.31775 729.262
590.32050 1030.67
592.30194 1394.47
593.29657 2299.2
594.30426 851.708
598.28113 1019.66
603.31226 824.599
608.26538 2312.83
610.32245 3235.05
611.32355 1246.45
622.28558 2121.19
625.34113 2794.13
626.27844 2282.1
629.33209 3011.9
629.82928 1039.83
638.31622 6177.77
639.32245 1651.4
640.29608 869.528
651.32001 1490.9
666.30731 1264.1
667.33356 1889.55
668.34509 23010.4
669.34906 7730.93
670.35480 1198.34
693.36591 1039.16
702.37256 986.501
703.36230 1085.1
711.36609 908.475
715.32489 716.09
721.35461 4584.98
722.35419 1725.64
726.38806 5616.24
727.39124 2403.69
737.38281 1549.93
739.36273 3716.73
740.36621 1520.68
750.38995 1371.84
751.39789 699.095
760.37354 1260.64
760.87952 1304.92
767.41339 26798
768.41577 10315.7
769.41968 2047.91
801.44867 2438.23
810.41162 1024.93
810.91992 757.518
814.39105 1049.96
834.44110 1562.98
835.43817 783.983
838.42975 980.699
839.46729 2126.47
852.43573 1119.15
864.43445 791.229
865.41632 2710.98
866.41510 913.601
882.44110 33140.3
883.44305 14776.4
884.44342 3805.62
891.40906 948.961
891.94495 743.056
933.50012 849.83
959.49463 862.201
971.55951 1368.18
1027.49353 1809.14
1028.48059 4828.2
1029.48450 1965.45
1042.50159 3709.97
1043.50415 1943.2
1044.51685 793.136
1045.50232 73966.3
1046.50537 40769.2
1047.50647 12412.5
1048.50977 2435.21
1055.48682 784.662
1084.53577 1258.61
1126.56213 834.127
1127.54932 1791.61
1128.55127 1406.64
1144.56970 41461.9
1145.57397 26301.1
1146.57849 8366.71
1147.58777 1565.82
1155.58704 1378.65
1156.59546 762.387
1257.65540 16547
1258.65833 10502.8
1259.66138 4139.05
1404.72998 4858.01
1405.73242 3337.23
1406.73096 1537.11
1519.74890 7419.78
1520.75476 6307.06
1521.76208 3133.42
1618.82214 1303.34
1619.80896 1565.71
