2906.58925 4
120.08071 3226.49
121.08398 273.213
129.10223 3007.72
130.06523 235.54
130.08685 216.202
131.11769 427.705
136.07571 3887.46
137.07927 327.01
147.11327 371.68
159.09134 658.707
173.12848 382.63
175.11891 1446.86
183.11278 238.242
193.09718 11916.9
194.10095 1084.93
197.12836 482.595
199.18037 2073.76
201.12346 552.327
208.63435 334.105
212.13867 291.737
213.15976 292.37
214.15463 1593.43
215.13966 531.275
221.09198 8673.32
221.12863 230.885
222.09540 992.466
225.12370 403.665
227.17551 1185.91
230.14999 1648.7
231.11279 212.281
231.15166 207.221
233.16498 930.356
242.14983 4320.8
243.15096 595.689
249.12396 283.68
249.16025 367.666
261.15942 856.199
277.15350 275.71
286.15189 485.079
289.15466 1332.4
303.17755 1547.82
334.17599 10538.4
335.17917 1949.41
355.23349 3479.65
356.23767 632.251
362.20740 393.96
372.19135 265.1
377.21960 564.942
379.23074 357.219
389.21783 462.916
402.23795 318.077
416.26157 3578.23
417.21780 331.068
417.26450 585.555
419.26587 628.107
445.20761 536.73
447.26025 1953.03
448.26251 378.263
462.23468 393.23
468.31854 427.958
472.24893 238.446
472.29758 256.795
473.23572 353.79
490.26459 260.002
502.30383 435.738
515.32953 4495.65
516.33221 1320.68
547.32489 391.732
557.30951 309.048
558.29224 588.44
559.29346 227.61
561.34351 222.127
575.31519 862.949
576.32001 364.149
585.34070 262.996
603.35229 336.728
611.33722 409.954
611.58765 998.838
611.83759 733.551
615.00427 689.289
615.33130 634.745
615.67078 503.737
626.35950 261.964
644.37250 5951.26
645.37610 1946.16
646.37903 389.817
657.69946 1842.37
658.03400 2430.96
658.36707 1330.12
658.70404 377.69
659.03516 261.608
660.41040 350.398
686.40979 1404.38
686.91040 1027.01
687.41278 726.729
688.40515 1124.09
689.40601 462.959
691.38660 1125.4
691.71552 1134.49
692.04999 678.403
692.39386 312.616
714.88971 334.427
718.89868 253.481
722.39484 298.981
722.90479 336.723
723.15033 434.42
723.40546 675.408
726.41071 854.978
726.84216 291.671
727.01343 500.372
727.16888 257.483
727.35706 1665.41
727.71460 308.553
727.82776 530.418
727.99945 446.556
728.38074 1124.77
728.71295 341.812
728.82001 371.426
729.33667 394.369
729.44464 381.384
732.37659 273.821
734.73529 405.917
736.91217 247.546
740.40576 6041.93
740.73901 7697.85
741.07257 4658.54
741.40509 2108.36
741.73969 884.123
743.91821 290.475
744.42590 289.984
757.45667 2068.22
758.45929 785.546
772.09644 489.175
772.42651 867.172
772.76117 545.904
773.09076 284.332
778.09924 8425.49
778.43268 11077.8
778.76685 7776.98
779.10095 3848.14
779.43274 1655.35
779.77313 353.047
788.41882 465.604
788.92047 355.438
807.95300 779.404
808.45294 825.919
808.96295 362.351
809.10626 551.559
809.44910 929.074
809.77344 391.857
810.11115 369.589
814.77997 4314.54
815.11316 12391.3
815.44635 13698.7
815.78076 9980.61
816.11493 4066.98
816.45197 2119.64
816.80212 486.411
820.78430 8033.19
821.11847 11664.8
821.45416 10439.8
821.78766 4664.08
822.12378 1770.79
822.46259 590.328
825.46759 266.807
826.38342 241.159
835.46881 403.808
837.45117 441.075
838.46790 296.555
843.94379 389.426
844.45465 375.044
845.45203 258.675
846.79968 662.84
847.13708 904.557
847.46869 850.292
847.80621 489.67
852.47137 723.333
852.81342 1015.48
853.14221 812.91
853.46869 825.526
853.81287 389.403
858.48041 12974
858.81354 18677.8
859.14777 15048.1
859.48163 8117.3
859.81396 3810.46
860.15002 998.126
873.47211 818.811
873.97766 667.799
874.48126 577.882
881.41309 362.91
890.50549 1063.92
890.83307 979.107
891.17096 886.583
891.50427 604.958
892.49860 444.399
896.17499 9198.3
896.50964 14042
896.84302 12018
897.17572 7010.94
897.50946 3421.21
897.84326 881.529
900.48016 356.847
901.49255 287.617
904.52631 543.905
909.00061 366.094
909.49249 1065.66
909.99414 558.226
910.49854 321.775
912.99750 321.888
913.48938 538.427
913.99036 764.556
921.99860 19331.5
922.49908 20636.8
922.99854 11556.7
923.49878 5409.79
924.00055 1133.26
924.50574 476.954
930.94617 437.2
931.45532 366.144
936.52948 264.785
939.47076 321.291
940.48315 283.846
941.45966 338.501
945.50781 310.58
945.99957 455.187
948.50476 278.846
949.00983 305.052
950.53540 370.267
965.52924 792.151
966.03113 932.642
966.53955 330.292
967.02917 319.179
973.52881 510.395
974.02063 325.623
974.53052 308.609
980.50519 525.923
980.97528 474.52
981.50220 296.612
986.04639 3186.49
986.54706 3185.63
987.04492 2041.37
987.54633 810.319
988.04480 1010.28
988.55786 614.184
989.04382 368.286
1002.04333 2279.5
1002.54474 2463.65
1003.04364 1566.78
1003.54370 729.509
1028.06689 373.639
1030.55725 409.116
1031.06506 380.191
1036.56897 5514.48
1037.06982 6212.69
1037.56909 4253.44
1038.06982 2006.21
1038.57642 447.739
1061.57666 417.662
1062.07825 512.663
1062.58716 383.069
1067.58594 265.318
1071.57239 264.61
1075.57361 2648.6
1076.07898 4131.82
1076.57983 2534.62
1077.07861 1334.23
1077.58752 542.48
1080.07153 271.942
1086.60547 494.134
1087.09424 413.416
1087.61792 345.712
1101.59851 566.367
1102.10364 399.059
1110.10388 7629.84
1110.60547 10274.1
1111.10522 6566.44
1111.60632 3716.53
1112.10510 1228.5
1112.62268 291.634
1132.12268 1128.64
1132.61987 1220.28
1133.11475 901.858
1133.62134 596.877
1158.14026 289.768
1158.63940 253.465
1166.64661 3317.52
1167.14697 4698.5
1167.64978 3723.89
1168.14441 1785.22
1168.63831 616.923
1196.64294 1673.43
1197.14185 2395.17
1197.64099 1750.18
1198.14026 847.769
1198.62976 396.652
1215.71216 518.268
1216.71130 528.016
1222.15210 308.175
1222.67053 250.683
1230.67334 477.764
1231.17896 791.812
1231.67444 612.623
1232.18335 289.926
1246.17480 271.79
1246.67627 495.399
1315.67981 367.167
1316.69104 314.223
1328.66589 341.854
1329.67932 296.809
1462.76929 250.329
