1850.96916 2
110.07106 1033.86
115.08636 613.015
120.08070 5020.86
121.08391 426.006
129.06615 733.245
129.10222 4240.1
130.06503 3978.68
130.08636 1036.05
131.06883 377.709
132.08070 1151.73
133.08508 301.28
136.07558 1263.08
141.10234 1070.08
143.08157 1418.39
143.11781 886.826
144.08061 1038.65
147.07680 363.557
147.11281 3521.51
155.08154 331.012
157.09718 1391.12
157.13339 1729.74
158.09181 426.401
159.09160 13086.5
160.09499 1212.48
168.08076 425.258
169.09705 579.009
169.13292 404.385
170.05994 2034.68
171.11296 715.943
173.12787 371.955
175.11902 2456.53
183.11267 682.366
183.14951 466.165
185.10686 483.048
185.12840 4032.71
185.16534 655.505
187.08650 4057.46
188.09058 368.117
196.11243 437.684
197.12843 988.349
198.12772 1624.46
199.10835 507.637
199.18033 1789.03
200.10251 1028.19
200.14334 5740.04
201.08714 620.081
201.12343 894.129
201.14780 740.254
210.12766 738.296
211.14400 901.49
212.10309 635.112
213.08769 546.467
213.12469 534.373
213.15886 584.816
214.11911 1021.67
215.13846 802.568
216.09824 472.236
217.13643 377.32
219.11276 328.812
226.11877 859.971
227.10388 628.643
227.15472 3552.86
227.17462 2745.49
228.13422 1887.41
228.15822 368.52
229.11781 1554.46
230.07776 402.181
230.12978 935.665
231.11218 1445.91
233.16489 1709.25
240.09775 1616.21
240.13432 377.333
241.08188 2128.15
242.14964 1240.91
242.18648 514.23
243.13272 399.584
243.14827 404.971
244.09265 546.894
245.13135 461.046
248.13979 755.233
249.12357 1655.57
253.19099 707.265
254.14926 765.885
255.14926 11727.1
256.14648 1232.09
256.16797 2554.87
258.10779 2731.85
258.12518 2605.02
259.09128 1768.31
259.10834 1650.88
260.19711 2192.96
261.15918 1018.84
268.16632 476.223
269.12329 356.839
270.18130 415.582
271.14066 1453.96
271.17633 1077.45
272.17575 26997.5
273.17886 4337.28
274.18375 399.403
276.13458 1378.51
277.11810 3557.4
278.12201 548.723
282.18039 1249.9
283.14362 2377.76
284.13968 358.546
284.19800 324.113
286.13858 1527.49
294.14554 366.498
294.17999 362.363
296.19583 319.937
298.13989 472.574
298.21222 2429.02
299.17102 1180.97
299.21060 555.515
300.17056 16064.3
301.17365 2461.88
305.16135 403.809
311.13519 369.951
311.17148 507.062
312.14920 364.701
313.18643 555.795
315.16675 342.731
324.22714 654.697
325.18671 694.044
326.18912 1063.57
327.20407 1248.5
329.16019 2419.82
330.18939 309.263
339.17014 501.58
339.19962 445.82
340.23770 614.645
341.22552 373.28
342.21423 807.445
343.16302 358.635
351.13104 432.248
354.17819 432.194
355.23041 380.641
356.22934 600.803
357.17795 1366.04
359.17258 459.731
360.15619 694.186
368.23312 1257.72
369.14032 2870.78
369.24905 630.335
370.13928 404.12
370.20944 996.266
371.20789 2070.14
372.18796 971.118
376.18631 830.287
381.24933 395.747
384.22797 623.683
387.15118 1575.94
388.15042 2373.02
389.15326 564.412
389.21997 741.237
396.22400 577.58
397.17157 347.814
397.21915 518.121
405.17728 1926.56
406.15900 3132.41
407.16205 804.47
407.26517 2808.62
408.26666 792.811
412.25864 443.132
413.25482 3188.69
414.25372 1501.44
423.18713 907.856
424.18500 340.651
428.21231 870.653
429.21350 343.106
433.20828 744.742
438.27274 358.471
439.26978 1302.24
440.27301 452.528
442.24271 1307.46
455.29819 426.016
457.28290 346.325
459.22696 684.069
467.26379 587.996
468.25748 576.05
471.18143 360.471
471.25763 318.581
472.25211 355.243
476.25317 419.404
483.29688 512.995
484.29529 989.091
485.28036 1055.13
486.27673 380.723
488.21069 500.857
498.19751 349.566
499.18320 412.091
499.25143 623.892
504.24380 738.537
505.23907 422.271
506.22232 450.796
510.30750 820.446
516.20477 1339.11
517.18768 919.241
517.31403 1366.61
518.29816 2737.45
519.30182 646.679
527.33429 352.071
534.21576 2368.56
535.20807 1237.38
535.32385 2427.3
536.33112 549.042
549.31598 1128.55
550.31561 920.14
552.22876 481.998
555.32574 599.19
556.31561 538.09
562.25201 736.401
569.37286 340.492
575.28119 660.936
615.27344 349.358
629.33948 323.809
633.28217 890.141
634.27960 530.184
645.24390 642.717
646.36304 819.338
663.26129 1076.79
664.36615 2760.8
665.37140 1167.17
681.28839 678.278
689.35321 676.382
691.29510 865.769
704.32666 613.799
744.31689 379.333
762.33130 1064.12
763.32874 429.86
776.37598 428.197
777.42517 434.269
779.35504 590.49
792.31342 486.623
793.41064 1608.3
794.40912 542.797
810.31567 621.72
819.34766 405.254
833.37177 432.231
872.38635 363.643
890.37531 465.348
924.49573 704.591
925.49762 2353.73
926.49799 964.39
927.54639 491.659
940.47760 1713.41
941.48199 986.891
1045.59070 387.989
1051.50159 490.339
1052.50671 360.197
1069.52014 1112.06
1070.51880 735.608
1089.52698 443.631
1225.61243 1055.35
1226.61267 1039.39
1296.63452 718.034
1297.64893 600.846
1367.69031 585.237
1368.68542 369.704
1370.77356 371.289
1438.71228 452.241
