1510.75843 3
105.06555 948.257
110.07110 7885.57
111.07404 534.945
112.08676 582.823
115.08642 731.712
116.07030 588.533
117.10208 1792.74
119.04889 464.139
120.08062 4187.24
127.05006 12481.6
127.08646 9994.51
128.05296 576.429
128.07074 408.528
128.08955 706.143
129.06572 587.731
129.10208 15383.1
130.04996 784.645
130.06439 752.326
130.08609 4248.56
130.10521 708.985
133.08572 1992.73
134.08849 557.826
136.06158 1313.31
136.07556 10867.5
137.07890 870.923
140.07037 808.437
141.06578 433.671
141.10185 491.302
143.08133 1733.49
143.11787 590.519
145.06067 5815.33
147.07579 473.401
147.11264 7206.27
148.11606 613.234
155.04576 687.251
155.08128 16397.2
156.08331 1039.86
157.09715 1331.84
157.13313 753.716
158.09222 1490.6
159.09143 3999.07
167.08110 660.078
167.11842 425.975
168.07593 649.532
169.06161 542.003
169.13338 11660.7
170.05902 420.49
170.13693 975.562
173.05550 12159.4
173.09183 7563.88
173.12782 804.628
174.05927 610.068
174.09506 598.93
175.11873 8557.42
176.12262 643.346
177.11273 799.168
181.06059 736.308
184.07118 1044.36
185.05565 1498.7
185.09207 1380.37
185.16463 3447.6
186.08672 2193.58
187.08693 621.353
187.14424 682.932
189.10345 416.927
191.08417 1483.21
194.05510 472.512
195.07666 895.299
195.11177 454.988
197.12834 4049.61
197.16428 443.364
199.07205 541.445
200.13930 1005.19
201.08670 3801.27
201.12288 1642.71
203.10249 1181.85
211.10753 1719.6
212.06638 1474.24
213.08644 1090.19
213.12495 469.998
213.15930 1969.45
215.13835 760.147
216.09789 1390.48
217.13632 508.383
219.07835 514.303
223.15465 1035.34
224.10281 4148.59
226.11662 532.157
226.15509 3122.33
227.06659 764.506
228.13385 3708.73
230.07683 2327.04
231.09741 1660.04
231.14680 477.915
233.16487 633.406
234.12399 455.112
236.13873 894.954
239.14970 1340.13
240.09789 425.834
240.13393 3397.41
241.08127 878.223
242.18446 424.19
243.13263 453.063
244.16423 554.156
245.07649 1335.38
247.10777 1721.5
248.15988 500.63
249.12236 590.328
249.15985 535.008
251.15010 3544.11
252.09732 3425.13
253.10081 431.251
254.14920 3211.34
255.15030 517.574
257.16025 4335.31
258.14453 7208.29
259.14835 847.616
263.11386 2081.5
264.09729 529.648
265.11823 2320.77
266.11133 435.067
268.12827 818.937
270.10785 745.308
271.17630 2306.7
272.17154 10703.7
273.17474 1338.01
275.17090 6165.63
276.17395 583.783
277.11743 1189.96
280.16422 758.247
281.12396 12825.5
282.12689 1371.87
284.17419 597.437
285.15405 5464.38
286.13580 466.769
286.15933 816.331
288.20221 2159.44
304.16122 3251.42
305.18286 1639.03
308.15756 1008.33
309.11899 4115.18
310.12326 536.06
318.14960 491.993
319.17575 506.188
323.17105 1658.49
325.18625 2236.57
326.16702 870.047
327.12869 859.905
335.17096 3229.03
337.18649 649.103
339.21143 490.282
341.18253 434.978
341.66864 642.903
344.67389 9193.69
345.17630 2788.67
345.22321 1678.88
346.22595 621.203
347.16895 641.458
350.18854 664.2
351.16714 1241.84
353.21573 1053.87
356.10773 737.053
356.22906 1144.76
362.71509 537.674
363.16495 1416.08
364.23386 639.716
366.21368 1186.17
369.17566 897.292
374.11746 1031.09
379.24670 1025.41
380.19272 7342.7
381.18573 632.172
381.22672 1348.52
382.20734 1967.83
383.20914 467.689
384.22437 801.892
385.22043 1218.27
386.20294 3762.11
389.25082 855.634
391.16220 671.404
392.15497 789.289
396.16623 1574.24
397.20520 657.27
398.16287 510.406
398.21298 793.476
401.21555 5233.68
401.71799 2004.5
402.24634 4867.4
403.25064 616.821
404.21457 3663.89
405.17990 1504.19
407.23810 2140.66
408.18640 2425.93
411.21121 890.352
411.70172 655.892
414.17621 2769.1
415.18835 983.99
418.26569 2240.22
419.25882 1049.17
419.75610 924.818
422.23303 853.238
422.55930 620.34
426.19766 745.885
427.90237 7740.13
428.23624 4904.73
428.57074 2156.02
428.90701 525.67
433.20374 5599.35
434.20605 1251.95
446.90900 769.512
447.28198 884.963
447.77899 1624.93
450.75073 1097.1
453.29187 534.095
455.23755 1427.16
455.73517 712.331
456.29239 21652.9
456.79449 3330.02
461.23077 901.134
461.73569 511.05
463.30392 769.537
464.25436 450.949
465.29712 3987.98
465.79959 732.605
468.24570 556.094
470.74918 453.887
471.25058 545.41
471.74258 546.095
473.28506 1180.15
474.28589 905.397
474.77780 569.739
475.27496 547.871
479.26068 11554
479.76175 5943.81
480.26340 1588.27
481.27820 1278.54
483.77768 2604.95
484.27798 2661.39
484.77841 746.968
487.25061 768.436
488.32080 517.922
489.29663 614.284
490.27496 1855.64
491.23099 648.598
493.28421 614.711
504.22821 565.237
504.27878 1153.85
504.76819 670.156
505.27051 2463.85
505.33099 1744.53
505.78302 1010.09
508.25650 507.448
513.27789 1679.8
517.29254 1241.71
518.27289 3637.02
519.27142 1038.08
525.77124 1413.13
526.26636 1778.84
526.76654 819.557
527.26141 2136.27
528.26245 639.926
530.30469 3337.47
531.31616 474.501
532.24451 748.225
532.77478 910.127
533.29468 3964.44
534.28571 12751.8
534.77875 29206.1
535.27911 13792.4
535.78015 4044.17
536.29132 757.326
541.29071 4481.44
541.79236 2781.56
542.23456 2076.53
543.28949 6651.31
543.79175 3696.61
544.28973 1623.15
546.28851 4629.64
547.28735 947.037
548.28833 931.063
549.29407 527.766
550.29688 748.493
551.28174 15622.6
552.28406 4517.28
553.28735 769.909
554.30811 2712.21
555.31512 799.322
560.24408 925.886
563.28552 1233.76
565.30902 3584.58
566.30859 1428.03
567.29565 497.224
568.29749 517.1
571.27588 507.726
575.30762 3993.07
575.80634 2810.88
576.31030 1334.24
580.32941 461.737
580.83667 463.297
584.81622 1169.25
585.32117 579.2
589.31958 484.545
590.27692 872.781
592.82452 6395.32
593.32623 4661.92
593.82819 1182.69
594.30713 519.98
594.37885 509.505
596.80780 2486.18
597.30457 3311.64
597.80817 1479.64
598.31317 879.64
605.81165 10583.6
606.31226 9318.38
606.81378 3483.61
607.31372 1024
614.81787 1581.43
615.31702 1379.4
615.82013 590.397
620.35498 777.233
621.35596 1012.43
634.36835 736.248
637.34814 619.051
638.35620 473.459
641.34955 2417.06
641.85382 1178.14
645.78949 707.298
646.28638 556.218
652.31714 542.393
653.30884 759.109
654.80090 1893.15
655.30511 1572.63
655.80048 517.952
656.30426 819.281
657.29303 554.822
661.32733 2121.65
661.82880 1956.05
662.33014 687.072
664.33246 6555.71
665.33832 4730.28
666.34198 1469.36
669.86047 1271.38
670.32977 4730.07
670.83063 2171.49
671.32416 2242.97
672.31726 585.949
673.33289 571.679
675.30176 496.451
676.33899 982.673
679.84259 466.027
682.36707 1069.52
683.34760 4390.49
684.35419 1775.52
688.33966 21295.8
689.34344 8058.52
690.37457 3519.15
691.38080 981.352
692.33405 1148.9
693.33557 527.716
694.34991 2525.02
695.36121 826.259
700.37878 935.895
707.39624 963.89
708.38916 767.063
709.35150 4070.4
710.35669 1503.91
715.45923 554.609
716.38190 3750.24
717.37836 1588.01
718.36237 1915.06
731.41852 466.635
732.34479 512.723
734.34363 703.723
748.37402 619.873
766.38672 1029.54
777.41479 2685.37
778.41730 1042.07
783.40747 1109.25
784.40424 1035.57
787.35211 483.313
788.34448 649.728
793.39795 1515.91
794.38446 6597.38
795.38550 2924
796.38794 807.377
801.42468 12523
802.42645 5095.41
803.43146 1394.2
805.42383 576.953
810.41846 929.3
811.40851 6091.93
812.40942 2501.2
813.41199 701.334
822.39618 764.043
823.39044 538.129
829.42560 747.001
830.42096 477.543
838.38995 528.093
847.36169 1119.51
856.44598 1239.83
857.45990 523.705
878.38000 913.046
894.45081 671.09
900.49445 2548.69
901.49548 960.949
910.48169 1197.35
911.47699 634.056
912.48322 476.902
921.44885 1411.38
922.44250 3344.5
923.43561 2303.91
924.43109 680.731
939.45673 3266.5
940.45862 3260.26
941.45679 1334.22
942.46869 639.491
948.41028 832.901
957.51337 15165.9
958.51685 8060.37
959.52209 2301.51
960.52399 524.026
1038.54187 681.42
1050.51294 571.996
1051.51868 563.764
1064.55273 575.345
1067.55957 1273.5
1068.54883 5593.12
1069.54919 3503.39
1070.56226 890.31
1085.57458 2728.9
1086.57605 1573.54
1087.58057 620.984
1184.64709 1478.5
1185.64905 868.74
