2931.51670 3
120.08042 862.99
136.07516 698.888
175.11797 1306.35
185.09158 1012.42
201.12219 437.375
203.10275 648.111
215.13960 349.279
227.17381 546.081
233.16508 412.269
235.14293 413.395
243.13303 1426.35
261.15970 332.59
272.17493 494.257
314.13382 2378.59
314.16891 582.184
332.14410 2879.64
356.21814 498.273
417.23218 590.881
422.23877 563.465
427.21729 724.612
445.22791 2152.23
446.23355 539.899
468.24780 528.553
524.29718 399.913
524.79449 680.763
537.26813 491.907
549.25073 488.022
566.27411 13231
567.27692 3484.69
568.26971 539.991
588.81738 426.063
589.31049 756.547
624.33673 442.328
624.82813 409.284
633.82166 543.193
681.29535 1456.19
682.30389 459.985
690.36450 737.424
690.86658 362.891
722.34814 549.445
723.33508 519.493
739.44476 409.795
740.37366 448.06
752.41345 552.011
780.36798 1518.68
781.37543 616.456
811.41669 400.989
821.41742 816.406
822.40173 967.406
823.39148 382.023
853.47302 360.263
866.46344 407.248
867.39966 4621.08
868.40424 2407.13
869.39813 347.136
934.49878 1074.82
935.48792 1643.21
936.48926 435.645
976.58167 460.439
977.54950 1313.71
978.45563 989.817
978.60565 679.329
980.48431 3467.77
981.48914 1886.69
982.49725 444.304
1038.53394 824.281
1047.58533 563.77
1048.56995 976.876
1127.55090 3480.57
1128.56042 2076.23
1129.55200 460.488
1151.62415 381.939
1167.57446 398.287
1176.62219 741.047
1177.61609 1536.83
1178.61035 552.528
1182.70349 1050.62
1183.69263 481.768
1240.63843 932.487
1241.64294 780.32
1244.64844 1673.21
1245.14954 1339.68
1245.65942 425.197
1247.65674 852.737
1248.64441 1412.7
1249.62646 608.694
1265.62891 686.061
1266.62012 1040.43
1267.62048 502.744
1311.66846 1059.84
1312.66345 783.298
1338.77246 471.763
1361.72620 773.783
1362.74854 371.022
1379.72485 781.229
1380.72815 416.147
1440.70630 867.464
1441.73340 449.931
1656.77856 518.633
