1949.90175 4
110.07109 2021.71
112.08694 524.263
115.08669 280.592
120.08066 1004.56
129.10222 2272.6
130.08604 288.355
136.06183 889.856
136.07579 1188.06
140.01079 405.703
143.11797 340.586
147.11290 1139.7
157.10797 539.099
157.13391 331.922
158.09187 413.551
159.09123 360.481
167.08183 340.357
175.11896 2183.21
183.11255 349.721
185.05519 397.179
185.16325 361.63
186.12244 288.779
188.07433 346.314
198.12373 443.343
199.18008 1003.86
200.13860 364.296
201.12369 537.229
203.06612 486.433
207.08690 369.593
207.13977 651.101
215.13885 353.454
217.13564 311.76
221.13762 893.969
226.11896 935.535
227.17538 316.863
228.13408 2307.49
229.11969 449.218
229.13809 636.327
229.63945 1318.56
230.14185 1358.82
231.06081 403.073
233.09543 1310.17
246.15549 347.825
251.14926 401.909
255.14537 1475.98
255.64838 4489.64
256.14981 1092.2
261.09027 1233.89
272.17166 2937.17
273.17505 339.619
274.15869 368.807
278.11432 304.319
282.67169 929.166
284.15918 370.367
286.18146 315.383
291.18564 637.432
295.14008 377.802
299.13467 304.889
304.63654 906.063
305.18231 1406.27
305.68402 490.889
320.17200 331.317
320.85315 582.41
330.18405 499.526
340.19971 648.277
340.68958 2327.06
341.19608 435.825
341.21262 436.984
349.20282 9812.11
349.70404 3837.35
350.20428 927.282
353.19327 2353.68
353.52618 886.49
353.84332 654.321
360.19180 316.833
361.22067 316.667
362.84442 1069.95
363.17841 782.488
363.51138 330.41
369.70300 1320.77
370.21048 359.297
375.20050 778.55
376.21216 1801.2
376.54755 1108.65
376.88403 434.736
383.71320 2860.94
384.21451 1196.3
385.25534 1773.22
385.54349 654.717
385.85175 5385.35
386.18558 3043.94
386.25787 330.071
386.52115 1009.81
391.21976 689.648
391.55313 566.435
391.85541 449.788
404.69650 421.198
405.19162 316.151
408.87164 1430.25
409.20642 1173.21
409.54355 451.299
418.20428 966.712
418.50806 2325.65
418.55640 346.941
418.69156 3388.81
418.84372 1465.57
418.90060 1231.31
419.19586 1167.64
419.56851 514.556
423.25867 328.602
423.87842 2149.83
424.21057 1580.72
424.48383 333.72
424.54654 652.573
426.24597 1163.76
426.75336 336.344
428.22910 1302.26
428.56439 995.279
428.89871 477.539
430.48364 705.798
430.73547 1335.05
430.98593 467.278
431.74551 357.096
434.74274 4883.43
434.99020 10008.1
435.23999 8123.16
435.49051 3715
435.74075 1438.64
436.23816 354.724
439.00333 354.763
439.24466 57478.2
439.34241 524.969
439.38998 499.183
439.49451 57158.3
439.61765 392.721
439.74512 30226.4
439.99515 10660
440.24637 2990.14
443.74683 8332.88
443.99704 8884.43
444.24802 4425.54
444.49841 1673.29
444.75253 720.632
446.23633 819.78
449.21927 474.862
451.23532 574.338
451.55798 1853.42
451.89133 1054.85
452.24591 1190.69
452.74567 507.709
454.98251 586.003
455.22849 616.442
455.47879 370.156
455.58505 891.506
455.91806 484.815
456.24673 699.885
456.53522 1063.65
456.87286 1018.96
457.24469 494.136
458.27261 7268.17
459.23877 2921.61
459.48428 8453.11
459.73334 6339.23
459.98444 2939.26
460.23190 1057.81
460.88947 2296.39
461.22449 1768.03
461.55701 441.408
463.73843 61513.8
463.82431 565.063
463.87759 664.693
463.98865 59559.6
464.09137 405.545
464.12683 522.475
464.23868 32858.7
464.48914 12215.7
464.73895 3023.29
468.24097 2465.1
468.49155 2306.08
468.74133 1017.6
470.27283 384.656
472.28720 11022.9
473.29025 2564.15
474.29544 488.278
475.23386 2154.01
475.73499 1189.45
478.22327 338.376
480.77835 1629.71
481.27759 830.541
483.72864 394.051
483.89618 1149.99
483.97690 1980.56
484.22525 3180.9
484.47498 661.035
484.55823 774.31
484.72815 490.309
485.22061 359.615
485.77060 424.868
486.26346 388.025
487.21487 1618.24
487.26822 1550.48
487.30838 1607.19
487.55847 1348.3
487.74133 390.046
487.89615 713.829
488.23193 6757.12
488.30096 1465.13
488.48288 4647.72
488.56906 371.754
488.73990 3153.88
488.98041 972.525
489.25549 1339.69
489.29916 436.048
489.89725 746.594
490.23315 679.636
490.56717 378.383
493.54987 802.206
493.87973 452.444
494.77463 2958.08
495.27390 1491.37
495.77698 492.032
501.27713 1268.92
502.28113 1140.92
503.28174 529.139
504.21573 422.511
504.27713 394.269
507.29211 364.747
508.78436 1311.42
509.28595 557.254
516.55389 687.348
516.89178 449.34
517.27264 1931.73
518.27338 537.051
520.77203 629.146
521.27124 531.195
528.78955 495.814
529.28571 7618.43
529.78625 4159.96
530.28046 1199.91
534.75684 349.416
538.29175 1862.06
538.79169 1337.29
539.29529 507.363
542.61951 438.444
542.95319 428.377
543.75977 2723.84
544.26215 1880.87
544.76270 642.98
545.25439 359.007
551.31177 2176.41
551.81348 1745.94
552.31433 752.66
557.77661 433.97
560.31885 406.177
561.72498 590.587
562.22638 334.37
564.30048 889.25
564.79968 562.85
565.63892 1045.37
565.97369 1096.81
566.31805 384.797
569.26782 543.692
569.76074 373.906
571.35516 1259.39
572.36292 600.764
573.30804 1336.88
573.80798 756.013
574.30829 350.484
578.27332 7299.15
578.77374 3872.45
579.27753 1140.35
582.33899 372.352
583.31927 1859.82
584.32880 402.299
592.31641 528.507
598.29749 700.599
598.63721 535.919
598.97327 452.897
600.28223 1717.62
600.35614 3376.26
600.80170 1709.93
601.28601 669.419
601.36127 977.311
606.82819 589.549
607.33234 337.632
610.32288 481.401
611.32556 409.529
615.83386 2075.49
616.33551 1633.68
616.83398 350.532
618.26849 1665.27
618.77185 1298.93
619.27411 408.934
621.30792 893.496
621.81500 540.864
622.84137 2102.21
623.34290 1348.01
623.84760 447.282
630.28918 560.087
632.31470 1271.04
633.31982 2148.37
634.32025 1050.42
635.31873 452.558
646.33954 425.612
655.81952 804.636
656.31580 611.973
657.35297 635.061
659.34808 360.656
662.35828 393.868
664.82202 1597.57
665.32037 1582.77
665.82263 714.111
667.30359 500.466
672.32672 358.595
674.81177 920.323
675.31238 770.834
675.81116 345.384
679.39642 453.339
680.38013 361.897
697.39948 6286.3
698.40216 2439.49
699.40533 672.406
719.25916 827.253
720.26709 383.477
725.34094 687.123
725.83868 697.527
745.40338 695.564
746.40564 1939.03
747.40552 1290.61
748.40637 404.303
766.42010 1022.84
767.43335 408.13
790.33331 1284.29
791.32257 537.938
832.34625 1266.33
833.34412 582.211
836.37408 574.131
860.45050 655.606
861.43622 552.906
871.39423 407.243
872.38776 565.04
889.40332 2029.98
890.40625 1952.86
891.41193 789.403
930.54230 638.749
931.54492 807.989
949.46307 959.362
950.46259 587.598
1122.44922 331.459
