1576.57891 2
110.07101 645.481
129.10187 8824.44
130.08588 2059.19
130.10490 282.612
131.08167 202.954
133.04236 189.431
136.06105 318.731
141.10165 672.149
145.06024 194.285
147.11237 2807.22
159.07585 565.848
168.11270 399.1
169.09659 759.521
173.05522 205.408
175.11823 322.51
183.11229 193.126
186.12318 2843.02
187.10707 1061.8
187.12666 220.945
198.08704 196.818
204.13376 10849.2
205.13789 631.999
211.10632 199.039
215.10234 215.725
226.11780 211.259
240.13396 288.496
241.08105 381.253
244.16466 308.042
245.07582 285.129
254.07622 395.958
256.12903 301.515
259.09131 495.037
270.14529 215.436
274.10263 377.479
283.13885 709.944
284.12268 296.737
287.17041 488.739
301.14951 1254.36
302.13303 340.273
312.04688 197.89
313.11392 230.314
314.09644 360.878
319.16034 6207.34
320.16299 609.265
331.12341 485.082
344.19034 275.886
356.64792 286.151
372.14880 200.729
374.11740 381.917
383.11957 838.515
400.21799 427.827
407.17404 210.389
413.21277 240.097
418.22849 2030.93
419.23380 311.732
421.16629 443.983
423.19693 210.02
441.20819 818.324
442.19022 425.548
443.14053 412.621
459.21851 2332.7
460.22000 383.024
476.24231 251.838
494.15152 284.285
512.16010 1375.13
513.16412 293.302
529.25977 655.993
547.27069 851.338
555.16644 271.705
583.23743 326.078
601.24017 275.35
603.16278 198.326
611.22894 441.295
619.24658 518.376
640.29749 206.781
656.21265 242.299
658.30780 434.015
676.31793 730.173
684.21094 233.611
688.26514 378.529
694.29993 500.837
712.28754 993.1
713.30103 379.311
726.24451 217.264
739.80188 534.98
740.30481 307.804
748.81323 306.397
749.31415 219.873
767.24585 200.338
785.27869 245.816
791.34216 275.868
803.29462 1376.11
804.30115 266.112
821.31000 356.033
823.31677 259.51
824.25995 305.624
841.33020 834.004
842.35529 209.311
860.35730 687.411
898.29803 240.712
901.27179 452.287
904.34100 240.502
912.35858 373.199
913.35651 239.473
914.33929 306.808
929.38190 570.719
932.34070 843.714
933.34375 389.791
934.34998 202.464
942.37341 426.485
950.34174 296.55
952.36169 481.045
953.34985 372.617
970.37079 1082.55
971.38025 472.403
1020.39417 539.331
1021.39221 215.065
1030.31299 464.229
1033.38159 377.048
1034.38843 271.866
1041.44873 381.68
1043.37378 336.578
1044.36230 366.062
1061.38086 1283.19
1062.38904 631.099
1069.43628 270.82
1079.37537 284.085
1101.43909 271.739
1132.44812 261.345
1159.35352 496.835
1184.46204 616.058
1185.47351 307.998
1192.44556 363.132
1241.49146 283.39
1259.49866 451.013
1275.47351 454.974
1293.48425 263.56
1350.50684 376.767
