3200.48916 4
110.07092 690.458
126.05491 492.043
129.10207 2139.78
136.07571 755.466
139.08597 523.13
147.11270 1099.11
167.08119 3218.86
173.12766 1258.83
175.11856 566.743
195.07613 4563.92
195.11151 587.336
201.12282 2080.99
209.10252 571.001
210.02495 504.517
228.17085 577.114
245.07690 529.524
264.13403 2549.08
265.05765 2540.92
280.16470 952.308
282.14542 482.092
292.12842 1394.55
320.69412 1529.84
321.19641 550.787
334.69016 953.828
357.21185 510.466
377.21829 1053.46
381.22324 1766.25
384.20813 804.721
385.20676 497.827
403.73148 1567.12
404.23328 823.678
417.72839 2683.65
418.22797 1135.54
418.73151 525.193
423.72513 589.674
432.73184 5755.14
433.23257 2914.09
433.73492 831.71
452.71909 4232.94
453.22000 1775.13
466.71683 8735.56
467.21854 4311.21
467.71817 1275.08
468.25784 625.109
472.24994 1341.14
474.26846 1602.89
475.27567 704.208
475.71820 744.522
476.22061 542.537
481.25769 18197.5
481.75894 8783.27
482.26047 2350.87
511.28049 2329.16
511.61356 1871.9
511.94986 763.194
513.78668 530.665
514.92853 1114.37
515.26477 1316.06
515.59985 543.351
515.76929 2585.35
516.27094 1503.63
516.77429 622.01
521.30835 1025.29
524.26312 1544.29
524.59546 1549.45
532.26703 548.341
540.27124 1429.22
540.77380 1280.69
543.61993 631.047
547.28351 938.844
547.61920 614.896
556.61218 698.111
564.75848 564.234
566.63788 7036.05
566.97186 7360.4
567.30591 3170.05
567.64124 806.654
569.30115 833.638
571.32379 2701.34
572.32971 974.43
588.78253 866.764
589.27515 829.078
593.28284 1304.8
593.35382 849.906
593.62762 733.491
593.96210 698.349
596.79333 887.813
597.78461 12377.8
598.28613 8054.21
598.78662 3111.83
599.29572 20155.1
599.63037 19313.4
599.96460 10842.9
600.29858 3822.87
600.63104 760.139
604.79108 660.195
631.81610 741.026
631.95795 636.269
632.30847 612.283
637.32391 987.917
640.32922 3959.47
640.82941 2683.16
641.33002 1418.02
643.80255 888.657
645.32373 1273.25
645.81750 900.408
646.32471 839.367
654.32654 14108.2
654.82813 9193.76
655.32996 4233.07
655.83624 1004.14
666.82379 670.834
667.31763 786.293
668.38220 1066.06
669.36420 4561.67
669.86993 2446.23
670.36151 1708.66
673.86102 553.311
677.98175 2698.79
678.31641 3039.54
678.65204 1225.55
678.98676 931.257
682.01727 683.918
682.35071 725.229
682.68713 658.77
697.56342 819.499
697.89532 589.268
699.04132 605.895
701.65869 1036.17
701.99182 1356.27
702.32660 600.826
702.85541 1742.67
703.34088 604.274
705.03821 2697.23
705.37109 2495.85
705.70453 1885.7
708.36938 1302.01
709.37543 837.753
710.64136 4063.23
710.97693 3971.34
711.30792 2361.21
711.64447 1013.21
714.36420 3021.9
714.70062 2727.58
715.03699 2244.34
715.37195 741.085
717.88934 7877.17
718.39532 5382.19
718.89966 2149.2
719.40045 836.694
722.85425 632.781
723.35602 736.444
729.35406 1489.74
730.35730 599.475
734.31940 1770.17
734.65546 1915.13
734.98615 1199.45
735.32965 657.472
736.36530 800.59
737.37860 3919.18
737.69360 609.066
737.86713 2669.3
738.03766 565.849
738.39520 1223.27
738.85065 640.834
747.03418 546.258
747.37854 1385.36
747.62457 1129.69
747.88806 1538.26
749.39349 600.354
751.38519 1258.13
751.88873 3840.1
752.13983 5098.24
752.39105 5321.62
752.64191 3849.36
752.90863 1831.7
753.41943 843.934
757.42102 619.701
762.37067 829.952
763.36658 629.047
765.38867 960.495
766.41632 8990.37
766.92047 6636.86
767.40564 11368.2
767.71753 1779.45
767.90839 968.233
768.04462 1301.85
768.13635 679.887
768.39850 4354.5
768.71246 1059.76
769.03339 819.618
769.36145 846.2
769.70190 661.884
771.88855 547.873
776.39270 752.97
776.63727 917.305
776.89160 1301.77
777.14368 856.545
777.38440 1062.69
785.89081 2155.16
786.39362 1424.5
786.89294 901.243
787.38605 731.315
792.41663 556.164
792.90662 693.157
793.39996 550.708
799.87170 1145
800.07056 1333.91
800.38184 5948.75
800.60046 694.965
800.76050 2332.22
800.91345 2714.53
801.41370 8819.3
801.69678 875.698
801.90826 7838.28
802.40570 7172.63
805.91840 799.027
806.42285 910.582
814.92328 10282.1
815.42004 13095.8
815.91974 7037.71
816.41956 3038.03
834.42615 1418.68
835.36768 1566.73
836.36993 589.181
837.40485 827.457
845.39331 824.297
846.45386 688.343
849.45221 8044.32
849.95325 6636.53
850.45764 4813.56
850.96332 1091.56
851.44513 628.678
852.36377 787.277
863.91388 1721.56
864.45667 15512.5
864.92700 687.964
865.45837 7686.18
866.45862 2125.99
882.95172 941.122
883.44592 953.85
898.44336 4316.2
898.94043 4068.68
899.44299 2426.29
899.94037 1021.87
911.48309 628.606
932.42419 690.951
936.91840 617.97
947.43109 825.733
947.93683 929.081
948.45520 931.245
950.49506 1478.12
951.48981 660.443
961.50983 4213.87
962.51239 2269.12
963.51379 1257.53
967.38727 641.189
982.52814 906.45
983.52515 1201.99
984.51538 2002.5
988.51581 965.423
1016.47345 2433.52
1016.96808 2040.96
1017.46759 1203.32
1022.52393 3269.43
1023.02081 3911.16
1023.52698 2555.57
1024.02490 963.673
1030.54663 946.562
1043.50061 623.226
1052.48901 1215.41
1052.99060 692.883
1065.44653 1396.27
1065.96289 1195.76
1066.45361 948.359
1071.51111 3012.32
1072.00854 2951.85
1072.50635 1878.94
1073.00977 1050.56
1079.53809 1611.64
1080.50964 1031.38
1128.52112 640.448
1129.51184 768.942
1176.55029 795.81
1177.55762 598.467
1194.56238 8045.44
1195.56421 4453.24
1196.56238 1326.66
1208.57446 574.406
1236.56042 770.103
1240.66333 1898.79
1241.68445 765.932
1279.65601 1842.26
1280.65295 1550.44
1286.59961 581.306
1287.60437 563.649
1289.63989 1858.51
1290.63977 1328.64
1307.64551 29176.3
1308.64734 19746.9
1309.64978 7766.91
1310.65442 1965.69
1337.72266 2535.34
1338.72217 1846.08
1339.72571 697.819
1404.66040 581.082
1434.77722 3128.36
1435.77014 2356.7
1436.77930 1103.79
1473.71936 1867.51
1474.72766 1072.25
1475.73706 582.503
1570.75720 656.312
