2550.16997 2
120.08046 3390.44
129.10196 2959.21
131.11748 12948.6
133.04276 5749.45
136.07526 28723.7
137.07855 2728.72
147.11212 3293.83
157.13284 3466.59
171.11229 2783.37
173.09085 1485.15
183.11259 1577.94
185.12770 2877.86
201.12262 2096.06
233.09145 1490.82
235.10645 3671.81
235.14346 9136.41
240.09683 3559.72
240.13287 3277.33
243.13330 1639.21
244.09317 2107.61
244.12781 2011.77
246.12622 8413.01
254.14731 1505.17
257.09464 6107.53
258.10864 5794.07
258.14377 6419.51
263.10120 3242.11
263.13840 8849.13
270.14490 1888.17
274.12119 55431.7
275.12402 4821.63
276.15384 7021.94
277.11700 3085.99
284.19629 2513.1
286.12238 1533.71
289.15311 1551.81
296.10553 11573.1
300.15536 4894.09
324.10013 11527.6
325.10251 1604.65
331.12088 1729.42
332.16116 1484.74
334.17584 6894.23
335.17822 1522.87
345.15845 4633.04
346.17517 18490.1
347.17758 2768.13
353.21823 1464.59
360.15613 1589.31
369.13818 3791.93
372.11993 2009.51
376.19116 1432.19
387.14496 1729.76
389.14792 2988.69
389.24060 3252.3
392.14072 2810.59
395.16791 2427.48
399.22372 1492.62
400.18118 1689.56
403.19745 3399.83
405.17688 2609.34
415.16278 1642.26
417.21274 1901.53
419.23404 1525.77
419.25266 1556.53
423.16791 17263.5
424.17294 2894.79
426.19830 1715.95
431.18918 1402.71
437.18436 20795.3
438.18607 5889.72
443.15448 2035.47
447.22327 1891.61
476.27014 7051.2
477.27692 1460.79
486.20276 1622.02
491.22937 1852.16
494.20428 7106.14
495.21054 2477.72
508.26547 2474.22
534.21429 2275.14
536.25250 4762.57
544.19897 1587.9
557.23730 1857.26
562.27454 2528.48
563.30347 8207.39
564.30554 1776.96
576.26025 1800.37
579.29218 2393.11
607.29205 3392.71
649.24274 4281.24
650.33221 10446.2
651.33557 2684.48
672.26599 1556.42
704.33350 1469.9
719.35779 2281.61
737.36639 14734.2
738.37097 3718.03
762.32849 1751.18
808.40332 10932.5
809.40540 4236.28
833.37073 1912.08
879.44312 7744.65
880.43945 3756.82
980.48877 7813.89
981.48956 3433.74
1033.54004 1606.83
1051.52441 5765.78
1052.51587 2434.59
1182.56445 3092.16
1183.57361 2318.09
1311.61401 2252.17
