3120.26145 3
126.05476 1348.17
129.10196 1350.62
130.06476 2013.84
136.06117 522.2
141.10161 486.356
147.11263 634.507
155.08138 482.612
159.09148 1227.02
167.11772 524.811
169.09666 593.238
173.05527 505.065
195.11235 1012.04
210.08676 423.086
212.10216 400.098
226.11827 1321.28
228.09755 1121.28
230.07632 658.234
238.08218 667.115
246.10870 1069.04
256.09241 8315.4
257.09619 697.692
270.10782 970.402
272.17215 601.58
274.10263 4942.38
275.10645 472.991
299.13525 1250.78
301.11401 726.44
313.15070 1005.71
316.16089 386.252
318.14792 698.649
327.12936 5030.29
328.13333 704.099
330.05820 785.351
345.13913 1031.13
353.14523 659.318
371.15607 398.199
373.19550 491.973
396.18643 489.511
400.26614 3825.57
401.26770 627.67
410.20251 879.343
414.19806 930.804
420.22397 1889.31
424.18231 1551.46
442.19193 1120.22
465.21951 760.841
465.72195 409.07
487.29776 4171.44
488.30038 1105.29
489.24527 637.975
493.73117 413.051
507.25540 2951.54
508.25778 687.429
511.24994 541.984
521.23395 508.584
539.24402 618.169
542.21844 872.016
549.74713 694.919
550.24792 615.966
558.25818 3040.77
558.75934 2084.9
559.25848 535.035
584.26428 570.734
594.28491 585.474
607.25043 1094.65
607.75067 408.437
615.76807 962.393
616.33826 1945.46
617.34222 376.27
665.26062 401.296
671.28540 633.699
671.79181 644.013
680.28882 831.951
680.79352 564.408
681.31702 1186.72
691.33966 1164.54
692.34723 559.372
697.39813 613.457
705.84406 464.232
727.37018 432.673
737.80603 723.916
738.29657 496.363
745.38300 2820.72
746.38873 1202.56
760.36017 1604.74
761.36017 599.789
778.37036 4518.85
779.37427 1741.56
786.28870 1073.36
787.28528 763.865
823.02155 533.902
828.68903 931.152
829.02350 1481.55
829.35583 814.413
829.68585 608.897
830.34680 771.22
830.85138 419.529
849.69751 507.679
850.37012 862.988
850.70258 934.628
851.03870 767.154
851.38519 569.432
854.70496 521.539
855.04126 980.974
855.36786 1174.6
855.69836 788.898
860.41174 1734.67
861.03961 4453.21
861.37170 5518.29
861.70483 4887.97
862.03888 2826.36
862.36725 862.102
882.37799 419.23
887.38513 1330.33
887.71881 2602.97
888.04932 2140.66
888.37939 1475.3
888.71503 665.687
893.39081 9527.5
893.72333 14942.6
894.05365 11765.1
894.38373 7119.43
894.71039 2565.45
911.41388 436.077
920.37744 1075.01
920.71692 636.287
921.05145 414.052
926.04816 5271.27
926.38293 6382.01
926.71790 5452.94
927.05316 2273.91
927.37946 954.9
929.42731 1960.23
930.43060 909.513
932.44330 953.733
934.00092 976.299
942.00720 2038.64
942.50726 4173.84
943.00836 2760.37
943.51050 1353.26
950.89618 3590.98
951.39838 3210.25
951.51013 3006.63
951.89758 1780.54
952.00385 1831.53
952.53888 428.203
957.42743 476.488
982.48444 1098.57
982.98456 1481.36
983.46295 1519.55
983.93866 1102.74
988.50232 717.332
988.73871 557.763
990.99445 4306.32
991.49182 14630.8
991.98944 10561.1
992.46643 5221.05
992.96289 3774.76
993.23572 676.512
993.50000 657.138
994.41058 730.504
994.91522 643.294
997.73724 425.282
999.87964 1093.05
1000.36829 792.811
1000.53455 552.821
1000.88470 577.713
1000.99921 560.778
1001.50208 481.495
1013.24316 573.201
1017.23712 851.833
1017.48529 1321.67
1017.73828 1201.76
1019.45648 853.587
1019.61206 951.344
1020.46375 544.539
1027.40979 1075.78
1028.41357 538.842
1031.47974 469.88
1032.42603 703.028
1032.92395 476.655
1039.99084 857.806
1040.48071 5508.42
1040.98059 2842.5
1041.47375 2717.05
1041.96997 1193.97
1042.24353 589.998
1042.48328 500.18
1057.39929 492.468
1076.50562 812.261
1077.94995 573.196
1086.46008 2003.28
1086.95557 3168.79
1087.45520 1587.05
1087.95166 826.657
1115.51123 3883.57
1116.51501 2156.79
1117.51843 504.278
1120.96753 435.999
1121.46313 685.265
1121.96692 445.99
1125.48962 554.635
1126.45044 452.796
1129.97412 1373.24
1130.47302 2094.06
1130.97314 1626.87
1135.44678 982.95
1135.93994 704.284
1136.45081 738.081
1178.96777 574.204
1179.48633 499.93
1185.48254 581.263
1185.99744 507.484
1204.55933 816.04
1205.54553 610.805
1213.49792 943.204
1214.50281 420.701
1222.52759 680.018
1223.51086 415.01
1225.52832 534.907
1226.53503 465.782
1227.01709 979.696
1227.52148 1292.38
1228.03235 581.201
1230.53320 1609.13
1231.54492 1187.56
1232.53284 518.087
1233.53027 685.983
1234.02869 1365.95
1234.50391 754.998
1235.02100 646.409
1242.53003 4466.16
1243.03040 5159.77
1243.53186 3921.29
1244.03455 1473.46
1244.56335 422.633
1266.52917 695.932
1267.03455 877.649
1267.53296 663.578
1273.54517 481.796
1275.05139 1172.67
1275.55359 1766.59
1276.04895 2145.71
1276.53857 1277.53
1282.05847 1122.57
1282.54272 1854.08
1283.04199 1637.86
1283.54822 1071.94
1284.03247 458.518
1291.05798 7738.47
1291.55481 12638
1292.05090 9034.27
1292.54614 4870.51
1293.03955 1791.03
1319.58337 1743.37
1320.59119 790.049
1322.54309 541.638
1328.51636 563.538
1330.57556 807.017
1331.06860 1363.22
1331.56458 1689.69
1332.06091 1027.18
1332.55139 727.2
1339.58350 7510.1
1340.08069 12776.4
1340.57410 10176.4
1341.07214 6018.07
1341.56860 2760.16
1342.58130 418.95
1349.09778 471.001
1359.57935 1384.75
1360.57837 1086.61
1369.53174 505.591
1377.62366 464.661
1380.05798 779.427
1388.57068 1662.47
1389.07349 2593.13
1389.57654 1785.82
1390.07068 1073.52
1390.56873 431.305
1448.62915 791.87
1449.61829 609.556
1457.55457 476.204
1458.55066 434.55
1466.60547 1182.63
1467.61377 706.942
1474.60193 1032.5
1475.62634 730.54
1476.60486 473.51
1563.65771 2142.2
1564.66077 1412.97
1565.64563 642.196
1900.78333 432.47
1901.77429 576.829
