2277.03374 2
110.07081 1140.64
120.08025 3154.39
126.05402 437.777
129.06551 2096.92
129.10167 3607.03
130.06448 2408.72
130.08578 1314.39
132.08043 1350.93
136.07521 2559.7
144.08005 586.325
147.11253 1995.91
155.08119 1066.75
157.09644 895.51
158.09657 435.167
159.07568 925.927
159.09113 11412.2
160.09467 986.572
170.05940 2408.48
171.07442 419.557
171.09091 385.471
171.11299 460.992
175.11774 961.334
183.14799 410.762
185.09238 1108.36
187.07283 721.926
187.08449 727.108
198.08727 400.236
199.08403 719.002
199.14439 717.965
200.10220 1389.76
201.08669 1383.77
201.12314 625.851
203.10237 602.672
205.09950 664.477
211.14391 373.162
213.08759 399.632
213.12212 425.608
216.09923 437.017
217.08247 625.335
221.12790 482.673
226.08263 468.634
226.11639 400.423
227.08012 1176.58
228.09726 968.308
229.11705 1516.09
231.11243 922.574
233.09471 1506.58
233.16399 983.227
235.14343 1026.68
240.13339 1847.84
244.09169 2625.13
246.10854 606.996
247.10770 514.125
247.14340 479.668
249.12267 831.421
255.10837 753.384
256.09204 468.296
258.10718 2079.49
258.14368 4569.12
259.14505 525.454
261.08981 736.247
261.15747 677.587
263.13788 1318.76
265.11633 803.659
270.12466 932.841
276.15427 2926.23
282.10660 435.225
283.10245 1442.02
284.12418 551.959
293.11163 1976.95
296.10278 720.845
298.12115 637.205
299.09988 380.386
301.11258 1293.27
301.15036 564.555
304.16544 663.024
309.11682 407.094
311.13635 405.151
312.15576 414.41
314.11221 959.168
314.14844 977.05
315.12683 1085.63
316.12888 945.048
317.18015 993.728
324.09653 1708.96
326.14584 394.043
327.12753 810.573
327.16611 685.221
328.18784 605.133
329.14532 2042.82
332.15964 2304.49
333.16446 406.488
339.12952 623.84
342.10742 6571.23
343.10977 920.205
344.15573 825.848
345.17654 1130.49
346.17621 541.923
350.17053 746.264
354.13947 930.895
356.12021 927.79
357.13995 1111.15
359.13361 5507.9
360.13535 891.361
362.13403 1142.81
362.20865 417.515
364.14874 1354.62
372.14941 1875.39
374.17120 610.636
376.14755 383.605
383.19305 434.434
385.15067 1549.6
387.20465 699.177
389.18378 521.338
392.17966 1081.78
393.17654 598.291
394.13132 491.372
402.17557 751.168
405.21146 1100.06
407.19437 3440.76
408.19440 752.433
410.20389 600.482
412.14441 707.06
413.14249 1444.53
421.17117 898.262
424.16068 570.454
428.21317 1499.45
430.16660 616.84
438.19669 517.684
442.16791 895.684
444.17520 463.384
445.17270 485.249
446.22400 1090.1
447.18741 605.864
456.20880 1954.57
457.21060 514.921
459.19708 883.07
463.18149 643.86
464.21295 439.116
470.16403 1768.5
474.21909 1588.75
475.21622 598.26
483.17764 811.824
487.19104 883.606
488.24460 685.08
490.23187 983.204
491.24765 744.428
492.19696 757.238
492.25388 699.257
501.19116 1320.73
508.24158 4729.2
509.24402 1327.95
513.20587 1539.25
520.23846 947.846
530.23370 854.662
537.26593 545.904
540.21265 408.656
541.19318 842.989
545.29193 587.458
548.22961 416.312
555.28162 740.24
558.22296 1030.34
573.28802 1208
574.29230 603.695
575.27875 687.819
591.27673 964.484
603.27911 819.783
607.23450 630.325
609.28851 4849.56
610.30115 1143.89
612.27765 462.509
620.29523 424.628
621.28754 428.015
642.24493 1068.37
646.25018 446.73
658.32117 498.271
664.25397 776.121
669.25842 803.827
670.24609 764.943
676.33856 505.904
687.26727 975.442
688.27875 687.551
694.33826 473.834
702.33173 463.326
704.32697 681.23
720.34827 551.3
738.34631 804.221
741.31964 413.184
756.35681 5763.73
757.36060 2172.43
758.35919 636.446
763.31775 556.74
850.32635 631.031
855.43469 755.098
912.44513 1803.98
913.45154 943.475
1013.49451 1452.47
1014.50043 654.564
1100.52637 1681.09
1101.52686 895.354
1211.56665 529.463
1212.56384 412.693
1229.56775 1299.3
1230.58325 520.355
1328.63196 1204.26
1329.63635 731.457
1427.71069 613.091
