1677.76604 2
110.07090 6455.12
112.08664 1862.04
115.08623 1275.75
116.01598 3998.08
116.07030 1625.44
120.08042 5955.63
129.10201 4700.93
130.06517 1926.44
130.08598 1264.43
130.09810 741.445
131.11765 969.329
132.08076 677.6
133.04263 73964.9
133.06818 615.661
134.04654 2404.74
135.03838 2101.97
136.07544 4402.85
139.08635 1666.79
141.10175 867.937
147.11221 1428.06
155.09163 1382.23
157.09752 872.882
157.10703 762.294
157.13280 906.733
158.09201 4200.07
159.07582 1138.67
159.09125 12127.2
159.11214 673.654
160.09462 1257.11
167.08122 2590.91
169.09744 959.12
169.13318 22224.7
170.13666 1832.2
171.11232 656.317
173.12798 34183
174.13197 2360.01
175.11845 37401.1
176.12254 2199.71
183.11230 1452.82
183.14883 745.251
185.09213 1190.01
185.12897 710.068
187.08553 1751.66
187.10718 2736.96
193.09637 684.271
195.07603 808.389
197.12793 12158.1
198.13231 1114.74
199.07065 736.42
199.10809 683.627
200.13803 1022.32
201.12288 15232.4
202.12665 1239.42
204.13383 668.965
213.06882 2436.55
214.15367 627.425
215.13889 1947.07
216.09680 668.224
217.08220 1056.24
218.14931 3655.53
226.11775 846.841
227.10037 828.428
230.09624 2841.61
231.05971 748.989
231.09853 812.685
235.12016 1139.15
240.08060 1487.2
240.13422 1608.48
241.06401 2796.07
241.13368 618.356
242.14970 779.652
244.12599 710.799
245.07542 1183.28
246.12349 3750.66
249.09702 1066.48
249.12357 648.722
252.13260 1362.24
254.15013 646.693
255.10854 1121.25
256.10953 1468.41
257.09485 782.544
258.09003 3688.89
258.13351 1400.3
258.15918 1710.03
259.09219 731.533
262.15125 1065.47
266.14880 6687.2
267.15292 742.243
270.14423 4897.46
273.11859 4990.73
274.11832 10137.6
275.12051 1044.31
280.16479 965.714
284.10257 819.801
284.15976 15218.6
285.08624 653.335
285.16342 1917.45
286.15448 1400.8
290.14520 45354.3
291.14813 4879.83
294.12558 1186.7
300.13937 671.074
302.11359 3033.2
308.15842 1507.52
312.13483 2217.92
329.16385 1162.47
333.15884 1809.62
339.14713 1537.3
340.12891 1889.34
343.14316 1289.14
345.15732 1170.43
351.20349 916.423
353.18173 1044.2
355.17688 2351.32
357.15787 19482.5
358.16110 3269.18
359.15421 744.479
361.15329 9232.83
362.15494 1239.15
365.21689 631.752
367.19690 708.729
370.13571 1273.68
373.18405 4119.7
387.16495 763.18
388.14450 4712.07
389.14999 812.438
399.16660 1686.62
400.11295 710.287
405.17197 5037.68
406.17404 830.091
414.17697 1307.47
416.18979 668.151
417.13794 1494.44
424.23233 1703.76
426.17844 3514.75
427.18930 715.894
442.24393 4747.92
443.24677 1042.61
444.18744 2562.82
452.22714 4166.11
453.22873 1130.24
456.22809 852.339
460.17764 1620.48
460.22397 1034.64
469.31537 870.56
470.23822 6699.83
471.23953 1357.25
495.23166 1373.97
496.23053 716.031
513.24524 1884.05
514.24622 916.371
531.26331 759.128
539.19098 693.982
539.25519 856.998
541.31189 1954.36
551.30298 921.458
556.21729 976.68
557.19794 2991.78
558.20081 773.163
569.30988 2187.1
570.31146 738.073
574.22351 5256.5
575.21698 1431.76
591.25031 5911.71
592.24457 1396.67
602.26813 990.136
638.33069 1180.89
645.25531 1500.49
656.34052 1168.62
662.28674 7161.29
663.29004 1931.92
707.29657 856.376
709.36536 976.362
714.27075 927.234
727.37555 703.644
731.31036 1421.97
732.29010 2583.82
749.31891 27384.4
750.32111 10126.7
751.32172 1641.76
830.37695 1067.43
831.36450 1540.75
840.43134 939.75
848.38702 21904.7
849.38928 9610.2
850.38977 1981.1
1016.45093 907.172
1017.44128 952.03
1034.46790 18419.4
1035.46704 9949.9
1036.46912 2554.07
1103.48840 3129.39
1104.49341 2710.45
1105.48767 780.491
1121.49805 38696.5
1122.50049 23615.2
1123.49976 7094.96
1124.50574 1148.67
1144.50977 709.333
1202.52148 998.736
1203.55591 744.804
1220.56580 9526.06
1221.56799 6365.74
1222.57605 2246.83
1230.55994 776.883
1231.55750 752.201
1287.60767 872.673
1288.61646 752.33
1299.60754 3942.51
1300.60681 3880.39
1301.60608 1818.92
1317.61963 41616.3
1318.62231 28724.4
1319.62256 9893.13
1320.61230 1679.57
1477.65247 1969.78
1478.66003 1640.56
1479.65381 945.834
