2971.47562 3
120.08070 1684.32
129.10201 5267.56
130.08598 896.972
133.04274 2199.87
136.07547 12214
137.07825 649.405
147.11259 2234.97
159.09119 654.009
169.09706 1414.88
183.11177 793.721
183.14882 3422.18
186.12343 3612.6
197.16449 1003.16
200.13954 1431.64
211.14388 2850.52
214.11847 2159
217.08232 1028.56
228.13383 4646.74
228.16994 1110.81
229.11774 988.184
230.14876 636.087
240.13376 1500.34
242.14897 1117.52
244.09274 2082.04
246.12737 795.053
248.15948 3836.27
249.15948 3423.58
258.14450 2740.24
263.13861 687.924
265.11871 1114.52
274.12167 746.15
276.06421 733.735
277.15427 2688.37
284.12360 7097.25
285.12805 848.339
298.13980 644.007
311.20752 912.561
327.20184 1754.65
332.10754 1205.77
339.20175 10560.1
340.20673 1716.92
355.15952 1218.62
357.17648 2192.14
361.24353 4448.33
367.16049 743.946
369.21213 2417.88
372.18735 2185
377.18060 1648.49
381.21255 850.749
385.17093 2319.38
389.14981 1093.25
391.19662 2549.07
397.20706 4390.95
398.20804 897.748
437.18451 933.17
440.24966 1568.03
445.24405 1062.52
450.23361 996.355
457.27618 6960.91
458.28000 2071.56
462.27155 784.258
467.26053 2315.41
468.24380 5762.1
469.24597 1990.85
470.26181 1185.75
476.27066 4999.46
477.27625 960.372
478.22800 1156.69
479.17706 1065.68
480.24341 2734.48
485.27069 23984.4
486.27240 8720.03
487.27216 1193.31
490.26624 1297.05
492.13528 766.455
496.19775 831.278
498.25580 4624.3
499.25983 1158.19
530.22668 693.155
547.30701 1037.92
553.33490 1657.14
554.33948 892.22
555.28339 843.35
573.30090 1757.62
574.30646 844.816
581.28693 756.779
582.32611 1212.54
599.30060 1053.74
603.30841 782.916
605.22119 1321.92
607.23425 1145.85
626.35077 3506.04
627.35010 1046.6
639.20386 876.481
643.31018 1219.53
644.36047 42427.1
645.36395 13570.2
646.36450 2603.34
648.32819 742.926
651.31238 832.294
659.83740 893.485
660.33325 757.467
661.32104 1504.12
667.41565 959.88
674.79779 1377.4
684.33215 1677.28
685.83508 1743.92
686.33179 1549.61
695.40918 4292.47
696.41016 1412.12
701.38605 915.535
702.33850 1430.65
703.34430 738.709
717.33539 1779.79
717.83447 853.56
722.33411 876.684
722.82648 1331.39
723.33398 894.979
727.40369 1926.37
728.38690 1189.65
731.33655 4914.93
731.83789 3097.61
732.33075 1240.54
732.84143 711.099
742.37384 1631.95
742.87646 837.823
744.34973 953.83
745.40778 18728.5
746.41302 7069.53
747.41473 1096.22
752.28699 825.079
755.83392 882.688
761.42682 736.308
763.37152 988.586
765.37018 715.535
768.27991 999.326
773.88538 1430.48
774.38281 1492.84
779.36591 777.467
787.87372 1991.41
788.37976 2627.7
788.88544 833.794
790.36804 720.805
795.47083 726.464
799.36041 830.209
806.44482 1103.09
812.86823 2551.4
813.36926 2293.05
813.87109 935.281
817.37097 5881.31
818.37402 2700.19
819.37701 721.952
823.46631 6770.86
824.46753 2966.1
834.39954 1537.73
835.40387 898.766
855.41394 1505.07
855.91608 1063.77
856.41669 1037.74
860.39966 773.788
860.89874 1072.07
861.39331 834.506
869.41187 3530.4
869.91058 2901.35
870.41284 1881.03
874.42273 1241.55
881.37000 786.729
886.39026 2448.49
887.39166 928.212
890.46307 3201.4
891.45990 1009.15
908.47034 35312.3
909.47437 17282.7
910.47717 4414.78
926.44244 1133.47
926.95026 1092.53
949.40588 1448.51
950.41144 876.218
959.37445 752.162
960.36554 718.56
970.53522 5144.11
971.53473 2602.47
977.39911 3537.01
978.40332 1808.13
983.46960 874.038
990.51489 1544.48
991.46661 1752.94
991.66022 798.394
992.08057 1195.5
992.44409 1317.38
992.61462 1682.56
993.42596 842.749
994.42847 1050.97
999.47986 1549.13
1000.47046 830.355
1007.53900 10396.5
1008.54230 5687.93
1009.54736 1450.18
1017.51923 931.49
1032.51001 1774.71
1033.00916 2176.59
1033.51538 1852.69
1057.56750 1558.89
1058.57458 1083.91
1062.50293 1004.53
1063.48853 896.779
1073.46021 862.041
1090.48645 4313.66
1091.49268 3129.42
1092.47900 894.713
1103.56812 1238.61
1104.56067 3611.29
1105.56702 2474.31
1121.58215 20469.6
1122.58301 12350.5
1123.59058 3865.15
1132.55115 1741.04
1133.55737 1171.21
1134.55994 795.276
1186.61914 1614.25
1187.61023 1133.43
1217.64893 2138.47
1218.65845 1392.37
1225.56824 1289.13
1234.66528 10966.6
1235.67981 6766.15
1236.47302 931.479
1236.71204 1364.58
1245.63892 920.907
1246.66333 1397.54
1252.53894 808.05
1253.55029 4008.12
1254.54407 2838.29
1255.55286 1231.56
1301.63904 3861.28
1302.63708 2353.96
1303.63489 834.956
1349.60657 782.285
1366.62561 1921.71
1367.62708 1341.58
1370.65491 3325.99
1371.65942 2189.14
1372.64661 893.216
1380.71313 1958.09
1381.69934 1304.14
1397.73242 5344.16
1398.73633 4387.29
1399.78650 995.156
1461.66895 3175.43
1462.67041 3095.92
1463.66943 1718.81
1480.68176 1796.64
1481.66565 1160.75
1546.75476 919.669
1547.77502 798.642
1557.73914 798.626
1574.74951 5358.89
1575.75146 4271.66
1576.75854 2537.68
1579.73840 1119
1580.74438 1161.31
1737.80273 2212.01
1738.82031 2514.77
1739.83203 1079.58
1851.88538 1073.33
