2129.93882 3
110.07118 4800.37
118.03197 292.298
129.10225 7180.42
130.08600 445.475
130.10542 629.001
136.06171 1684.25
136.07574 1298.11
138.06621 276.472
147.11273 1069.69
157.06052 296.212
159.07626 302.142
167.08134 271.951
169.13374 330.974
171.07581 326.865
173.09184 394.705
175.11911 1134.53
181.10825 386.184
185.05571 504.578
185.09143 318.952
185.16479 4325.59
186.16824 503.254
187.14397 4068.46
188.14760 321.692
189.08696 393.144
195.11232 418.565
199.07059 290.949
199.10799 342.98
201.08708 562.739
209.10378 1258.51
213.08641 647.576
213.15988 980.108
215.13887 3011.98
217.08156 470.862
222.12352 253.21
226.11824 639.176
226.15511 1267.6
227.10329 258.747
228.13362 296.513
231.09787 413.135
234.12183 286.559
235.14354 399.328
240.13374 1358.11
241.08109 433.791
244.16544 2936
245.07632 515.232
245.16933 494.555
251.15053 1108.79
258.14398 488.451
259.09210 511.951
264.06357 649.122
266.15012 491.261
270.10593 256.042
272.17087 324.93
274.18716 3312.33
275.18961 303.146
279.14261 343.978
282.10748 518.466
298.09738 448.627
300.08221 1419.67
303.21335 665.303
303.63177 1741.53
304.13235 519.464
306.22913 377.591
312.04938 780.468
317.62939 1164.53
318.15079 447.783
319.15247 358.878
322.18756 365.373
328.22266 571.005
330.05988 690.76
332.20822 730.308
337.16193 503.515
338.63574 324.415
350.21820 5663.52
351.22110 1068.35
352.14029 1254.66
352.63644 270.927
353.14584 336.64
356.16672 429.094
360.13153 323.322
361.14590 1544.05
361.64508 678.723
369.17639 428.218
372.25473 485.242
374.17020 379.112
384.27271 401.049
387.18903 306.97
388.66431 588.55
389.16330 303.924
389.65707 386.44
393.65860 616.576
393.70813 1485.39
394.21082 527.35
397.66910 551.268
398.11313 505.324
402.28229 10450.3
402.66336 3236.4
403.16586 1103.21
403.28467 1747.43
403.66516 271.38
409.70786 2896.05
410.20886 1486.15
410.70810 294.962
411.66843 1691.77
412.17227 668.637
413.67551 415.786
417.68985 399.377
418.21133 666.168
420.16748 816.156
420.66840 502.196
421.25623 1054.59
423.70499 2163.25
424.20883 819.686
429.12729 705.564
435.70172 541.712
436.19382 582.121
444.71664 314.862
445.21182 361.438
451.23114 427.049
453.22525 722.095
453.72733 262.558
458.21564 2772.95
458.71826 1162.93
459.20862 826.923
459.70401 262.732
464.74008 300.54
467.22183 2564.01
467.72379 1223.95
468.21542 892.721
469.19699 370.96
470.70178 842.023
471.20377 280.244
482.23340 431.365
484.69040 627.177
486.72470 500.448
490.74625 449.754
493.24377 276.379
494.74161 735.168
495.23764 372.064
495.73340 472.191
496.23581 421.722
497.19376 1027.97
499.74805 5984.58
500.24997 3176.85
500.75220 853.587
501.30112 427.886
501.76120 341.251
503.74771 587.2
508.74057 3920.82
509.24179 2255.65
509.74106 602.379
517.31000 1297.51
517.68933 451.23
517.75073 1512.89
518.25348 972.048
518.73438 884.393
519.23187 416.787
527.24207 3046.55
527.74329 1974.19
528.24200 731.836
534.19391 364.365
540.22778 306.016
545.24957 460.761
548.73566 3045.31
549.24213 1448.59
549.74188 620.524
550.27130 709.348
550.77509 410.263
552.21619 452.939
552.72644 505.648
553.23663 448.558
555.25726 294.667
558.89758 285.477
559.27856 309.807
564.57672 613.982
564.91278 475.874
565.24084 327.217
567.26465 388.974
575.28046 520.368
584.21991 668.866
585.22168 558.347
589.30585 1145.4
589.59991 294.269
589.80536 540.873
592.59369 310.173
592.93481 343.601
595.27020 1406.41
595.60242 1255.4
595.93695 767.36
597.21448 1365.46
597.56873 327.58
598.21399 388.065
601.27032 922.138
601.60571 1441.09
601.94116 705.141
602.26953 350.148
606.26202 525.968
607.27649 4513.59
607.61017 4331.66
607.94312 2297.47
608.27875 1086.18
612.28088 366.166
612.36316 325.626
621.31934 415.435
623.78546 842.786
624.28784 488.54
625.30634 719.296
625.79681 1547.63
626.29926 699.642
626.79712 324.468
627.92383 502.824
628.25879 594.522
628.32983 350.744
628.59772 287.456
630.35657 369.814
633.92584 625.131
634.31256 6189.78
634.59491 433.067
634.81018 4252.47
635.31360 1980.41
635.96509 313.644
639.93542 2333.86
640.26831 2709.45
640.60376 1629.54
640.93420 622.939
642.83435 303.238
643.32635 493.943
644.31439 651.709
644.63983 391.95
644.97229 1209.55
645.30243 1047.84
645.63995 560.644
646.35413 1225.94
646.67468 705.687
647.35925 475.987
648.28998 306.656
651.33881 2050.71
651.83820 2147.32
652.26605 467.559
652.33905 667.703
654.30298 298.01
658.30707 1029.23
658.79517 390.66
660.34369 502.859
660.84668 843.255
661.36237 464.601
661.77893 300.533
662.35718 530.468
662.83362 1195.45
663.33087 405.872
665.98761 784.108
666.32190 1182.6
666.65814 627.567
666.98297 336.188
667.25580 828.839
668.28308 438.113
671.85431 312.807
671.99640 669.614
672.32379 1032.51
672.65991 512.971
673.00012 302.436
677.62195 643.269
677.99615 3186
678.32886 3086.7
678.66193 2034.76
678.99976 689.037
679.33160 402.15
683.99249 532.978
684.34766 300.345
685.26740 806.512
691.75952 328.581
693.31445 301.471
693.81403 445.622
694.30798 314.962
695.19299 802.145
696.29968 377.004
698.64087 350.772
698.97791 531.155
699.31696 398.779
703.26654 327.226
704.64905 390.28
709.34082 2598.63
709.73370 556.574
709.84161 1497.94
710.24792 925.22
710.36017 1381.06
710.65033 1500.44
710.85327 345.502
710.98724 2057.42
711.32703 2380.95
711.65112 607.832
711.82037 1140.78
711.98651 348.896
712.44635 1123.85
717.38953 1987.46
718.39825 699.804
721.28467 696.085
729.35309 712.271
730.34296 298.017
733.34668 324.319
736.34583 392.097
741.35223 3144.79
742.35535 1830.41
742.83447 384.648
743.35632 544.628
745.37463 632.423
746.38348 385.78
759.35651 316.053
766.33038 309.252
767.34894 559.669
769.39673 491.712
773.34882 823.146
773.69061 314.309
776.33075 297.646
777.83472 488.882
778.33331 636.382
779.01727 467.869
779.33667 296.746
779.84210 460.695
780.34973 302.068
786.41040 3203.7
787.42230 1144.29
788.33002 301.213
788.84308 371.504
796.69775 361.546
797.03650 351.501
797.36023 736.761
797.85101 1166.85
798.34961 1196.87
798.84839 407.296
802.36279 469.199
802.69818 573.367
803.03143 428.911
803.38361 405.447
804.32300 1279.81
805.32623 527.947
806.36798 731.369
806.85321 848.231
807.35742 575.265
807.86267 296.218
815.84833 689.078
816.34937 803.068
816.85120 541.542
817.37897 377.298
818.41449 543.175
820.34808 315.955
822.32623 1298.55
823.32526 546.626
823.87360 908.597
824.36377 753.273
824.85760 623.223
826.34937 346.435
827.31708 473.958
832.88055 698.883
833.37384 854.812
833.87048 475.895
834.38629 328.635
837.35370 352.799
837.85376 473.166
839.32550 1016.06
839.71497 299.233
840.04022 315.144
840.38306 511.197
841.88007 5116.05
842.38202 4655.05
842.88116 1888.96
843.38538 716.209
845.72937 374.694
846.39337 1134.06
846.85132 1044.33
847.41351 486.59
850.38599 762.933
851.37909 418.149
852.37616 541.53
853.32111 337.659
856.41211 415.998
870.39502 2381.78
871.39734 1467.75
872.40912 338.251
872.85046 308.425
873.36505 324.856
874.42639 572.69
875.42328 349.656
880.37793 309.589
881.86493 324.513
882.36035 402.656
884.39160 1435.03
885.39276 410.175
888.39246 614.472
889.39166 382.005
890.86945 1458.8
891.36920 1444.02
891.86292 555.918
892.39252 899.12
892.89954 476.993
893.39386 412.106
894.39307 345.273
895.34705 360.534
897.34290 330.064
901.43268 2725.64
901.90503 1153.87
902.43066 1413.57
902.91003 591.417
903.42218 413.973
909.92377 327.348
910.41040 5488.12
910.91168 4654.4
911.41125 2435.99
911.91034 980.542
915.42902 449.363
917.40674 512.632
919.41376 413.855
929.43433 479.447
930.42822 335.497
933.43805 1010.74
934.44745 348.104
935.41174 381.532
940.39063 681.838
941.39063 578.231
942.39246 402.608
947.45801 314.441
948.46155 474.349
958.40417 547.265
959.40436 1150.2
959.89594 955.804
960.42279 392.286
963.46674 625.522
967.46277 358.806
968.36346 534.611
972.44623 424.127
980.48608 832.096
981.47711 589.637
998.48889 13544.6
999.49445 5963.29
1000.50110 1809.94
1006.48248 415.792
1016.48029 2003.66
1017.48511 1033.46
1018.49231 348.094
1034.49060 1225.05
1035.49243 744.016
1036.48145 303.088
1053.47852 768.197
1054.48474 528.794
1055.50806 338.321
1056.36328 365.166
1058.48267 337.177
1059.47375 398.975
1071.49902 514.782
1078.46826 386.257
1089.50269 297.138
1096.46777 2603.17
1097.46973 1196.47
1098.47180 490.187
1099.53833 1700.64
1100.54236 964.559
1133.54138 330.276
1150.55322 378.754
1168.56226 462.767
1186.57007 1608.02
1187.58362 987.774
1197.51611 449.543
1281.47583 383.801
1284.53650 343.653
1323.63477 335.742
1418.54736 295.066
