4532.72626 5
120.08041 5698.81
129.10185 6072.37
147.11279 1288.61
185.05542 2376.83
203.06583 2642.79
217.08151 1495.11
228.17012 3283.96
231.06050 8921.94
232.06311 882.818
235.10774 979.112
245.07622 6883.66
263.10165 659.686
275.20795 1737.5
325.22266 725.536
328.07712 798.946
341.25235 689.187
342.09219 2948.68
346.08719 3740.26
347.09183 629.013
360.10239 6352.76
361.10620 882.15
456.28085 2381.07
457.11917 2014.53
461.11371 1631.38
465.70441 1920.02
466.20404 1048.64
471.13901 770.521
471.32764 8020.22
472.33109 1725.3
475.12936 5391.92
476.13132 896.252
516.22510 847.987
529.31360 1183.69
530.22699 2607.04
530.72693 993.344
568.15375 656.33
569.61871 1869.13
569.95258 3073.76
570.28967 889.755
570.39630 1250.63
572.14703 1906.91
576.13635 1339.87
585.32550 1989.34
586.16113 1141.24
587.74091 3121.1
588.24432 1675.48
590.15570 4419.57
591.16418 824.236
593.83423 1713.43
604.16974 1813.7
607.96100 641.242
616.17712 1063.68
636.25079 698.312
645.25366 4266.63
645.75519 2413.27
658.35748 2879.15
658.85834 2426.51
659.35791 1070.42
683.17621 794.402
684.64911 917.605
687.16956 1048.52
691.15997 652.76
695.76868 758.159
698.48425 983.41
700.35150 1970.4
700.76245 698.583
701.19244 1919.12
701.34662 1068.71
705.18304 1396.31
709.77203 2380.82
710.27209 1776.62
713.87158 1414.38
714.38177 767.54
719.19861 3872.92
720.20422 985.871
722.87927 5956.07
723.38464 5513.22
723.88507 2064.79
749.29797 830.934
758.28174 1012.17
761.32233 673.036
761.67407 674.787
767.28528 2141.32
767.78656 1908.54
768.29163 706.709
771.38556 1428.38
771.89478 1199.15
772.38226 822.182
780.39185 21725.3
780.89258 16671
781.39496 7959.78
781.89990 2976.02
793.67706 690.31
794.00049 716.256
799.67560 747.955
800.00763 1121.25
800.35004 913.682
806.78198 668.321
815.37726 3629.16
815.79877 1009.62
816.20752 1351.97
816.38074 1127.28
820.21844 922.562
824.80231 3966.89
825.30084 2546.93
825.80109 1316.99
826.29724 763.405
827.53290 745.537
831.01697 750.836
831.33502 975.86
834.22437 2901.55
835.23267 953.688
837.02478 833.036
837.35419 684.53
845.42456 976.728
853.92523 16939.4
854.42676 13880.1
854.92889 7083.42
855.43402 1960.16
857.94995 2885.4
858.31061 787.422
858.45477 2533.14
858.95599 883.996
859.43317 787.049
874.41449 1326.5
874.77374 1405.51
875.11249 1873.39
875.44012 1281.99
875.72516 945.807
876.06897 767.991
880.30792 1025.39
880.81573 791.499
882.90552 934.81
889.32367 2248.86
889.82269 1805.67
890.33209 781.666
893.54742 909.424
896.37048 1374.37
897.38635 1027.22
897.84705 721.392
898.90723 774.339
901.01880 1027.39
901.36957 792.918
902.05579 850.933
902.93976 1202.55
906.38934 2727.81
906.56036 682.254
906.67401 1376.91
906.93256 13417.8
907.43280 17679.1
907.61743 2821.32
907.94214 8328.33
908.41913 9794.83
908.72937 1929.2
908.94122 1059.42
911.43860 12697.2
911.94049 12225.7
912.44025 6560.64
912.94336 3166.94
913.70923 890.088
914.05225 734.574
919.36334 1029.28
919.70691 757.25
920.04956 763.435
930.40405 5851.56
931.40326 2283.32
932.41119 707.631
937.82227 682.229
938.33447 1641.36
938.82544 882.124
946.83301 4366.92
947.33307 3145.34
947.84698 1242.29
948.33289 771.68
949.25519 1995.1
950.25757 732.624
956.72180 729.372
957.05017 973.287
959.95013 996.221
960.45886 1398.07
960.94720 1144.26
962.39343 793.26
963.26965 1117.35
968.95374 13505.6
969.45404 12653.3
969.95544 6962.03
970.45282 2939.72
986.32526 916.173
995.06305 801.099
995.33667 1647.94
995.84772 2355.76
996.33466 1320.84
1001.40515 864.871
1004.34808 6905.42
1004.84937 5181.65
1005.34833 2934.51
1005.83789 1069.75
1017.46387 1544.54
1017.97235 1417.4
1018.45782 1501.42
1026.46619 12396.5
1026.96704 11850.1
1027.47168 6279.98
1027.96155 2938
1028.48438 1143.11
1033.40051 1560.21
1033.72900 1411.15
1034.06299 1262.09
1039.06885 1532.37
1039.40186 1868.21
1039.73767 1356.87
1040.06445 954.717
1057.64136 978.229
1059.44507 4768.36
1059.84717 1228.89
1060.46570 2361.43
1068.87024 2263.01
1069.36963 2717.79
1069.87842 1294.38
1070.39063 809.568
1074.97156 1680.55
1075.48413 2304.81
1075.95862 1205.27
1076.40173 965.663
1076.74622 1100.24
1077.08167 774.352
1077.43201 817.429
1078.29260 1566.96
1082.42163 1275.59
1082.73950 1034.6
1083.97803 8503.63
1084.47900 9026.9
1084.97998 5013.11
1085.47998 2486.32
1085.98560 960.548
1117.38452 1044.51
1117.87805 1138.7
1118.39319 851.091
1121.09998 901.673
1121.43457 881.886
1126.38428 2019.22
1126.88306 3356.42
1127.38440 1426.16
1132.49536 1618.69
1132.97937 2212.45
1133.48132 1088.16
1133.98364 769.912
1141.49463 7010.96
1141.99329 8147.94
1142.49548 6111.01
1142.99060 2739.97
1143.49341 1286.45
1152.75793 687.117
1153.09448 956.285
1159.09363 1291.32
1159.44397 1885.87
1174.47168 3991.62
1175.49634 1674.93
1176.49365 769.684
1179.52014 2175.66
1180.51941 1444.2
1181.51379 979.257
1183.90088 1833.82
1184.39185 2017.28
1184.89929 1334.89
1189.99829 2246.26
1190.49988 3048.63
1191.00391 2164.62
1191.51807 712.127
1193.32532 1309.98
1199.00623 7987.95
1199.50659 9780.78
1200.00720 7356.92
1200.50623 3263.63
1200.99780 923.479
1232.37854 819.331
1232.90771 1321.79
1236.51074 705.206
1241.40491 914.637
1241.90625 1357.24
1242.41846 1134.02
1254.53357 982.072
1255.01990 2255.17
1255.51221 842.973
1263.53137 1533.59
1264.02588 2168.16
1264.53027 1771.31
1289.49963 3919.46
1290.51331 2540.61
1291.52197 781.783
1299.43860 1061.89
1308.35718 733.706
1321.04785 1474.48
1321.53821 1555.5
1322.04651 1020.18
1356.94250 686.758
1378.56628 1367.21
1379.05066 1868.74
1379.56213 1464.33
1396.44165 950.606
1400.53210 749.039
1404.95496 959.094
1405.44983 1132.38
1405.95679 1207.82
1406.46924 914.635
1413.95251 2033.85
1414.45532 2235.13
1414.96057 1813.9
1415.43457 1460.73
1418.53833 3065.79
1419.54321 1971.63
1533.56519 1756.47
1534.59863 899.855
1648.59106 843.682
1649.58997 803.489
1777.63257 986.711
1778.64111 790.902
