1538.72527 2
105.05633 501.295
106.04833 453.531
110.07102 3709.04
112.08667 1903.48
115.08652 830.181
116.07034 1118.68
120.08057 8900.18
121.08390 753.744
126.09112 2474.74
128.10681 4115.71
129.06664 583.988
129.10208 5566.23
129.11290 537.563
130.06485 3452.49
130.08597 1489.43
132.08099 1470.94
133.04301 460.606
136.07564 3805.7
138.09122 1138.19
140.01073 919.736
141.10182 1498.4
143.11731 819.968
147.11259 2770.69
155.11774 5117.93
156.12064 556.774
157.09708 3300.76
158.09213 5757.43
159.05916 1883.37
159.07619 508.072
159.09145 37641
160.09488 3155.72
166.06085 753.999
167.08174 775.559
169.09694 1755.42
170.06004 1266.2
171.11276 1052.76
172.10783 1655.35
173.09299 470.693
173.12817 10876.1
174.13177 962.889
175.11871 11545.3
183.11249 19156.4
183.14912 2260.19
184.11665 1343.12
185.05406 528.561
185.16444 524.767
186.12738 1180.71
187.08623 4506.97
187.14323 1473.97
195.07690 474.321
197.10477 673.466
197.12767 610.344
198.08702 470.464
199.07127 685.285
199.10692 765.512
199.14337 800.975
199.18028 973.139
200.10097 834.912
201.12308 14732.5
202.12679 1153.01
205.10007 3894.38
207.11241 8707.55
208.11809 517.058
211.10651 680.883
211.14380 2887.37
213.08650 1050.3
213.13824 1912.05
213.15933 505.638
215.08495 936.407
215.11375 2576.09
215.13824 1410.8
217.09613 1876.3
218.14990 1386.29
219.14900 3137.5
221.12794 3632.3
222.13304 551.04
226.11848 509.004
227.06555 477.023
227.10193 1483.27
227.17476 857.304
228.13409 1124.57
229.11658 1303.58
232.14014 3041.91
233.09511 4423.69
235.10709 3545.31
237.13484 1306.14
237.15927 977.223
239.11357 471.896
240.13458 1018.97
241.08125 1644.91
241.13303 3970.22
242.15056 1516.82
243.13280 527.16
244.09225 586.114
245.07646 2580.86
245.11102 1996.41
247.14340 3925.01
249.12329 5636.77
250.12669 840.536
254.14893 559.055
255.10910 526.837
255.17047 849.319
257.10269 479.439
258.15967 11318.6
259.09259 1603.72
259.16370 1576.96
269.13068 3578.3
270.14517 908.76
272.13535 8321.01
273.10245 593.42
273.13779 698.955
277.11786 8796.18
278.12119 1250.04
280.16629 1236.72
282.18063 1994.65
284.12369 6485.81
285.12540 787.199
285.15649 516.395
286.12079 739.786
286.15576 6545.84
287.13879 1523.04
287.16373 579.909
288.13565 885.252
289.16226 8259.93
290.13205 17638.4
290.16644 1115.39
291.13470 2755.9
292.12677 813.834
294.17874 1136.93
300.13580 738.518
300.19168 1485.03
304.12878 17038.4
305.13211 3012.28
312.15344 1010.12
313.18628 913.494
314.15295 15994.8
315.15549 1856.45
316.14786 608.24
318.12656 15678.8
319.12924 2403.36
324.16971 1109.86
324.22751 2135.76
326.16959 1101.64
330.19012 489.819
332.16278 2547.59
340.14783 686.363
341.25235 517.449
342.18173 1836.22
348.18976 716.112
356.10962 4062.03
357.11334 642.64
358.15802 777.278
359.19800 551.553
367.20883 633.052
368.19540 1033.75
369.19025 567.996
374.11932 5131.92
375.11984 727.261
376.18680 1997.76
377.18433 506.896
381.17636 1929.68
384.22961 957.765
385.21942 5418.17
386.22314 815.686
387.20255 920.099
388.20135 947.222
389.21817 4103.75
390.21967 989.492
391.19479 883.793
397.20615 1136.41
399.23819 923.735
400.21786 1083.43
401.15744 693.951
402.10245 803.439
402.24536 54351.2
403.14044 543.945
403.24817 9869.87
404.25232 1063.75
406.15985 3281.43
412.22769 1284.63
417.19382 2701.32
417.24310 2376.49
418.20700 603.825
418.24200 538.661
419.17386 6247.54
420.17618 1266.51
433.22046 998.519
441.19757 1328.24
450.27130 566.806
452.28561 2532.89
459.21005 700.972
466.26736 1399.08
469.18805 1033.54
473.22195 908.256
482.23361 612.212
486.27344 599.791
487.20093 831.684
490.24768 3309.46
491.25293 830.501
494.26190 2345.31
499.26373 766.6
500.24194 3017.38
501.24744 688.514
503.17599 1608.95
505.22906 817.757
517.27289 11935.7
518.23480 4483.37
519.24170 1365.83
521.18671 10786.1
522.18768 2147.53
523.32239 1601.39
530.32849 3304.58
531.33087 1266.31
562.25677 590.562
579.35352 921.684
594.35803 559.178
602.24701 631.316
606.27600 2034.78
607.34418 1574.71
608.34351 565.92
617.31580 1063.92
619.30035 1125.83
620.25165 3229.5
621.25781 596.624
628.30414 2348.28
629.29407 1320.24
634.26782 1150.83
646.31427 15619.2
647.31909 3868.84
648.32269 893.009
665.31592 560.351
709.38055 518.911
735.40765 1203.7
736.40222 634.977
740.46588 6062.4
741.47107 2972.17
757.34650 3200.19
758.34064 1678.95
759.33582 692.655
775.35638 14271.6
776.35962 5363.99
777.36499 1036.97
806.34479 929.986
806.42078 840.049
807.43414 533.006
831.38184 2174.17
832.37866 844.923
855.49384 1254.84
886.40057 804.826
887.39288 1169.35
904.41760 1492.77
905.40405 2055.64
906.40503 692.303
922.42529 52832.1
923.42596 23779.8
924.43036 5745.75
925.44489 920.345
926.53198 1053.04
1003.48828 994.055
1004.46887 1148.75
1021.49219 33443.9
1022.49426 17813.8
1023.46820 3733.25
1023.64429 1346.06
1024.60767 1272.14
1025.58240 603.118
1189.54028 522.034
1190.54626 746.723
1191.57141 803.772
1192.57458 610.641
1207.57141 14738.1
1208.57422 9915.56
1209.57837 3377.14
1338.61450 4760.02
1339.61255 2786.81
1340.61279 1324.98
1439.66064 1099.96
1440.65393 748.82
