1850.96929 2
110.07089 446.168
120.08047 1574.85
129.06575 267.461
129.10202 1273.73
130.06468 1522.12
130.08611 345.157
132.08038 359.846
136.07564 500.485
141.10194 312.57
143.08128 492.993
143.11703 296.04
144.08043 394.065
147.11232 1127.03
157.09657 621.479
157.13297 546.319
159.09129 4993.1
160.09496 263.885
170.05956 618.296
175.11888 726.73
185.10675 187.152
185.12807 1754.94
187.08618 1657.42
197.12816 267.023
198.12755 704.624
199.18021 564.487
200.10210 311.992
200.14290 2288.39
201.12320 307.596
201.14774 199.005
210.12697 285.893
211.14343 410.776
214.11797 477.664
226.11800 245.832
227.15411 1317.55
227.17445 1050.58
228.13329 500.891
229.11749 508.915
230.12949 257.347
231.11176 596.25
233.16544 291.827
240.09702 594.462
241.08141 814.498
242.14912 668.901
242.18491 206.829
248.13945 225.475
249.12245 582.154
254.14856 190.304
255.14867 4619.53
256.14609 456.853
256.16721 1049.29
258.10660 945.611
258.12485 1059.13
259.09027 643.823
259.10800 664.715
260.19604 1005.93
261.15765 188.999
271.13953 453.88
271.17499 421.338
272.17496 11165.4
273.17810 1291.88
276.13486 674.559
277.11761 1805.23
282.18048 358.47
283.14310 992.822
286.13821 995.941
298.13934 197.451
298.21185 1021.38
299.16992 509.451
299.20895 189.692
300.16989 6876.19
301.17307 869.155
313.18451 232.731
325.18533 193.216
326.18729 408.124
327.20264 445.709
329.15982 889.834
339.19965 210.999
340.23621 255.821
342.21158 413.12
355.23105 234.057
356.22778 302.123
357.17651 514.868
360.15491 268.704
368.23151 506.526
369.13950 1047.13
369.24777 360.39
370.20633 433.964
371.20737 980.502
372.18884 236.894
376.18698 219.947
384.22833 283.854
387.14844 680.724
388.14951 1062.45
389.21964 430.622
396.22235 192.66
397.21939 221.163
405.17688 752.755
406.15842 1274.09
407.26416 1131.31
408.26395 209.593
413.25400 1421
414.25272 569.54
428.21457 235.37
433.20801 335.25
438.26907 198.523
439.26910 457.373
440.26636 198.839
442.24472 639.267
459.22482 218.806
476.25107 220.445
484.28903 347.091
485.28455 227.32
488.21207 206.67
499.18250 219.842
499.24979 297.886
504.24463 221.639
510.30713 276.529
516.20288 430.786
517.19037 543.935
517.31262 533.128
518.29645 927.198
519.30304 259.76
534.21454 942.155
535.20337 507.667
535.32330 902.576
562.24933 430.345
575.27863 237.549
633.28571 253.644
645.24957 295.393
646.35815 330.176
663.26086 418.611
664.36517 1270.66
665.36987 270.355
681.28528 302.147
689.35785 495.565
691.29254 297.533
762.32349 334.232
793.40753 663.247
819.36365 234.981
859.47400 252.294
924.52057 415.185
924.84442 208.983
925.61346 2433.3
926.04974 241.829
926.62103 1242.25
927.62054 6715.23
928.62378 380.172
940.47260 764.485
941.48273 343.938
1052.49951 207.815
1069.50891 542.204
1070.51514 357.358
1225.60791 560.324
1226.60632 287.782
1296.64917 409.055
1297.65466 231.379
1367.67700 285.787
1438.70093 221.961
1439.75708 218.954
