3617.94687 3
175.11847 1352.79
183.14806 1548.35
215.10268 1505.08
228.13390 2986.99
232.13994 3886.88
263.10269 1532.44
302.09848 2403.63
308.19559 3443.24
314.17169 2007.87
343.15967 1445.12
360.19720 5485.83
384.18930 1403.14
391.16046 1807.65
421.27954 2820.92
442.22946 3132.95
449.16104 1333.32
459.26584 7169.37
490.23309 1966.32
511.32242 2401.51
541.29755 2155.33
555.31488 2163.98
569.26770 2334.36
570.32434 4230.47
570.82605 3664.2
587.27905 2299.32
588.31085 3188.84
589.30170 1488.66
605.34692 3058.41
605.84521 5503.67
606.35229 4762.55
611.31427 1563.8
653.87524 61060.8
654.37640 56172.7
654.87726 16146.8
655.37897 4104.31
655.87689 2054.16
672.37158 1393.03
682.35101 4647.12
683.35638 1679.7
700.36255 4417.89
701.38489 2998.68
705.41687 1491.34
772.42749 3645.44
781.41418 4233.05
782.41498 1526.33
799.42865 6402.85
800.43396 2222.24
824.47803 1441.82
848.48267 2789.71
852.45917 3263.13
853.45020 2060.06
870.46564 7016.25
871.46777 2707.29
886.47272 7561.03
887.47418 3821.81
890.39764 1651.35
951.51874 4439.36
952.51978 3626.24
969.53491 8546.02
970.53473 4099.18
999.55743 8632.31
1000.56042 5270.74
1064.60071 2268.91
1082.61340 5284.03
1083.62524 3375.59
1112.64282 1612.01
1139.64587 2244.64
1140.62585 1443.05
1205.66040 5213.78
1206.67944 2521.4
1209.69287 5975.79
1210.68506 9843.21
1211.68787 4162.2
1230.60815 1566
1288.74194 1697.73
1289.71985 3610.2
1290.71936 2568.56
1291.74683 1712.05
1306.74573 90146
1307.74658 73619.1
1308.74890 22753.4
1309.74609 6014.82
1310.73120 2106.83
1419.83130 1570.26
1420.82227 2012.67
1476.85010 4992.2
1477.85864 5241.15
1478.85852 1521.87
1605.89697 1978.71
1720.91382 2831.4
1721.93127 2968.58
1867.96143 2061.08
1868.99951 2636.36
