1609.79436 2
110.07097 836.572
112.08649 204.512
120.08048 7727.54
121.08398 619.321
129.10199 1125.59
130.08607 228.042
133.04233 379.689
136.07547 1529.84
142.08562 212.623
143.11798 218.922
147.11263 534.92
158.09229 504.448
159.07620 255.656
159.09106 560.912
169.09692 398.23
171.07629 185.507
171.11304 288.492
175.11862 1981.1
187.10739 5257.05
188.11168 236.892
199.07106 255.176
201.12303 363.314
213.15884 194.745
215.10225 4562.56
215.14047 193.37
216.10797 207.668
221.12712 301.333
229.11951 301.399
231.11107 249.188
233.16422 1871.09
234.16917 257.786
240.13206 193.664
244.16495 220.784
245.12491 554.313
247.14433 193.167
249.12317 547.73
249.15797 421.373
251.10156 271.3
254.14972 250.83
260.13980 205.564
261.15900 997.432
262.08490 373.382
262.14984 485.597
265.11823 245.586
272.15588 224.961
277.11749 194.787
277.15390 294.076
286.13803 267.28
288.13443 1209.61
290.08008 637.784
293.11200 840.703
306.14334 469.127
317.15018 558.981
318.18005 264.971
362.17059 1203.66
363.17261 225.978
373.22186 277.414
391.23315 211.869
401.21829 341.665
406.19601 277.968
408.18686 525.594
419.22614 493.031
421.12173 214.119
425.21344 1501.95
511.14297 614.664
554.25372 647.203
564.28363 236.003
693.32574 196.896
700.28687 292.893
717.31824 1647.5
718.32062 661.872
830.40186 1363.84
831.40546 553.298
977.46875 1226.63
978.47369 692.206
1078.52100 761.248
1079.52271 517.945
1091.50989 217.238
1117.52673 823.851
1118.52429 582.624
1135.53748 3320.7
1136.54163 2278.13
1137.55298 309.378
1230.61133 224.894
1231.62695 222.054
1248.62341 1127.82
1249.62085 790.542
1395.68347 356.981
1396.69092 233.288
