2518.11367 4
129.10226 2441.74
130.08604 571.743
147.11287 1680.14
155.08170 557.977
173.09218 1472.96
185.09221 352.661
201.08665 1505.97
203.10291 528.207
213.08664 917.229
218.14888 720.09
226.15492 4935.67
227.15857 472.808
231.09692 1043.04
235.15984 885.809
240.13486 390.166
244.16528 10663.2
245.07741 1012.72
245.16882 1218.99
263.67056 5824.59
264.17285 1701.05
283.17630 1304.87
312.17896 661.889
313.20935 1818.71
318.20874 1055.89
320.69183 2255.32
321.18451 2098.75
321.68567 461.868
328.11581 429.265
346.11893 352.638
372.26071 602.948
376.20718 676.733
376.70096 1448.43
377.20239 596.967
380.19272 367.508
385.21320 913.408
385.70987 686.59
397.86734 1198.39
398.20178 1035.05
398.53949 364.301
411.23935 1118.13
411.73926 460.792
426.72928 393.305
427.22546 814.838
427.72650 459.666
430.20786 366.206
430.86090 403.543
435.73740 3862.33
436.19876 2272.72
436.24835 1936.49
436.54333 2767.3
436.73196 989.064
436.87604 796.255
450.55682 427.112
462.54031 418.009
468.54779 2100.5
468.87482 2150.6
469.20856 828.8
469.31305 2919.55
469.53348 498.386
470.31458 838.49
474.55121 9627.73
474.88568 6968.53
475.21933 2724.64
475.55396 992.182
475.76080 1449.01
476.26395 619.606
482.24860 364.576
482.73962 697.752
491.25467 1751.93
491.75119 1382.76
492.25705 578.547
500.25980 1824.25
500.75784 1848.58
501.25861 448.177
502.23111 864.245
502.56638 599.066
502.89572 493.662
504.27161 649.9
504.77402 516.222
505.56097 468.753
505.89026 390.92
507.20996 4883.73
507.54465 3281.79
507.87915 1541.98
508.23859 711.599
508.57022 886.75
508.90463 602.804
509.23376 562.578
511.56189 2092.59
511.89728 1701.71
512.23163 921.452
517.56512 6672.56
517.89978 4739.95
518.23376 2549.95
518.56647 1011.41
526.33447 6642.82
527.33710 2008.25
529.90924 447.942
530.23883 541.867
530.57788 806.808
531.30176 570.01
533.56647 397.479
535.91327 1136.19
536.24597 922.144
536.57764 940.841
536.90503 455.155
538.78259 2174.5
539.23523 1066.65
539.29395 825.868
539.57379 1314.8
539.91003 675.443
540.25195 388.81
540.89252 1124.93
541.22357 893.249
541.56146 466.723
541.91711 484.578
544.21606 565.863
545.24420 4559.73
545.57831 3851.3
545.91199 1843.52
546.24756 636.32
550.22559 1866.79
550.55804 1834.04
550.89551 1113.91
551.24786 3860.94
551.58179 3600.6
551.91687 1633.01
557.76996 2181.36
558.27087 1953.6
558.76917 722.03
568.56757 424.889
568.90204 1060.15
569.23364 914.082
569.56903 428.614
571.89606 593.16
572.23230 410.895
573.26202 377.009
574.32190 472.024
577.90436 3024.78
578.23663 2092.29
578.57104 876.538
578.91315 534.282
579.26947 650.388
580.29272 2776.6
580.79346 1487.43
581.28925 553.779
581.76324 768.926
582.25726 383.922
582.58435 483.168
583.90839 1795.13
584.23956 1588.74
584.57587 912.003
588.25861 1645.42
588.59540 931.88
588.92523 736.447
590.78107 495.164
591.58496 644.736
591.92261 544.502
592.53516 604.566
592.77826 1396.21
593.03149 753.118
594.26019 786.49
594.59741 775.887
594.77521 387.427
594.92963 398.029
595.03345 414.587
595.28632 650.154
595.53485 668.87
596.29700 4871.66
596.79443 3819.5
597.03497 3068.92
597.28699 3774.68
597.53668 2420.45
597.78662 1446.64
597.90387 686.711
598.23694 477.772
601.28925 7452.5
601.53729 14902.8
601.78699 12230.5
602.03735 7097.94
602.28680 3139.73
602.52960 718.326
605.30078 510.101
605.61163 402.567
605.79126 43736.4
606.04071 69007.7
606.29047 49527.1
606.43390 386.464
606.54016 25138.3
606.78992 9770.21
607.03961 3105.25
607.29254 562.697
610.29205 1342.49
610.54236 2178.61
610.78967 1072.4
611.04675 582.473
615.28558 1151.53
615.78217 1547.37
616.28522 723.819
616.78320 507.888
620.91589 670.37
621.25330 770.377
621.52606 1062.97
621.77710 1851.53
622.02490 869.753
623.35181 2141.71
624.24701 1135.61
624.34839 618.836
624.58209 1171.94
625.78400 4071.92
626.03192 8522.77
626.28125 7748.85
626.53113 4750.72
626.78021 2400.37
626.92450 557.575
627.02960 1168.47
629.27899 2301.95
629.65234 387.449
629.77802 1346.05
630.28528 39699.8
630.53387 55600.9
630.68011 556.595
630.78418 42450.4
631.03418 23644.4
631.28564 9786.74
631.53448 2937.29
632.60510 531.522
640.37616 7497.34
641.36334 9339.9
642.36597 2828.76
644.80432 718.321
645.28503 1899.99
645.60895 657.506
645.78754 1080.06
646.28668 622.226
651.28369 599.533
651.61578 609.605
651.95508 529.643
652.77740 435.345
653.80994 8679.59
654.30975 5961.32
654.81122 1639.36
655.31354 746.108
662.82190 673.5
664.93738 510.417
672.80090 655.355
673.29681 700.225
681.29504 1068.77
681.79340 953.2
683.94543 525.973
684.27094 799.872
701.61707 532.148
702.32074 1433.65
702.80432 3435.13
703.30072 2334.9
703.80457 810.66
711.32367 16463
711.82422 11771
712.32605 5441.76
712.82672 1395.75
713.32428 421.852
714.65479 414.227
714.99750 428.2
715.32562 465.491
720.32745 1357.89
720.65918 1637.12
720.83856 490.393
720.99121 1599.06
721.32953 1135.37
721.66284 623.362
726.32623 574.491
726.66766 856.131
726.99841 937.934
730.27911 719.084
736.30859 398.38
738.80200 490.391
739.30676 468.409
751.39575 1002.03
751.80133 566.796
752.39551 2661.5
753.00763 541.428
753.30597 1060.84
753.41583 892.869
753.64972 911.748
758.68152 1038.28
759.00635 1010.65
759.33313 594.109
759.66577 830.844
760.31116 6663.41
760.81274 4744.88
761.31512 2323.54
761.84381 1775.43
762.34833 890.611
762.84424 611.633
764.69080 1099.33
765.01880 1460.53
765.35370 953.945
765.68774 560.809
766.84003 855.875
767.33972 1304.05
767.83380 519.374
769.41968 5704.01
770.40863 5554.5
771.41022 1989.22
772.41394 453.279
775.84302 15150
776.34564 11567.7
776.84723 5477.77
777.34790 1651.34
784.85638 475.039
785.34857 578.018
787.79712 638.486
788.03424 1046.26
788.38312 436.055
788.71332 488.081
791.34521 510.418
791.66919 698.137
796.31964 2407.53
796.82178 1534.41
797.32697 1168.83
797.68597 686.785
798.00836 606.395
804.36340 1142.66
804.86255 617.46
805.36163 567.229
808.35059 681.549
808.85791 508.834
810.83551 431.394
811.33624 665.78
812.36523 455.437
815.83124 677.139
817.36292 4457.33
817.86353 3528.55
818.36401 1537.4
818.86658 595.244
824.83319 6501.03
825.33386 5332.3
825.83521 2449.31
826.36584 4014.94
826.86847 3258.94
827.37274 1347.69
827.87958 511.074
845.31036 1572.72
845.80609 1374.61
846.31500 752.245
853.44568 2195.68
854.44757 791.253
857.85474 440.001
866.35229 3735.28
866.85071 2937.36
867.35016 1461.22
870.46716 6247.74
871.46002 5057.6
872.46106 2288.9
875.35675 1693.06
875.85632 1254.75
876.35852 528.106
876.87805 484.966
877.39722 437.594
881.88354 883.264
882.38580 978.357
890.88947 5586.31
891.39117 3996.47
891.89325 1621.27
892.40283 573.957
899.89600 690.729
900.39697 411.423
930.87775 506.067
931.38043 457.246
939.39685 769.55
939.87939 2707.46
940.38281 2030.77
940.87830 1115.03
947.91052 1179.31
948.40552 4373.79
948.90527 3688.51
949.40430 1648.73
949.90100 455.447
967.42261 467.855
967.91754 1242.21
968.41455 694.494
976.41919 2342.05
976.91760 3204.07
977.41931 2067.14
977.91852 1142.85
982.48517 853.687
996.90460 542.852
997.39380 1884.3
997.89258 1814.62
998.38855 525.763
999.51300 1136.17
1000.50391 849.131
1001.51074 407.06
1016.90472 638.26
1017.40448 464.838
1017.91040 392.675
1025.40833 1286.23
1025.90625 1881.46
1026.40527 1052.63
1026.88892 622.501
1114.52905 500.892
1115.54138 535.437
