2156.09031 3
110.07089 1941.75
120.08039 47484
121.08377 3897.06
129.10191 17393
130.08598 2164.19
130.10536 955.574
136.07544 4399.8
143.11734 1476.7
147.11246 6615.93
157.13315 1342.05
159.07567 874.674
159.09146 1349.48
165.10176 4519.5
171.11288 1469.32
173.12788 917.455
175.11768 1566.22
183.11296 949.147
183.14868 935.283
185.12785 1778.63
187.10698 803.235
187.14413 804.487
197.12776 2256.22
199.07014 822.209
200.13873 1782.94
201.12239 937.124
212.10252 935.34
214.15431 1538.7
215.13814 1794.51
217.08150 1906.28
219.14857 2405.93
225.12268 931.169
228.13351 2945.24
230.11310 5152.9
231.11244 3698.29
233.16435 806.202
240.13402 1389.49
242.14963 1479.62
242.18542 3390.36
243.13164 1264.11
244.09247 874.25
245.07646 1547.86
247.14322 3061.94
249.12312 6017.47
249.16057 997.766
258.14465 836.987
259.10745 3252.91
260.14160 1157.23
270.10669 828.044
276.13339 10258.9
277.11777 10773.5
278.12024 1771.05
278.15259 16797.8
279.15656 1967.88
283.14224 1052.47
286.13898 1149.99
296.15939 902.382
299.20560 1044.81
303.21182 1009.6
313.18491 1168.07
314.09549 829.493
325.18668 1145.73
326.16928 1249.87
327.20288 1083.65
329.18091 2433.56
330.18503 842.739
332.10812 8259.17
333.11026 945.701
339.69498 938.519
343.19147 1003.87
348.20905 1125.68
353.21729 1923.2
357.21536 1703.25
371.22830 4152.57
376.18393 2068.98
383.19406 1031.27
385.13278 876.956
387.16617 3322.21
389.21606 2122.06
392.75015 1820.49
393.17990 8773.63
393.24963 1301.34
394.18005 1176.12
399.22345 3448.34
400.22299 1021.93
403.14523 5682.28
404.15186 966.996
405.17584 2051.58
406.74570 1910.59
424.18439 1902.7
442.26193 1046.96
452.21451 3183.68
452.71597 1053.39
454.22540 1703.03
454.26495 1149.25
455.22983 1287.87
458.18631 3466.23
466.28381 1282.66
466.78479 927.974
472.23151 1342.96
472.28528 1317.77
482.25854 1052.18
484.31171 2965.18
485.31470 820.23
492.24069 819.183
498.21393 1086.97
504.20486 1753.35
516.22668 3500.46
522.22162 6629.75
534.18494 1598.89
544.80255 1460.22
545.30237 818.762
552.24426 1573.09
553.30182 1420.05
565.29547 1067.52
567.34662 1432.01
571.31714 1871.67
582.32330 1120.36
583.31830 936.01
585.36322 2197.65
586.36731 964.293
591.24390 1786.16
600.33575 1609.43
604.33557 826.557
605.29010 1440.38
606.30627 875.659
609.25378 26286.8
610.25568 7175.03
611.24786 2076.04
626.27533 1546.34
627.26849 1530.73
628.33179 1244.49
644.27972 818.63
647.70721 850.055
648.35480 997.22
653.38623 1258
653.71375 1021.95
654.06396 1036.92
662.27454 2161.59
678.38831 1087
680.29041 41947.4
681.29285 13757.9
682.29266 4010.32
686.04333 1580.35
686.37488 1121.97
686.70782 1102.6
695.40466 2462.51
696.39490 2222.75
697.39923 960.44
699.40247 3586.92
700.41901 1256.74
713.41754 9910.38
714.42133 4016.56
715.42914 1036.16
718.37390 2108.47
719.37390 1866.77
719.87036 1288.95
720.46576 1182.62
727.40112 1511.43
728.40210 1018.12
775.36761 1307.54
777.46649 880.852
784.49249 1904.33
793.37390 35853.4
794.37720 14958.9
795.37085 3589.46
795.46173 2065.04
812.48584 15778.3
813.48926 6984.81
814.48608 1872.76
843.45190 1211.71
846.47522 2062.73
847.41040 977.152
860.48407 2051.45
861.48419 1023.38
862.48346 909.521
885.44702 1028.34
892.48596 1290.31
893.48859 1024.5
903.42273 2557.92
904.40771 13574.7
905.40784 5424.91
906.39642 1842.14
921.43243 9541.53
921.92804 1133.17
922.43683 5172.42
923.43420 1713.93
941.53613 1103.69
942.53223 1723.43
959.55566 6372.78
960.55914 3162.2
961.55841 989.634
975.51550 2856.05
976.51648 1828.41
980.50916 1275.57
980.99530 1336.23
989.53497 1255.85
990.54059 875.134
997.44995 867.446
998.42023 987.581
1033.46204 3560.03
1034.47656 1576.18
1055.55847 1112.56
1060.60022 946.403
1061.60120 1094.46
1068.49805 11438.4
1069.50159 6185.01
1070.48804 2359.21
1071.58911 1780.28
1072.58069 1176.56
1088.59497 11979.8
1089.59851 7604.66
1090.59558 2127.57
1110.53833 996.215
1111.54797 850.398
1122.58301 1222.3
1159.62244 886.644
1179.54053 1828.25
1180.51758 1939.45
1181.51208 1158.3
1197.54431 6095.96
1198.54736 3894.27
1199.53296 1241.13
1235.66174 2897.65
1236.66675 2454.79
1250.62231 837.615
1327.58899 981.041
1344.61548 3722.56
1345.61731 2282.27
1363.72205 1662.11
1364.73193 1608.14
