1917.65618 2
118.03197 486.986
129.10197 2234.39
130.04968 777.791
130.08598 559.254
134.04456 2809.44
136.06152 1599.22
141.06537 462.31
147.11243 1044.02
148.06020 406.782
153.06560 357.056
155.08141 318.117
157.10777 534.211
159.07613 1527.89
169.06104 286.433
169.09717 494.558
170.04486 509.01
175.11897 255.473
181.06035 2525.65
183.11237 3103.09
185.05531 972.013
187.07088 5262.68
187.10757 1110
195.07596 249.35
197.10358 434.849
199.07100 2763.22
201.12292 1794.94
211.10722 2291.23
213.08617 341.756
214.12956 1263.84
215.10223 3380.74
216.07950 449.215
217.08141 12630.7
218.08522 842.426
227.06578 2450.48
229.11769 805.628
231.09697 532.087
238.08188 348.533
240.13390 788.147
241.08110 2604.64
245.07626 24195.2
246.07951 2235.64
247.07976 277.503
252.09833 453.199
256.09219 764.138
258.14398 1038.46
259.09146 3080.27
263.08673 1924.42
264.06281 461.273
270.10696 800.621
271.15076 871.029
275.20758 251.505
276.15417 629.249
281.07571 569.941
282.10727 806.718
283.05533 427.05
294.14404 410.811
296.08710 370.44
298.10226 2033.56
298.13998 432.529
300.08163 2103.43
300.17630 523.879
302.09576 289.834
310.10184 813.612
312.04840 1108.24
312.15384 512.789
314.09796 473.181
316.11304 4057.37
317.11777 291.922
318.14758 1590.4
319.15152 257.852
324.08105 650.651
326.13373 2910.56
327.13696 522.669
328.11282 404.792
328.17139 1317.07
330.05930 1154.93
339.13071 312.868
340.14932 520.491
342.09366 600.865
344.14410 1684.6
346.18512 279.912
351.16656 403.889
358.15970 599.321
360.10254 2816.73
361.10468 338.001
367.12354 1264.93
369.17480 782.615
370.18298 286.754
378.11319 1670.83
379.11548 297.766
385.13495 891.093
387.17575 736.521
387.21780 987.782
398.11206 382.42
405.19763 260.762
413.12915 472.699
415.14746 548.67
415.20544 2409.25
416.20795 557.49
427.14474 383.778
428.03497 298.232
437.16205 431.638
441.17892 409.925
444.22955 840.7
449.68680 305.317
450.18573 524.384
452.03064 455.128
455.17236 356.376
459.17279 284.42
468.17599 391.374
472.22430 2462.59
473.22638 496.88
477.18161 367.673
478.15558 705.021
482.14908 317.716
482.69705 685.012
483.20081 360.485
491.70132 3745.82
492.20215 1583.85
492.70401 415.989
496.16547 1166.84
500.16000 525.731
500.70630 11411.2
501.20737 4566.61
501.70978 1123.15
502.20123 266.864
505.69836 2158.8
506.19925 1067.43
512.20099 275.542
514.17657 886.934
514.70392 9035.31
515.20581 3797.48
515.70667 857.414
520.20917 461.223
525.20349 833.035
525.70343 551.749
529.24963 3293.82
529.71881 309.301
530.25580 675.649
534.20654 3329.43
534.70935 1734.16
535.20520 268.09
541.24542 308.684
543.21436 10526.8
543.71533 5238.01
544.21533 1153.59
557.17731 267.209
558.27405 987.321
575.72772 323.34
584.73193 1821.86
585.23108 771.891
585.73657 441.022
586.26770 4826.71
587.27026 1302.48
589.72351 1112.75
590.22742 647.254
593.73688 1427.99
594.23468 875.799
598.72931 3438.5
599.23041 2332.32
599.73273 476.02
603.29407 2766.46
604.28406 1310.2
605.27698 544.669
607.20026 487.605
607.73468 3523.41
608.23761 2201.88
608.73859 605.948
612.28558 706.918
625.20538 290.743
629.20245 334.343
629.30890 1876.69
630.31085 493.158
645.23877 311.435
649.25519 614.705
649.75287 305.893
654.24872 1139.65
654.74878 714.081
655.23541 406.168
663.25262 1842.83
663.75116 1135.52
664.25488 360.853
672.25745 1053.53
672.75653 578.279
673.32623 296.374
683.28485 1279.85
684.26855 3395.41
685.26721 853.229
701.29388 25344.1
702.29755 7390.13
703.29858 1349.6
758.24268 276.332
785.31848 485.738
802.34027 2456.98
803.34418 720.741
812.32330 641.198
813.31262 658.968
830.33643 6229
831.33838 2145.99
847.36426 1364.31
848.35651 746.659
871.35706 340.878
881.34711 676.977
882.33716 818.517
883.32825 298.076
899.35822 6766.57
900.35968 2446.99
900.90173 385.053
901.36768 583.005
909.40613 317.222
909.90344 801.905
910.40503 409.432
917.36584 553.564
969.46399 535.213
970.47211 371.326
982.39490 545.929
983.38397 827.147
984.38147 418.34
1000.40417 5578.73
1001.40625 2327.89
1002.41309 635.719
1010.38910 1864.26
1011.38208 1447.62
1012.37671 513.897
1028.39978 12181.2
1029.40125 5680.05
1030.40637 1308.54
1046.40991 422.032
1049.38501 279.385
1057.42334 1077.92
1058.43054 585.857
1067.40576 1134.94
1068.40186 772.594
1069.40466 376.621
1084.48645 570.794
1085.41797 6244.39
1086.42017 2966.97
1087.41980 812.135
1103.43127 605.89
1104.42297 343.924
1168.45459 652.696
1169.44397 1533.28
1170.45105 775.947
1171.46362 417.598
1183.39417 683.194
1184.40259 330.909
1186.46814 6843.77
1187.46826 3672.05
1188.47205 1052.63
1196.45557 1325.45
1197.44250 1422.92
1198.44397 692.861
1204.47510 669.826
1205.48657 403.12
1213.52307 296.106
1214.46228 8625.61
1215.46350 4618.46
1216.46948 1514.4
1232.47449 950.401
1233.47583 534.957
1284.38525 283.641
1297.49915 853.922
1298.49756 1528.43
1299.50098 1210.87
1300.50610 378.392
1308.49304 283.011
1312.44495 802.11
1313.44763 366.565
1315.51331 7199.52
1316.51282 4624.13
1317.51453 1622.47
1325.49683 1623.72
1326.49304 1693.91
1327.48975 803.697
1333.52844 791.235
1334.53638 354.975
1343.50732 10442.8
1344.50720 6385.85
1345.51440 2228.67
1361.51086 1102.54
1362.52014 553.218
1396.58215 882.972
1397.57092 924.929
1398.55103 718.44
1414.58447 3782.77
1415.58313 2330.27
1416.58594 988.798
1432.58972 535.71
1441.47705 648.387
1442.57385 955.931
1443.58728 661.343
1444.56250 321.647
1485.60864 344.226
1540.56506 419.117
1557.60498 1498.14
1558.60718 1064.91
1559.59888 453.726
