1350.61319 3
110.07098 570.291
112.08661 615.264
113.07083 261.4
115.08673 349.945
116.07035 434.484
129.10199 2025.31
130.08618 328.402
136.06169 1717.79
136.07553 246.981
141.10162 366.685
147.11221 723.393
153.10233 393.45
157.09694 2765.31
158.09206 873.16
167.08113 1391.43
169.09737 411.219
175.11859 4817.54
176.12215 236.814
181.09691 514.097
184.10777 544.398
185.09172 2362.67
195.11287 269.099
198.62086 3458.93
199.07124 262.382
199.12222 540.054
202.11720 388.239
211.62871 414.569
212.61795 695.371
216.09735 1092.27
226.12950 243.772
227.11418 939.68
233.13181 308.255
244.14014 2632.36
244.16370 259.222
245.12425 1314.99
247.12997 1172.74
247.60933 393.619
248.13622 686.722
256.13263 343.298
259.64590 252.741
261.14478 633.142
261.60672 274.986
262.15024 2416.24
264.13245 724.519
267.14563 261.989
268.65027 1192.07
273.64188 245.643
274.61490 247.506
277.65536 471.088
278.64429 858.451
279.13531 545.85
281.16000 931.46
281.65820 1764.79
282.14655 1129.61
282.64700 1988.02
283.14890 806.241
287.65030 30309.8
288.15134 8353.53
288.65207 1080.75
290.66214 695.681
291.65268 1761.98
292.15720 339.557
295.13989 1456.44
295.65497 2884.15
296.13574 3380.15
296.63788 836.773
303.12701 260.966
304.66061 1594.12
305.16397 501.762
308.17133 314.338
308.66000 265.765
309.14365 1338.93
309.64481 271.414
312.04782 379.078
313.14978 885.825
317.17554 2157.65
317.67807 695.098
322.16541 313.965
323.16486 471.968
326.18085 1285.68
326.68222 513.13
327.17691 10858.6
328.17984 1447.03
330.64651 1190.15
331.17307 3005.39
331.67419 791.318
339.65219 753.224
340.17853 3727.76
340.68042 1081.72
344.64337 2309.76
345.14328 608.673
347.17096 449.43
352.65768 299.287
353.19058 777.068
353.64862 820.667
355.17255 460.277
356.15399 332.816
357.15887 329.948
357.65222 524.049
361.02502 277.118
362.03146 346.428
365.95972 649.308
366.11771 335.541
366.16470 2072.33
366.66507 674.317
370.87332 316.987
372.20505 366.34
373.18137 1380.92
375.17172 332.066
378.02673 661.11
379.20676 618.015
379.54443 267.937
380.16959 263.026
380.23761 263.033
382.16730 306.254
382.96378 487.464
384.88226 831.953
385.21463 939.752
385.55545 403.296
387.18442 353.953
389.16089 334.68
390.14313 331.046
390.20883 6669.08
390.88577 290.231
391.21310 1075.08
392.69501 420.696
393.19043 586.505
396.23392 467.153
397.15948 680.131
400.18369 531.06
401.22141 333.716
401.70160 8799.44
402.20239 3662.25
402.70071 1192.04
406.20898 335.62
407.13718 280.303
407.98221 1009.05
408.12527 726.259
410.70749 1936.73
411.20712 756.654
417.24585 289.786
417.54108 390.092
417.57629 480.423
417.87131 436.598
418.89893 443.34
424.22940 9487.56
425.15335 18258.5
425.23325 1732.29
426.15594 2966.44
427.15591 458.637
436.00174 3687.69
436.21664 343.435
442.20529 445.003
446.23553 462.052
449.74338 554.552
450.24561 2193.76
450.68851 1640.67
451.02493 3239.58
451.16037 1263.19
451.23279 416.885
452.21466 387.883
459.22986 1602.67
460.21307 1381.63
463.17068 552.479
463.73196 476.83
466.23825 358.346
467.23331 622.352
477.24054 30768.1
478.24258 6536.71
479.24524 882.511
487.22412 2664.26
488.22662 535.614
493.24835 823.604
495.26486 341.634
514.26233 526.74
515.26013 319.059
521.28900 277.71
522.20569 2426.29
523.20996 645.225
526.26825 419.085
537.27905 278.772
538.26611 418.106
539.25043 465.197
540.23877 278.264
544.28119 398.383
548.22180 287.744
556.28278 5927.35
557.26727 3648.09
558.26654 832.529
562.31580 347.5
564.29181 1269.87
565.21710 743.327
574.06024 346.966
574.09985 312.936
574.29242 57072.8
574.43457 260.311
574.47485 309.66
574.51556 307.453
574.55865 303.278
574.60022 269.003
575.29498 15657.3
576.29663 2579.37
580.31818 929.983
582.29578 746.681
583.29913 379.391
590.30249 4479.92
591.30756 1343.08
592.31970 459.69
608.31390 2745.74
609.31726 1054.57
620.31616 289.902
626.32507 319.824
627.32147 633.485
628.28687 754.585
629.28864 289.029
633.34467 1353.63
634.34247 346.352
645.33075 5122.06
646.33966 1280.32
649.34247 377.857
651.35553 5245.8
652.35846 1819.33
653.36047 327.303
661.34155 1760.46
662.33636 875.08
669.36871 1324.55
670.37537 332.084
675.40747 656.136
677.25110 264.022
678.29364 484.633
679.35229 5657.89
680.35327 1880.38
681.35669 344.03
688.27972 13255.2
689.28253 4355.05
690.28180 886.038
697.36096 1187.97
698.36505 434.682
706.29041 3792.3
707.29291 1035.55
714.35260 1100.96
715.35022 349.036
731.32147 1656.07
732.36334 3995.99
733.36627 1481.44
742.34821 406.316
743.35675 270.069
747.31720 301.074
749.33142 3300.21
750.33765 1242.94
751.33887 258.728
759.31610 4030.85
760.31982 1251.69
777.32745 4751.69
778.32843 1646.77
779.33398 386.541
792.35834 424.358
829.40906 401.681
