3151.67246 3
110.07101 906.875
120.08063 5800.34
129.10216 1478.13
136.07625 771.402
141.10136 869.66
143.08200 986.665
147.11258 843.6
167.08105 1297.22
169.09685 3076.88
169.13374 2277.17
175.11766 1086.28
185.09224 2467.02
185.12875 1555.08
191.11760 9615.21
192.12057 984.917
197.12866 2492.14
214.11847 1749.14
218.14948 1826.28
219.11247 22757
220.11609 3109.41
226.11746 1034.58
233.16455 3965.17
238.11839 3239.34
240.13396 4176.69
245.07626 1962.22
245.12700 1214.91
256.12881 4632.98
261.15948 3263.68
263.10223 1164.77
264.13287 912.353
268.16525 6911.93
269.16861 1207.28
272.17224 2640.5
282.10550 739.817
285.15549 2245.3
287.17487 2123.06
290.14948 2022.82
297.15482 933.844
297.19214 2671.67
300.15494 10598.2
309.15540 1028.23
311.17111 3175.4
311.20352 985.885
327.16678 2544.87
329.18307 937.784
332.19659 17601.1
333.19989 3976.78
339.20230 6045.01
340.20551 1065.62
344.14615 2115.37
345.17654 864.611
347.19254 1514.95
353.14557 1405.67
356.19189 1188.96
358.21127 1316.02
359.17371 904.657
360.19052 750.516
361.18762 1892.71
371.18851 1163.93
375.20721 2191.58
376.18417 2408.6
377.18381 1261.93
380.19147 1264.69
382.21075 3158.66
387.17737 1334.69
392.14322 2419.89
392.19135 1664.02
396.25842 783.782
398.20322 1695.91
403.22720 5041.9
404.23135 1820.43
405.17725 1260.8
410.23956 6622.82
411.24374 1278.15
425.25015 1035.19
430.20871 1103.06
432.22449 3548.52
442.19659 973.158
446.26642 1775.18
447.22318 3082
448.22278 1318.4
451.22977 874.146
453.24463 4608.52
454.24750 947.407
456.22668 1857.22
458.23965 771.274
469.23978 2160.74
472.25378 1237.75
474.23444 6034.69
475.23032 1276.19
477.75339 780.057
481.27588 5482.48
482.27826 1207.79
490.26730 1621.18
491.21545 1891.92
493.27887 2524.67
499.33429 3725.79
500.24969 2360.63
501.24786 1154.42
503.26117 2107.51
505.22885 3343.44
511.28876 1844.87
512.28674 762.67
513.27588 1646.31
517.27747 1376.26
518.26233 7565.31
519.26080 2817.61
524.27521 1085.01
525.30139 1216.91
527.25793 1177.12
531.76300 924.193
540.27747 1388.78
544.28113 865.865
545.27191 6934.22
546.27106 1725.13
548.79028 1312.9
550.29791 1074.27
552.31250 4147.48
553.31903 1128.56
558.28448 971.124
564.31366 1432.34
567.28217 1004.19
572.28638 980.947
574.35382 2255.17
576.30865 2986.8
577.31799 958.191
582.33276 876.142
588.31842 1343.9
589.25793 3455.09
594.31952 2257.81
595.32227 1110.54
596.33923 3244.62
597.84485 7255.72
598.27545 1189.16
598.35187 5255.64
598.84814 2012.09
602.80371 2575.87
603.30463 1738.51
604.29871 1669.97
612.33472 851.337
614.35919 1322.64
616.30774 7637.79
617.31036 2650.65
621.34296 878.968
623.35229 2348.54
624.35486 1151.23
628.34351 1082.98
631.82825 2440.43
632.33289 1818.18
633.36841 1638.63
633.86340 1132.47
635.35388 833.691
640.83441 1279.44
647.34875 1799.28
651.33173 1303.07
651.83350 1072.57
653.36011 1096.55
659.35107 2134.53
660.29388 5159.02
661.29669 1511.42
665.36316 3842.09
666.36865 987.544
667.38196 1149.04
669.32953 1765.19
676.35107 1021.12
676.85785 1096.4
683.37000 2146.13
687.34564 10069.3
688.34644 4133.85
689.34827 1206.93
694.38702 943.383
699.38165 1422.61
700.86530 2388.47
701.36438 1886.4
702.34668 2463.77
718.38538 1079.09
719.39874 795.454
724.43982 954.261
731.33368 4791.67
732.33691 1514.39
736.39307 6497.25
736.88171 2629.03
737.39728 2219.41
738.41553 892.668
742.44495 22331.7
743.45282 7905.84
744.45911 1308.03
749.43329 1138.57
754.40833 3952.03
755.37561 1670.11
756.37714 814.337
758.37677 1188.04
759.38544 1158.11
770.41876 1519.99
771.42145 833.171
771.90027 2233.09
772.40155 2568.65
772.90570 922.981
773.38434 5493.28
774.38574 2784.6
784.38251 970.019
802.37347 7474.75
802.88721 1644.25
803.37207 3025.98
804.38458 901.704
807.43933 2767.15
807.91949 1117.97
808.43213 1649.68
813.48285 7564.09
814.48633 3785.74
815.49957 813.155
825.44489 1564.62
826.45764 908.129
841.46362 1208.63
844.42224 1077.29
848.50500 2706.36
849.51984 1011.21
856.06940 975.266
856.40082 995.308
856.74988 1254.57
858.43604 1139.68
860.47168 893.911
873.41028 2971.36
874.41278 1656.18
876.48950 1229.9
876.98157 843.529
878.48181 1190.9
883.47144 1964.48
884.52295 6250.53
885.52405 3788.61
886.52417 943.362
888.74054 1172.35
889.06921 1342.42
890.45612 1089.24
890.96649 884.09
896.48773 1413.02
906.43445 1566.71
906.93146 1147.68
915.43768 10808.5
915.93677 8333.86
916.43976 3695.4
916.94550 1016.45
920.44592 3760.04
921.45459 2268.71
922.45911 1173.92
949.51831 1148.35
954.51147 2058.91
955.55853 7111.95
956.55652 3333.07
957.55389 893.546
966.03900 968.016
967.51312 945.686
974.54730 6627.58
975.04694 8196.3
975.54938 3496.03
976.04175 1361.8
977.54150 3326.6
978.54346 1689.98
986.49548 1085.74
987.50812 945.44
988.96942 2302.16
989.46869 2343.53
989.97791 872.716
991.48260 3301.72
992.48883 1643.65
993.53430 857.467
1010.06604 2294.08
1010.56537 2431.93
1011.06512 1843.19
1011.57837 1273.25
1021.49579 2385.34
1022.49939 1071.84
1025.54114 2174.95
1026.59338 5188.84
1027.59338 2822.72
1028.58606 874.658
1039.98193 835.64
1045.58923 1462.14
1046.08545 2188.72
1046.60229 1070.33
1048.56934 2924.13
1049.58630 1649.84
1062.52539 2859.19
1063.52795 1770.09
1064.56323 957.63
1066.60022 998.807
1081.10596 1791.18
1081.60596 1899.66
1082.11511 1060.51
1088.01855 5255.22
1088.51868 5060.53
1089.02295 2519.63
1096.58032 2117.84
1097.62708 2884.84
1098.62195 1631.85
1116.62769 1390.56
1117.12073 3002.23
1117.62732 1505.67
1119.61304 1103.61
1122.53455 2401.26
1123.03235 3122.76
1123.53186 1294.31
1133.56140 3557.04
1134.56702 3311.67
1135.58398 1317.94
1140.57117 976.256
1176.67712 1938.29
1177.70081 844.563
1178.04419 984.68
1178.54004 991.922
1186.58081 1330.15
1187.58472 1178.16
1190.14404 1163.27
1190.65149 2098.89
1191.15710 1291.7
1194.68201 53147.1
1195.68335 33802.6
1196.68726 11457
1197.69470 3010.67
1204.59790 7996.68
1205.59924 5242.1
1206.60779 2355.69
1218.06213 943.459
1218.54932 935.692
1221.60742 2531.24
1222.61316 1001.01
1235.08801 1288.07
1235.57556 2261.64
1236.09253 1433.9
1265.72095 15128.9
1266.72473 10214.3
1267.72583 3469.2
1283.62671 1700.98
1284.10925 2989
1284.60315 2252.54
1285.11230 1016.29
1317.72083 3871.42
1318.21716 6006.4
1318.72083 4792.63
1319.21851 1780.05
1319.74597 919.014
1322.65747 2390.92
1323.66284 1536.91
1336.75793 9242.42
1337.75684 7180.4
1338.76660 2268.7
1339.77917 836.185
1375.23193 837.827
1375.73218 1082.27
1437.80994 6020.07
1438.81189 5198.12
1439.80713 1828.44
1538.85522 7058.79
1539.86377 5432.45
1540.86353 1998.99
1609.88965 5263.74
1610.89233 4051.32
1611.89539 1518.43
1680.93835 3738.96
1681.92981 3573.6
1682.92383 1568.65
1751.97656 3137.82
1752.98071 2914.23
1753.97070 1589.94
1948.08276 10679.5
1949.09192 10771.4
1950.09131 5596.44
1951.10437 2283.78
