1935.02488 3
110.07080 252.816
120.08035 1703.91
129.10191 654.669
130.08585 236.099
133.08574 295.178
136.06157 593.785
136.07550 630.012
143.11847 197.867
147.11244 644.138
157.13321 592.407
159.09155 213.295
173.05531 235.406
173.12773 453.951
175.11813 283.246
183.11241 218.587
185.12788 425.727
185.16455 308.763
186.08763 181.755
199.18002 1348.34
201.12346 395.249
213.15872 215.047
219.11082 192.619
219.14865 241.644
227.17484 816.459
228.13362 488.995
230.07666 204.128
234.14346 324.08
243.13406 227.56
247.14267 239.725
254.15031 211.548
258.10873 306.473
258.14465 481.352
262.11743 240.894
276.15421 605.016
286.13904 575.03
298.21127 384.703
299.16925 220.172
313.27353 285.813
318.17905 294.524
329.17999 277.574
357.17606 279.771
372.15161 261.739
385.20654 289.659
389.23770 436.078
454.19122 257.157
456.24280 193.267
460.27505 918.708
468.20657 374.858
471.21896 468.129
485.23349 292.463
539.28131 434.666
553.25684 202.931
567.27655 733.812
570.28699 295.817
584.30109 965.22
607.34357 1982.21
608.34790 472.802
644.37469 320.793
645.34741 482.869
646.31305 227.313
646.37634 621.924
647.99945 367.051
666.34723 636.018
667.34973 208.128
683.37262 637.424
706.41107 1200.49
707.41791 223.987
853.47260 426.604
890.41998 233.456
910.50189 338.51
967.51965 740.536
968.51776 341.407
1019.45935 219.766
1082.55151 433.055
1083.55457 235.294
1121.55249 283.476
1139.57214 1508.84
1140.57776 770.338
1252.66150 219.88
1320.57642 316.241
1321.58545 384.182
