2051.82181 3
110.07095 1799.96
129.10193 3287.36
130.10547 226.995
136.06200 263.594
147.11221 420.78
167.09192 223.441
175.11864 1109.32
183.11246 440.373
187.07057 396.938
189.08665 328.913
195.08769 269.276
198.12314 304.663
201.12302 1287.51
216.13373 1200.14
217.08170 235.216
226.11807 241.056
226.15506 211.149
229.11790 3498.09
230.12131 330.505
239.09558 245.54
240.13475 300.325
244.09282 391.491
244.16528 807.901
255.14525 357.652
262.15250 315.524
272.17120 10985.4
273.17456 1268.3
274.10251 258.202
287.16992 205.19
300.15527 919.223
325.18445 193.4
341.19012 216.3
355.06961 469.813
359.02832 807.904
360.02728 207.014
369.17413 315.743
373.13004 198.723
383.68307 396.891
384.18381 316.732
387.18808 358.635
410.21378 448.163
428.22314 531.888
429.08853 536.912
430.08868 258.828
432.67154 495.817
433.16595 281.047
458.70227 292.928
461.18170 378.716
461.67603 377.528
467.70947 387.818
468.20395 334.141
469.31375 351.878
470.31403 194.647
476.71585 431.214
477.21979 197.321
478.22220 224.558
521.70374 558.551
522.20160 303.937
525.70380 319.736
526.19556 687.612
535.22949 236.954
535.73438 201.79
542.26874 413.762
546.89819 220.203
552.56824 220.286
556.21594 236.376
564.22961 201.983
568.26996 263.559
569.91284 539.411
570.24713 408.592
570.57867 336.499
575.91638 731.789
576.25000 541.65
576.58331 564.73
576.91711 282.687
579.21198 203.581
585.56140 315.364
586.75891 298.796
589.74011 223.261
602.57678 422.474
602.90607 447.872
603.23541 222.392
608.25470 561.873
608.58307 1293.71
608.91376 1343.54
609.24292 569.373
609.57288 238.084
611.29071 589.769
612.29443 386.086
612.80621 213.322
613.30328 209.998
614.25989 585.434
614.59027 1107.72
614.92255 779.367
615.25256 415.034
618.62683 401.344
620.26593 229.653
620.92755 221.62
625.81207 810.02
626.32489 398.853
626.74982 265.887
629.29797 1791.34
630.29321 630.411
631.30225 267.637
635.29651 274.272
635.75812 3254.04
636.25861 2179.1
636.76215 488.976
640.28546 690.036
640.60840 480.061
640.77563 339.948
641.24084 452.604
642.28833 665.901
644.76807 398.166
645.26801 316.045
645.94983 1175.15
646.28314 1971.54
646.61591 1374.42
646.94324 558.111
647.24408 666.179
647.58093 500.605
647.91559 232.973
649.28461 713.476
649.78430 502.442
650.25195 214.938
651.61322 263.878
651.95270 1610.56
652.28699 2752.69
652.61914 1611.09
652.95325 737.548
654.25916 391.59
654.76050 353.24
657.95575 325.982
658.29102 296.008
658.62042 250.527
663.28094 752.205
663.77545 540.759
669.33411 299.742
678.60974 224.406
678.94135 496.835
679.27258 469.608
683.64264 369.228
683.74359 312.847
683.96899 462.367
684.24939 482.154
684.34717 215.891
684.61066 931.774
684.74561 903.759
684.94519 1346.04
685.24963 985.716
685.34955 573.524
685.61432 469.654
702.77618 427.987
703.27130 355.259
705.78314 227.762
706.34802 295.781
706.79828 274.368
710.25616 226.231
711.28259 1161.79
711.78314 991.896
712.27875 667.705
712.77319 287.533
718.78131 304.423
719.27637 323.587
720.29010 714.017
720.78748 844.174
721.28723 378.051
727.27386 1097.81
728.27411 598.682
728.79456 215.501
754.81061 278.472
756.38763 301.29
763.82202 232.301
764.31415 231.541
766.34973 349.401
767.31927 240.014
768.28998 289.503
769.27814 575.327
769.76379 443.58
770.26880 342.081
774.32257 533.107
775.33551 525.627
775.83661 420.644
776.32745 598.569
776.80042 547.817
784.34686 312.554
784.83423 630.249
785.30902 421.783
786.30530 235.167
810.33331 270.814
818.84821 564.344
819.34674 741.832
819.84515 463.422
823.38605 361.452
823.84497 307.279
824.33020 504.957
824.82672 451.744
825.33282 207.955
826.40375 312.651
827.40692 487.259
827.85376 571.533
828.33923 424.829
828.84753 532.008
832.84174 875.071
833.33459 1406.64
833.83337 1152.75
834.32953 335.944
841.84082 557.276
842.34186 887.055
842.84222 503.761
846.35681 319.155
854.37170 570.173
854.86786 805.112
855.36658 534.058
863.36603 392.521
863.86517 593.417
864.36383 320.894
868.32617 222.141
876.85400 249.802
877.33295 357.98
877.84924 265.224
887.41144 238.086
889.34930 514.507
897.45703 435.593
898.44128 1196.54
899.45264 318.687
903.35846 384.696
903.86090 269.152
904.34949 315.015
911.88220 738.162
912.37299 1120.01
912.86829 920.297
913.36316 395.231
920.88049 444.112
921.37817 1097.75
921.88184 543.271
922.36823 407.779
952.42468 346.6
953.40875 265.626
969.87378 238.797
970.36743 372.888
997.50873 211.096
1002.43408 620.964
1003.42834 419.056
1009.41492 221.86
1067.43311 274.678
1068.44482 289.237
1131.48767 266.173
1150.40283 224.495
1151.38574 233.432
1168.40723 251.209
1169.40051 295.798
1188.49817 470.069
1189.49390 405.692
