1770.88640 2
110.07116 2476.08
112.08675 426.05
115.08628 383.714
116.07024 382.7
120.08064 10202.9
121.08393 784.948
127.08682 196.438
129.06572 339.129
129.10216 2394.59
133.04271 604.081
136.06096 261.42
136.07564 2641.03
139.08652 190.267
141.10211 356.605
143.11781 1028.36
147.11273 934.198
154.15868 255.647
155.08163 586.431
155.11778 244.977
157.06017 257.112
157.09735 365.995
157.10721 296.7
157.13301 412.481
158.09221 1068.87
159.07611 280.082
159.09137 1634.3
159.11238 243.97
165.10225 319.184
167.08144 662.124
169.09703 404.153
169.13354 508.591
171.07602 497.544
171.11270 1489.48
171.14915 196.509
173.09190 462.907
173.12825 969.549
175.11884 6293.38
176.12309 339.606
181.09738 445.483
183.11269 792.538
183.14920 924.848
184.10783 319.346
185.05547 352.988
185.09216 859.02
185.12823 584.792
185.16467 306.983
187.07214 205.722
187.10732 332.529
187.14326 248.51
189.08775 234.653
193.09669 236.549
195.07645 434.694
195.11255 404.281
197.12817 548.642
198.08766 207.189
199.07124 467.51
199.10777 526.372
199.18028 639.303
200.13878 744.598
201.08708 1088.06
201.12326 1563.88
203.06653 396.783
203.10181 339.506
204.13492 259.767
205.09714 227.694
207.11253 1537.4
209.09119 217.894
210.02495 392.832
211.10696 287.196
211.14438 504.945
212.10291 1470.57
213.08691 681.298
213.15897 331.734
215.10172 335.634
215.13889 341.661
216.09750 322.356
217.08287 643.537
221.12833 1199.27
223.10687 327.785
224.10255 228.012
226.08246 269.516
226.11819 815.369
226.15529 332.002
227.10147 472.631
227.17525 421.35
228.13409 4821.22
229.11673 470.62
229.13875 478.82
230.11349 256.937
231.06085 336.54
231.09816 413.394
233.16473 12398.5
234.16815 1933.25
235.10664 1192.12
238.11894 194.553
240.09811 386.183
240.13361 581.252
241.08231 449.785
242.14961 281.745
243.13188 299.501
244.09227 455.846
244.16505 320.212
245.07780 383.813
245.12727 254.338
245.16389 327.822
249.12332 1062.96
251.10103 220.917
251.15121 220.836
252.13448 264.54
254.14937 324.968
256.09305 208.857
256.12723 240.215
256.16510 555.048
258.10849 426.025
258.14404 682.677
259.09290 211.378
259.10550 198.861
260.10571 217.404
261.15948 5903.12
262.11810 336.296
262.16397 880.353
267.10867 302.698
268.12747 320.722
268.16611 193.281
269.12646 206.395
270.10782 498.452
270.14453 347.879
271.17624 602.519
273.15750 467.508
274.10428 268.538
276.13446 381.797
277.11786 560.96
278.15247 233.121
280.16574 239.262
282.18149 263.666
283.14240 218.585
284.12000 215.148
284.15985 235.301
284.19745 385.061
286.13684 227.644
288.20224 818.211
290.08148 217.811
292.12750 366.666
296.12231 316.427
296.19724 478.539
297.15494 896.519
298.13904 431.246
300.15472 544.557
301.22696 1522.31
302.23111 263.283
303.16922 200.094
313.22290 1371.94
315.16611 730.623
318.09152 313.796
318.18054 421.833
323.20694 202.47
325.18634 490.247
326.17041 227.753
329.22162 1106.05
330.18173 1084.48
330.22586 280.75
331.13995 238.775
332.10690 269.101
341.21689 911.545
345.22433 357.773
346.14194 321.379
347.20657 734.75
355.13278 225.957
355.15985 233.37
357.22208 248.267
358.20633 362.309
359.20834 200.461
360.16516 236.368
364.15015 466.822
365.21701 264.812
366.17676 300.503
373.13260 216.45
375.23425 7530.2
376.23746 1407.71
378.17032 229.235
380.19287 226.967
382.24567 205.218
385.21603 203.127
400.25629 398.769
402.24420 223.576
410.23795 235.793
413.16617 213.028
415.27258 262.971
416.22437 274.587
419.13937 252.841
433.15479 347.299
443.26907 495.905
444.22754 487.932
455.22745 202.553
460.29144 684.645
461.29443 310.01
472.24988 329.777
473.23511 516.149
488.29025 321.633
490.26138 5579.48
491.26413 1301.17
531.26611 248.391
543.25653 211.281
579.33545 381.913
588.26025 478.372
605.28912 1052.78
611.33044 364.442
679.34247 682.394
706.33636 1324.78
707.33356 423.142
724.41211 382.64
763.35059 309.023
789.38068 441.924
790.35571 454.038
807.38287 4042.18
808.38715 1480.84
809.39020 461.797
851.51294 620.997
887.47278 709.948
888.47833 284.004
918.41455 816.109
919.41180 463.598
936.42627 2576.21
937.42975 1517.71
938.43060 364.948
955.46814 219.966
957.42755 343.581
993.48145 306.955
1024.53906 498.168
1052.52759 237.691
1056.50269 330.885
1065.49194 335.51
1066.47339 243.064
1081.55151 698.334
1082.55640 352.55
1083.49402 2790.19
1084.49707 1647.63
1085.48682 556.74
1126.50122 238.666
1127.48389 283.631
1152.51306 734.07
1153.51184 585.474
1154.50427 242.523
1170.52502 5135
1171.52844 3509.8
1172.53113 1208.89
1173.52234 304.532
1194.64063 336.999
1265.60583 217.161
1266.58850 268.033
1283.60486 795.776
1284.61804 451.329
1285.61633 261.369
1300.57739 236.291
1340.63049 1115.6
1341.64233 1022.67
1342.63684 328.118
1353.61316 364.896
1354.63684 348.647
1379.64270 651.149
1380.63574 549.11
1381.62769 303.123
1397.65332 3748.33
1398.65698 3376.58
1399.65588 1373.66
1400.65186 337.096
1510.73193 996.729
1511.73828 1015.1
1512.75061 391.679
