1301.63276 3
110.07122 1206.8
112.08688 1489.82
115.08630 537.749
116.07095 336.954
129.10233 5661.94
129.11305 517.705
130.10556 305.32
136.06232 238.636
137.07101 352.373
139.08665 1830.94
140.08221 534.232
141.10226 8945.6
147.11301 311.255
157.09740 5527.72
158.09261 550.08
167.08160 984.642
169.09724 7587.81
170.10094 569.113
175.11905 4328.79
179.08206 502.856
181.09720 188.416
185.09227 1464.15
187.10713 194.245
197.09190 359.399
203.61362 826.698
204.10324 216.937
207.07700 240.29
208.10825 1531.51
209.09195 1370.18
210.95012 493.826
212.13960 1407.01
212.61885 6704.29
213.12051 1446
221.62389 557.356
226.11882 3702.1
226.15514 6521.63
226.61714 525.143
227.10406 373.143
227.11906 343.661
227.15855 812.087
230.15010 587.622
236.10326 638.197
237.08740 226.717
238.12042 450.324
238.61461 214.643
241.13129 407.939
244.16583 216.403
247.12958 5402.96
247.63309 1270.72
249.16356 23373.4
249.66498 6575.07
250.16612 834.659
254.11368 568.755
254.14323 308.261
254.16563 491.079
255.14511 6820.24
256.13428 7685.9
256.63629 1896.32
257.13474 302.306
258.15640 502.152
261.12680 2906.09
261.62891 707.49
265.13974 202.938
268.14072 795.705
269.12424 464.865
270.13242 5189.05
270.63388 1363.7
271.13345 299.838
272.17175 16167.5
273.17477 1893.69
274.17673 195.378
284.68207 2902.21
285.18478 832.402
286.15100 23778.3
287.15411 2908.61
288.15543 257.124
295.65573 1157.56
296.11795 3375.32
296.15680 357.479
296.61935 764.896
297.11926 228.097
297.19073 472.119
303.17783 329.155
303.65240 205.14
304.16040 466.368
304.66156 1432.91
305.12305 6201.2
305.16180 652.104
305.62448 1832.64
309.65381 945.947
310.11542 5923.67
310.15265 248.049
310.61652 1353.19
311.11765 372.83
311.18320 677.772
313.66788 206.509
318.65878 1726.37
319.12042 5319.54
319.16064 553.424
319.62161 1631.58
320.12201 237.265
323.20850 315.837
325.16156 328.683
327.17770 417.797
327.66360 229.704
333.20837 13776.7
333.70947 5490.9
334.21136 1125.47
334.63547 262.656
334.71515 205.511
335.62277 414.913
337.16254 1131.2
338.14371 590.154
340.17905 383.649
340.23337 201.055
344.64468 1841.91
345.14554 624.69
353.65015 576.094
354.18021 539.875
354.68277 239.773
355.17249 23231.9
356.17496 3725.88
357.17722 508.565
358.64194 839.181
359.14157 278.793
364.51852 259.718
366.21365 242.888
367.64676 1364.02
368.14865 473.529
369.53452 319.719
369.86890 389.455
370.19885 238.706
373.18353 1313.9
376.72433 1392.65
377.22617 486.416
381.71609 455.087
383.24097 719.735
385.69244 794.692
385.94290 393.555
386.19424 271.506
390.18872 217.214
391.88794 230.581
394.23749 497.484
395.88785 1400.28
396.22205 1022.91
396.55521 368.743
400.26669 6949
401.27008 1357.08
401.89157 6828.61
402.22577 4459.49
402.56100 1873.69
402.85489 641.813
403.15381 231.048
403.20297 321.194
407.89453 4701.17
408.23032 3977.54
408.56442 1339.52
408.90271 258.436
409.23932 225.157
411.23523 210.63
417.01294 269.166
424.23026 208.475
425.15231 301.316
425.25098 1490.87
425.50940 331.006
425.75247 764.033
425.84564 229.055
426.25748 230.423
428.54630 1034.31
428.87817 737.741
429.22015 253.581
434.23715 1626.89
434.41550 252.919
434.54990 4542.29
434.61850 505.9
434.88586 3479.85
435.13431 269.122
435.21844 916.528
435.55145 509.496
436.12070 389.462
437.28711 367.17
452.22464 3102.22
453.14948 4735.82
453.22336 565.402
453.72964 250.427
454.15170 794.806
459.76306 509.562
460.26608 242.824
463.26697 248.513
470.23999 224.67
477.24393 384.961
479.30865 517.04
480.29294 3641.33
481.29578 1068.97
491.24582 209.57
493.25470 526.43
494.23523 659.644
495.27548 298.46
496.76425 204.914
497.10211 384.338
497.13452 781.587
497.16727 512.511
497.20099 630.418
497.23938 261.229
497.31927 96880
497.43503 567.714
497.47052 775.174
497.50174 465.772
497.53778 782.569
497.56705 368.809
497.60352 473.889
497.84006 347.311
497.90521 415.776
498.10962 258.966
498.14014 361.238
498.17639 268.491
498.20673 318.193
498.32184 26241.9
499.32413 4235.62
500.32547 455.31
503.23477 599.079
504.21722 739.837
508.32251 250.092
509.24777 1057.35
510.25540 312.607
511.26242 3102.66
512.26367 699.545
515.27679 344.152
521.24652 18603.7
522.24921 4972.24
523.25214 869.967
524.28540 211.037
529.27393 1042.23
529.77460 242.743
530.27484 324.917
534.30896 223.107
537.31421 752.972
538.51691 231.962
539.25714 16720.8
540.26031 4282.69
541.26129 698.405
550.34760 364.294
551.32959 1016.49
552.33002 376.391
557.26715 3865.63
558.26953 1055.45
568.35675 19300
569.35913 5585
570.36090 1028.38
578.34155 598.148
583.20978 213.193
584.19092 211.765
588.26953 278.871
591.23322 283.664
601.21521 550.073
602.19897 1238.35
603.19434 260.225
605.37775 297.682
606.28375 487.758
607.22498 1342.68
608.23132 335.114
609.23810 1859.22
610.23822 569.779
619.22314 64676.6
619.38025 297.898
619.43335 482.074
619.47522 314.37
619.52521 368.71
619.57269 314.476
619.61542 259.277
619.71277 263.266
619.80872 247.224
620.22589 17688.9
621.22882 3637.33
622.22565 435.853
636.30579 260.911
637.23438 11395.4
638.23651 3057.27
639.23773 718.842
648.38257 2062.15
649.39380 702.561
661.34192 410.57
662.32581 319.627
665.12726 340.605
665.22034 215.324
665.40918 43637.3
665.64954 243.659
666.41156 16188.4
667.41577 3534.7
668.41656 420.125
679.35266 4592.35
680.35565 1517.55
681.36139 292.267
689.33936 559.052
690.32727 390.667
697.36194 969.136
698.36768 380.404
707.34650 5468.07
708.34857 1873.02
709.35590 489.386
725.35730 1377.51
726.36041 410.772
734.43231 432.694
735.42072 225.236
752.44049 2364.7
753.44299 867.719
754.44458 280.035
759.31335 283.995
762.42877 436.779
777.32892 2437.94
778.33264 898.972
779.33496 228.627
787.30762 234.103
805.32458 3617.78
806.32733 1158.47
807.32959 327.159
849.49225 266.703
