2093.91391 3
110.07111 2039.84
120.08070 1838.56
129.06653 281.703
129.10216 6626.6
130.04955 336.923
130.08606 1049.81
130.10521 540.751
133.04268 1238.63
136.06158 569.269
136.07559 1509.61
141.10216 386.983
147.11275 1964.43
155.11797 337.564
159.09140 378.267
167.08139 506.594
169.13371 544.568
171.11156 315.376
173.12836 582.843
175.11877 1971.51
183.11165 290.784
183.14919 627.826
185.09198 1695.36
186.12383 742.773
187.10750 490.853
191.11772 583.793
195.08607 288.304
195.11241 452.225
197.12898 505.078
197.16354 403.332
199.10706 410.402
201.12276 806.189
204.13422 4262.12
210.02562 479.775
211.14461 276.876
212.13884 288.412
213.08687 3648.62
214.09920 637.668
215.10275 414.247
217.08321 329.124
218.15019 355.666
223.15581 315.958
225.09904 470.603
226.11819 1119.98
227.10211 500.547
229.11722 522.963
233.09557 1184.86
235.10619 675.247
240.09772 339.234
240.13409 872.73
241.08180 388.939
242.15024 308.96
244.12856 1468.38
244.16449 443.264
245.07632 857.383
246.12708 918.411
249.12204 367.96
249.15974 354.017
251.10217 305.731
251.14970 834.027
253.09329 512.662
258.10831 577.078
258.14462 661.404
261.09030 1231.91
263.10306 325.614
270.10782 3669.44
271.11053 353.619
272.17264 649.449
274.12140 562.981
287.13455 543.648
288.13507 471.094
292.07648 333.026
307.13956 1170.89
315.16605 2038.77
325.14978 852.085
325.64496 1126.26
326.14774 436.103
333.17627 2735.79
334.17755 299.551
349.09927 611.05
355.16635 680.233
357.21753 395.786
358.64868 436.423
359.67603 313.018
361.19690 621.435
363.64154 1136.62
364.14267 500.298
367.16385 659.309
372.64737 588.111
373.13071 1624.3
381.15991 1503.35
381.66138 481.82
389.15045 2027.42
390.16293 332.609
401.14603 1127.3
406.18597 329.514
410.69519 734.436
415.19049 1330.03
415.69141 514.552
418.17197 336.621
423.70444 974.098
432.24484 3118.21
433.24817 463.348
439.18103 506.951
452.20999 337.226
456.21017 407.662
460.22195 489.154
464.12720 457.254
466.19177 655.956
468.24609 321.419
470.16867 478.973
483.21729 388.445
484.20364 1333.83
486.21170 841.166
487.21622 360.317
488.21503 571.259
500.21878 546.413
501.22858 1887.63
502.22714 394.432
503.27698 408.516
504.21274 2121.26
510.75174 547.09
512.19629 361.15
515.24475 496.688
517.26239 309.002
527.29358 594.874
533.18378 444.531
543.17517 481.424
547.27258 4993.93
548.27386 1214.1
549.27765 310.657
560.99017 550.271
561.18018 1583.58
562.18500 412.37
569.29437 373.429
572.27344 438.056
577.20911 652.104
579.27258 475.586
583.25037 392.784
586.32416 788.06
587.32397 404.605
595.22638 393.386
595.79706 340.691
596.30322 702.727
597.28815 1007.85
601.76184 1528.76
602.26520 894.74
610.76654 8625.7
611.26733 4976.12
611.76880 2262.43
612.26361 962.809
613.23260 334.406
614.31482 2909.94
615.24597 2441.26
616.24963 569.374
617.23865 474.659
619.30420 568.631
630.26642 664.521
633.25525 1505.53
634.25293 619.363
634.97272 1287.54
640.31610 330.979
646.27167 627.32
649.31720 1261.53
649.81885 1047.51
650.26752 1597.14
650.35901 956.752
650.84088 520.027
651.27832 617.669
654.33411 486.413
658.32233 2099.7
658.82477 1752.62
659.33801 402.861
660.35712 3716.65
661.36176 1255.64
662.35199 864.678
666.73401 315.685
667.05072 335.231
674.26709 1222.4
675.26038 325.362
676.29901 417.875
692.22705 331.58
697.40161 6190.53
697.51245 1056.04
697.89539 706.326
698.30377 1434.41
698.40436 4309.19
698.79980 945.534
699.30145 915.061
699.40613 1640.74
699.89740 1055.69
700.31580 362.939
700.40875 476.736
701.31476 456.722
708.03241 402.737
708.38367 340.59
711.35712 397.611
726.26239 835.372
726.37000 390.951
727.04358 2149.33
727.37750 2616
727.71411 1839.55
728.04797 723.551
734.30347 485.202
743.28839 1332.7
744.28802 2230.9
745.28088 738.264
746.35699 364.032
749.43188 425.329
750.43347 457.253
761.31171 9728.33
762.31342 3641.57
763.29852 846.397
765.38721 2214.96
765.72028 1649.79
766.05603 1266.14
766.38892 672.9
771.26898 842.196
783.39899 340.278
789.28918 3832.63
790.29022 1317.91
791.29309 903.99
801.40015 734.282
802.39819 574.691
803.43695 369.399
820.38611 6740.85
821.38794 2756.5
822.39008 957.184
826.08679 966.834
826.42694 1643.35
826.75928 790.017
827.09229 386.968
828.38318 363.841
829.37341 797.589
835.41980 592.325
835.75793 619.791
836.08899 483.742
836.39789 1003.15
837.39203 458.666
838.36804 379.829
846.40173 1529.53
847.40662 590.697
848.40826 1027.34
856.38593 1129.72
857.37329 943.072
858.36981 629.094
860.35132 454.835
874.39496 4743.74
875.39630 2404.91
876.39270 689.908
877.39874 341.256
881.35815 401.076
888.35461 1327.77
889.35596 674.723
897.48932 360.467
901.41772 341.75
916.43317 632.004
917.43823 672.684
920.54462 457.608
932.52478 548.962
951.42621 1190.43
952.43085 635.212
954.48865 341.784
972.53534 462.365
996.38556 459.263
1008.44617 5900.13
1009.45099 2633.36
1010.44897 1335.94
1011.43628 390.63
1017.39893 1278.64
1018.39667 538.513
1021.60620 393.919
1030.40125 363.474
1032.51807 821.342
1033.52026 502.554
1058.56885 716.075
1072.52686 645.78
1073.51807 437.447
1092.41638 444.523
1105.43823 354.26
1123.47510 5735.19
1124.47412 2950.34
1125.47815 1526.04
1126.46594 592.324
1133.43372 332.007
1134.62122 543.634
1135.62891 970.509
1136.64307 449.964
1143.49829 624.191
1144.48181 388.272
1148.62830 377.026
1152.48181 422.095
1169.53516 475.76
1170.53601 353.491
1187.54004 506.776
1188.54187 510.437
1197.53796 435.468
1202.51477 1314.93
1203.51758 691.183
1204.50903 472.734
1220.52820 9995.97
1221.52844 6351.09
1222.53015 3144.96
1223.52551 994.195
