1747.86692 3
110.07093 1234.27
116.01587 425.563
120.08047 2232.69
121.08415 373.84
129.06564 966.53
129.10199 2725.84
130.04996 267.405
130.08595 1056.82
133.04269 5560.12
133.08553 1319.62
136.07547 2607.71
143.11760 784.209
147.07610 456.404
147.11247 2033.64
155.11691 259.546
157.13338 398.405
159.07652 234.57
159.09177 775.661
171.11249 909.724
173.09183 418.565
175.11864 937.492
177.11183 448.052
181.06030 530.526
182.12869 289.974
183.11212 1369.55
185.12799 239.013
185.16473 658.926
197.12775 255.228
198.08716 1129.26
199.07135 628.908
199.18008 3419.06
200.10216 231.673
200.13895 1693.73
200.18340 385.239
201.08664 2517.44
201.12349 449.855
203.08449 362.587
204.13420 303.861
210.12303 446.26
211.10739 325.349
213.15982 520.93
215.13847 1075.54
216.09738 956.946
217.08115 309.856
219.14737 260.972
221.12730 994.987
227.17487 1813.61
228.13344 1711.38
231.11314 388.194
233.16383 724.058
237.12079 282.525
239.11391 543.877
239.15001 549.201
240.13388 707.214
242.14934 1579.52
243.13382 1304.57
246.12642 2016.21
246.18079 963.625
247.14555 324.086
249.12277 762.843
254.14923 458.714
257.16028 1933.19
258.14420 2955.87
261.15924 592.911
265.11743 862.151
270.10742 647.568
272.06937 436.649
272.15930 705.304
274.12106 369.208
275.17072 3234.42
276.17142 393.609
281.16064 335.665
282.14444 888.015
283.17490 258.051
284.15967 450.287
290.07928 764.803
299.17157 686.566
300.15396 456.713
301.18591 1317.9
303.21368 466.66
311.17038 701.183
315.64914 709.826
329.18115 3837.71
330.18390 544.89
331.14285 581.203
332.12683 1889.05
355.23199 445.556
360.22607 519.554
361.11731 710.026
361.20737 538.706
371.22833 421.707
380.17050 724.315
385.19290 384.038
385.24359 295.767
388.25464 2971
389.25851 417.58
390.67795 306.618
397.24228 476.48
399.18915 501.876
399.68909 292.446
401.14667 252.906
403.16299 665.384
410.20212 1356.07
411.18619 2559.69
412.18393 295.731
414.27100 1097.05
414.68018 636.641
424.25394 823.836
428.21298 2537.2
429.21182 363.625
430.21347 312.293
431.19489 352.736
440.21146 280.682
442.17233 265.238
442.26556 2023.83
443.26508 404.065
448.21774 463.296
457.24710 265.651
460.18314 740.072
460.27390 750.951
466.22961 260.472
475.25772 545.327
478.27798 376.289
483.25449 568.963
489.21793 295.603
492.15265 256.813
497.23715 250.701
499.25372 263.348
501.33835 1638.65
502.23062 457.682
502.33969 395.547
514.23816 263.86
524.21301 257.123
530.24738 261.786
531.26862 419.227
532.20605 730.547
533.20685 256.507
541.24323 1786.63
542.22772 1415.23
543.22906 318.117
555.35028 375.383
557.75433 604.404
558.25555 395.006
559.25269 2995.72
560.25775 568.529
561.29895 339.113
570.32452 492.894
572.37610 1730.84
573.36621 864.299
574.31140 321.386
582.30511 412.36
582.83356 427.877
583.24945 550.013
583.34204 662.604
583.39825 530.925
583.77142 881.281
584.26978 600.924
585.26678 301.734
588.24567 266.149
602.29547 723.393
612.27905 1663.34
613.26544 1357.64
614.26324 323.953
628.28864 397.407
630.28967 3677.16
631.29163 865.602
639.28326 760.283
639.78693 607.866
640.28967 263.366
642.81708 342.579
659.40747 2550.12
660.25043 317.892
660.41010 705.395
664.35815 284.936
694.80164 486.18
695.29755 383.944
697.30988 379.84
698.41943 1314.89
699.41223 800.007
700.34821 408.998
703.80542 435.64
704.31006 389.177
714.33331 639.568
715.31732 311.596
716.42883 16934.4
717.43097 4601.6
718.43658 601.207
720.42773 1369.63
721.42743 461.802
724.36694 469.216
731.34027 356.005
741.32220 1685.16
742.31506 630.174
759.33319 2272.83
760.33691 1066.18
776.35925 461.213
797.37720 607.079
798.36243 387.784
810.34283 898.134
811.41791 721.099
812.41718 404.025
815.38629 720.887
816.37604 259.945
819.49847 1256.61
820.49908 434.992
828.34924 1299.39
829.51294 3457.42
830.51343 1343.18
898.42505 1338.18
899.41724 510.322
901.35358 1030.58
902.34839 405.147
919.35992 1275.68
920.35974 511.256
928.47308 369.21
970.48615 390.599
989.54346 1335.14
990.53638 590.154
1013.45111 1385.36
1014.45087 793.039
1114.50012 1747.28
1115.49670 820.38
1116.49805 291.584
1174.58496 447.84
1277.55896 973.32
1278.57129 699.09
