2177.72934 3
110.07094 189.595
114.05492 459.917
115.05000 805.663
129.10207 6296.05
130.08606 1664.93
130.10509 408.222
136.06174 613.008
136.07581 278.852
147.11256 3867.39
148.11598 286.809
153.10202 2732.53
154.02625 1397.56
157.06044 1953.59
159.07582 312.236
167.04494 658.227
174.08710 807.362
175.11902 266.311
181.09680 1900.69
184.07091 336.93
185.05540 3417.87
186.05911 227.075
187.07083 336.094
198.08736 845.932
200.13890 214.26
201.10541 1729.28
202.08200 7661.96
203.06638 435.044
203.08615 485.865
209.09221 235.715
218.14948 491.401
223.10709 232.479
224.06622 613.96
226.11801 469.029
227.08662 248.917
229.10027 1004.81
231.06059 1119.38
240.09709 338.765
240.13377 1617.8
241.09314 858.098
244.12932 443.542
244.16566 313.347
245.07600 389.826
250.08101 469.656
258.14456 6387.06
259.14792 559.819
261.08572 216.373
264.13391 285.354
267.10989 426.641
268.09238 3292.87
269.09454 403.214
276.15485 7907.57
277.15878 829.171
283.13937 370.871
285.11877 4190.48
286.12228 855.616
296.06421 225.26
301.14865 331.209
302.09747 456.695
304.09769 208.73
312.04877 415.783
312.13690 2917.38
313.13885 463.239
318.14737 570.986
330.05960 479.9
337.15030 824.955
346.08734 804.289
355.10147 360.605
359.15704 214.486
364.15891 339.121
365.14377 801.47
366.06674 224.604
366.14542 192.948
373.17233 397.917
382.17072 536.275
383.09552 3761.35
384.09790 488.965
391.18155 2358.07
392.18445 527.899
398.16730 283.364
401.14752 1723.5
402.15179 269.314
416.17813 604.899
417.12500 519.258
421.11197 208.908
421.67078 598.022
422.17181 326.119
432.19302 258.057
438.26904 264.932
439.27356 274.518
444.21466 210.106
456.17975 354.376
461.11444 590.278
461.23718 244.701
462.21820 4243.25
463.22141 900.718
474.18176 235.936
479.18463 662.786
479.68323 418.229
484.18600 628.01
495.17258 205.857
496.18332 298.164
513.21136 250.115
513.69495 422.154
514.19019 268.277
529.24457 830.904
531.20013 645.569
532.15466 478.727
535.19006 366.634
536.69653 588.171
537.20013 588.539
547.21625 299.534
551.79712 282.709
552.69263 296.844
553.19678 294.82
559.23767 239.683
571.20142 517.632
576.14362 374.477
576.25208 211.774
577.24597 3627.02
578.24841 1051.61
589.20758 302.971
593.21185 224.694
594.21484 1342.28
594.71167 316.883
595.21533 301.358
597.30157 831.199
599.21887 2852.83
599.55353 2407
599.88696 1460.36
600.22455 352.304
610.20081 244.864
610.71649 212.983
620.89319 494.367
621.22589 437.431
621.55725 361.923
626.25775 539.23
626.89764 3566.9
627.23071 3389.24
627.56519 2047.48
627.89539 591.691
628.22583 318.419
628.31659 340.946
628.71698 260.118
644.26801 521.75
645.27069 221.736
646.22546 807.631
647.16687 233.486
647.30176 498.517
651.72473 534.346
659.22784 264.776
662.31982 566.346
664.91229 706.705
665.24420 881.177
665.57928 586.559
665.90839 213.264
667.71582 683.641
668.22186 667.996
668.81061 592.466
669.31079 453.417
669.82581 238.648
672.63080 375.408
672.97070 243.945
676.77319 295.047
677.30347 230.474
677.81726 683.577
678.32739 401.821
678.83307 541.937
682.24622 414.678
682.57599 228.877
685.25079 338.196
686.22931 468.759
688.24744 1043.47
688.57935 1402.42
688.90955 777.011
689.23492 556.606
689.72925 243.737
692.27222 3846.29
693.27655 1418.62
693.91589 298.186
694.26721 439.979
694.98169 783.831
695.31519 499.214
696.81830 465.471
697.06470 394.444
697.33026 221.102
698.25250 1340.17
698.75531 971.374
699.24994 384.308
700.23767 310.112
700.73120 374.331
701.06934 501.595
701.31842 940.616
701.56995 823.063
701.82422 460.734
702.06885 442.7
704.23529 323.513
709.23590 753.84
709.73615 559.733
725.23663 260.941
726.31006 289.646
727.28864 431.536
727.39716 314.874
728.31226 222.326
743.74426 236.554
744.73206 232.572
744.84418 398.485
745.34589 299.013
755.76611 760.846
756.26666 698.125
759.29669 780.806
760.29675 394.51
760.75067 858.467
761.25238 1407.29
761.75372 388.878
762.27887 305.585
766.27271 349.424
769.46411 276.414
775.27362 1120.39
775.77136 830.021
776.28351 345.449
777.27716 488.774
778.27759 230.825
784.27747 6638.76
784.77875 4913.98
785.28168 1914.17
785.78943 534.679
789.28735 413.439
793.26465 409.547
801.25830 495.185
801.76141 304.712
802.27008 1069.68
802.76831 824.331
803.27014 333.714
807.29980 4387.15
808.30127 1466.5
809.29114 304.625
825.26489 223.882
831.79401 222.22
832.41943 220.38
840.79370 875.096
841.29095 532.467
841.79541 385.615
842.33893 471.133
849.79761 5743.71
850.30017 4660.92
850.80072 2343.26
851.30145 851.856
854.78961 1326.39
855.29224 1189.79
855.79327 347.875
856.30396 245.649
874.31976 960.861
875.32916 414.585
876.28607 903.264
880.82355 253.13
886.05695 339.92
889.31689 1767.04
889.81879 1288.98
890.32050 780.495
890.82098 371.193
892.29541 515.295
894.28607 224.779
897.31531 811.092
897.82074 610.435
898.32391 13249.3
898.82489 10254
899.32672 5390.92
899.82605 2016.78
900.32263 496.686
904.31726 323.584
905.30847 275
914.35828 221.556
922.32556 3984.74
923.32605 1601.77
924.32983 412.639
928.91943 246.715
930.83478 705.228
931.33112 856.659
931.83356 464.75
932.33228 297.048
939.83997 3201.71
940.34332 3265.02
940.84247 1785.93
941.34491 774.964
947.44391 349.937
957.36102 356.785
989.35291 892.203
990.34418 274.537
991.31512 459.155
1002.34729 236.418
1007.31647 259.641
1019.34521 252.122
1020.32202 259.815
1026.36438 225.879
1037.35193 3004.25
1038.34973 1254.6
1039.34680 324.992
1072.38013 219.305
1086.35559 228.663
1088.33032 230.513
1104.37708 708.132
1105.37280 401.677
1106.33813 745.096
1107.34143 306.029
1120.34644 465.511
1122.35620 438.527
1152.37769 2386.05
1153.38306 1051.2
1154.38086 285.011
1177.39197 225.388
1187.42590 315.387
1219.40100 695.482
1220.40320 454.077
1221.38550 295.556
1237.37671 365.372
1238.38916 266.897
1249.39038 317.956
1250.40125 284.032
1267.40686 3203.43
1268.40625 1866.93
1269.40088 647.838
1292.40015 1537.22
1293.40759 599.017
1294.40881 339.923
1334.43469 1006.61
1335.44202 514.113
1336.44116 236.649
1395.50134 959.711
1396.50110 510.581
1397.50940 230.686
1405.44763 490.371
1406.46912 329.132
1421.45276 259.414
1422.44727 232.32
1423.44226 753.393
1424.43994 447.934
1502.47632 320.57
1503.50098 216.172
1520.49817 1560.55
1521.49353 972.973
1522.49109 503.85
1549.52722 224.273
1567.55090 1694.72
1568.55457 1053.11
1569.53503 543.776
1649.54907 339.312
1650.56165 238.096
1698.59314 227.585
