1898.65215 2
105.06535 4571.53
115.04976 3236.14
129.06540 5407.54
129.10176 34761.2
130.08580 15876.9
130.10469 1844.15
133.06007 1879.55
139.04926 2124.93
147.11226 34244.3
157.06035 10196.2
174.08670 13546
181.06056 3850.67
184.07095 3893.8
185.05528 5480.21
187.10732 3155.44
198.08731 4489.85
199.07069 5718.85
201.09709 4082.37
202.08163 18822.4
213.08638 2366.92
216.09721 15068.8
219.10750 2833.14
226.08151 4700.79
226.11880 2352.24
227.06619 1587.54
228.16939 4401.27
230.11243 2972.82
240.09720 4266.27
240.13362 6540.71
241.08078 9185.38
244.12834 2657.19
246.18025 46735.9
247.18344 4172.6
250.08237 2574.68
258.10757 7773.99
258.14441 1915.46
267.10791 1795.67
268.09351 2080.92
277.09262 3691.17
278.07666 5980.9
285.11917 1639.66
286.10184 3244.49
292.09232 2162.56
294.11850 2626.99
295.10275 8169.77
296.08597 6956.9
310.10181 3447.23
312.12912 13032
313.11191 11451.3
314.09589 8645.04
315.19980 1892.9
328.11209 3931.52
330.13983 14956.9
331.14575 2242.07
337.11160 2101.05
338.09616 2863.09
343.19635 6308.55
345.13837 3963.6
355.12485 6240.47
356.10410 3223.89
361.20691 20599.9
362.21124 3096.27
373.16629 4512.81
379.12256 2606.57
383.11932 1737.91
397.13373 3536.82
407.11877 3970.77
424.14349 3385.23
425.12851 10709.5
429.12308 3788.71
442.15631 3982.78
443.13791 7065.02
452.13940 2092.57
459.18170 2837.5
460.16223 2313.36
471.29089 3650.26
472.24231 1693.1
484.20291 2893.41
489.30157 18032.7
490.30258 4052.35
494.15002 1830.11
498.14481 2442.75
512.16119 3424.36
522.14655 2415.62
526.17645 3069.56
539.16840 2015.29
540.15430 5299.61
553.22900 3036.19
554.16217 3726.27
558.17029 1625.14
571.23560 11341
572.24225 1792.84
591.16638 1735.92
600.33319 4872.46
609.17664 3277.31
618.34357 11410.2
619.34454 2383.78
622.76697 3445.18
623.19366 1906.09
627.18561 3671.38
641.19690 2253.81
651.18433 2503.62
668.24994 2788.6
669.18976 3260.76
670.31183 1838.49
678.28601 2267.36
686.26208 8385.86
687.27728 2669.86
720.19586 2467.78
729.37024 1900.06
733.79413 1983.57
734.30109 2129.17
738.22107 7045.32
742.31079 2940.68
742.80505 6508.44
743.30615 3178.24
747.38110 4259.76
755.24091 1892.22
756.22870 5751.2
768.31104 2041.85
769.30408 2127.23
785.33160 4002.02
786.33044 1797.12
797.30292 3223.56
798.38324 2446.63
799.38214 8336.91
800.38947 2408.11
815.30371 2426.2
816.40601 9456.18
817.40735 3332.84
866.31042 2937.17
867.27155 3608.63
868.27313 1750.85
884.32397 9177.03
885.33197 3244.85
902.32306 2050.34
913.42682 3443.98
914.39093 3850.37
931.43372 18294.7
932.43616 7740.82
964.31256 1617.33
981.34326 4280.33
982.31464 3405.54
984.39771 1700.12
995.32776 1693.66
999.34888 11739.4
1000.35004 4654.94
1042.46338 4175.25
1043.46863 2090.67
1060.47559 4335.85
1092.36829 3164.04
1094.47131 2296.54
1097.33325 2614.14
1098.42358 4514.07
1099.42786 1864.97
1110.38354 7418.91
1111.35132 2561.85
1112.47498 7697.66
1113.47241 3992.51
1128.39197 5085.53
1129.51697 6284.44
1130.50623 3774.25
1209.48645 2827.5
1210.46082 1787.53
1221.43176 2854.22
1226.51587 3804.86
1227.49133 5971.49
1228.49438 2344.74
1238.45789 1861.33
1239.43286 6003.6
1240.43152 3022.86
1244.52417 20264.8
1245.52734 11070
1246.53113 3504.05
1337.56238 2019.38
1338.52905 2462.46
1342.51440 1601.57
1355.55322 7861.01
1356.55103 6358.78
1357.55200 1685.96
1373.56653 7381.29
1374.56433 6135.6
1484.61438 3217.44
1485.61438 2577.69
