2593.26303 3
110.07106 609.468
129.10208 22302.2
130.08611 1076.95
130.10539 1449.3
136.06151 1033.46
136.07552 3819.89
147.11273 2784.39
167.08078 434.661
169.13322 499.337
175.11896 731.657
183.14885 1277.22
186.12349 540.155
195.11392 453.125
197.12791 2571.7
198.12131 459.925
199.10698 502.297
209.05672 451.911
211.14400 1170.87
213.08653 979.6
215.13869 7436.75
216.09854 434.987
216.13196 1047.97
222.12370 777.291
225.12317 2883.26
226.08214 735.117
226.11736 2182.1
226.15486 1657.64
227.06567 733.229
227.10178 574.464
240.13390 14909.3
241.13750 1486.6
242.15096 464.036
243.13350 5313.88
244.13795 676.518
244.16513 7280.83
245.07782 584.152
245.16953 916.378
258.14444 3399.89
260.19604 2373.18
266.14954 907.337
272.17126 436.328
284.08633 683.928
290.11429 621.647
295.13986 1640.3
300.11694 455.775
313.18668 786.916
317.12750 478.197
325.11401 1320.41
326.17484 983.107
327.16492 669.517
330.05969 817.914
339.20227 4404.97
340.20685 1036.52
344.19330 1698.57
353.10876 904.679
354.16388 1244.06
359.22754 559.69
370.20822 2330.41
371.23270 1056.2
372.17587 3524.62
373.17715 822.078
389.23935 949.054
393.11597 1280.02
405.13931 509.3
411.16342 546.295
423.23276 613.776
426.23474 2194.31
427.24017 737.506
441.24576 1150.09
442.24252 491.167
468.18762 771.489
482.26083 1077.54
500.27594 865.738
502.32385 949.622
508.23996 854.554
508.74234 785.693
525.80029 1093.33
526.29993 528.325
536.31946 472.938
538.77985 488.576
539.21942 1214.19
542.29596 1307.63
554.32971 8874.69
555.33124 2209.67
560.30792 1229.8
560.72064 723.124
560.81244 884.358
561.22186 536.578
574.78998 1074.45
575.25555 855.427
579.32440 588.247
589.23706 473.787
597.32642 662.428
600.19324 533.602
609.30206 816.752
609.79413 749.205
613.33087 1899.43
614.33704 730.963
640.26898 2051.33
641.27075 779.951
648.97455 737.197
649.30133 635.054
651.37408 494.381
665.35931 1305.67
665.86151 1108.03
666.35339 1173.4
672.86536 1589.03
673.37585 665.891
673.87994 516.325
674.36865 2072.61
674.86914 2364.03
676.05292 1129.98
676.39020 1019.87
676.71808 567.992
682.42566 909.653
683.35956 537.842
692.40094 1550.1
702.31720 596.716
703.38568 491.506
707.35321 692.111
708.71210 1466.05
709.04718 1947.53
709.37561 1434.12
709.71680 497.296
710.40936 1416.95
711.30811 2920.73
712.30774 870.445
717.44739 771.75
721.85510 4534.67
722.35809 3934.35
722.86206 965.689
723.37787 835.913
724.36542 1236.19
730.33661 1537.73
730.85834 640.415
741.38434 3386.12
741.70404 861.496
742.38629 1160.41
746.37524 633.275
763.43811 659.994
770.84332 2094.99
771.34204 1990.61
771.84381 1099.59
772.43909 567.935
772.95117 491.054
779.44470 707.572
780.44312 696.58
783.68402 702.695
784.01526 649.99
784.35364 489.054
785.89905 636.916
786.40314 906.184
788.10431 637.661
788.44080 633.826
789.42426 681.773
793.77301 3787.09
794.10583 4459.4
794.44104 4124.51
794.77869 1852.28
795.10510 1032.42
798.73053 678.471
799.06421 1816.55
799.39587 1350.82
799.77698 5530.72
800.11023 7056.32
800.44464 4096.27
800.77814 2257.73
801.11200 739.201
803.42395 607.733
805.77728 1091.8
806.11237 1365.32
806.45789 628.759
807.44232 724.323
811.47528 799.236
815.40356 1151.71
815.89093 1122.74
816.41400 1061.68
817.38422 651.628
818.36005 500.231
820.45996 1391.73
820.76849 1121.29
821.10065 797.814
821.32312 630.328
821.45074 1047.97
822.33899 2823.56
823.33679 1115.36
826.05841 509.751
826.43427 3850
826.77136 5645.23
827.10468 4873.75
827.43994 2078.19
827.78827 491.174
828.97192 599.685
829.40808 651.754
829.91296 992.669
831.36639 499.554
831.72485 1183.64
832.05872 1025.64
832.44055 5806.77
832.65656 1660.34
832.77509 8856.24
832.98010 1177.68
833.10980 5775.92
833.44012 3392.87
833.77740 1564.53
835.95288 564.304
836.45215 725.482
838.46594 1519.95
838.77209 806.703
839.11102 764.748
839.36212 1226.67
844.95288 663.679
845.45178 503.057
847.40643 500.675
847.89880 599.983
848.46564 2708.91
849.46582 1005.45
854.47162 3326.43
855.47546 1216.27
856.90106 502.889
859.09119 1307.05
859.42126 2828.9
859.76459 1391.98
859.90717 940.568
860.09454 1143.32
860.41785 883.901
863.95917 586.675
864.49109 883.969
865.09100 1675.37
865.42841 4484.28
865.76215 2554.78
866.09058 1001.54
866.39655 1008.41
884.93695 1332.94
885.44543 1262.26
885.93005 696.381
894.95325 544.009
907.49335 821.117
908.36499 1319.96
909.36981 650.392
915.51959 719.635
925.50854 667.577
926.51379 581.125
929.51019 584.361
934.43390 863.577
940.53857 597.383
941.02533 1289.67
941.52356 1331.38
942.00867 774.333
942.52612 677.682
948.42200 1197.64
948.92743 1049.34
949.52979 7167.88
950.02820 7387.73
950.53119 4414.46
951.02960 1771.16
952.44647 3885.75
953.43884 1304.4
955.47931 500.037
958.53577 1413.35
959.04034 1276.85
959.54132 587.082
961.52551 947.055
963.94855 1089.62
964.44635 620.448
972.45898 1990.76
972.95807 5679.28
973.45892 3705.42
973.95911 2040.17
974.45850 674.187
989.51569 1601.15
990.01385 1887.22
990.51996 1103.09
997.43707 952.167
997.95227 568.996
998.52112 10230.4
999.01660 11987.9
999.51837 6272.83
1000.02014 2208.45
1000.53735 593.185
1005.94556 1078.54
1006.44714 1360.73
1006.94373 909.175
1007.54004 806.511
1008.02686 1033.31
1013.57922 711.683
1014.58197 713.448
1015.46649 3258.4
1016.46851 2647.75
1028.56299 588.876
1030.45886 592.489
1035.58813 1607.22
1036.58386 1184.77
1038.48279 723.307
1039.00708 507.991
1047.50391 3226.53
1048.00537 3621.46
1048.50403 1416.92
1049.00879 882.896
1050.59290 6888.52
1051.60437 3079.65
1052.60559 960.111
1053.59631 3774.4
1054.59753 1977.17
1054.94336 574.43
1062.56091 927.939
1063.08459 1099.56
1063.43445 515.238
1063.61023 520.419
1063.96765 846.97
1064.96912 961.475
1068.59277 799.319
1069.07825 530.791
1069.59338 847.145
1076.54321 588.354
1077.57056 1000.88
1078.08862 1093.47
1078.59680 1346.38
1092.98877 1552.62
1093.49622 3280.24
1093.99133 2837.1
1094.49976 1470.27
1095.00049 532.917
1105.60901 566.281
1106.97876 565.963
1114.58423 2518.66
1115.58862 1360.76
1118.07373 643.274
1118.40063 532.239
1118.59167 552.031
1119.08899 544.275
1119.61584 1742.61
1120.44873 821.423
1121.44702 789.244
1127.58777 895.302
1148.56958 5588.15
1149.56824 4113.99
1150.55225 1314.86
1157.66455 559.583
1173.52600 530.09
1174.55505 613.739
1175.02368 688.938
1190.59558 531.271
1199.56152 971.237
1217.58960 2173.31
1218.58569 961.424
1261.54846 586.672
1344.72632 3230.25
1345.73486 2478.32
1346.75183 643.872
1347.73474 1112.86
1363.74219 504.101
1413.67505 791.729
1414.69836 750.586
1442.70276 4052.35
1443.71045 3059.6
1444.71228 1273.85
1540.67896 1617.2
1541.68140 986.797
