1539.78691 2
110.07114 5065.53
111.07418 224.647
112.08683 700.559
113.07083 216.566
115.08648 1528.01
116.07056 391.107
120.08068 4041.23
121.08418 385.514
126.05461 211.524
127.05047 198.164
127.08652 344.084
129.06601 892.708
129.10220 3792.03
130.05014 249.876
130.06493 1124.1
130.08621 653.161
130.10403 244.638
132.08089 526.94
133.04289 640.386
136.06203 445.102
136.07565 4121.6
137.07872 272.206
139.08618 208.813
141.06598 401.141
141.10217 1307.85
143.08139 2818.56
143.11765 402.048
147.11266 1229.03
153.10201 212.204
155.08150 715.311
155.11821 296.583
156.07623 318.51
156.10242 278.32
157.09737 510.407
157.13370 193.868
158.09218 1010.67
159.07626 452.475
159.09155 4814.89
159.11136 212.91
160.09497 451.789
166.06085 369.571
167.09048 851.34
169.06039 256.411
169.09711 2345.07
169.13327 611.986
170.05937 424.299
171.07663 279.04
171.11278 1202.41
171.14941 335.573
173.09192 865.373
173.12822 477.429
175.11887 6324.91
176.12305 382.058
178.05219 202.593
181.06013 274.74
181.09763 626.017
183.11241 786.217
183.14919 851.773
184.10622 348.717
185.05594 444.906
185.09221 645.084
185.12793 279.232
185.16496 1097.19
186.08716 283.882
186.12271 200.548
187.07190 462.236
187.08611 622.376
187.10783 413.688
187.14386 652.493
189.08693 274.407
191.11755 229.009
195.08766 1640.98
195.11279 298.04
197.12833 1113.79
198.08708 196.732
199.07173 497.98
199.10750 625.531
199.14435 320.574
199.18054 206.671
200.13989 321.119
201.08717 428.755
201.12326 9510.73
202.12714 872.185
203.06645 275.88
207.08734 265.67
207.11246 605.107
209.09167 203.953
209.10349 257.131
210.02567 536.213
211.10774 261.805
211.14386 872.479
212.10289 1469.33
213.08699 533.661
213.11490 219.806
213.15965 926.85
215.10095 225.614
215.13890 1003.92
216.09833 355.886
217.08244 765.416
225.09848 1287.99
225.12021 229.751
226.08603 243.087
226.11850 927.565
226.15395 283.764
227.10225 641.743
227.13748 191.399
227.17505 188.576
228.13379 212.07
229.11804 5640.18
230.11084 1178.24
230.12740 295.925
231.06123 487.051
231.10428 214.872
233.09537 217.463
235.10574 730.116
237.13689 244.728
238.11758 279.355
239.11320 282.719
240.13414 694.314
241.08186 274.729
241.13239 360.767
242.14980 855.794
243.11578 200.438
243.13095 261.213
244.09233 459.745
244.12817 600.826
244.16568 676.731
245.07745 287.384
245.12654 197.942
246.18153 226.141
247.10918 194.859
248.06938 264.677
249.15884 343.783
251.10081 191.667
251.14951 315.461
252.13374 424.043
253.09392 449.355
256.09241 206.832
258.16037 1176.76
260.13925 1494.67
263.10162 648.307
264.10947 339.491
264.13297 243.64
265.11703 223.513
266.13794 200.172
266.16531 346.796
267.11078 220.92
268.12802 490.224
268.16522 1108.09
269.12640 310.122
270.14102 892.541
272.12338 2066.7
272.17297 528.886
274.18781 309.386
277.11502 225.202
280.16269 348.081
282.12183 716.818
283.14297 277.696
284.17551 752.988
286.13852 7486.17
286.16800 542.975
287.14151 904.915
288.13416 2669.6
288.20535 250.97
289.13983 500.054
292.12787 232.555
298.13596 282.829
298.17331 369.125
299.13748 200.094
301.09534 290.838
302.11447 267.296
304.16199 803.041
308.17206 818.441
309.15298 204.353
311.17035 253.214
311.20645 201.734
312.15155 258.484
313.18845 210.065
325.18677 763.148
327.12952 506.993
327.16229 194.398
329.18161 454.58
339.20126 537.321
341.16144 319.712
342.15823 360.743
342.18863 204.701
345.13995 265.604
352.16785 222.48
353.18570 345.666
354.13959 289.896
357.17670 1520.18
358.18182 345.119
360.19922 1252.32
361.20020 215.714
364.15906 247.973
369.17236 489.899
370.18259 660.921
371.15976 232.876
371.19995 310.93
374.16608 536.927
377.18695 240.858
379.24487 538.564
385.22424 298.667
387.20398 943.341
388.20227 425.87
391.19363 1619.23
392.19684 285.545
393.14926 359.074
395.20001 751.824
398.18152 669.239
401.18018 209.354
403.16367 323.396
407.23782 472.838
411.16232 570.003
412.21945 322.128
413.20587 294.965
416.19357 222.772
422.20752 267.859
426.23651 261.565
427.19687 421.132
428.19174 322.45
429.17584 279.74
430.23376 254.389
440.21454 1175.95
441.22089 238.216
458.22623 919.785
468.21445 346.522
469.25754 230.665
475.22629 244.676
478.31302 409.712
486.26981 243.212
487.27054 239.593
493.21417 412.967
494.27271 517.869
497.25232 288.486
498.23672 482.674
506.23218 295.964
506.30615 400.98
510.26862 730.691
511.22287 1279
512.22992 307.522
513.25342 316.369
515.25854 438.025
524.24524 415.69
525.23877 525.331
528.25262 1731.54
529.25507 495.728
533.21710 372.587
539.29681 211.094
550.23590 552.187
551.23309 227.949
555.25665 273.112
567.25885 276.814
568.24530 1526.14
569.24884 338.018
579.29498 365.612
580.29553 247.325
581.27502 320.333
585.27386 7034.72
586.27612 1769.67
587.27673 370.116
593.34912 305.484
598.29810 647.268
599.27936 230.989
603.28693 359.761
605.30237 226.963
607.28040 224.809
611.36932 293.695
613.26965 271.186
620.31641 223.373
623.31897 345.052
626.28503 895.903
627.28882 300.929
638.32617 462.679
642.32068 236.157
644.30182 277.602
662.33063 333.515
663.32617 352.091
678.36005 681.593
680.34924 370.372
681.33044 1290.18
682.33569 330.196
698.35693 7104.51
699.36017 2588.15
700.36816 434.876
716.37054 397.392
717.37494 269.09
722.38440 321.769
725.35645 542.578
737.39380 394.456
744.35583 224.112
762.38611 408.124
763.39624 217.203
770.34845 259.641
772.37189 235.167
779.42072 425.477
780.40179 1027.5
781.41754 361.432
789.39197 281.824
797.42578 10536.6
798.42853 4712.94
799.43085 1025.64
814.39124 212.167
829.46466 224.363
831.38080 231.577
832.39380 274.256
836.47064 326.13
843.45386 272.457
878.48547 391.442
879.46918 744.326
880.47784 264.927
896.49420 8640.31
897.49811 3899.61
898.50476 974.054
900.47113 709.415
901.47668 306.136
903.46875 694.489
904.47144 306.963
921.47046 234.048
930.51514 251.476
942.47980 445.358
960.48920 1574.88
961.49420 616.434
962.49884 273.118
1047.53918 595.29
1048.54138 301.14
1059.56934 432.184
1064.56030 289.83
1065.55005 605.472
1066.55945 326.113
1082.57385 5087.05
1083.57776 3082.26
1084.57874 931.057
1085.58374 244.864
1093.57178 293.436
1139.59973 355.504
1162.56494 291.687
1165.62744 265.601
1166.60938 396.076
1183.62268 3390.21
1184.62097 2170.58
1185.62476 939.305
1254.65906 547.488
1255.66724 344.921
1293.66980 351.28
1294.67322 265.977
1311.68433 1363.69
1312.68237 956.708
1313.68079 355.115
