2156.08884 3
110.07096 1635.01
119.08113 306.907
120.08051 16058.5
121.08373 1269.18
129.06583 427.467
129.10202 6964.65
130.06482 339.653
130.08612 1060.87
130.10464 359.37
136.07555 2798.25
143.11754 1886.18
147.11264 2674.7
155.08121 654.003
157.13326 593.031
159.07542 346.893
159.09134 1563.67
165.10191 1857.51
171.11263 1183.56
173.12793 703.547
175.11847 1819.67
183.11253 515.516
183.14923 428.737
185.12801 665.21
185.16487 686.575
187.10744 857.983
187.14352 874.567
189.08687 350.272
197.12883 736.334
199.07120 336.603
199.17986 761.606
200.10269 322.273
200.13885 694.268
201.12321 884.308
212.10248 455.284
213.15973 393.432
214.15401 521.033
215.10233 399.197
215.13875 1408.13
217.08200 878.195
219.14914 1057.19
225.09770 312.72
225.12212 330.292
225.15948 478.269
227.17589 447.223
228.13373 2645.32
229.11777 350.439
230.11290 1620.82
231.11220 1197.69
233.09241 357.921
233.16440 685.153
240.13354 415.337
242.14886 712.334
242.18608 1199.18
243.13322 550.083
244.09196 521.293
245.07710 619.882
246.15552 537.822
247.14264 629.004
249.12270 1876.97
249.15944 488.733
250.11690 370.818
258.14264 427.831
259.10785 1286.08
260.10654 332.664
260.14093 365.883
261.16031 698.106
268.16516 698.285
270.18039 523.571
276.13382 3295.59
277.11774 3744.9
278.12088 366.822
278.15274 5927.23
279.15634 605.126
283.14276 631.425
286.13806 451.452
286.17441 475.932
299.20697 2205.02
303.21420 715.313
304.16159 372.548
313.18652 380.256
325.18707 403.737
326.16919 421.806
327.20178 1583.4
329.18103 810.578
332.10782 2571.59
333.19275 661.275
343.16022 491.392
353.21735 397.07
357.21219 779.391
371.22821 1592.81
375.16998 449.157
376.18805 491.505
383.19241 328.833
385.13409 401.895
387.16672 1150.52
389.21634 577.796
392.74890 601.111
393.17953 2998.73
394.18155 496.206
399.22510 1065.12
403.14542 1707.56
405.17618 620.117
406.74734 565.287
412.28848 425.787
424.18607 679.082
441.20560 358.426
444.22629 391.699
452.21613 1035.43
452.71750 470.213
454.22733 442.093
454.25946 388.677
455.22910 408.86
458.18591 1032.24
472.23434 438.896
472.28400 419.888
482.26056 651.216
484.31134 789.242
498.21423 343.082
504.20627 611.317
516.22864 1090.67
522.22217 2176.59
534.18121 613.489
544.80066 635.845
552.24432 503.945
553.30145 529.81
571.31598 761.061
583.31342 376.963
585.35974 689.214
591.24915 806.434
600.33417 699.675
605.29303 500.639
609.25397 8049.35
610.25525 2520.17
611.25006 523.86
626.27655 646.544
627.26685 362.279
644.29083 368.041
647.70746 553.05
648.04858 429.858
648.35474 352.267
649.31439 838.92
650.31995 367.537
653.38770 896.816
653.71631 1130.36
654.05463 586.578
662.26666 583.269
680.29108 13794.4
681.29413 3965.03
682.29230 1177.91
686.04059 676.449
686.37756 1328.34
686.71356 784.676
695.40619 837.119
696.39459 703.25
698.94427 525.693
699.40326 1293.54
709.38397 360.474
713.42023 2990.53
714.41998 1156.01
718.38593 1224.61
719.37262 1318.88
720.19873 1092.72
720.35938 701.65
720.46570 909.256
727.41174 449.516
762.35254 623.783
763.35309 362.55
764.33087 777.688
765.34558 438.328
765.81512 430.916
766.32874 433.732
775.36078 659.994
784.49127 716.829
793.37415 12332.3
794.37793 4688.34
795.37494 1455.97
803.42188 411.05
812.48682 5032.57
813.49158 2192.41
814.49268 630.224
829.47803 1004.17
830.47668 462.176
837.39355 429.452
846.48602 504.562
851.36945 1707.78
852.37183 732.778
860.49268 618.824
862.48975 528.217
866.40308 417.854
875.44885 1162.95
876.45770 731.805
892.39130 429.39
903.42078 907.021
904.40765 4107.82
905.40839 1996.15
906.40936 690.56
914.53381 362.903
918.44763 530.259
921.43250 3049.72
921.93811 398.451
922.43518 1559.14
923.43323 436.851
939.91779 433.1
941.53918 383.97
942.54803 823.962
959.55676 1968.51
960.55695 1123.89
975.52020 856.907
976.51801 684.888
980.51495 534.553
988.53839 579.101
989.52972 967.391
990.54437 464.698
998.43854 2741.98
999.44141 1515.3
1000.43793 537.69
1031.44702 467.465
1033.46362 1021.36
1034.46790 791.876
1060.59802 385.17
1062.56750 361.864
1063.53528 372.05
1068.49939 3267.23
1069.50061 2251.96
1070.48279 577.359
1071.59839 772.565
1072.58630 419.079
1088.59741 4334.97
1089.59998 2421.78
1090.60876 678.69
1093.52283 360.991
1111.52124 2277.96
1112.52173 1219.74
1113.53113 513.501
1144.53406 720.94
1151.59009 605.141
1152.58032 495.331
1170.65942 451.951
1179.54004 503.884
1180.52319 697.701
1181.51270 514.057
1197.54102 1885.61
1198.54700 1278.1
1199.55115 386.402
1218.64197 382.295
1222.62598 382.56
1224.65173 476.833
1235.66113 814.303
1236.68286 678.505
1344.61304 1182.79
1345.59961 741.648
1363.72400 571.334
1364.71289 457.063
