1673.68448 3
110.04836 365.424
110.07114 2600.41
112.08687 508.519
115.08585 282.577
120.08063 560.797
126.05505 459.89
127.08652 26047.8
128.08977 1570.68
129.10222 3366.48
130.08601 855.998
136.06184 964.588
136.07550 1784.44
139.08656 1167.23
141.10219 824.768
143.11780 1888.24
147.11263 1427.55
155.08136 15098.8
156.08469 1078.79
157.13327 452.92
158.09248 426.477
159.09155 468.312
166.06180 297.337
167.08141 12760.4
167.11705 304.569
168.08534 955.228
169.06055 274.027
169.09703 1057.76
169.13345 1024.46
171.11269 2795.15
173.09200 316.101
173.12823 593.433
175.11882 3909.77
181.09689 381.554
185.09167 403.143
185.16397 273.214
195.07626 7631.52
195.11247 1110.13
196.08049 602.802
197.12793 1232.33
199.10715 390.081
199.18016 721.334
201.12238 311.115
207.08643 345.814
213.08675 710.958
215.13852 719.059
224.10274 798.547
226.11728 365.669
227.10049 426.454
227.17432 347.662
234.12540 329.734
236.13919 420.175
237.06532 329.874
240.13431 282.626
242.15038 306.529
243.13272 514.768
244.14053 399.488
251.15085 270.586
252.13467 782.878
254.14725 339.182
255.14507 471.394
258.14590 272.427
262.15137 522.71
264.13397 3095.45
265.05838 1343.39
266.14981 2244.46
268.16516 283.514
272.17151 2645.08
273.17340 325.67
274.18610 388.665
275.20740 287.015
282.14557 309.469
282.62051 360.367
283.14578 930.434
284.14514 327.228
284.19720 379.054
292.12900 7274.27
293.13281 918.267
299.17041 408.551
301.12991 843.799
310.14185 513.805
321.15500 3859.59
322.15790 517.521
330.67624 412.881
332.13382 2800.34
332.63483 803.318
332.67938 342.299
333.19312 307.945
335.17081 1738.79
336.09561 727.084
336.17560 291.371
338.18152 431.295
339.68213 1221.45
340.18469 488.549
341.19421 569.858
342.17770 790.984
348.66571 389.221
352.19672 712.897
359.20355 10240.9
360.20648 1905.76
362.11148 1378.12
363.16611 3334.57
364.16949 598.036
365.21799 351.707
368.19312 1265.71
368.69177 373.235
369.22403 2346.24
370.22662 792.542
375.70078 410.822
384.19550 298.327
397.65393 1286.46
398.15634 324.706
404.22827 285.267
417.18137 4635.03
417.68210 1811.77
418.21268 1009.77
419.12988 374.275
419.19321 466.559
419.52896 295.714
425.21225 757.53
428.22452 2950.75
429.22964 310.088
432.22354 1350.64
433.22659 361.76
442.19913 1083.47
442.53357 760.828
442.86737 309.819
446.23401 407.377
446.72595 4418.8
447.22763 2240.69
447.72900 992.53
448.22910 347.168
449.16617 438.424
455.72940 792.55
460.21719 385.085
462.27429 648.591
472.28787 312.313
473.72144 1160.61
474.21957 338.464
480.24954 299.085
482.24414 1064.74
493.25888 522.964
493.58990 652.172
494.93997 371.689
495.71429 6487.54
496.21515 3147.22
496.71506 1180.89
497.21390 388.034
498.15869 341.731
498.26685 1871.56
499.26880 513.865
501.22818 312.193
501.74792 331.753
501.77304 362.351
506.90073 882.754
507.24020 900.358
508.18860 700.048
509.26053 576.874
509.74774 475.476
509.80234 423.017
510.26401 1103.18
510.78207 2892
511.28683 614.723
512.90295 470.598
513.23932 437.246
519.90375 447.296
520.23877 496.024
521.76312 295.659
524.28168 490.096
525.90790 849.066
526.19720 1860.11
526.57727 437.361
527.29340 316.625
529.28253 571.221
530.20105 534.743
530.77075 3495.31
531.21954 604.872
531.27802 1470.34
531.65930 336.179
531.72540 459.337
532.28223 305.542
534.24988 339.276
539.56110 1568.33
539.89355 1332.54
540.22559 589.126
540.56055 321.568
551.19482 735.045
554.30475 3549.51
555.30444 512.891
557.76788 413.709
558.24896 579.834
558.32245 3362.88
558.82404 2004.72
558.98309 323.039
559.26746 2634.74
559.33582 1068.56
559.77386 450.187
560.27911 522.883
561.28571 413.675
562.19336 379.575
563.29480 694.348
564.23773 295.005
564.28912 339.276
565.28345 5914.36
566.28174 3313.23
566.78046 1465.3
567.28430 1277.34
568.29193 369.389
569.20905 604.337
570.29211 2029.15
570.79584 1157.1
571.30066 386.292
579.29688 17320
579.72058 1125.01
579.80310 11128.6
580.23163 948.291
580.30786 3977.01
580.73492 333.211
580.80975 900.95
581.30511 1968.68
582.30194 643.767
583.29749 409.224
586.29681 3484.23
587.30164 1261.43
588.30249 2382.6
588.80328 1172.96
589.30713 715.841
593.31946 484.935
596.30676 393.518
597.20563 328.589
613.80817 2647.7
614.30914 1326.72
614.81470 543.555
618.79907 879.215
619.28546 1181.07
619.78387 903.186
622.81750 915.405
623.31848 731.616
623.81873 420.884
627.25189 1336.47
627.80591 10025.7
628.29547 9745.79
628.79352 5871.66
629.28894 2190.67
629.79407 680.007
633.30225 454.909
636.81024 2319.28
637.31097 1513.55
637.81232 854.645
638.32343 1027.73
639.33270 393.497
648.33557 375.686
652.34790 353.856
653.34418 563.811
660.34369 1229.32
661.34174 369.96
662.33521 3437.49
662.77802 1186.23
662.85345 1458
663.24451 1211.16
663.35736 612.01
664.26428 592.85
665.33673 744.672
666.32971 499.022
667.78687 1231.18
668.28412 603.772
668.35370 317.728
668.78021 386.556
671.34198 1107.89
671.84705 752.687
676.79388 13733.3
677.29547 10021.8
677.79486 4214.89
678.26746 775.225
678.36572 2515.83
679.35992 1140.97
682.36176 2965.49
683.29065 839.757
683.38666 711.525
684.26825 809.257
685.26501 349.614
696.32324 4020.88
697.32538 1525.09
698.33081 486.935
698.40186 530.564
702.33868 471.036
711.32257 2627.24
711.82465 1979.57
712.32837 960.468
714.33472 362.057
719.35132 383.66
724.31274 328.709
730.37976 357.814
732.88104 317.605
735.37793 5094.79
736.38037 1698.47
737.39337 330.578
750.40637 421.871
753.39075 487.755
754.42352 429.663
759.43121 364.611
760.42963 500.724
766.41913 358.971
767.42377 348.265
776.36053 388.981
781.28735 3111.93
782.40411 1211.44
783.42072 674.258
794.29895 2725.58
795.36707 915.973
795.48212 494.284
796.37811 488.792
799.39496 1912.53
800.39221 1131.8
801.39594 396.07
805.38318 359.906
823.38312 1100.38
824.38086 400.319
827.39838 356.077
833.35223 2415.45
834.34790 799.057
848.46808 716.223
852.36316 304.931
874.43152 434.484
875.42542 433.007
880.35406 2239.56
881.35181 754.734
888.46716 317.291
889.46674 517.424
892.44507 10045.5
893.45416 4673.97
894.45593 1264.56
895.46014 598.888
896.41199 855.114
897.30646 372.559
897.43140 472.31
905.44391 372.495
910.45569 1387.04
911.46155 636.002
913.45605 963.701
914.46356 406.218
945.47357 353.937
946.44452 344.277
963.48077 2728.96
964.48303 1576.89
965.46948 1337.07
966.47620 566.128
972.40442 545.35
990.42157 8220.06
991.42352 3952.07
992.41913 1250.94
993.43182 817.774
994.37915 439.997
1034.51660 358.846
1042.51978 397.388
1043.53235 313.189
1060.53406 8825.19
1061.55347 4402.77
1062.55823 1640.21
1063.41443 349.874
1078.54407 1175.09
1079.55420 724.617
1140.49365 568.195
1141.50659 328.193
1157.59155 628.098
1158.50671 7139.05
1159.51172 4307.5
1160.51660 1676.29
1161.50391 482.679
1254.60278 2220.15
1255.60083 1741.43
1256.59058 862.695
1272.60034 351.374
1273.62817 360.184
1352.57788 1258.69
1353.59192 882.882
1354.57947 499.303
