1581.72380 2
110.07101 3412.25
112.08668 3143.97
113.07093 376.061
115.08629 1774.77
116.07031 1384.23
120.08048 1376.28
129.06555 424.301
129.10202 4372.09
130.06494 1134.39
130.08559 490.924
130.09811 521.483
136.06070 563.466
136.07547 7946.86
137.07872 682.813
140.08154 1115.49
141.10226 417.347
147.11232 797.651
155.08102 321.599
157.06131 331.646
157.10789 2004.87
158.09207 4775.35
159.07701 320.3
159.09125 2855.4
167.08104 674.059
169.09680 439.139
169.13300 516.869
171.11244 341.706
173.12762 562.387
174.13481 415.466
175.11864 12794.6
176.12297 553.364
181.09723 672.735
183.12340 1928.6
185.09216 915.154
185.16447 613.497
187.07106 582.965
193.09689 3259.09
195.07663 546.889
195.11356 370.395
197.12732 739.154
199.07185 308.826
199.10744 732.651
200.15092 303.23
201.12296 794.226
206.09187 1095.49
209.10362 648.408
210.02524 335.388
211.10573 306.86
212.10268 1385.31
212.13976 286.383
213.08694 1490.05
213.15964 691.936
215.11250 303.448
215.13834 544.012
217.08156 485.239
221.09140 1282.63
226.11813 1062.82
227.09436 385.925
227.11449 1722.48
229.11636 693.605
230.11136 297.423
238.08131 415.01
240.13329 610.886
243.13319 932.678
244.09201 313.257
244.16435 453.09
245.07562 489.313
255.10840 2266.2
255.14369 400.173
256.12753 318.21
258.14240 310.636
259.09137 292.539
269.12466 368.653
270.14267 423.958
271.15302 506.979
272.13507 3806.78
272.17221 339.597
273.13605 520.629
274.11826 303.171
278.14859 385.726
288.13284 349.695
289.16098 672.371
290.14456 659.303
298.15161 1642.6
300.15430 734.822
303.14493 517.146
304.12793 783.709
313.13095 358.322
315.17694 3498.38
316.12766 1099.59
316.17859 659.115
321.15494 2496.19
322.18604 1803.76
328.11267 606.749
332.12051 360.955
338.18292 944.778
360.16589 976.216
370.13492 3277
371.13748 351.487
378.17624 2398.15
379.18048 426.156
387.16156 11181.6
388.16464 1867.86
395.20276 10398
396.20587 1949.71
400.22656 374.644
403.16168 461.874
415.19760 544.58
423.67252 674.16
427.15436 398.846
435.22525 392.027
444.18005 694.573
460.18216 897.749
472.16785 306.62
480.26428 500.243
486.19363 978.97
489.20459 596
496.17581 349.451
501.26968 315.711
503.21988 782.396
507.21872 1497.26
513.19940 395.98
514.18701 973.997
524.24414 1918.62
525.24683 554.722
531.21204 1670.16
559.24603 459.785
575.20282 363.747
602.29358 360.034
620.30347 586.337
637.33038 2256.49
638.33569 786.741
672.27612 959.661
673.27386 436.059
674.27545 422.74
689.29803 1361.18
690.33691 462.671
690.39233 491.884
700.26587 1223.47
701.26300 389.906
717.29114 3169.52
718.29535 1003.86
736.39771 4051.74
737.40314 1774.81
738.40729 397.323
773.84857 957.703
774.34833 719.384
782.35681 885.885
782.85339 8442.56
783.35687 6574.59
783.85608 3301.03
784.36664 624.183
790.44470 462.821
791.36511 14587.2
791.86694 11151.4
792.36902 6244.65
792.86981 1325.44
801.30981 1764.06
802.30798 647.934
811.29211 439.917
818.33917 2786.36
819.34229 1121.91
828.32538 417.209
829.30908 5670.89
830.31238 1948.89
831.30908 567.476
846.33582 11077.2
847.33551 4596.99
848.33429 1073.16
858.50446 902.226
865.43909 2796.91
866.44556 1203.44
900.38245 1378.14
901.38727 634.478
917.40906 2699.72
918.41425 1290.57
927.38489 418.033
928.37921 2228.2
929.37445 1133.53
930.38531 336.133
944.41656 330.168
945.40240 5830.06
946.40570 2922.67
947.41052 686.691
1013.46942 1259.54
1014.47375 552.404
1030.49109 2381.83
1031.49622 1559.66
1032.49512 405.954
1041.46118 704.466
1042.46033 416.083
1051.52234 2107.83
1052.52161 1316.8
1053.52539 334.696
1058.48877 1720.34
1059.49451 985.215
1060.49792 386.113
1138.54895 927.651
1139.55750 751.837
1142.50964 1279.71
1143.52417 679.91
1144.51831 312.118
1159.53821 2696.8
1160.53906 1678.79
1161.54211 785.85
1170.50793 1284.03
1171.50842 623.981
1177.55396 493.166
1178.55420 484.442
1187.52966 2396.24
1188.53149 1384.11
1189.54883 486.857
1195.57288 7107.94
1196.57434 5208.59
1197.57910 1715.12
1198.57922 308.627
1216.54761 731.024
1217.57129 373.069
1227.52856 706.942
1228.51880 356.425
1244.55359 1601.32
1245.54968 1082.13
1246.55200 377.981
1275.56921 319.735
1292.59253 438.945
1293.57288 454.64
1294.58398 328.401
1310.59888 2651.47
1311.59998 1857.93
1312.58948 709.444
1362.59534 792.342
1363.60583 663.737
1379.62219 2084.72
1380.62866 1400.69
1381.63098 445.363
1407.62390 630.242
1408.60706 999.876
1409.60181 535.627
1425.62659 2494.87
1426.62610 2040.62
1427.65405 700.175
1522.66797 387.706
1523.65771 396.493
1524.67871 397.659
