3559.74111 4
110.07132 896.669
120.08056 3979.18
129.10191 5601.53
130.08583 2124.67
131.08133 3611.66
136.07545 4307.91
147.11255 4617.46
159.07610 5049.74
183.11273 952.509
187.10738 4766.97
199.18036 1530.86
201.12282 1509.44
203.10255 1359.95
213.08678 2358.66
215.10262 1436.18
215.13896 1737.74
226.08278 1185.36
227.06525 1402.63
227.17560 982.377
228.13336 1335.01
229.11850 2331.93
231.09680 4585.54
243.13361 1305.06
244.09201 7667.65
246.10849 2518.82
258.14481 2884.19
274.11710 1061.61
276.15436 3896.14
292.16449 2005.66
326.13425 1534.1
343.16077 6554.53
344.13593 983.58
363.16528 1521.91
371.15796 1115.86
376.19199 1076.85
380.20328 1062.69
381.17468 1726.19
388.18213 1119.22
388.71094 1369.49
389.23932 5135.8
390.23999 1102.67
391.16028 4915.27
409.16925 2756.53
435.22156 1335.65
440.73163 2209.32
443.26178 1247.49
472.20166 998.52
472.28699 1382.06
481.20605 1954.16
490.26486 3994.12
490.76688 2235.33
493.76242 1150.6
499.21051 1173.22
500.26779 2034.19
501.26965 1094.52
517.29761 3474.14
522.78363 1450.72
531.78369 12830.6
532.28467 6768.48
532.78699 2279.69
537.26642 2867.43
538.26147 1116.4
540.78857 6767.84
541.29095 3214.51
547.26093 1250.95
571.35944 1646.12
582.25195 2093.18
596.30591 11535.5
596.80670 7865.05
597.31042 2533.45
605.30969 3675.36
605.81201 2654.32
606.30469 1213.29
612.29578 1613.99
615.30444 2980.48
615.80475 2887.1
616.29486 1056.76
618.34283 4418.29
619.34479 1833.49
624.30908 1451.76
626.88605 1157.36
628.27405 1525.52
630.30823 1171.18
661.85089 1631.62
662.35248 1354.33
675.36560 21197.8
676.37018 7462.41
677.37585 1423.01
695.33612 1164.7
712.37433 4050.16
712.87689 4360.1
713.38025 1995.32
722.39777 1040.33
729.30914 2931.51
733.38770 6946.33
734.38892 2008.33
758.39594 2417.58
759.32385 1327.9
776.41376 32388.5
777.41644 11766
778.41986 2931.74
790.35022 2017.87
791.33710 1877.21
821.45734 1501.14
842.39423 1447.82
847.07300 2002.24
847.41351 1637.83
852.75409 2584.43
853.08130 1830.24
853.74603 1290.17
859.78168 1929.04
864.38544 1362.67
869.42493 1649.82
870.42609 1226.79
873.43781 1096.22
880.45490 17652
881.46014 8450.5
882.46112 3060.69
887.44495 10190.2
888.44702 4373.02
889.43915 1738.22
889.81061 2919.02
890.15515 3360.74
890.48993 8554.99
890.81897 2527.17
891.00024 6922.42
891.18079 1677.51
891.41821 7345.35
891.85809 1727.31
891.97247 2230.89
892.45490 3761.71
893.38342 1260.17
897.44171 2216.97
897.93903 1945.77
903.42969 1587.23
904.49182 1908.35
905.45514 42572.1
906.45874 20721.7
907.45856 5260.92
938.96600 1172.22
951.53741 1062.08
952.46661 5332.05
952.97559 6262.22
953.47729 3726.68
953.97803 2798.91
954.48560 2468.49
955.00000 1296.07
979.52460 13654.3
980.52435 8985.42
981.52148 2106.28
986.51593 1059.66
991.44739 3359.87
992.45508 2019.84
1004.52625 8056.07
1005.53058 3965.16
1009.49023 1228.72
1011.49396 1887.01
1012.00165 2196.19
1012.50970 1512.99
1018.45392 1785.67
1019.46136 1410.8
1024.46606 2183.94
1024.96594 2626.1
1026.00684 9194.06
1026.50928 11906.9
1027.00916 7222.36
1027.51355 3472.95
1051.54321 1047.12
1060.00061 1107.73
1060.49902 1342.62
1061.00244 1116.35
1062.56287 3439.81
1063.56555 2431.05
1069.00549 3461.06
1069.51135 3619.95
1070.00781 3563.33
1070.50183 1416.69
1072.49524 1088.1
1080.57227 3660.55
1081.57935 2147.46
1092.52344 1340.77
1093.54126 2232.49
1094.03650 1500.47
1094.52844 1804.39
1098.54663 1677.32
1099.03760 1780.39
1101.53613 2548.89
1102.54028 2391.53
1104.52771 2257.18
1105.52905 1265.74
1107.53967 18555.3
1108.04163 24067.8
1108.54260 14793.7
1109.03955 7094.9
1109.54175 2640.93
1110.52429 4065
1111.02234 5212.09
1111.52380 3895.39
1112.01160 1984.42
1117.44836 1231.11
1118.44678 1051.95
1119.54004 25750.3
1120.02966 17505.1
1120.53674 19228.4
1121.02930 3734.1
1121.54541 4586.91
1122.54980 1163.14
1133.48828 3797.63
1134.49109 2783.42
1134.88611 1552.75
1135.49329 1208.52
1143.07141 2456.22
1143.58716 2074.08
1144.07996 1864.13
1148.06372 1476.9
1148.55652 1817.63
1157.07312 21571.2
1157.57544 26915.2
1158.07385 19153.9
1158.57446 8919.64
1159.06750 2900.62
1167.08093 2135.78
1167.56067 3064.11
1168.05872 1626.77
1168.57751 1129.5
1176.07312 7985.04
1176.57117 10459.3
1177.07397 7607.43
1177.57751 2929.43
1191.60144 1305.41
1209.61145 11913
1210.61377 8564.67
1211.61975 3161.85
1212.58984 1593.74
1221.10632 5301.8
1221.60474 8978.88
1222.10620 6390.46
1222.60388 2742.08
1223.08435 1755.26
1229.58459 1112.88
1230.58606 3307.32
1231.58533 3004.05
1232.09497 2549.48
1232.59070 3357.83
1233.59143 2392.02
1234.53467 8359.02
1235.54236 7101.99
1236.54431 2213.63
1240.59155 3606.4
1241.09424 3378.4
1241.60022 4205.78
1242.11133 1643.82
1247.60974 5467.5
1248.60217 3002.26
1249.59119 1237.69
1252.75977 5544.71
1253.76379 3110.88
1254.78162 1203.68
1269.61780 1808.34
1270.11328 2447.71
1270.60657 2999.49
1271.10791 1263.1
1271.61243 1307.15
1278.61584 24447.8
1279.11670 36438.8
1279.61951 29239.3
1280.11633 13805
1280.42493 1076.4
1280.63464 3893.17
1281.11304 1439.35
1281.51575 1641.33
1282.11768 1445.78
1282.60815 2426.22
1283.10730 2191.42
1291.11597 3758.3
1291.61682 6147.65
1292.12146 4452.31
1292.61816 1794.82
1314.66675 1266.93
1322.69678 1552.77
1323.68066 1050.47
1328.15479 2659.39
1328.65466 5057.89
1329.14539 3679.51
1329.64795 2696.68
1333.61169 1144.38
1334.62195 2008.69
1341.15222 1177.89
1346.67920 1674.89
1347.62952 3231.53
1348.63135 1924.3
1392.66931 2281.31
1393.17090 2211.82
1393.66260 2518.07
1394.17554 1202.73
1462.64026 1348.63
1476.65063 1080.67
1492.73206 1146.42
1509.73730 2751.23
1510.73438 1790.14
1512.73840 1532.99
1553.62756 1615.07
1554.62012 1230.54
1577.71313 1202.36
1656.80054 2160.12
1657.79883 1815.99
1658.81433 1247.85
1677.77625 1220.2
1678.82117 1150.39
1766.90686 1135.67
1777.87329 1328.22
1778.89954 1101.07
