2675.32633 3
110.07104 20794.4
111.07420 1097.04
120.08062 3465.35
129.10205 8024.08
130.08609 4639.24
136.07550 1561.89
138.06589 948.013
143.11769 1851.54
147.11259 7891.07
159.09116 2114.93
165.10262 819.671
166.06087 1720.41
171.11281 1474.58
173.12817 1368.23
175.11826 1180.2
181.10832 1530.84
185.09204 1867.87
185.16461 8364.48
187.07117 1565.78
201.12296 1157.13
205.09875 774.61
209.10321 3518.8
212.10313 1427.89
229.11803 3576.62
230.07700 1612.95
233.09505 1112.22
234.12376 1331.31
237.13416 2238.62
239.15056 764.355
240.13351 1637.7
251.14977 2310.08
253.09279 13662.3
254.09579 1687.64
257.16052 3857.82
258.14465 7303.44
259.14749 820.098
262.11765 1358.05
270.18146 1225.62
273.15378 721.883
275.17065 4628.82
276.17361 707.984
279.14395 1677.4
283.14063 1019.38
284.15836 765.741
286.13922 5695.07
287.14304 765.445
298.11908 1017.34
300.15381 1608.46
306.22864 1129.94
308.17062 955.532
316.13333 1120.31
318.18005 1178.75
319.13913 2393.05
322.18640 1659.02
332.20831 2210.63
338.18204 851.306
340.19781 1465.39
341.18018 2452.07
349.12381 2144.04
350.21802 18875.5
351.22076 3637.56
358.20801 9876.15
359.21173 1981.23
366.17728 1897.87
367.13480 3655.35
371.22864 1345.48
377.14487 1292.07
383.19418 814.925
384.18985 888.429
385.19028 826.748
392.19290 1995.55
399.22455 1753.79
405.22314 1088
409.21667 1216.88
412.21893 904.924
415.19931 942.534
417.13876 1494.07
417.23535 724.419
417.72559 780.386
423.23779 1090.93
426.23990 13860.2
426.74088 6686.5
427.24222 1251.77
429.24515 9033.24
430.24710 1848.34
431.19717 798.452
432.22455 1537.96
434.16635 4014.16
434.73657 725.314
435.16708 1040.39
439.22733 807.62
448.73395 2128.4
449.23749 1099.65
456.71280 1093.59
465.24481 8415.89
466.24954 1617.5
475.22855 1875.13
475.77319 2313.39
476.27243 1337.03
482.26633 1189.12
485.22360 2588.83
485.72583 1425.52
486.20755 1637.74
494.26852 1217.12
498.27054 2746.97
498.76733 1460.85
508.21054 1147.52
510.26651 2284.3
512.28113 762.707
514.20020 3745.21
515.20441 934.848
519.24805 772.103
522.30408 1304.77
526.29694 2334.21
526.79932 2261.98
530.29211 15345.2
531.29584 4291.15
532.29846 1012.37
541.76599 3566.64
542.26923 2348.82
547.24854 2553.69
551.29291 1344.5
562.25342 1249.79
562.78937 2264.78
563.29333 1615.02
568.31360 1481.32
570.26587 876.001
571.22180 2329.64
576.82159 5425.1
577.31732 6501.91
577.81799 1002.05
578.31287 1226.54
579.28809 6581.06
580.29437 2023.95
582.30115 837.705
582.78973 1825.1
583.29462 753.301
591.30023 7357.91
591.80090 4962.7
592.30408 1164.54
594.33154 755.933
607.28851 756.029
623.35388 2709.15
624.35468 816.297
625.36249 1055.07
625.80475 731.213
628.26746 3641.22
629.28027 1257.7
633.34216 943.868
633.84247 1694.18
634.35760 1268.77
641.30371 1309.72
642.34583 4045.96
642.84412 3507.88
643.37836 9869.93
644.37952 3356.44
646.32147 1058.68
647.84332 2095.24
648.34674 1753.62
656.31458 2137.83
657.31982 1153.65
657.80884 799.378
667.28278 911.595
676.39099 912.145
681.33252 1335.29
684.30884 8591.27
685.30975 3531.97
686.30750 786.414
690.31024 836.269
690.81378 786.012
694.37762 784.436
696.41138 831.062
697.40283 762.28
698.36194 3903.09
698.88727 1029.13
699.30933 1450.67
699.40259 1646.67
699.81305 847.803
703.36768 751.108
703.69098 1032.89
704.02759 745.227
704.86456 763.967
705.36926 2331.29
706.37927 1313.55
709.32477 1532.19
712.30463 1067.99
713.37146 1145.25
714.41449 17316.6
715.41937 6667.16
716.41699 1638.05
723.37726 1005.05
724.39862 1122.19
726.35590 9329.6
727.38165 3988.02
727.89734 3373.6
728.39459 1615.42
738.35352 769.911
740.36768 1027.41
741.35229 3013.6
749.36023 915.292
754.39294 2616.62
754.88495 908.308
755.38275 2745.13
756.38379 816.984
763.88977 829.772
764.39301 813.66
765.36926 882.727
766.35211 2403.83
767.35638 1471.5
769.39606 827.508
774.40106 1360.29
777.40265 2417.81
777.72235 1358.75
778.06244 1385.74
778.40051 806.373
782.90961 1231.19
783.06189 3056.9
783.38098 22214
783.72894 5256.53
783.89990 1008.68
784.06238 3280.06
784.38068 9339.22
785.38385 2070.92
789.06915 15918.2
789.40332 23591.2
789.73706 17319.9
790.07074 8215
790.40594 2970.41
790.74323 818.489
791.91742 3442.82
792.41565 4087.95
792.91205 1389.8
795.42902 1277.09
796.40179 1302.75
797.39917 2084.91
798.40057 842.534
805.40863 1450.37
805.91241 1440.62
806.40308 997.724
807.36310 1369.77
808.36707 1017.82
811.41815 1419.11
812.39032 5408.57
813.39948 2243.84
814.41498 873.256
821.72778 1192.67
822.06714 1772.43
822.38788 884.019
826.39673 3151.89
826.79877 2178.86
826.88635 2440.43
827.09967 2026.23
827.41821 2029.2
827.91156 833.94
830.42706 1732.8
832.94434 882.018
833.46381 2362.86
834.45453 2217.18
837.44214 808.117
841.44983 5337.77
841.95135 3272.54
842.45300 2642.27
848.10571 1016.5
848.43323 842.248
851.47241 25884.6
852.47681 11889.6
853.49152 2561.56
854.11694 2772.85
854.44659 2676.37
854.78607 2381.04
855.11041 889.124
855.44196 1419.1
859.78766 5152.72
860.11945 8448.57
860.45386 5476.2
860.78967 4748.07
861.12195 1872.5
861.91315 3101.28
862.41339 3447.27
862.91589 1314.53
868.46881 4290.72
869.48248 3485.82
874.45239 804.943
878.36359 1060.82
878.49554 1327.28
879.44391 2758.55
880.44080 1449.26
882.44147 955.678
887.45746 823.151
890.43250 982.732
890.93463 819.871
892.44910 2039.12
892.86920 845.102
893.11359 770.153
893.45929 1869.17
894.01825 978.363
894.51379 803.882
896.46130 24736.3
897.46326 13561.8
898.47430 4380.8
899.48578 770.506
906.48804 816.64
909.48053 967.786
909.96027 945.316
912.41724 3242.33
913.41498 1631.07
917.50226 810.749
918.46545 2792.44
918.96088 2867.16
919.46619 1647.12
919.95453 781.138
923.96765 786.614
924.49988 2010.54
926.50592 4559.4
927.00464 3592.42
927.50635 2494.42
928.00470 999.478
932.47198 2516.92
932.97504 3570.86
933.48547 1625.86
940.44226 1180.64
949.44696 8163.8
950.40167 1904.56
950.55786 6605.18
951.40894 1619.68
951.56555 3474.79
952.57813 1164.65
954.49371 819.15
959.48114 1059.46
959.98035 1731.74
960.47327 1736.18
960.97845 1114.62
967.53210 1121.5
967.99396 4023.96
968.48944 4917
968.99017 1943.01
969.44171 6156.69
970.44348 3103.85
975.49628 1246.68
976.47760 872.247
978.51062 1764.89
995.53064 11243.9
995.99231 890.862
996.53229 6242.23
997.53436 2121.72
1000.03387 1843.79
1000.53613 2624.58
1001.04114 1128.45
1004.50214 926.006
1006.53308 1203.57
1007.53290 1454.37
1008.55981 839.233
1009.53339 1569.48
1010.52405 917.183
1024.53577 3256.25
1025.03821 2860.81
1025.53479 2849.92
1026.53137 1378.75
1034.56995 1222.77
1039.52979 1331.3
1040.52002 918.435
1046.02161 1526.93
1046.52539 2245.23
1047.01917 1341.22
1048.52197 3126.2
1049.03723 1301
1049.52893 2218.62
1050.52332 942.837
1051.59167 9259.98
1052.59351 5987.49
1053.58740 2277.43
1054.54492 1883.7
1055.53381 1456.88
1057.05859 2454.27
1057.55505 3432.73
1058.06262 2234.26
1058.54858 777.366
1064.52429 1076.39
1065.51306 1004.38
1066.03967 1368.87
1066.55530 1648.77
1067.05432 1196.64
1075.05981 832.501
1075.57422 1037.89
1076.05164 883.14
1082.52539 6299.95
1083.52673 3623.13
1084.53589 1448.32
1096.57568 1243.66
1102.57178 1010.72
1106.04834 1576
1106.56104 1071.48
1110.55762 2387.28
1111.05029 1107.83
1111.56018 1433.41
1114.57544 3053.37
1115.07068 3680.28
1115.57056 2591.79
1116.08069 827.869
1119.57849 870.978
1120.55298 846.998
1124.57092 7151.09
1125.57520 3477.09
1126.57556 1483.05
1134.61877 1623.28
1135.61853 1796.63
1136.61707 1307.23
1137.57886 1695.71
1138.58191 1678.37
1139.59973 937.95
1149.56531 2252.01
1150.57068 1357.8
1152.09558 1318.42
1152.63037 16272.8
1153.09302 1272.42
1153.63354 10974.7
1154.62903 3768.36
1155.63330 927.104
1161.60217 836.359
1163.59302 861.3
1164.57019 1534.19
1165.56824 796.35
1174.59509 1191.15
1179.63171 1010.83
1181.59363 17679.9
1182.59558 11922.8
1183.10071 3074.27
1183.60193 8772.59
1184.10144 2532.53
1184.60022 2274.63
1195.60498 1022.06
1207.60193 1050.9
1209.63098 1038.1
1213.57446 2167.51
1214.57837 1051.75
1216.61011 1220.06
1232.58167 1015.27
1250.61206 3336.17
1251.61707 2229.48
1265.68066 1282.13
1266.67993 3060.4
1267.67761 2373.89
1283.67664 10654.4
1284.67957 7377.49
1285.68079 3879
1286.67493 1216.48
1294.67908 9910.32
1295.68237 6511.72
1296.68457 2319.96
1297.68286 874.079
1308.66382 1640.84
1309.66956 827.19
1322.71143 1061.98
1323.71619 915.503
1324.71448 925.507
1325.69324 844.035
1381.64832 2054.11
1382.65479 1528.56
1396.76843 1870.04
1397.74756 1222.59
1408.69299 1056.8
1425.72815 2420.08
1426.71790 1781.27
1427.70239 868.105
1435.78320 808.872
1436.74927 1497.08
1437.75452 804.064
1453.78601 6899.96
1454.78491 5000.54
1455.78259 2719.98
1456.77832 801.534
1496.71338 1330.08
1497.72778 1292.82
1514.73145 1706.12
1515.73877 1314.3
1527.74548 931.468
1551.77100 871.591
1552.75256 842.878
1564.81873 890.925
1565.81030 1345.38
1566.82617 998.91
1582.82471 4254.36
1583.82996 5271.61
1584.83276 2535.76
1585.81250 1304.99
1592.80371 876.516
1609.79358 1114.2
1610.81213 1241.22
1611.81177 1084.59
1681.88354 3281.74
1682.88257 2806.51
1683.88953 1224.83
1698.83643 777.835
1708.88708 1254.93
1709.87000 1276.14
1710.86682 902.825
