2466.11094 3
110.07115 4399.25
116.01675 438.345
120.08063 6964.36
121.08397 475.817
129.06564 1371.93
129.10216 3993.29
130.04968 541.062
130.08629 2157.43
133.04294 4723.3
136.07573 2534.25
147.07628 578.418
147.11276 5302.59
159.07626 2133.75
159.09142 1249.98
166.06114 1087.79
169.13397 414.815
170.04453 829.876
171.07608 476.098
171.11279 859.634
173.12891 690.88
175.11882 1685.91
181.06024 832.77
185.16458 952.212
187.07117 6645.89
187.14406 1824.85
188.07458 483.498
197.12840 1029.63
199.07129 2071.56
199.18037 445.043
201.12318 1269.87
205.09891 616.264
212.10316 405.493
213.08681 1135.24
213.16043 688.681
215.13882 2593.97
217.13553 397.388
219.14879 3004.27
225.12314 588.117
226.11787 399.346
229.11771 1032.81
231.09851 982.744
233.09518 959.717
233.16484 1669.68
237.13495 867.841
240.13380 588.017
241.08145 1108.11
243.13403 1901.09
244.07721 962.165
244.16585 1371.77
245.07790 584.192
247.14430 1242.83
249.12456 428.961
251.14934 568.268
252.10936 1665.78
258.11005 414.792
258.14441 1311.4
259.09204 1861.19
260.19653 658.594
261.09131 405.245
261.16013 1891.1
262.08499 1677.29
262.13889 1398.64
270.10809 425.452
272.06943 2414.39
272.15649 420.645
273.13553 525.606
276.15314 1041.87
284.10248 495.943
288.11847 1056.85
290.08020 6222.84
291.08279 657.564
298.10272 1227.62
300.15390 1380.43
301.13080 1327.02
310.10336 817.57
315.12979 410.551
315.16718 616.353
316.11285 2607.67
317.11752 425.882
325.66946 439.494
326.17087 1307.18
333.17627 7557.27
334.14319 621.755
334.17938 1041.94
344.12585 909.591
344.17841 843.912
350.21829 3916.86
351.22223 802.363
356.69171 661.989
366.15817 516.651
372.17368 590.059
375.22415 758.753
376.18890 667.059
381.15063 1552.2
391.16406 869.789
394.15317 3426.28
395.15665 681.854
398.21170 470.14
401.11298 2796.24
402.11136 529.573
403.16345 1693.92
412.20914 1100.16
412.70837 423.611
416.21347 1119.18
419.12250 1511.58
421.21524 950.734
421.71652 486.831
429.19574 829.512
434.22397 11474.2
435.22800 2220.95
436.25833 413.066
447.22879 464.173
454.76041 417.87
455.21411 575.602
463.75931 486.028
464.26123 2692.99
468.75128 477.823
469.25018 641.817
474.19382 662.133
474.76611 1034.61
475.26974 517.299
476.14188 511.562
483.77072 874.491
484.27402 605.671
486.20105 409.054
494.23447 737.411
497.75598 595.688
502.20135 771.678
506.26886 926.336
506.76636 493.607
514.19525 840.897
520.20703 425.249
525.19348 1426.82
526.20093 523.022
528.21704 1089.54
532.20294 836.433
547.25714 551.274
548.29242 446.485
550.29724 670.959
563.20947 707.655
565.26270 6847.72
566.26422 1328.76
567.26477 555.786
568.31769 899.05
569.32758 731.315
570.78790 916.335
571.28375 542.712
576.27155 626.654
587.17389 482.881
590.25732 776.518
590.75043 659.657
593.30402 6741.75
594.30682 2076.65
595.31299 432.036
599.25305 958.191
605.17719 613.827
605.30408 435.191
611.25757 2326.87
612.25836 570.178
615.23499 616.071
629.26361 939.413
633.24078 593.2
635.31317 781.22
641.30505 932.31
648.29712 1323.48
665.31995 558.226
666.31158 16432.4
667.31561 5147.37
668.31195 1795.99
669.30292 601.47
669.81573 507.608
670.31036 481.329
672.25940 1486.9
681.40570 1135.19
682.40955 625.823
687.44196 477.698
695.35565 814.596
712.38000 1436.69
713.37976 555.109
718.26782 474.558
723.35193 530.692
724.34125 2352.87
725.34149 954.424
740.37299 7053.51
741.37427 2538.15
742.35590 1896.73
743.35266 738.368
762.34039 470.609
777.34265 3892.64
778.34766 1545.28
779.34576 785.365
779.84357 436.235
780.35284 473.864
781.34155 462.838
782.44873 495.51
785.34454 819.431
788.49023 1629.55
795.35400 18428.3
796.35632 7281.34
797.35553 2272.87
798.38654 674.004
799.37177 746.089
806.38342 868.028
807.31641 696.737
813.42963 857.442
822.40161 724.859
822.89178 1684.3
823.40961 11301.1
823.88953 1152.72
824.41071 5691.71
825.40924 1398.06
828.38098 1111.05
841.42004 9872.04
842.42188 4819.7
843.42249 1323.06
855.43030 777.132
856.43671 480.859
860.43170 500.625
872.40771 693.839
880.43768 556.176
883.50806 714.644
890.42719 1498.5
891.44684 594.463
895.43768 449.57
898.43890 629.568
901.57831 995.325
908.43799 15756.6
909.44000 6930.68
910.44366 2589.06
911.44275 691.308
912.46741 644.121
919.48340 591.889
926.52203 1054.21
926.86847 611.15
928.40881 963.113
929.41449 560.452
936.49365 6069
937.49316 3758.67
938.49463 1199.76
941.46246 570.05
954.50317 6022.15
955.50671 3580.78
956.50989 998.547
966.55151 715.703
967.53571 475.389
973.51825 953.716
974.51501 727.131
983.54480 442.567
984.55530 1016.99
986.49109 605.587
993.51361 869.245
994.51404 870.804
1011.52740 6263.8
1012.53082 3391.33
1013.53406 1317.11
1019.46692 2872.78
1020.47607 1596.44
1021.47113 815.528
1027.47681 484.979
1028.51306 1357.02
1029.52283 600.605
1037.48096 8941.9
1038.48267 4692.26
1039.48193 2146.99
1040.47864 689.763
1041.50696 496.035
1055.61047 585.074
1057.45996 665.917
1058.46301 517.948
1101.50696 828.091
1102.52356 488.457
1112.58093 952.432
1113.41284 455.43
1113.60999 554.922
1114.59204 443.429
1115.59229 836.731
1120.58301 1432.14
1121.59338 884.583
1122.56494 664.645
1123.54529 1006.25
1140.56726 6607.19
1141.57214 3955.2
1142.57837 1297.19
1157.52502 1255.68
1158.51013 870.103
1159.47290 581.306
1179.49890 1212.24
1180.49048 1086.47
1181.49011 826.667
1196.48645 912.508
1197.51172 8907.88
1198.51318 4984.63
1199.50964 2494.58
1200.51172 651.305
1206.57947 650.557
1227.57495 517.011
1228.58411 541.071
1251.61499 1233.49
1252.60986 1125.38
1253.62695 526.588
1269.61206 4535.75
1270.60938 2946.87
1271.60803 1492.54
1272.58960 508.137
1281.60254 1493.33
1282.61938 743.924
1286.58435 1716.13
1287.59546 939.268
1290.52466 580.125
1308.53784 1626.62
1309.54541 1068.75
1326.55481 3264.99
1327.56189 2063.37
1328.55908 1142.22
1329.55469 550.215
1338.63745 762.686
1339.63159 676.062
1345.60120 1064.95
1346.59338 907.508
1385.65161 1698.03
1386.65540 835.543
1429.65674 561.045
1455.61096 599.906
1495.62537 575.019
1512.61804 1992.12
1513.62317 1285.83
1514.61658 831.553
1558.68250 1119.41
1559.68750 991.847
