3197.49131 3
120.08029 759.009
129.10176 1396.82
136.07544 2943.05
141.10207 1005.96
143.11897 453.963
147.11205 405.258
155.08156 774.698
159.09160 587.011
169.09682 4085.88
171.11316 397.162
173.12799 4344.73
175.11841 2315.01
197.12845 501.362
199.07201 436.73
200.13876 420.912
201.12292 1558.32
215.13817 516.972
216.09766 416.666
217.08247 684.786
227.17374 536.938
228.13332 978.262
240.13373 13874.8
240.17068 645.064
241.13721 1532.41
243.13358 550.748
244.09113 835.39
249.16000 1218.66
258.14554 409.749
268.16516 1419.43
272.13651 839.927
277.15372 537.458
289.16138 4663.42
290.16257 429.021
299.16888 413.138
308.10388 587.724
311.20682 8133.15
312.21075 1110.03
323.17218 796.811
337.18555 667.713
339.20175 11614.9
340.20538 1978.57
341.18329 724.414
351.20276 1056.33
357.17535 420.132
369.21420 565.768
391.19626 665.967
394.24002 503.317
396.22287 428.043
400.19736 401.77
402.24448 3219.38
412.25748 630.592
422.23889 7402.31
423.24188 1579.28
428.19513 1927.94
429.19888 497.752
440.24939 4419.09
441.25162 771.808
450.27219 453.814
460.27463 584.704
473.28207 3929.1
474.28464 571.007
493.31799 471.823
511.32199 1051.49
521.30634 5518.69
522.30981 1701.44
539.31726 2850.4
540.31873 1027.29
547.27332 903.694
570.29626 570.775
575.26257 1936.8
576.26672 708.294
587.32281 7722.54
588.32703 2434.48
599.32422 534.388
605.31525 435.979
606.36230 1534.55
627.25592 448.59
660.35352 448.676
688.35071 1441.08
689.34552 463.55
699.81720 456.189
700.40735 5109.54
701.41089 1692.29
735.28973 696.036
757.37299 950.337
766.38788 953.804
777.34662 750.785
797.42419 1047.85
798.42480 570.037
806.47888 534.639
814.45343 12339.8
815.45508 5399.62
816.45935 1082.93
825.42468 787.302
871.41449 1638.67
872.42059 672.102
876.41724 1026.14
877.42944 469.605
910.50989 631.293
913.46332 742.94
914.47266 584.634
927.53638 7320.32
928.53711 3241.28
929.53955 804.269
950.44421 507.08
1002.45490 2060.46
1003.45215 1055.32
1004.46216 1005.75
1011.56470 682.091
1026.55408 564.792
1028.58252 7415.07
1029.58508 4296.53
1030.59460 841.333
1034.44019 462.934
1065.60034 1800.56
1066.57410 1711.21
1067.55579 1376.78
1068.45728 633.653
1071.48206 631.08
1072.47754 466.103
1082.62244 560.963
1086.53284 502.456
1089.47937 774.19
1090.48938 670.402
1099.61890 4501.29
1100.61865 2530.4
1101.63208 771.298
1139.02258 488.3
1139.51685 578.248
1147.53027 463.741
1148.03760 622.679
1148.51843 620.982
1168.55566 442.709
1194.58545 852.089
1195.09534 733.065
1195.60352 568.457
1197.64417 836.066
1200.49084 657.806
1201.49890 507.677
1209.59912 439.349
1210.61267 471.957
1214.64648 4720.97
1215.65051 3016.89
1216.66418 671.674
1218.52234 1120.48
1219.53833 788.302
1258.61230 491.87
1259.13391 654.23
1263.58813 617.418
1264.09839 725.151
1264.58923 442.849
1272.10986 1398.21
1272.60132 3363.52
1273.09631 3895.98
1273.59424 1946.51
1274.09570 936.539
1281.10718 6330
1281.60840 9578.46
1282.10815 7459.01
1282.60669 3722.95
1283.10205 1263
1301.13208 593.841
1301.63660 579.896
1325.67517 548.185
1326.69043 550.136
1330.60254 839.409
1331.11804 676.983
1331.62708 517.531
1340.65161 1143.27
1341.64978 450.728
1343.69031 3218.02
1344.69275 1849.54
1345.70129 724.792
1347.57397 1374.18
1348.57080 750.295
1349.56689 522.324
1398.62097 933.118
1399.63831 924.581
1400.64368 767.83
1418.78625 482.25
1445.55396 521.003
1462.59265 2235.14
1463.59521 1768.69
1464.58740 927.191
1472.73096 1605.37
1473.72729 1271.6
1512.75085 2202.33
1513.75366 1806
1514.76672 567.787
1533.61304 843.236
1534.60657 917.798
1535.63049 585.399
1542.75879 672.192
1559.76929 2248.08
1560.79333 1606.51
1616.64551 675.121
1617.66846 655.739
1635.67615 465.698
1690.79456 525.247
1747.79077 724.871
1748.85400 551.936
1804.82959 638.815
1805.83582 694.025
1873.85498 562.388
1874.89417 606.83
1986.95605 463.194
1987.93530 803.697
1988.98303 459.092
