3628.94008 4
110.07105 441.727
120.08064 1688.72
129.10208 1563.44
136.07579 1162.91
143.11751 817.085
147.11256 1313.97
157.09746 349.841
159.09148 841.799
171.11276 558.427
173.12842 965.178
175.11853 888.498
185.16435 801.246
197.12859 436.461
200.10304 1143.31
200.13921 425.495
201.12267 1251.39
205.06384 1098.54
209.13969 704.491
213.08777 416.703
213.15968 668.773
218.14952 1622.67
228.13280 413.653
229.11758 443.092
231.06039 852.713
237.13481 1837.1
242.14941 543.576
244.09077 367.947
245.07729 483.811
246.15578 700.735
270.14380 477.787
271.13968 473.723
271.17651 408.898
299.17035 906.16
312.15402 450.815
331.23328 1582.83
338.18253 415.679
341.21863 957.434
342.09277 359.695
359.23965 852.208
360.10547 433.286
360.19852 724.205
361.20154 831.723
370.20932 670.201
399.23831 746.328
417.74429 1801.07
418.24533 911.174
419.24084 639.522
432.18423 549.264
437.24951 1286.17
438.25192 359.968
441.24741 365.283
444.31735 1138.32
446.20868 399.649
458.30841 613.978
471.32675 602.381
473.28366 1027.23
482.25864 361.243
491.26245 4720.47
491.76434 2399.31
492.26364 708.145
505.77951 385.449
506.27542 369.92
510.77158 432.416
519.77325 4883.64
520.27515 3340.72
520.77441 766.962
521.28101 371.695
526.28589 521.491
526.78876 509.564
541.29510 686.214
541.79901 451.328
550.33411 3384.03
551.33521 877.431
551.80634 553.87
555.29150 2333.42
555.79437 1540.97
556.29224 842.064
557.36969 405.489
559.34241 989.24
574.79413 434.675
575.29224 611.99
583.80182 4485.12
584.30322 3048.04
584.80292 1156.59
586.36829 1414.38
587.36981 461.646
589.20459 743.343
595.31549 385.242
607.35510 970.766
626.34698 1534.35
626.84784 723.662
631.34210 511.261
640.34338 2030.51
640.84851 1440.2
641.34680 768.464
661.86340 432.656
662.35883 370.88
664.37970 993.173
665.38983 388.147
666.85321 469.852
667.36072 441.355
675.86414 1170.23
676.36743 1384.88
676.86273 415.534
685.43542 746.058
688.38947 1181.13
689.39001 503.595
709.35779 565.527
711.38965 951.759
711.88708 438.17
713.30951 425.636
720.44434 1069.39
721.39551 4747.72
722.39972 1674.04
723.39032 520.917
730.35620 443.132
731.39270 391.767
739.89197 1039.9
740.39587 1174.71
741.47662 418.686
780.39618 1482.06
780.89258 962.176
781.40222 547.949
786.48346 1596.99
787.48462 820.569
789.43127 4361.25
789.92706 2206.63
790.43433 1872.76
791.46716 583.225
796.33319 381.602
800.37976 425.497
806.49261 724.394
808.42621 912.56
809.44006 401.531
814.36255 435.188
815.36304 611.26
816.46289 395.62
824.95233 469.399
825.45135 447.799
834.48590 5754.77
835.48785 2336.77
836.49554 420.45
840.76892 683.185
841.09833 1781.46
841.43903 1342.64
841.76355 698.286
846.37177 402.114
853.92706 941.801
854.42523 1235.27
854.93225 440.348
857.52155 2256.68
858.53064 895.773
860.46527 452.988
860.96857 434.924
864.95734 409.81
865.47083 419.785
866.43213 495.238
869.46912 406.774
869.96362 416.624
878.38275 442.725
878.53265 1112.69
879.53027 685.07
886.43488 466.261
891.98663 430.065
892.48480 396.797
899.37280 419.323
899.51471 408.454
900.48590 723.624
901.48981 387.826
902.45551 417.91
903.45490 573.397
903.73962 612.895
903.98401 456.312
907.19934 427.243
907.49176 3084.09
907.90588 2182.88
908.10345 999.544
908.35107 4235.38
908.50592 3961.44
908.95337 1715.03
909.36847 2003.98
909.49042 2245.79
909.82025 802.572
910.13519 785.441
910.45496 500.115
911.43384 734.722
911.93774 768.23
917.49597 1964.66
918.49805 1103.14
919.50323 404.149
920.48810 630.162
921.52527 499.981
930.39569 507.688
932.82623 510.872
938.48279 643.342
939.48303 585.136
946.51685 412.59
947.00818 419.106
953.47742 643.135
954.48004 1139.75
954.98743 524.293
955.51086 1396.8
956.01379 1055.76
956.53009 491.732
964.49475 512.571
967.49158 442.906
968.94122 728.989
969.45782 1094.01
970.62665 448.599
981.52313 1949.5
982.52228 1435.72
983.51599 521.909
985.53442 523.232
991.03229 1783.43
991.53186 2554.5
992.03375 1266.07
992.54510 644.72
993.53888 403.124
998.45929 436.195
1008.55121 507.255
1009.54413 1048.6
1010.57178 527.394
1014.51770 423.588
1017.55524 1067
1018.05237 1091.37
1018.54718 668.836
1020.60126 460.459
1026.55334 6379.98
1027.05603 6666.21
1027.55884 4563.73
1028.05078 1807.11
1028.56494 552.19
1032.52124 6532.44
1033.52295 3174.06
1034.52527 1035.58
1035.55957 480.257
1038.54651 1387.96
1039.55029 702.583
1040.50500 1225.2
1041.50391 1142.61
1042.50562 885.148
1043.55554 552.229
1044.06592 421.972
1047.48657 658.096
1047.99182 561.343
1051.57605 785.297
1052.57361 1124.4
1053.58508 513.37
1054.47815 505.033
1055.46191 466.414
1057.50391 487.739
1058.49426 911.996
1065.57727 547.156
1067.07166 835.702
1067.57544 803.966
1076.08459 3624.46
1076.59412 3726.14
1077.08484 2641.26
1077.62500 840.031
1084.48071 757.013
1094.07361 457.607
1094.56299 680.836
1095.08276 523.059
1104.03052 450.905
1106.60132 856.248
1107.60986 623.826
1109.57825 2001.76
1110.59399 1282.85
1111.66333 500.911
1123.07043 419.986
1131.10681 1054.53
1131.59814 5420.21
1132.10095 1962.45
1132.59753 3217.5
1133.10742 405.954
1133.61169 652.22
1134.60315 677.331
1135.09094 674.78
1135.61475 720.293
1138.59302 1567.22
1139.59290 1033.78
1140.11572 4332.18
1140.61572 5096.55
1141.11768 2909.68
1141.63354 1644.83
1141.96008 667.245
1142.15662 447.816
1143.61084 1526.54
1144.09827 1687.48
1144.62769 1514.89
1145.10291 505.241
1150.64978 513.877
1151.66418 681.47
1158.61621 630.356
1166.60095 7175.91
1167.13269 1523.96
1167.60547 4542.89
1168.14404 462.092
1168.59607 2105.67
1169.56860 1017.22
1170.55078 439.404
1173.54810 479.517
1175.63354 9147.8
1176.13428 12108.9
1176.63501 7797.66
1177.13440 3836.48
1177.63989 1441.37
1193.13928 3308.64
1193.64124 4397.96
1194.13794 3367.57
1194.64380 1630.86
1195.13184 471.377
1195.62952 470.923
1199.00720 706.617
1199.48987 537.322
1217.68384 408.379
1219.70142 572.227
1220.66736 427.004
1232.17041 1333.59
1232.68237 1642.9
1233.18640 1353.29
1233.68164 528.604
1241.70325 424.44
1244.67480 2528.81
1245.67371 1509.91
1246.67749 851.129
1249.68262 1335.2
1250.18201 2953.76
1250.68445 2290.08
1251.18384 916.865
1251.68030 1302.06
1252.18298 1349.99
1252.69080 641.892
1253.17749 488.547
1260.68518 6373.02
1261.18530 8834.3
1261.69092 5063.25
1262.18848 2832.19
1262.67212 925.059
1276.72107 465.978
1279.67932 1645.28
1280.67236 1003.16
1281.63672 509.245
1296.20898 718.26
1296.70288 1013.76
1297.20239 675.192
1297.70251 457.452
1299.22473 888.993
1299.74744 931.837
1300.21252 871.755
1300.54968 746.298
1316.22266 506.033
1322.71326 559.294
1324.71729 3343.37
1325.21631 4859.61
1325.71777 4090.4
1326.21912 1650.51
1326.72815 475.781
1332.55273 484.837
1333.55884 523.088
1343.74683 2049.66
1344.74646 1307.6
1345.75806 729.791
1350.72180 1087.33
1351.73584 769.371
1398.73901 1160
1399.25012 734.053
1399.74902 468.406
1421.78381 439.636
1442.81958 736.052
1443.82080 678.394
1484.62646 421.822
1543.85071 860.239
1544.86121 617.708
1631.87720 536.236
1737.93860 549.908
1738.95007 419.516
1838.99121 493.416
