1526.68254 2
110.07109 1035.82
112.08663 280.995
115.08631 322.761
118.03170 298.708
120.08119 275.515
126.05484 928.015
127.08660 180.953
129.06615 540.398
129.10211 6956.94
130.06476 865.331
130.08615 2656.72
130.10439 305.724
135.05710 187.265
136.06160 1567.21
136.07541 776.858
139.08627 325.818
141.10193 312.301
144.06572 307.591
147.11266 3697.2
148.11644 214.822
153.06593 341.807
154.04962 1333.85
155.08203 291.39
157.06055 282.717
157.09755 312.758
158.09192 329.502
159.07634 260.141
159.09154 2961.08
160.09512 297.119
167.08145 721.532
169.09787 263.2
170.05927 274.785
171.07623 2068.85
172.06151 250.345
173.09212 284.016
175.11874 1877.9
181.06049 530.037
181.09734 304.625
185.05472 195.801
185.09174 357.748
187.07086 227.565
188.10272 541.24
189.08673 6176.99
190.09079 367.012
192.04204 243.921
195.07629 614.463
195.11203 273.109
196.14418 393.521
197.12843 443.834
198.08696 688.519
199.07077 663.887
199.10713 280.863
201.08806 196.999
205.09676 212.626
209.09200 249.693
210.02509 210.142
211.10732 224.628
211.14380 199.223
212.13907 270.422
213.08699 788.122
213.12245 197.745
214.15508 638.097
216.09787 2168.74
217.08162 7358.05
218.08476 514.758
221.09161 196.212
222.12323 502.371
224.13872 432.194
226.11726 548.963
226.15482 2300.75
227.06627 287.872
227.10188 501.325
231.09702 307.086
240.13394 947.398
241.08119 364.683
242.15004 458.852
242.18474 380.109
244.09250 286.242
244.12738 215.326
244.16527 503.621
245.07710 365.701
250.11745 690.55
254.11220 219.523
255.10989 190.81
255.14540 317.716
256.09177 502.414
256.12384 214.229
258.14288 404.147
259.08963 233.803
260.19629 1583.61
264.06268 459.74
264.09821 208.191
268.12753 319.398
272.12341 256.454
272.17102 326.678
273.13541 965.157
275.20755 532.802
278.11212 427.587
278.14996 322.085
282.10806 402.203
284.10397 267.63
285.15558 207.165
295.13785 203.292
295.17603 1941.98
296.17880 251.055
300.11801 1703.15
301.13040 383.307
312.04877 1940.56
313.05157 551.799
313.18329 205.57
316.13013 288.43
318.12744 1139.36
323.16785 203.125
327.12830 191.546
330.05942 723.194
336.20187 462.348
341.71631 375.023
354.21341 1541.69
357.15674 204.328
367.14124 205.406
369.14139 642.71
370.24445 1687.76
371.22675 1954.39
372.22964 358.039
385.15079 695.697
386.16882 276.032
387.14890 293.412
388.19641 203.853
388.25558 1743.83
389.25812 310.93
397.13303 218.548
397.23065 260.201
398.23901 566.756
402.17734 287.735
405.22382 293.95
406.20715 1677.43
407.21082 245.692
414.16068 891.202
423.23502 987.931
424.21609 700.56
425.21643 209.987
432.17215 443.595
439.30411 352.263
441.24063 202.683
451.23352 247.902
459.18466 260.411
463.94443 249.175
467.29651 929.133
490.76447 221.699
499.27551 703.853
499.77731 230.733
504.26694 271.271
516.25592 468.606
516.35034 768.456
517.24902 211.78
517.36066 202.248
519.29279 296.123
534.26666 1380.62
535.26636 402.284
536.31995 516.389
552.27576 927.299
553.27704 298.988
554.34033 203.863
555.21741 379.165
573.22565 297.906
583.21051 288.014
595.39349 256.204
598.30853 262.545
601.23132 278.846
613.40192 3983.64
614.40649 1334.51
618.24683 361.775
619.35144 237.674
647.35040 693.413
664.41479 421.238
665.34875 617.088
682.42389 2048.17
683.43121 632.749
700.43970 293.245
710.42340 460.785
714.35437 206.786
724.33655 251.661
725.33398 228.65
738.35663 481.926
739.35895 248.406
763.41010 421.736
776.43494 233.269
780.40216 298.522
793.45636 2185.19
794.45856 906.967
799.28680 256.49
811.46692 2913.93
812.47058 1030.6
825.38684 341.63
834.40375 206.7
835.36963 360.46
851.44122 410.423
852.39313 228.674
891.43713 287.291
935.43964 251.38
936.39368 407.026
953.44080 446.826
954.44177 250.93
980.53027 275.075
997.54462 1401.99
998.55048 771.08
1024.43494 238.441
1041.46277 261.68
1094.56885 552.616
1095.54419 368.082
1111.58630 942.854
1112.59094 557.81
1151.50610 228.34
1152.49451 305.215
1169.52173 281.372
1170.50732 283.459
1195.61035 242.616
1212.64160 596.004
1213.64392 486.087
