1373.49504 2
110.07101 1850.34
113.07059 1758.27
115.08628 656.426
118.03178 830.837
129.06566 10063.3
129.10194 31765.3
130.04976 1775.24
130.08592 10994.3
130.10486 1644.03
136.06151 5206.01
139.05023 1678.04
139.08632 762.873
140.01027 3782.1
141.06575 1426.24
141.10176 1552.7
143.08165 645.717
147.11247 18002.2
148.05997 1063.95
148.11586 876.296
155.08118 1142.58
157.06052 2306.03
157.09668 1305.34
167.04515 686.646
167.08170 774.347
167.11752 810.508
169.09718 1520.99
169.13344 1476.8
170.11716 3630.8
173.09158 3002.05
175.11864 2983.63
183.07582 2008.25
185.05540 4274.54
185.09209 908.816
186.12227 755.718
195.07610 1557.94
195.11211 1655.79
197.12804 26399.7
198.13260 2193.82
199.07059 948.018
201.08665 9768.68
203.06668 780.721
207.11263 840.195
211.10684 717.83
212.10243 1310.93
213.04970 1009.03
213.08647 2272.92
213.12270 1809.38
215.13844 43369.4
216.14235 4159.9
217.08124 1963.25
222.12321 2010.12
223.14381 1463.08
225.12283 8315.35
226.11407 758.64
226.15477 5450.82
227.06540 1056.86
231.06084 1011.12
231.09714 3345.17
235.06947 722.09
238.11865 743.753
240.13359 10204.9
241.08130 8397.25
241.12283 1114.09
241.13451 1194.68
243.13217 1815.29
244.16521 3175.86
245.07639 7646.76
254.07680 825.211
258.14435 23681.7
259.09180 9863.4
259.14697 2805.39
260.09387 874.102
264.06226 1570.49
266.14935 2173.49
270.10699 1091.07
272.17099 2266.92
273.15430 664.402
276.15457 20129.9
277.15842 2234.85
280.12955 736.381
282.07138 6118.71
286.13840 695.012
294.14410 2980.5
295.14142 761.43
298.10287 1211.52
298.13770 1000.02
300.08224 9602.53
301.08548 788.934
304.16220 966.502
310.06497 672.756
311.17099 1398.2
312.04941 1797.74
312.11838 3712.32
316.11292 4783.5
318.14740 1127.82
323.17307 764.813
324.15393 1931.74
328.07672 2528.27
330.05951 1196.31
330.12878 7657.3
331.12900 797.903
337.18640 27137.6
338.18979 4542
350.67062 682.648
351.16476 1815.28
352.11353 1981.79
355.16177 1043.62
356.10999 806.532
360.10422 1441.46
363.16568 17013.2
364.16882 2838.15
366.17456 745.353
369.17584 5413.91
370.12421 2165.77
370.18839 696.834
374.12094 696.366
381.17532 2907.64
383.11960 2147.9
387.18640 26100.6
388.13470 1972.92
388.19003 4117.34
393.10352 1383.29
395.15643 2059.85
401.12927 1751.14
405.19720 11661.4
406.20038 1903.38
408.18726 1607.09
409.17047 15464.3
410.17145 3369.92
411.11356 3686.36
413.16513 1637.15
421.09579 817.523
423.15067 1449.98
426.19943 1015.71
427.14859 1239.51
429.12378 8073.91
430.12772 1501.76
431.14215 1274.7
434.20297 1337.93
439.10715 1291.35
441.16180 2458.88
445.15536 2217.67
454.15173 746.954
457.11890 3425.84
459.17136 3097.28
460.18033 3038.76
464.13910 1216.22
478.19165 3602.54
479.18811 861.878
480.20889 1151.9
482.15060 2869.89
496.20395 900.195
496.70627 937.686
498.21902 3963.99
500.16086 5756.84
506.18677 20195.8
507.18799 4163.46
508.19287 829.563
510.14523 893.585
516.22876 11450.8
517.22986 3072.4
524.19727 20736
525.20050 4405.64
526.20959 774.679
528.15405 2558.51
531.21716 710.165
534.23944 14551.5
535.24292 2950.9
542.20410 916.713
544.22302 947.555
569.25525 1645.67
570.25006 929.553
571.21204 2161.99
572.21771 784.495
574.19440 711.14
584.27203 889.917
587.26672 2250.88
588.26733 904.219
589.22174 2804.74
605.27649 21592
606.27948 5018.71
607.22437 1693.51
611.19025 1421.92
617.21954 4375.38
618.21918 1530.91
623.23407 711.097
625.24036 1223.52
629.20172 3349.4
630.20514 763.26
631.30725 2675.67
635.22791 5293.97
636.22748 1197.09
642.25018 3677.74
643.25061 1101.42
653.23792 3966.6
657.20068 1000.77
658.35333 777.114
660.26129 3648.95
661.26544 846.488
678.27338 2090.29
686.33899 770.106
688.25409 1323.97
698.29858 1313.92
699.30469 810.58
700.32397 1720.2
706.26764 1890.81
716.30817 7539.27
717.31091 2611.14
724.27515 1497.29
728.32703 1031.36
734.31952 10229.5
735.32147 3569.64
736.32721 957.11
758.24695 1452.1
769.33374 728.336
781.33600 767.616
797.37769 3591.52
798.37439 1340.23
831.33551 2134.98
832.33264 1232.71
849.34387 9176.42
850.34674 2835.17
864.42120 2258.63
894.42664 2110.82
964.37067 2757.49
965.36646 908.177
1015.37714 1425.87
1033.39282 7974.99
1034.39526 4159.9
1035.38342 1040.78
1043.37708 1977.45
1051.39368 917.021
1061.38831 5250.06
1062.39014 2426.51
1109.52539 1334.19
