2126.10674 2
110.07115 1354.25
115.08662 205.886
120.08064 2575.5
121.08404 216.973
127.08688 235.188
129.06575 225.623
129.10211 2339.34
130.06500 187.59
130.08627 934.99
133.04286 246.859
136.06154 186.717
136.07553 1680.52
141.06584 375.281
141.10193 390.736
143.11736 236.706
147.11273 1538.76
155.08157 473.058
155.11711 180.301
157.09726 474.824
157.13293 417.389
158.09212 378.473
159.07643 394.346
159.09163 850.755
167.08177 427.39
169.09712 239.867
169.13339 572.107
171.11267 355.347
173.09132 195.818
173.12810 887.8
175.11752 1381.42
181.09816 201.82
183.11296 510.84
183.14951 368.728
185.05424 209.214
185.09190 5069.8
185.12843 715.349
185.16481 1324.89
186.09715 261.417
186.12292 242.403
187.07115 397.837
187.14340 204.579
195.07585 265.04
195.11212 274.625
197.12860 686.106
199.07117 433.123
199.10646 258.542
199.18030 2168.83
200.13908 206.999
200.18384 279.205
201.08720 187.435
201.12326 2074.77
203.10258 2426.18
205.09692 242.088
211.10646 201.255
212.10222 226.594
212.13913 338.702
213.08684 427.81
213.12346 206.011
213.15959 1732.85
214.11819 466.151
215.10156 236.886
215.13867 674.041
216.09737 525.557
217.08293 326.3
217.13176 213.321
221.09042 216.828
225.12343 206.919
226.08250 331.237
226.11751 413.27
227.10352 305.982
227.17522 2271.56
228.13351 519.158
228.17953 290.936
229.11813 834.689
230.07671 710.405
231.09697 334.759
233.12776 191.377
233.16592 295.623
235.10602 255.447
238.11797 369.277
239.13773 412.209
240.13362 980.012
241.08159 635.787
242.14949 305.257
243.13260 269.513
244.09259 2196.1
245.07729 663.969
245.12750 279.789
249.15981 400.405
253.22798 196.722
254.14912 296.679
256.09583 190.527
256.12817 261.623
256.16385 215.94
258.10687 201.634
258.14441 734.346
259.09116 364.71
261.12283 238.048
261.16019 247.231
262.11801 226.429
263.10193 275.724
266.14774 458.474
268.12875 194.012
268.16620 245.275
270.10785 291.977
277.15494 219.879
280.16528 541.367
281.11191 300.89
284.09140 239.136
284.12375 408.869
284.16003 10622.8
284.19385 323.94
285.16336 1299.53
288.13370 411.128
292.12708 219.89
292.16476 334.605
296.19608 668.632
298.17560 864.062
298.21097 296.375
300.15424 1455.38
301.13928 262.393
301.15201 261.7
302.17062 4111.5
303.17368 593.612
310.17581 2756.79
311.17691 482.419
312.15622 256.249
314.20721 648.707
315.16589 381.757
320.12173 213.623
325.14963 208.682
325.18555 201.872
326.13458 271.866
326.24454 489.286
329.18301 226.443
339.17029 288.736
343.16098 1785.13
351.20551 203.303
355.19403 472.728
357.17664 1423.14
369.21329 335.777
370.23248 345.299
371.23169 240.641
377.14532 733.618
379.23367 454.582
381.17886 264.076
385.24454 393.141
387.25888 837.831
392.19751 215.848
393.24930 394.647
397.24338 1123.23
398.24667 264.125
399.19058 352.766
403.16010 582.834
405.21149 264.373
409.27997 275.982
411.25958 542.67
413.23929 715.694
414.20367 209.061
415.25458 1795.07
416.25870 381.026
417.13672 208.766
421.17133 206.587
423.25919 1021.3
424.26050 305.509
426.20151 232.133
428.25845 438.165
430.23190 601.221
434.16397 209.206
440.21454 276.975
444.20700 450.151
445.21234 352.058
450.27066 206.807
456.25403 235.706
458.18799 579.698
468.28162 218.027
483.21942 422.141
484.20383 335.592
492.31943 353.89
500.17419 528.699
501.23129 774.409
502.22977 692.633
510.32559 457.144
512.20233 216.122
517.20392 708.898
518.18408 330.056
527.28223 1229.08
528.29510 360.089
529.22498 457.956
530.22162 216.379
534.29431 466.129
535.21277 236.096
546.17786 203.585
552.30359 894.565
553.31183 246.806
557.30347 380.964
558.33569 383.043
569.29724 269.592
579.26715 243.944
581.36835 213.461
594.34314 291.935
599.24646 525.555
602.29364 370.338
613.25946 353.859
616.27179 426.591
617.25690 249.685
630.28491 395.964
631.27008 290.91
634.29211 204.69
641.34424 301.968
642.31342 218.367
648.29822 418.524
649.31458 365.187
666.34528 1830.24
667.35272 456.272
672.33405 234.179
676.29224 206.749
728.29108 343.848
730.38605 294.543
745.31036 428.093
746.30249 218.02
763.32452 477.237
765.41095 516.334
766.42432 268.765
770.41815 486.668
775.89624 225.532
816.35748 212.419
859.34094 208.122
866.46442 374.837
877.35870 219.358
923.48523 799.237
924.48163 333.443
1063.58020 218.603
1070.55310 542.902
1071.56067 367.061
1086.53943 211.476
1185.58899 281.391
1299.63171 264.526
1300.61951 268.626
