1845.90334 4
110.07121 218.541
112.08662 241.051
127.08643 295.846
129.10216 2726.94
136.06119 293.64
136.07579 388.608
141.10199 503.694
145.06049 252.289
145.09698 240.569
147.11264 264.825
157.10785 200.904
169.09726 561.789
175.11897 500.046
183.59711 221.786
192.11101 955.644
193.09758 231.821
206.10837 696.428
207.11276 188.645
212.10883 207.797
214.12964 2284.12
215.13385 204.113
226.15497 485.803
234.61931 350.135
238.11813 180.873
242.18709 234.337
244.16508 258.702
249.16316 5778.3
249.66473 1622.63
250.16580 365.2
255.14444 209.507
261.12680 262.622
272.17126 1709.9
273.14389 239.522
273.17471 209.973
277.67386 1256.68
278.17496 327.783
283.15155 791.452
283.62286 271.126
284.67963 187.91
286.14920 650.029
292.13156 553.862
295.65543 517.606
296.15659 328.267
300.17786 792.134
303.67126 301.096
309.65250 832.607
310.11560 677.807
310.15408 320.795
310.61749 258.817
317.17719 369.472
317.66797 250.85
318.16721 253.292
319.13528 207.839
324.08109 196.627
326.18411 285.174
333.15164 359.896
333.20801 4179.5
333.70908 1721.46
334.21240 400.033
344.64398 2609.83
345.14536 1194.75
345.64706 325.847
345.86221 482.223
346.19849 280.528
351.53665 538.775
351.87112 369.648
355.17175 3339.28
356.17508 625.722
358.64099 1883.42
359.02829 639.094
359.14267 732.959
360.21292 192.791
368.71933 268.668
369.22269 546.028
370.13528 359.761
380.16229 675.827
381.71637 1693.23
382.21863 847.326
383.22656 290.814
383.55673 1294.03
383.89053 1234.6
389.23111 4282.81
389.56528 2928.01
389.90030 842.43
390.21335 699.221
394.15985 728.742
394.66016 276.833
395.56967 570.867
395.88675 8623.16
396.22131 8020.35
396.55533 2618.2
396.88956 856.465
400.26587 2720.35
400.68845 220.36
401.26733 555.155
401.57333 958.193
401.88873 1793.64
402.22314 1492.46
402.55783 693.608
407.95999 441.09
408.70258 1295.45
409.20370 1869.78
409.70523 850.183
411.21005 1239.23
412.21796 849.718
412.46707 864.403
412.71722 619.066
412.96625 224.524
414.55835 204.623
416.24658 1553.26
416.74933 966.563
416.97046 209.212
417.25357 267.176
417.87970 492.625
418.21848 225.866
421.90201 328.058
422.23764 507.912
422.55048 653.992
422.88028 641.532
423.21594 246.289
423.52640 197.33
423.87112 398.015
426.24680 321.112
427.57388 396.178
427.90158 448.622
428.22971 5390.22
428.54523 20271.8
428.87958 19003.2
428.99203 434.826
429.08545 850.438
429.21466 7899.44
429.47409 1601.6
429.54807 2382.42
429.72629 512.359
429.88071 502.917
430.18384 321.866
432.45828 417.811
433.23660 840.58
433.48120 5733.86
433.73096 5086.68
433.81528 272.704
433.98090 2558.81
434.23218 1572.57
434.56677 593.76
434.88818 229.639
436.46848 292.145
436.71204 1872.53
436.96298 1874.37
437.21234 895.882
437.46161 264.796
437.73773 8730.96
437.98755 9078.51
438.23785 4508.48
438.48755 567.793
441.20856 446.867
441.46423 415.457
442.24158 842.595
442.49109 351.595
442.74091 336.636
445.11710 262.872
445.23621 440.636
445.73242 468.909
446.23373 301.666
446.57809 255.717
450.53653 280.651
450.86804 210.831
451.20349 254.334
452.22171 305.443
453.14807 457.848
453.21106 241.392
453.75266 782.291
454.24213 1883.08
454.74356 664.963
454.88861 332.988
455.21255 516.058
455.54379 250.902
456.70337 201.286
457.73502 328.286
457.97665 1574.4
458.22763 1201.86
458.47644 575.625
459.23538 328.506
460.55746 238.258
460.88818 6745.9
461.21851 6226.77
461.45630 913.387
461.54361 1849.6
461.71170 485.371
461.86853 810.397
462.23315 2944.05
462.48309 3172.61
462.58435 211.389
462.75244 1084.74
462.98666 423.663
463.25317 919.555
463.75397 212.369
465.23468 594.987
465.73489 400.71
466.27557 1197.66
467.28021 914.639
467.74658 379.222
468.23279 771.218
476.75171 760.506
477.25067 357.183
483.59601 262.533
485.26520 957.151
485.76825 398.101
485.88885 543.759
497.31857 12411.1
498.32166 3532.69
499.22018 724.425
499.32507 463.878
499.74591 378.408
509.77802 251.555
510.27820 231.578
518.28912 1557.4
518.78851 788.846
519.29126 392.782
521.24567 1147.75
522.24591 531.324
525.74030 460.795
526.80060 4588.53
527.30151 2079.85
527.80139 603.674
531.77765 259.385
532.26910 576.765
532.76892 354.071
534.25494 651.828
534.75427 398.049
538.30219 265.606
539.25061 325.346
539.61987 217.482
539.94562 361.676
540.62024 235.62
540.77893 808.798
541.27942 622.75
541.77893 239.807
542.01263 305.608
542.26154 211.832
545.95282 215.386
549.29730 344.227
554.33929 2858.47
555.34326 755.305
566.23309 1093.24
567.22888 254.338
568.35730 827.632
569.35583 304.695
573.27545 201.946
574.83221 688.432
575.33295 336.089
580.76349 228.136
581.25769 340.557
583.25769 5456.55
583.84314 989.398
584.26062 1243.07
589.28986 254.709
589.76904 637.905
590.26990 460.426
595.31207 225.147
598.28491 515.413
598.78729 358.797
601.27081 367.459
617.30359 314.928
617.80255 314.902
619.22260 5629.87
620.22534 1660.32
621.22491 372.849
623.35358 268.898
632.34924 474.319
632.84534 251.891
635.29492 232.879
640.85596 1226.47
641.35822 562.777
641.85052 239.899
651.35895 245.068
660.85468 462.334
661.36261 300.692
664.21210 327.379
664.29529 232.447
664.81616 260.234
665.40863 751.682
666.41547 411.544
668.38568 960.093
669.37140 1162.23
669.86487 535.375
670.36652 340.569
681.23499 3239.59
682.23956 595.536
689.33148 549.966
690.33856 965.859
696.34155 992.957
697.34033 267.248
703.29926 256.447
728.32678 447.4
728.83417 240.898
761.38263 318.143
762.42657 894.356
763.42944 344.245
766.31451 207.737
779.41718 207.743
787.31360 1074.64
788.31915 480.858
794.31952 757.48
795.30939 261.254
796.44214 498.08
811.34552 249.754
824.43860 353.149
885.29211 317.867
907.46686 352.587
922.42615 345.61
924.50562 536.064
925.48706 257.685
997.44373 377.07
