2834.37539 4
110.07088 2028.81
119.04814 906.944
120.08044 7005.36
129.10214 1152.23
130.08672 983.78
136.07539 45614.3
137.07878 3418.82
140.07033 969.611
141.10178 4471.28
143.11752 50428.8
144.12085 4498.41
147.11224 1305.66
169.09680 6302.46
170.10013 863.52
171.11246 15258.4
172.11647 1082.26
175.11821 7295.46
181.09772 732.651
187.07120 1039.77
191.11771 1014.71
199.10745 2666.56
199.17981 1053.6
201.12343 1483.15
203.10228 2749.23
209.10245 987.659
213.08638 2307.79
221.12843 752.225
226.11790 2755.06
227.17480 739.122
231.09697 2839.77
233.16458 1531.62
235.10831 827.105
243.13213 786.399
249.15857 943.247
252.13377 1778.28
261.15967 1187.05
265.11761 17776.5
266.12152 2104.4
270.14462 1707.67
289.15396 2834.73
290.14240 1111.54
293.11249 31837.6
294.11572 4713.2
300.15381 958.046
301.13089 799.186
302.17050 952.009
309.15488 2479.71
310.13715 1802.28
327.16602 4519.04
328.17407 789.098
334.17529 7614.17
335.15488 1415.23
335.17450 1202.49
350.13388 1592.54
355.19531 1292.51
361.66815 1041.09
372.16287 812.918
376.14996 2027.05
394.16019 11331.3
395.16226 2250.3
401.28516 766.584
410.20175 1276.45
415.25143 1029.43
421.18546 4195.17
422.23831 2532.24
428.21149 1089.79
435.22363 2037.38
436.22693 834.164
440.24948 2414.83
451.18054 800.912
463.21796 2275.75
514.36981 1165.5
517.28308 1241.68
517.78198 936.156
522.23273 12952.1
523.23535 2580.26
531.27844 3230.35
531.78052 3066.81
532.28271 968.682
536.27069 2167.13
546.25482 1452.77
553.33496 2402.5
555.61108 1246.55
555.94104 1509.35
561.28656 1091.85
564.26526 3245.95
567.80383 1335.19
581.80298 1577.88
582.30316 1441.85
585.40240 1158.16
587.81866 2382.57
588.31805 1566.64
612.30280 1125.39
612.64337 1150.7
622.30463 1107.92
636.31366 1844.99
636.64685 1155.48
636.97821 1152.23
638.35309 995.169
645.33472 8268.78
645.83582 5103.06
646.33551 2067.67
666.34467 1884.18
669.30090 12327.3
670.30389 3834.33
671.30475 871.136
672.43884 2293.85
674.31891 5493.33
674.82306 3380.38
675.32129 1742.24
683.34137 951.263
686.85278 1288.87
687.35376 1442.67
687.88293 1422.58
695.85724 3205.88
696.35803 2688.02
701.67810 1383.36
701.87518 2726.6
702.01416 2646.4
702.37653 3005.42
702.67474 835.439
708.37152 1606.2
709.28650 944.352
709.39130 5116.16
709.82025 2991.09
709.91101 2071.86
710.33636 3442.68
710.83911 3396.98
714.40363 991.067
716.40027 1127.71
717.86877 911.295
725.35919 2403.12
725.68909 1954.98
726.02411 1703.57
726.36584 847.625
735.38904 1127
740.33771 15425.4
741.34113 5899.31
742.33728 1911.53
743.39172 898.855
751.37256 1346.81
751.70648 5583.24
752.04016 10532.5
752.37665 7084.6
752.70575 2584.88
752.90118 1080.23
753.03998 1146.05
753.39252 1321.97
756.40723 1124.39
757.71039 44826.2
758.04486 55811.1
758.37744 39139.5
758.71136 19180.4
759.04462 7213.63
759.37512 1177.01
763.40759 956.341
765.40710 1757.81
766.39862 5089.13
766.89825 4744.78
767.40094 2215.96
767.90228 1087.58
769.35956 878.076
771.36658 927.679
777.38983 1437.87
778.36621 7155.49
778.87042 6524.54
779.37524 3970.97
779.70868 935.105
779.86810 1316.68
780.37817 1011.76
785.38843 7364.08
785.72412 9467.82
786.05945 7128.61
786.39282 4242.3
786.73364 1107
791.39221 20259.7
791.72681 27021.8
792.06030 17765.3
792.39435 9748.7
792.72620 2640.48
793.06555 1229.15
801.91718 4001.04
802.41296 2234.13
802.91852 1550.13
803.43951 863.035
816.39032 1249.89
816.92352 3068.67
817.42194 3001.91
817.91962 991.864
822.39801 2984.83
822.73285 3073.14
823.06696 1445.79
823.40228 1474.43
828.39856 1685.75
828.73975 3319.44
829.07117 2914.06
829.40540 1164.17
830.49829 1341.44
832.47034 2138.77
832.91479 2250.39
833.39825 2343.04
833.90668 1145.31
834.41370 1608.57
842.41211 1671.39
842.90491 887.812
843.43811 931.798
850.41815 1527
850.89215 1266.2
851.37549 1290.04
852.44391 1554.08
852.94153 1959.33
853.45337 2648.98
854.45587 1072.95
859.89886 11210.9
860.40088 11688.1
860.90228 6068.71
861.39777 2731.3
861.89233 875.425
863.43494 871.62
866.46033 1086.34
869.37823 11538.4
870.38074 5036.06
871.37738 1647.37
872.40503 1479.66
875.46436 857.758
876.46906 1077.97
876.75275 893.316
877.08453 1714.3
877.75751 896.358
881.91840 1247.98
882.42139 1209.56
882.75732 1971.12
883.09009 1813.02
883.42169 2394.37
883.74969 853.851
889.44421 1276.87
890.43903 1252.31
893.46704 1446.19
898.43927 897.266
898.95300 977.261
905.47772 1056.71
907.94012 1318.46
916.44183 16038.2
916.94366 15675.2
917.44580 10757.7
917.94818 6090.69
918.45428 2003.61
921.47089 1745.33
923.48065 5698.51
924.48920 4467.76
925.49731 2069.8
926.48187 968.834
953.97559 1107.36
954.46759 1130.14
962.97278 1035.29
963.49780 1701.68
963.98138 1067.12
964.48029 1603.91
965.47821 1031.69
972.98407 10855.7
973.48505 11020.2
973.98315 6777.26
974.48254 3432.29
974.98822 1081.18
982.46338 7932.38
983.46423 4454.4
984.48016 980.72
989.99066 921.231
992.50787 971.087
998.47241 1029.9
998.98987 1705.78
1023.50531 5701.66
1024.00842 7760.7
1024.50720 3637.22
1025.00879 1735.63
1025.52869 1727.51
1030.63123 1035.46
1043.01868 2294.85
1043.51453 2681.38
1044.01221 1815.36
1044.52258 1299.32
1052.01660 25060.6
1052.51941 30554.2
1053.02051 20364.4
1053.52014 8796.3
1054.02014 3523.16
1061.54895 1839.47
1070.53320 1190.23
1071.55176 887.808
1078.53027 2009.86
1079.02893 2672.54
1079.53528 3330.32
1087.53650 20271
1088.03638 23236.8
1088.53601 15330.1
1089.03589 6514.5
1089.52783 1979.04
1092.52429 1418.8
1093.02295 1018.06
1093.52051 1419.51
1097.49084 11768.5
1098.49133 5719.03
1099.48865 2661.98
1121.55518 1040.52
1127.05664 2060.76
1127.55225 3233.14
1128.06787 2432.6
1128.56775 1281.27
1136.06116 27515.2
1136.56396 38029.1
1137.06323 28335.1
1137.56287 13473.5
1138.06592 4758.68
1138.56714 907.81
1159.65613 1750.52
1174.65845 897.655
1177.59839 851.645
1178.08142 1373.22
1186.58643 7015.47
1187.08667 9393.93
1187.58398 6235.47
1188.08362 2771.26
1188.58728 1354.02
1210.57227 7710.26
1211.57446 5253.95
1212.57117 2299.86
1242.61206 1165.12
1251.60486 1551.1
1252.10474 1015.95
1289.65967 1263.44
1299.61780 973.521
1347.63135 6413.69
1348.63940 3776.97
1349.63245 2122.34
1418.67432 3768.47
1419.68079 2885.55
1420.66736 1230.52
1555.73889 2486.12
1556.72864 2607.76
1557.75024 867.015
1718.79773 1394.06
1719.77820 1577.06
