1779.79094 2
110.07101 4816.58
112.08669 2477.94
115.04995 4273.69
115.08642 1311.57
116.07019 1059.93
120.08064 2053.28
126.05465 4829.49
129.06494 888.141
129.10175 4068.25
130.04994 902.328
130.06499 4393.39
130.08626 1036.44
132.08060 9047.01
136.07545 24088.7
137.07896 1931.84
147.11235 1331.8
157.06171 1009.87
157.10831 914.849
158.09215 4336.6
159.09138 34580.8
160.09479 3362.96
167.08136 937.68
167.11766 2061.28
170.05992 3149
171.07562 957.097
171.11330 728.215
173.12822 2981.75
175.11871 19011.8
176.12309 1158.48
181.06100 1694.66
181.09682 2953.87
183.09116 898.072
183.11288 1221.13
185.05588 1022.27
187.08624 10230.5
193.09718 1804.06
195.07658 835.178
195.11253 3938.33
198.12352 848.937
199.07166 5349.84
199.10651 871.643
199.18011 48771.1
200.18388 5365.35
201.12297 4850.84
202.08182 2706.45
203.06552 954.297
204.13708 1016.96
211.08705 952.528
212.10260 1263.09
213.12297 832.823
216.09787 1614.88
217.08224 1881.03
221.09167 2384.93
226.08130 742.112
226.11795 2305.89
227.10144 996.689
227.17509 21493.1
228.11324 2007.53
228.17847 2459.6
229.11646 1737.88
230.07680 2911.67
233.09094 1065.03
244.09229 4089.23
245.12724 768.874
246.12328 27564.7
247.12573 3338.09
249.12411 1133.28
249.15921 781.688
250.12128 1085.13
251.10188 2520.84
255.10863 2295.34
255.14494 1857.5
256.10825 3367.72
260.10721 1051.28
272.13510 6411.59
272.17230 2130.33
274.11819 23235.8
275.12119 3699.75
277.15146 879.76
278.15097 985.361
279.09668 3060.21
289.16165 4803.74
292.12799 1578.22
296.19620 7417.63
297.20071 974.643
298.13663 754.597
299.13437 894.431
305.12860 2913.08
308.12338 1713.47
310.10257 1510.27
314.20688 7801.73
315.20987 1311.48
316.14774 1241.56
317.22165 2290.36
322.15466 4459.88
323.17209 2849.3
324.13049 1313.34
328.11285 1947.29
329.19250 1685.02
333.12372 845.762
340.23840 1308.4
341.15872 1230.3
342.09061 1071.27
342.13925 4767.51
345.21927 998.458
346.12372 836.817
348.11813 916.182
350.15341 1196.79
359.11871 5026.11
359.16592 6466.87
365.14737 1112.77
368.23102 907.955
369.19083 2098.14
373.21866 6508.63
374.22202 886.789
375.12646 798.811
376.19330 10787.3
377.19702 2045.53
384.15289 1398.32
389.14493 887.825
393.13937 3547.32
394.14444 775.544
407.15439 2020.37
419.17444 953.021
420.22440 2795.1
437.18109 2247.57
447.15088 775.029
448.14944 2125.07
454.28030 1263.61
458.16858 820.614
459.14996 985.894
464.17645 1963.85
465.17627 2070.66
467.19116 1016.71
471.18323 836.661
472.29077 853.499
477.15964 2375.25
482.27640 1295.29
487.14465 783.663
488.24835 939.117
494.18713 1552.27
495.18628 1207.38
504.17557 1006.35
505.15564 2194.57
517.27924 1070.37
522.18060 4167.4
523.18097 1225.75
524.27106 861.978
534.18744 1100.07
539.25537 4756.34
540.26044 1126.78
544.15820 796.415
552.20709 1211.87
562.17291 1373.82
562.22772 892.208
579.25671 3465.41
582.21790 1258.06
596.27795 22299.2
597.27954 6206.43
598.27783 936.02
601.33075 1219.22
621.22827 1235.63
640.22479 2160.27
649.21936 1423.71
657.24481 818.875
697.24103 908.851
741.33514 1051.62
742.32184 4171.92
743.32019 1226.84
755.38336 1008.26
759.34058 31031.4
760.34369 12919.9
761.34619 2539.57
769.31940 1247.7
771.43408 3306.54
772.43591 1315.71
777.28357 974.205
778.26959 1072.43
785.91870 2134.58
786.41095 1095.51
795.29681 1086.69
798.92798 2683.43
799.42590 2502.92
799.93195 996.24
807.93201 3448.81
808.43195 2012.34
808.92792 869.07
816.93756 1494.8
817.44086 1124.3
870.37152 3653.55
871.37244 1869.8
884.52942 1550.12
888.38263 9276.45
889.38214 4023.6
890.37909 823.556
947.00409 1129.36
953.54358 1613.75
967.40063 830.327
968.37103 1652.28
969.01038 1367.96
969.51007 1549.53
984.41516 1249.97
985.39984 7101.53
986.39917 3357.24
987.40698 855.18
1002.42444 34443.7
1003.42749 19350.9
1004.43213 5731.57
1005.44019 850.413
1010.56531 1368.25
1036.58276 1865.61
1054.59607 1740.27
1082.41895 890.148
1083.41699 1067.57
1086.48181 1124.37
1099.44824 1607.79
1100.43176 5054.37
1101.42896 2280.81
1102.42676 890.482
1117.45313 24282
1118.45239 13193.5
1119.45544 4251.57
1128.42371 1284.43
1262.50867 1511.11
1263.48828 3695.86
1264.49097 2888.76
1265.49536 965.805
1280.51685 25454.2
1281.51563 17956.9
1282.51636 6249.74
1283.52319 951.957
1466.59753 4243.08
1467.59998 3629.37
1468.58179 1466.6
1536.60071 2413.32
1537.59436 1540.69
1553.62671 10483.7
1554.62939 9247.08
1555.63318 4431.69
1556.63171 910.809
1614.86133 1095.31
