2137.99656 3
110.07123 5818.96
115.04986 354.663
115.08659 407.745
120.08086 1035.9
129.10231 7077.54
130.06514 654.1
130.08650 1298.43
130.10530 410.14
131.08139 572.959
136.06165 1072.42
136.07579 2885.6
138.06645 355.899
141.10228 1110.96
147.11264 2521.75
155.08157 505.895
157.06078 2374.95
159.09187 2134.52
159.11272 2665.09
167.08253 454.63
169.09715 1047.71
169.13307 450.57
171.11334 559.892
173.12833 1069.15
175.07124 2371.59
175.11899 5109.7
183.11314 701.304
183.14928 823.454
185.05566 403.366
185.09322 383.759
185.16562 533.659
187.10789 2329.28
189.08777 394.563
195.08754 1302.39
195.11250 545.441
197.10312 422.013
197.12831 438.626
198.12320 733.738
199.10774 406.109
201.12358 1303.32
202.08263 637.698
203.06641 6695.16
204.07098 403.855
210.02428 619.666
211.14458 386.784
215.13893 625.056
223.15536 3449.91
225.09856 1472.61
226.11813 1664.89
226.15485 368.34
228.13451 1600.22
240.13365 1158.82
243.13324 593.533
244.09177 465.926
244.12793 366.583
244.16537 1151.38
245.07722 896.631
250.11864 669.551
251.15039 5192.56
252.15346 476.286
253.09320 655.056
254.16147 2935.01
256.12823 870.467
262.10114 480.26
262.13950 2106.75
271.10611 384.298
272.08774 12346.7
272.17004 571.878
273.09119 1251.58
275.20691 647.868
282.18094 674.241
284.12421 1224.9
290.09824 10956.8
291.10120 948.149
294.17896 718.873
298.13928 587.106
300.19067 467.611
302.13400 553.143
304.16260 597.618
308.17346 1682.81
314.13678 775.489
316.14984 742.19
318.09500 414.032
324.12946 460.535
325.15295 609.502
327.20142 417.487
332.14551 731.604
343.16107 5978.76
344.16757 649.445
350.68127 545.884
352.17975 2940.94
352.68118 1359.84
353.14499 803.49
356.22900 787.363
358.16046 576.607
360.67703 451.906
361.17166 2821.89
362.17599 545.711
365.19247 1072.95
371.15585 13391.5
372.15894 2182.94
375.17834 460.965
380.20966 1248.15
381.15228 613.483
385.17242 1107.2
389.16611 6596.98
390.17032 1176.69
393.18781 1553.62
398.21719 625.709
403.18118 771.515
411.71170 521.925
417.24347 1932.89
418.18933 1003.06
419.18286 420.25
420.22211 4521.67
420.72388 1606.63
421.21802 414.832
429.23019 446.546
439.21625 686.751
445.23187 1563.76
448.21912 2246.13
449.22281 500.315
450.19836 934.499
450.24747 1798.59
450.74240 724.683
451.26758 2107.95
455.30035 850.585
456.24527 961.792
457.22696 634.806
463.23514 417.976
469.21039 3346.12
469.71173 1440.53
470.21310 400.324
474.25598 1688.05
475.25879 468.258
475.70172 1508.83
476.20197 841.204
484.23819 1533.79
486.27069 479.205
497.25116 380.174
498.76663 9481.44
499.26788 5672.37
499.76950 1473.53
500.26816 492.088
502.25424 1425.73
506.27322 607.804
510.21844 543.15
513.59851 2051.3
513.93475 1470.41
514.26642 948.195
519.21625 588.244
530.76544 505.281
532.26392 1430.4
533.74457 862.778
541.32343 1732.23
541.82184 445.258
543.28937 2080.91
546.25879 2800.67
546.59241 1422.21
546.92712 660.007
551.29272 773.801
559.27625 1789.1
560.27527 407.127
566.29254 2708.85
567.29736 849.295
569.25952 645.154
573.80762 1155.12
574.30609 531.356
582.72766 446.755
583.95367 710.483
587.26703 5454.89
588.26770 1304.31
603.30127 834.147
611.28137 1307.77
612.27783 913.808
614.32794 3352.89
615.33453 1053.67
616.32434 516.894
619.29968 513.572
619.80371 483.074
623.28101 647.963
629.25775 443.072
638.27637 1253.13
638.77545 575.225
639.28583 455.65
642.33466 3131.87
642.83502 2175.07
643.34088 630.357
646.33734 515.325
655.33795 2383.23
655.83972 1407.45
656.33704 897.763
663.33948 1028.69
663.83716 993.868
664.33990 1908.54
664.84235 728.631
665.33496 596.433
672.35767 3291.04
673.35889 1907.48
675.34619 410.476
676.84113 570.07
680.26202 720.209
680.60071 699.078
680.93732 638.105
681.02167 464.996
681.28290 593.669
682.34552 1360.76
683.34845 969.404
684.33307 404.997
685.84979 4216.84
686.35278 2276.81
686.85083 1155.62
687.26709 849.406
687.75385 510.162
688.08179 434.812
691.32141 765.617
691.82434 546.236
694.86475 423.299
695.36212 425.49
700.35278 11296.8
701.35291 3287.63
702.35486 824.32
703.35272 5062.7
704.35651 1811.06
712.30536 2347.13
712.84546 589.296
713.32153 1888.6
713.44025 785.665
713.84406 533.727
714.29425 1309.78
714.40430 1117.57
714.78979 458.378
721.36810 2834.74
721.87030 1559.84
722.36633 903.42
725.32678 1953.44
726.33447 1069.07
727.35181 561.052
733.78998 454.737
734.84052 996.71
735.35065 934.959
735.86401 589.158
742.38721 954.836
743.39069 475.887
750.44836 548.005
751.88287 800.333
752.38403 939.111
752.88519 509.118
760.89105 3331.64
761.39093 3972.07
761.88989 2444.61
762.38409 651.741
769.89447 42395.1
770.39636 34062.9
770.89703 15496.9
771.39783 4825.26
771.89838 717.724
774.42377 466.889
777.82074 819.001
778.31494 1214.86
778.90540 3419.11
779.40326 4139.86
779.90509 1294.66
780.40588 652.892
785.44379 554.164
792.34912 534.259
796.31494 968.216
797.31061 439.956
802.42432 1851.93
803.42975 1118.54
809.88287 566.925
810.38239 883.119
813.44098 2023.92
813.87939 1073.38
814.34198 527.72
814.46808 802.654
817.44086 1577.23
817.93561 1399.36
818.45630 613.392
818.88306 7951.46
819.38562 6870.93
819.88684 3018.23
820.39069 1329.14
821.43414 431.268
822.42889 858.194
824.40594 787.482
826.43744 9740.56
826.93616 9869.28
827.44031 4411.73
827.94476 1423.33
828.33862 564.278
835.45844 942.217
835.94598 548.018
839.43701 21213.7
840.43964 9313.13
841.44226 2162.09
842.44452 575.223
843.44812 596.825
847.50629 639.895
848.40558 517.607
849.39178 443.253
857.45654 2266.01
857.89880 1116.01
858.46063 942.914
862.86725 744.247
863.37445 746.136
866.42596 700.465
867.42517 595.247
867.88568 443.45
875.42755 2050.57
875.94147 1601.8
876.31653 418.966
876.47070 1119.4
876.85632 1046.5
877.37347 854.424
877.88867 549.908
885.40546 535.241
886.45880 446.037
887.44092 512.511
899.47986 5118.96
899.88794 630.922
900.47968 3330.58
900.89832 717.835
901.50342 552.444
901.91010 527.679
912.46136 1267.93
913.45868 664.434
919.49091 2467.51
919.98889 3017.06
920.49573 1061.27
921.00702 490.057
925.33057 422.309
925.47839 1111.7
926.35669 791.713
930.46906 1115.21
931.47803 494.943
935.41772 422.993
937.41357 5141.46
938.41534 2786.8
939.41394 555.244
941.40765 423.197
949.90924 458.492
950.40070 1427.37
951.40778 468.01
952.52435 4076.67
953.53699 1647.53
954.54865 463.111
958.43195 510.54
958.92664 420.969
959.42438 454.358
963.91339 456.63
964.41669 599.003
968.47058 560.061
996.52618 5922.54
997.52820 3380.47
998.53473 1071.89
999.54236 925.861
1038.65576 869.629
1039.65588 427.732
1040.38855 957.157
1041.38611 840.023
1047.53760 495.842
1050.49829 764.544
1051.48743 442.058
1059.53101 1896.04
1060.52808 1098.74
1061.54492 442.056
1077.53210 3563.81
1078.53711 1778.61
1079.54077 570.121
1088.51929 1494.74
1089.58289 2211.88
1090.58252 1172.36
1095.55017 480.195
1146.60376 4142.8
1147.60913 2165.19
1148.62109 686.798
1164.62646 526.638
1169.43079 875.643
1170.41968 656.218
1173.60010 606.769
1175.49634 978.599
1176.51257 603.481
1182.52795 500.25
1183.56482 444.259
1187.56360 427.737
1190.62195 951.466
1191.61047 542.781
1201.59949 1064.5
1202.61609 540.383
1244.58325 791.292
1283.67273 579.128
1284.65894 496.642
1298.47583 1313.18
1299.48352 975.984
1300.47925 611.932
1315.51941 484.184
1330.53723 522.866
1396.44910 587.035
1397.44604 580.196
