2966.54262 4
110.07110 764.262
120.08069 3704.47
129.10220 2039.1
133.04294 2172.41
136.07568 3103.37
143.11778 1849.46
147.11266 854.177
157.13306 595.991
159.09181 958.5
162.08736 615.576
171.11272 6892.42
172.11697 481.458
173.12851 1073.65
175.11861 1498.7
177.10242 363.639
184.07103 599.484
185.12802 1174.07
185.16476 5452.45
193.09726 874.112
199.18015 519.564
201.03239 595.977
201.12332 1960.17
213.15967 4628.7
214.11859 1338.6
215.13989 386.736
216.09721 448.942
218.05923 2303.65
221.09250 459.454
228.13332 377.248
229.11911 491.204
239.17505 2706.02
240.13348 707.829
246.15665 349.74
248.13866 592.702
256.64990 949.622
258.14374 473.822
262.15076 807.892
270.18069 617.458
275.08072 1959.09
275.17093 565.921
276.13522 572.009
277.09695 619.496
281.11127 422.126
284.19659 17889.1
285.19992 2542.24
289.13309 668.674
300.19098 433.278
305.09070 1974.82
306.18445 358.578
312.22784 457.939
317.12772 1965.91
318.17560 368.791
326.24362 958.377
334.17807 483.281
338.24161 365.277
344.10376 684.52
346.15405 1689.79
352.25934 459.159
353.21808 807.397
355.27026 4171.59
356.27310 951.985
359.13803 412.007
362.11252 1760.51
362.72760 615.108
369.28647 823.261
371.22665 726.754
374.14957 1238.93
375.23480 1293.07
383.26511 6948.63
384.26785 1207.85
390.18112 564.729
397.28076 3973.95
398.28333 793.166
410.24005 451.545
418.17526 769.644
433.18616 2946.62
434.18912 487.283
435.20374 466.362
443.17072 1119.49
445.24948 443.952
451.32913 900.848
452.28555 1186.61
461.18069 3536.79
462.18005 527.293
463.19324 603.494
466.30048 585.72
468.35391 1003.04
469.35736 371.317
470.29794 701.656
484.31281 684.013
496.34885 2024.28
497.35220 533.25
509.21640 472.373
512.29388 4552.79
513.29761 1410.21
546.26923 939.067
556.25073 523.741
565.36945 599.459
574.26038 1104.92
578.31561 901.325
578.64996 833.185
583.38312 402.704
595.21307 385.635
598.34662 390.381
598.83777 470.813
611.36176 3274.21
612.36810 945.722
616.65442 611.227
616.99261 702.629
624.24512 681.046
646.68469 400.806
646.82928 453.351
647.07629 848.48
647.32245 688.109
655.31262 436.763
665.00336 524.226
666.87274 4270.09
667.37677 2425.51
667.58533 561.577
667.87433 770.849
671.01251 2875.64
671.34747 3703.12
671.68042 1579.39
672.01782 726.587
672.33972 632.953
673.34912 396.605
681.33710 563.04
695.40082 634.177
704.04492 626.178
704.37708 517.207
709.31683 861.168
709.82153 1022.71
710.33197 599.702
710.82666 430.63
711.33472 395.23
717.37000 509.592
723.04144 1089.61
723.41473 2038.06
723.71222 1000.2
723.91821 1368.51
724.44800 3601.59
725.06989 478.271
725.45221 1291.23
731.32764 400.615
734.83044 392.579
735.69934 1742.21
736.03101 3285.36
736.36920 1407.17
736.70276 688.599
737.01141 715.367
737.32263 981.302
737.67798 582.982
738.34698 600.206
739.26758 540.282
741.40942 1605.69
741.79120 516.26
741.93195 1136.12
742.35187 1776.37
742.41345 1833.61
742.51459 549.201
742.65381 816.075
742.83142 1171.93
742.94006 5081.19
743.34698 5064.15
743.45526 5390.47
743.67993 1498.82
743.83112 880.432
744.00299 5903.83
744.32129 2983.45
744.64655 425.52
745.38916 425.567
762.76813 708.388
765.86334 540.96
766.36444 1492.36
766.86499 1337.4
767.35889 396.503
770.38300 492.04
770.71283 708.884
771.04297 536.464
771.38062 639.876
776.38647 2267.89
776.72064 3392.3
777.05219 2385.19
777.38672 1365.29
777.71967 639.754
778.36768 467.44
783.71417 511.927
784.04816 985.329
784.37488 472.798
787.93738 1154.6
788.44757 826.377
788.72363 420.517
788.93958 561.01
794.42767 580.2
795.39880 1871.05
795.72955 2454.42
796.06091 1896.7
796.39661 860.718
799.11371 418.163
799.44379 978.224
799.77637 502.24
800.44586 636.677
805.11688 1283.16
805.45178 1359.75
805.78375 401.763
815.89990 1127.1
816.40802 1140.9
816.89612 680.388
818.40387 848.075
818.73541 1093.14
819.06842 596.553
820.38477 1115.79
821.39063 675.078
824.40320 2504.96
824.73871 3443.41
825.07050 2382.35
825.40674 1461.63
825.74670 751.826
826.07751 403.752
831.37708 714.935
837.53204 1662.75
838.44519 1217.14
838.96368 911.881
842.81696 1173.13
843.16010 1460.11
843.49292 979.639
851.43768 407.394
856.09674 1139.26
856.42871 1224.75
856.76788 811.56
857.45416 620.721
857.96887 656.83
858.47113 814.459
862.09717 2732.01
862.43182 4416.33
862.76624 3959.69
863.09833 2242.92
863.43628 861.043
863.77942 457.558
865.39453 405.274
866.97021 8449.76
867.47150 7845.84
867.97302 4583.01
868.47839 1227.83
872.43817 896.928
872.93878 623.076
873.43225 458.313
874.36572 434.445
874.85553 409.024
878.44098 539.819
878.91681 590.285
879.41858 839.489
880.51593 1017.73
880.83948 1243.59
881.17725 604.984
881.51361 431.575
885.47089 1454.17
885.98529 853.119
887.36566 793.111
888.37164 546.938
889.77899 577.174
895.11951 559.959
895.45825 1021.75
895.79169 472.534
896.12061 552.325
896.45526 416.261
897.99628 638.538
898.50464 976.994
898.99329 478.64
899.50952 450.615
902.46118 432.048
908.57019 1002.3
909.56982 632.458
915.49060 804.035
915.98907 622.501
916.46112 409.853
923.89911 477.13
924.48346 10109.5
924.98505 10513.8
925.48663 6398.7
925.98938 1973.66
926.47632 464.105
927.45227 445.557
929.54266 421.511
934.45923 1938.67
934.95984 1347.61
935.45032 414.626
941.48096 637.663
942.47058 564.047
945.38654 808.425
948.95538 424.331
949.46680 471.321
968.42072 409.824
974.47717 789.434
974.98450 775.764
975.48169 494.621
980.94629 479.156
995.60052 2415.66
996.60602 1344.77
997.01093 2207.91
997.50275 2654.78
998.01160 1607.15
998.51239 632.961
998.99860 456.469
1006.01538 30110.6
1006.51520 32985
1007.01801 19790.3
1007.51819 8762.53
1008.01776 2112.52
1008.51959 886.562
1016.41931 559.196
1024.47290 742.363
1025.48035 572.098
1055.54919 4404.86
1056.04883 5203.23
1056.55298 2819.14
1057.05371 1277.81
1058.44702 522.656
1066.64172 2950.11
1067.64063 1781.75
1075.05103 806.919
1075.56165 910.431
1076.05493 609.018
1076.57227 545.017
1084.06030 13054.4
1084.56116 15494.5
1085.06189 10050.6
1085.56348 4833.71
1086.06165 1407.63
1086.61462 457.521
1155.57263 515.432
1164.07300 1391.07
1164.57788 2136.05
1165.07361 1398.66
1165.57458 595.5
1173.54016 461.579
1192.58850 3653.31
1193.08813 4488.44
1193.58960 3678.16
1194.08899 1418.22
1194.59595 552.77
1195.68335 2628.23
1196.68677 1455.8
1197.68774 442.055
1227.09387 513.754
1227.57898 433.522
1236.09924 3882.81
1236.60095 5368.59
1237.10352 3801.43
1237.60474 2252.38
1238.13074 613.793
1287.59888 611.145
1292.64966 546.704
1293.15051 684.763
1293.64246 473.558
1332.73779 2468.65
1333.74377 1954.31
1334.74158 630.409
1446.83472 490.314
1499.74036 522.076
1500.75085 438.395
