2227.10776 3
110.07103 2754.93
119.08141 870.657
120.08057 8120.74
121.08381 674.176
129.10205 10633.8
130.06503 574.498
130.08623 700.884
130.10556 709.771
136.07556 3737.27
147.11256 1434.4
157.13281 660.693
159.07637 378.932
159.09138 1562.63
171.11223 866.955
173.12901 362.796
175.11864 1884.36
185.12804 554.75
187.07111 501.492
187.10742 355.725
191.11708 771.819
195.07648 664.974
197.10330 405.118
197.12782 369.37
199.10779 840.031
199.18060 376.885
201.08704 341.515
201.12296 927.84
205.09642 496.706
210.02576 594.355
211.14369 425.668
212.10321 452.156
213.16017 400.307
215.13843 1048.77
216.09752 496.103
217.08214 350.392
217.13606 885.741
219.11214 755.84
225.09793 1116.31
229.11702 467.028
230.11313 2249.56
233.16449 3254.07
234.16718 323.657
240.13382 497.933
242.18555 2401.84
243.13324 665.344
244.16475 444.16
245.07704 629.676
245.13092 411.219
249.15987 541.871
258.14304 542.884
259.09161 364.866
260.19672 322.869
261.15903 1589.57
270.19232 794.694
272.17361 390.854
276.13400 1104.49
276.17001 362.5
277.15411 329.244
284.19504 438.689
285.13501 1413.63
294.18045 2350.02
296.12338 431.677
305.16129 615.557
314.13437 1208.91
322.18640 600.014
339.21353 1328.1
343.23315 701.63
348.69296 915.807
358.20621 487.69
368.19281 522.374
370.14993 823.28
372.16589 1033.69
374.11896 669.201
386.20224 1030.17
388.16086 2194.93
389.16586 402.709
397.71283 505.353
423.20303 407.595
425.16705 428.845
431.23950 4242.31
432.24478 1110.96
438.28125 561.15
443.17715 1471.03
444.17767 364.858
444.29544 378.416
453.28357 387.883
454.26517 772.18
471.28387 1374.34
473.25159 721.606
483.23358 469.811
501.25009 656.187
507.23560 717.033
507.75943 407.181
509.30804 362.486
518.27240 4869.27
519.27533 1244.12
521.75562 830.36
535.22827 1121.21
539.78601 405.548
540.28088 425.721
540.76538 350.428
544.22723 536.51
549.27515 750.597
549.77924 691.734
554.20374 620.149
559.32208 684.454
572.21912 2844.65
573.22290 849.542
587.27478 654.9
588.29968 571.054
589.24023 355.221
620.31561 1669.53
621.31915 750.233
630.30017 941.822
644.32410 377.206
648.31360 2138.87
649.31439 799.074
663.32269 842.093
673.39380 550.451
677.87024 360.342
680.40253 490.277
681.33453 12203.7
682.33795 4910.77
683.34485 586.377
686.39227 3073.65
686.88495 4884.97
687.38379 1394.64
695.39508 65656.5
695.59869 520.567
695.65247 560.908
695.71295 370.368
695.89551 23414.5
696.38867 1814.06
703.25909 1498.06
704.25897 494.67
704.39972 6614.46
704.67517 414.809
704.90039 2548.26
710.38922 451.209
717.34686 438.444
735.37817 846.257
735.87372 1135.58
736.37402 382.058
742.38770 532.297
742.93811 6434.24
743.23096 423.151
743.31696 617.102
743.44763 4186.5
743.94397 2202.94
744.38257 16140.5
744.50903 579.516
744.70020 368.835
744.88306 6700.29
745.40320 380.499
761.40118 375.024
767.38806 875.058
776.41785 412.277
784.42188 1253.18
785.42828 433.09
788.35309 419.28
794.41895 9939.17
795.42615 4385.11
796.42200 789.542
797.37927 906.998
797.88892 826.162
798.39728 442.969
801.31189 493.49
808.42645 566.51
813.39209 723.247
816.33673 991.475
817.34076 382.78
818.44482 569.926
823.47437 998.584
831.38794 681.827
832.38672 605.021
864.41602 482.847
878.91595 1983.12
879.41412 1967.97
879.91992 1130.09
880.41254 403.354
895.46039 451.763
896.44745 529.623
908.48114 416.164
909.48578 370.308
913.46198 1341.81
914.46265 771.585
915.46832 417.369
923.47229 455.024
929.41498 670.391
930.42383 553.734
933.93829 556.937
934.44196 620.829
934.94061 508.361
935.43311 416.62
941.48596 13047
942.49036 7772.77
943.49481 2216.74
943.93738 385.68
944.41864 573.575
952.50934 1068.54
963.40210 495.826
964.41101 552.081
965.45374 1691.57
966.45660 505.836
968.45007 474.708
1024.49036 1651.58
1025.48718 1057.95
1026.49597 404.957
1038.54089 468.277
1042.50439 6606.33
1043.50537 2981.3
1044.51013 1001.74
1045.43945 378.433
1051.58655 1557.67
1054.57153 4934.33
1055.57507 2480.18
1056.57727 1087.82
1057.52905 385.881
1058.56934 370.709
1060.44482 741.759
1063.56885 416.261
1064.53247 759.923
1065.55786 391.241
1097.54614 653.314
1098.55310 429.434
1120.61023 808.067
1145.54932 373.512
1155.52893 1512.28
1156.52856 1097.39
1157.53735 486.626
1173.54224 5235.25
1174.54565 3638.64
1175.54565 1547.18
1185.61548 1837.19
1186.60938 1189.67
1187.61316 1033.14
1215.69409 625.79
1218.56799 503.73
1233.69470 539.294
1258.64380 407.411
1268.60706 454.927
1269.62195 676.346
1286.62720 2350.17
1287.63684 1246.52
1288.62598 708.28
1314.66455 720.016
1315.65613 484.253
1433.70398 800.519
1434.70581 589.195
1558.73779 445.047
1756.82532 975.104
1757.84070 746.677
1758.82935 455.419
