1793.80423 3
110.07108 33429.1
111.07430 1567.4
112.08664 3937.71
115.08615 1489.74
120.08060 3058.02
129.10217 7034.49
129.11334 1146
130.08594 1445.12
136.07550 1356.13
143.11790 884.683
147.11273 3156.86
158.09198 1888.99
159.09111 975.643
166.06032 1037.85
167.08118 918.263
171.11240 1144.05
173.12874 985.414
175.11865 8559.9
179.09245 1692.14
181.10757 1610.19
185.09167 1456.3
187.14377 9146.18
197.12851 1620.18
198.12392 922.815
199.10791 1253.93
201.12325 913.388
207.08734 5112.71
209.10332 3035.49
212.13948 1518.1
215.13852 3372.39
223.15498 1656.05
225.09840 992.173
226.11780 3114.64
230.14897 2003.95
232.07472 983.52
238.11865 1704.36
241.08061 992.54
251.14977 5734.91
255.14484 8647.81
256.14749 1332.31
259.09134 1239.38
267.14941 1380.87
272.17148 11268
273.17383 1083.18
278.15140 1388.39
285.16638 8046.65
288.20258 1292.07
295.14032 2831.8
305.06366 3017.5
314.69223 9594.39
315.19351 3340.79
320.17130 4577.28
321.17410 1004.4
326.17010 1161.82
333.05963 1001.88
340.69070 2510.55
341.18994 1242.73
347.67596 1745.91
349.20270 15192.3
349.70410 4712.66
350.20563 895.927
354.18790 10596.1
355.19559 2126.13
364.66653 1146.64
365.21646 1810.08
367.16165 951.5
373.25586 1188.61
377.21906 1067.54
383.71341 7073.94
384.21616 2339.84
385.25558 4734.56
393.72031 1488.88
398.20474 1119.5
402.72678 7216.55
403.22900 3180.12
407.71573 1148.13
408.22171 2099.64
416.72446 11707.1
417.22525 4173.5
417.72617 1575.03
425.26715 2012.39
425.72845 1314.4
426.23306 2302.44
437.23608 1805.77
442.23169 2959.21
442.72794 1588.17
443.72183 994.002
444.29175 2551.06
449.21320 1017.97
451.23508 33261.8
451.74207 12221.8
452.18365 2073.68
452.24432 24649.4
452.74561 11000.8
453.25528 10151
454.26154 2211.01
457.23657 2002.23
460.23959 7321.33
460.74088 3861.59
461.24731 3012.79
461.74664 1402.51
465.71271 7521.7
466.21106 2489.27
472.28714 18136.1
473.29120 3922.8
476.68594 1131.18
485.76505 1948.81
486.22318 1006.58
486.72305 1169.06
491.21838 2198.13
491.71262 1219.19
492.21832 1290.32
499.76309 2412.07
500.22318 31426
500.72418 15375.5
501.22952 14796.6
501.73160 5432.96
502.23260 2689.17
508.27539 1045.18
508.78448 10872.5
509.27817 7587.83
509.78091 2586.34
512.28760 4178.94
512.79205 1793.73
513.60455 1509.28
521.61346 2297.54
521.94403 1253.59
522.27637 1124.07
523.61884 1411.05
527.28705 14871.8
527.61707 24866.1
527.95062 18217.4
528.28387 7372.86
528.61987 1547.03
531.32434 5431.49
532.32733 1532.7
532.95648 2215.81
533.28955 151057
533.62311 138144
533.95715 67143.6
534.29077 21725.8
534.62384 3733.5
534.75696 985.932
539.29260 42668.1
539.62604 33933.1
539.96027 14671.6
540.29791 4733.43
540.63531 984.473
543.97009 1255.33
544.30585 1561.62
544.63525 1046.28
545.28882 1642.17
545.34790 1083.09
545.63000 1378.09
548.26733 1164.58
548.75159 1606.21
549.20258 1670.23
549.27478 1622.71
549.71210 1170.32
549.97467 1770.29
550.29895 3358.03
550.79633 1314.06
554.25079 1493.24
554.31818 2544.82
554.60248 2536.1
554.93762 1003.07
556.27448 1468.14
557.26520 974.945
557.77258 4662.78
558.27551 3931.34
558.77081 1212.74
559.28381 948.668
559.94476 7838.58
560.27606 17407.4
560.60803 11921.1
560.94232 5385.41
561.27490 1290.95
563.78986 1916.31
564.29352 4011.24
564.79706 1980.39
565.30463 1717.85
565.57703 1183.49
565.65057 1375.06
565.94830 92831
566.28149 77274.3
566.61554 39569
566.94965 13274.8
567.27881 2360
571.63849 1043.51
571.95074 9406.49
572.28351 11451.4
572.61969 5036.55
572.95135 1717.92
573.30457 2794.99
573.80438 1049.59
576.62958 2995.9
576.96234 1887.54
577.29572 1032.63
578.30005 1207.87
581.23309 1588.5
582.29767 27153.7
583.30408 8464.37
584.30316 2059.71
592.60626 1266.42
592.93451 2720.47
596.30414 1422.95
597.96246 1546.04
598.30420 3907.43
598.60590 19218.8
598.79492 2940.19
598.94073 11319.9
599.27106 7843.04
599.60889 2554.56
600.26965 1320.7
600.35406 8349.17
601.36145 2076.72
607.31055 2359.62
607.81451 1097.76
608.30743 1429.84
612.77692 3739.65
613.28107 1987.33
622.84210 5086.61
623.34161 3065.29
623.84863 1025.43
625.23810 1122.31
628.37726 33831
629.38141 9518.39
630.38892 1210.21
640.84448 1005.35
644.40955 1557.91
647.28876 4375.68
647.79102 2656.58
648.28766 1033.8
649.85028 1468.05
650.35480 1519.57
652.27740 2080.52
654.84076 2500.23
655.34198 1836.45
656.28729 1765.29
657.35229 4143.21
657.85248 2561.31
658.34698 1306.14
661.77203 955.678
663.84888 3071.98
664.34894 1841.7
666.35376 1312.02
667.38843 8427.44
668.39136 3136.87
671.82928 1458.8
672.32672 1252.98
677.37738 2175.2
678.35846 1180.97
679.38861 4078.91
680.27655 17733.9
681.27838 5744.57
682.28271 1218.98
685.40259 2319.56
695.38251 30841.1
696.38269 10931.5
696.78918 1040.98
697.39819 93704.3
698.40161 33520.1
699.40680 7581.48
700.39948 1025.88
702.38556 4878.49
703.83270 2734.1
704.33167 1552.04
706.34106 1685.03
706.83032 1110.75
707.33417 1354.92
711.40765 1883.36
712.37488 1606.88
712.86566 2289.03
713.39801 3690.61
714.39148 1356.42
721.38641 1384.76
721.87982 1385
722.38458 1104
725.33563 1353.41
726.36926 1705.47
729.42664 8641.83
730.43115 3364.98
735.38696 1010.37
735.87958 1188.05
746.92413 2625.93
747.42120 1326.3
747.92297 1318.03
748.41638 2504.43
749.41364 1401.61
760.39178 1712.93
760.89587 1875.57
761.85968 1063.18
765.36255 5300.73
766.42139 28467.8
767.42291 13262.1
768.42706 2380.4
769.90991 1034.83
770.41895 1230.03
775.35553 1910.94
778.92395 1108.31
779.42126 1733.87
784.43213 6019.79
785.43427 2279.03
792.39569 1058
793.35944 20489.6
794.34247 5307.48
794.44556 2936.84
795.34143 1384.93
795.44391 1296.85
795.90900 2057.24
796.42487 1541.34
796.91644 1161.64
804.45746 1323.38
816.43152 1025.92
823.32013 1111.99
828.91772 994.658
832.44293 4633.57
833.44678 2268.7
836.38135 964.627
842.50873 2312.79
846.38519 4523.56
847.39032 2070.04
850.45264 1591.13
854.38806 4731.7
855.39465 1956.57
864.39783 7117.45
865.39655 3552.41
885.44769 3873.37
886.45215 2117.61
901.46063 8353.17
902.46234 3598.19
903.47815 8371.71
904.48242 4222.49
913.45197 1952.81
919.47815 2451.16
921.48523 1370.72
930.41357 1990.55
931.45947 1118.12
952.36322 4996.67
953.36182 1929.08
967.47345 982.114
983.42371 2316.9
999.43616 4361.64
1000.56573 2941.64
1001.57703 1929.72
