2255.05936 3
110.07083 2072.18
120.08042 3248.37
129.10185 1476.68
130.06494 560.175
130.08647 451.835
136.07535 21229.5
137.07848 1574.89
143.11812 457.572
147.11241 1302.41
158.09212 596.028
159.09128 1439.24
171.11229 593.874
175.11845 8554.78
176.12279 414.107
183.11217 1491.51
185.16440 9172.67
186.08678 675.372
186.16739 699.432
187.10687 871.523
187.14323 1191.98
201.12283 3579.22
203.06584 441.778
210.02608 463.199
211.10706 863.978
213.08598 751.741
213.15910 3513.5
215.10045 421.748
215.13872 705.686
217.08167 676.473
217.13547 542.53
227.17426 577.1
229.11760 4091.74
230.12241 448.975
231.09814 865.195
233.09158 490.901
233.16301 437.489
241.08109 3103.59
243.13359 525.525
249.15970 1056.62
251.10176 785.414
251.14967 503.159
257.12360 981.681
258.14349 871.695
259.09143 4022.85
265.11771 1346.05
271.17624 726.739
276.15359 725.828
277.15344 1273.07
279.09677 1237.73
285.13495 2104.89
288.20209 3322.96
293.11234 5544.48
294.11682 881.921
312.15503 547.488
330.16281 479.624
332.10760 1131.11
333.19116 516.066
340.14868 991.567
342.21387 718.696
358.15936 1832.16
359.23904 3692.11
360.24115 599.591
361.14838 716.623
370.12280 1403.24
382.14413 425.197
388.13199 938.069
389.23694 830.32
392.18143 551.424
400.15924 1561.82
406.19650 1124.21
413.17426 434.819
417.69122 2554.79
418.19107 1072.95
431.17194 458.205
445.18945 491.651
463.14713 860.647
469.18735 792.807
487.19907 1609.14
487.29700 3657.03
488.30057 874.187
499.22318 2433.11
499.72495 1768.21
500.22324 725.387
502.32516 1131.2
521.22137 475.735
527.29462 1427.68
530.23718 656.737
540.21796 2190.94
541.22034 504.406
544.31812 21195.9
545.32104 5414.26
546.32367 885.052
558.22845 4824.45
559.22839 1289.42
562.21173 1039
563.74268 1915.42
564.24280 1412.98
572.30786 497.831
585.27917 658.979
613.27966 940.869
613.77686 564.212
614.28271 543.575
626.35803 524.347
631.36456 1320.68
643.38678 12312.3
644.38983 4117.95
645.39832 474.658
646.24799 523.036
657.29321 467.269
661.27826 475.288
663.37805 531.348
675.28699 557.668
693.29736 2811.15
694.29608 983.478
697.31616 487.059
698.36932 484.156
703.28387 1135.3
710.34570 473.002
721.29236 14694.3
722.29510 6029.99
723.29443 1373.27
730.43250 2885.12
731.43927 793.192
745.31287 821.101
751.40747 1306.67
752.37421 2369.7
753.36401 1141.19
754.42621 907.692
755.41370 535.568
762.44006 719.601
764.34326 1051.52
772.42889 9054.57
773.43298 3807.4
774.43951 612.884
790.32318 863.833
791.31677 518.198
806.38177 3168.33
807.38495 1532.9
816.36340 1477.92
817.36871 853.863
829.50336 1911.87
830.51044 824.526
834.37622 22138.5
835.37787 9582.15
836.37817 2752.18
837.40161 609.605
845.42676 1608.25
846.42572 833.049
881.40424 615.961
883.46466 1321.72
884.46710 902.839
901.47046 12528.8
902.47552 5585.22
903.38116 511.999
903.50848 877.523
904.40668 465.295
906.40845 828.017
944.50128 576.473
960.54736 1533.65
961.55084 672.333
963.53497 1000.28
969.44135 1348.23
970.44427 661.583
978.50763 813.037
979.40625 736.306
994.49084 915.707
997.43817 7169.88
998.44067 4533.01
999.44287 1351.15
1012.50397 2892.7
1013.50519 2025.32
1014.50824 761.362
1029.54785 581.839
1030.51465 14098.5
1031.51514 6960.62
1032.52271 2283.37
1075.54578 558.583
1089.59155 798.588
1090.57849 463.793
1098.48853 1136.62
1099.48535 627.597
1108.45947 614.821
1112.58533 473.678
1126.48096 12403.3
1127.48242 8116.71
1128.48462 2805.92
1129.58765 6760.46
1130.58252 4146.63
1131.58521 1238.54
1177.64697 539.014
1190.56213 995.684
1191.56042 707.007
1197.54749 476.328
1204.60327 966.064
1205.60266 603.839
1225.54749 2892.75
1226.55640 2207.33
1227.54736 580.374
1239.60413 472.153
1240.61377 1154.92
1241.62488 894.766
1258.62048 2987.54
1259.62720 2263.75
1260.61584 576.105
1291.64197 6080.75
1292.64307 4075.04
1293.64771 1349.39
1354.58521 1251.64
1355.59509 1156.83
1421.69373 1174.26
1422.69702 912.027
1483.65991 558.045
1484.63440 612.528
1612.67749 712.858
1613.69629 811.507
