1106.49497 3
110.07102 2923.55
111.07388 189.296
112.07507 239.263
112.08672 717.654
115.05008 658.657
115.08643 200.44
116.07031 182.932
120.08054 737.335
124.07568 552.417
127.05026 352.631
129.06566 977.831
129.10201 2985.59
130.08607 468.152
130.10440 183.625
136.06157 612.927
136.07538 1214.78
139.04984 269.13
140.01064 722.759
141.10201 1342.52
142.10503 196.365
143.11679 211.833
145.06029 256.236
147.11267 687.723
149.04460 729.578
154.06114 583.854
155.09271 299.736
156.07649 1388.81
156.59221 1613.15
157.06067 1251.74
157.09703 2241.58
158.09229 690.768
159.09100 234.141
159.11258 1180.62
166.06117 285.908
167.05482 503.855
169.08679 310.234
169.09424 306.316
171.11263 226.95
171.59171 212.686
173.12790 691.659
174.13231 187.833
175.11870 10628.5
176.12267 510.489
177.59683 209.092
181.09772 358.867
184.07133 5184.14
185.07529 240.321
185.09700 657.505
186.08696 1514.49
187.10733 655.371
195.11255 228.204
195.61575 293.171
196.07141 923.992
199.18059 201.602
201.12294 698.316
202.08208 401.865
204.62064 367.494
209.09201 339.542
210.12344 1231.7
211.10706 317.774
212.12120 1380.97
212.62207 192.322
213.13426 3756.97
213.63611 1318.75
214.08197 1938.25
214.11795 296.84
214.13771 203.637
221.12593 1004.45
225.09792 1068.82
226.08220 2420.34
226.11729 222.909
228.13371 837.402
233.16368 326.745
235.08318 268.668
238.11835 1168.2
239.10286 216.869
240.13405 254.73
243.10815 1957.54
248.15955 231.19
251.14964 904.935
252.14552 464.895
253.09276 3518.42
254.09448 250.099
255.14355 227.164
255.64828 426.872
256.12881 1568.31
267.14398 889.681
267.65482 298.732
268.15961 202.639
269.15863 191.162
270.11523 566.206
270.64752 1571.81
271.10315 3999.54
271.15021 398.374
272.10513 433.053
272.17157 378.408
277.14087 278.442
282.04807 830.531
283.14001 432.798
284.81485 1017.21
285.14041 396.994
285.16910 2677.31
286.17050 941.394
294.16718 535.602
295.15430 820.293
299.06030 910.68
302.13400 285.288
303.81909 287.726
305.18253 204.457
307.13913 410.259
310.18823 333.063
312.17725 9884.42
313.17950 1237.6
320.18173 1591.67
320.68176 450.236
322.16522 254.376
324.16592 2826.18
325.14621 497.635
325.17389 455.052
327.07767 1002.14
330.18661 234.46
330.84921 221.74
335.13287 516.804
336.18826 694.022
336.52365 440.229
338.18250 234.984
341.66516 393.393
342.17505 1870.64
348.67596 195.837
351.16690 224.123
351.21310 231.159
352.16129 3011.41
353.13623 398.423
353.17227 361.865
354.18787 680.273
354.69214 905.457
355.19318 392.533
355.70441 573.927
362.18005 271.824
363.69809 1614.01
364.20029 460.988
366.17542 626.888
367.93021 197.992
368.79120 402.438
368.92545 289.566
369.12033 429.682
369.17450 2046.21
369.22409 4209.73
369.70236 1393.28
370.17032 1994.21
370.23242 620.379
371.15158 945.201
375.20523 208.236
375.70285 224.643
378.71048 225.091
380.19186 471.588
380.69055 275.996
381.19531 310.927
383.20337 889.021
384.21460 462.37
386.80322 2357.52
387.83237 314.718
389.20309 4015.3
389.69955 2587.95
390.19797 560.205
398.20792 13335.6
398.70987 4622.8
399.21011 1124.68
403.19986 547.845
403.70593 215.39
404.20685 293.794
404.78345 763.398
407.22641 204.256
408.23431 563.073
409.20078 419.454
410.16882 327.109
417.71353 1556
418.21014 728.113
422.14221 530.856
422.78769 519.404
423.27005 876.653
424.27341 547.726
425.26114 12996.5
426.26428 2537.96
426.71869 8483.39
427.21991 3554.53
427.72131 689.202
428.17648 914.688
428.70602 276.153
431.70935 419.85
435.24731 325.801
436.22940 399.901
437.21799 658.833
437.71487 710.672
438.68332 377.154
439.19113 285.221
440.14935 310.15
440.22516 251.188
441.23709 198.308
446.22409 2405.9
446.72055 1938.9
447.22302 518.962
449.21423 379.815
450.13232 231.959
450.21222 295.364
451.22791 399.441
453.25616 703.844
454.26089 311.864
455.22919 10466.2
455.73114 5308.34
456.23239 856.431
464.23605 292.522
467.18460 833.431
469.23349 314.853
477.24014 667.286
480.25641 459.502
484.23788 228.606
485.19891 1453.23
486.19574 219.939
504.21548 284.777
504.71747 270.13
505.24817 252.32
522.27789 844.344
523.25964 1554.54
524.26501 365.715
525.27252 277.136
534.30475 611.561
535.30469 689.554
540.28723 30996.9
540.45728 225.571
541.29077 8054.68
542.29291 837.375
550.27124 1016.26
551.27228 310.853
552.32452 503.519
553.31598 705.761
554.32031 203.894
567.28882 334.236
570.28442 341.526
580.27216 295.519
582.29779 309.811
583.30133 292.944
584.26007 363.086
598.28003 408.091
606.30060 201.001
607.30048 245.939
621.27319 253.671
621.35773 392.092
622.33313 607.808
624.30872 1010.42
625.30737 374.737
639.35651 11727.8
640.36023 3437.27
641.36536 431.425
649.34015 787.863
650.33838 408.111
678.32050 296.296
682.32831 197.7
696.32391 238.819
707.34680 521.492
708.37701 1175.45
709.37036 687.058
726.38800 8328.72
727.39148 3355.37
728.39099 528.495
735.34241 695.115
736.36115 337.168
753.35382 446.052
777.40021 323.852
778.39130 260.474
795.40845 1932.49
796.41071 777.591
