2466.11222 3
110.07102 1254.69
120.08058 2785.53
129.06575 653.418
129.10211 1445.93
130.04984 416.181
130.08617 866.856
133.04276 2013.05
136.07561 1148.12
143.11807 284.991
147.07625 395.561
147.11267 1904.77
157.13258 195.926
159.07616 1023.74
159.09161 578.722
166.06105 249.831
170.04475 409.778
171.07626 225.434
171.11249 482.736
173.12804 278.668
175.11874 920.886
181.06073 349.306
183.14871 310.526
185.16464 638.816
187.07108 3501.45
187.14371 938.939
188.07455 246.915
197.12825 531.296
199.07135 1094.82
199.18030 783.396
200.10323 183.656
201.08766 193.697
201.12297 394.924
205.09956 247.603
213.08646 441.132
213.15941 407.696
215.13861 1176.21
219.14915 491.558
225.12276 214.508
227.17502 823.945
228.13458 190.045
229.11716 389.599
231.09831 503.636
233.09468 501.832
233.16504 672.381
240.13425 398.055
241.08127 674.19
242.14966 230.564
243.13353 1072.26
244.07623 620.151
244.16470 421.339
249.12346 300.999
251.14969 349.494
252.10889 769.628
258.14471 583.781
259.09189 906.007
261.15900 588.719
262.08493 1097.21
270.10724 363.273
272.06949 1287.97
272.15744 198.346
273.05603 202.448
276.15460 654.756
277.11832 215.44
277.15417 194.592
284.10364 216.857
288.11841 603.156
290.08008 3486.6
291.08322 296.534
298.10190 617.204
300.15396 797.686
301.12946 489.488
310.10278 530.514
316.11285 1355.59
326.16998 554.278
328.10989 378.326
329.19272 2098.48
330.19394 234.044
333.17624 3684.31
334.17813 566.469
344.17944 268.36
350.15561 193.934
350.21820 2187.24
351.22284 293.098
356.69131 246.543
363.13870 203.049
367.12457 249.195
372.17514 207.25
373.13937 203.624
381.15103 679.644
383.18900 212.832
385.13239 290.478
391.16119 528.653
401.11200 1583.64
401.20599 230.121
402.11755 200.881
403.16486 886.743
412.20767 535.582
412.70724 323.579
416.21466 641.598
419.12354 656.077
421.21524 343.843
429.19788 517.464
434.22391 5643.44
435.22775 1148.99
436.23224 225.699
445.17453 201.707
454.75641 414.622
455.21500 259.859
458.12949 200.746
464.26099 1560.46
465.26511 253.529
468.74615 315.672
476.14398 307.61
477.75772 315.703
478.25821 202.559
494.23532 416.825
497.25800 493.433
497.75836 292.737
502.19678 257.882
506.26395 509.438
506.76666 253.347
514.19391 386.556
520.21027 280.364
528.21954 699.871
530.24805 259.173
532.20563 574.366
547.25061 236.73
556.79199 240.968
561.78064 418.984
565.26251 3642.55
566.26306 773.879
567.25818 237.565
570.78827 630.033
571.28461 336.906
576.27655 308.639
587.17664 218.4
589.22351 239.029
590.25238 557.34
590.75677 319.988
593.30341 3514
594.30524 1256.84
595.31201 229.13
599.25952 495.649
599.75800 397.705
605.18921 307.206
611.25659 1215.72
612.25299 294.569
615.23193 286.765
629.26361 404.899
635.30945 429.54
635.81140 235.794
641.30176 477.214
648.30109 628.32
666.31122 8437.61
667.31488 2383.57
668.31384 890.467
669.30029 349.077
670.32886 228.856
676.35132 224.771
700.24939 238.842
704.37225 215.689
706.31140 209.574
712.37970 703.247
713.38275 342.141
718.26715 276.776
722.36066 205.727
723.34943 510.955
724.34137 1083.97
725.33740 566.845
740.37177 3650.39
741.37598 1630.18
742.35278 934.37
743.35376 316.526
759.32617 270.872
762.33801 327.04
770.34198 207.406
777.34235 2094.8
778.34625 743.857
779.34485 237.702
780.33942 285.67
795.35333 9555.88
796.35596 3504.03
797.35986 1317.22
798.38678 300.042
799.36652 388.744
806.38477 424.516
813.42505 518.009
822.37415 681.085
822.44690 627.209
823.40686 6305.63
823.83636 245.641
824.41016 3185.04
825.40649 811.944
829.44556 581.875
829.94666 396.52
837.42932 269.993
838.41693 271.891
841.41907 5189.22
842.42145 2400.21
843.42834 648.961
855.44434 280.697
867.43146 217.688
872.43036 241.228
880.43518 222.115
881.44257 291.66
885.98633 401.537
886.48785 275.896
890.42712 891.529
891.41864 224.812
892.45337 214.833
894.44336 278.272
895.44287 227.869
898.43719 361.094
899.44873 211.831
900.42328 263.109
908.43732 8477.72
909.43909 4001.84
910.44092 1591.01
911.45819 299.595
912.46698 269.746
919.47906 225.313
926.51337 607.234
927.50836 358.871
928.40350 541.021
929.41449 285.601
936.49194 3284.25
937.49371 2130.9
938.50659 568.734
951.00092 232.011
954.50275 3318.09
955.50836 1774.97
956.51404 549.839
993.51428 374.071
994.03625 219.148
994.51666 614.479
1001.46271 271.151
1009.46863 222.246
1011.52728 3657.64
1012.52643 1997.73
1013.53296 594.486
1019.46802 1676.99
1020.47382 907.377
1021.47125 354.494
1022.53241 1339.65
1023.03528 1050.6
1023.54083 558.116
1028.50098 282.796
1029.49792 223.423
1037.47913 4923.45
1038.47974 2520.4
1039.48413 1098.48
1040.47302 297.541
1041.48486 250.473
1045.54858 256.218
1053.54224 313.735
1057.45251 292.698
1058.46118 233.034
1078.05139 267.091
1078.54016 262.644
1086.56738 498.113
1087.06604 424.773
1112.57104 541.497
1113.58081 364.367
1122.07825 1013.03
1122.57678 1278.29
1123.08765 299.449
1123.55371 399.918
1140.56616 3469.99
1141.57019 2491.04
1142.57312 702.522
1157.55432 258.853
1158.53308 221.115
1161.44788 212.6
1162.48901 218.353
1179.49463 599.982
1180.48560 594.211
1181.50854 420.992
1184.58765 265.934
1197.51135 4623.82
1198.51257 2825.31
1199.51404 1327.57
1200.52258 433.528
1252.59399 373.449
1269.60754 2228.85
1270.61060 1544.91
1271.60632 646.291
1281.58862 407.028
1282.61096 218.371
1286.58997 264.589
1287.58691 227.246
1308.53894 839.346
1309.54309 587.493
1310.55029 312.013
1326.55383 1635.02
1327.55847 952.312
1328.55139 619.494
1338.62732 345.988
1339.63977 272.903
1345.60510 332.067
1346.59631 356.49
1385.65820 238.145
1429.63318 370.218
1430.62781 248.279
1455.62488 229.471
1456.60632 242.103
1494.57971 237.663
1512.62012 1127.79
1513.62805 705.968
1514.61487 371.316
1558.68298 627.342
1559.68738 490.922
1560.69995 282.897
1715.87708 323.3
