1850.96953 2
110.07104 906.368
115.08640 331.203
120.08059 2489.41
129.06538 356.68
129.10208 2476.18
130.06485 2196.23
130.08611 814.191
131.06848 200.798
132.08054 521.788
136.07555 788.951
141.10197 495.095
143.08098 707.42
143.11784 323.536
144.08064 554.675
147.07607 368.327
147.11269 1734.6
155.08113 268.726
157.09705 848.879
157.13321 1067.39
159.09148 8364.28
160.09509 869.607
168.08015 211.784
169.09612 264.504
169.13313 350.264
170.05960 1129.12
171.11317 223.969
173.12910 199.397
175.11868 1174.33
183.11320 386.576
183.14891 198.896
185.10619 401.163
185.12822 2606.42
185.16495 223.267
187.08623 2558
188.09021 294.622
196.11098 204.632
197.12798 426.248
198.12724 1134.49
199.17996 793.836
200.10262 759.798
200.14314 3729.42
201.08701 249.56
201.12341 485.403
201.14790 377.052
210.12679 443.406
211.14397 662.978
212.10197 308.842
213.08630 364.187
213.12303 345.407
214.11765 595.813
215.13892 275.328
216.09648 235.684
225.12425 210.629
226.11929 323.765
227.15456 2159.42
227.17447 1715.53
228.13377 1057.25
228.15733 289.705
229.11772 992.324
230.12976 451.893
231.11214 930.186
233.16438 737.261
240.09743 1023.83
240.13213 186.924
241.08138 1232.04
242.14954 1033.47
242.18651 246.249
243.13167 371.731
243.14609 252.182
245.13086 288.629
248.13994 473.667
249.12331 1045.35
250.12636 188.21
253.19121 350.241
254.14986 401.851
255.14905 6988.25
256.14606 739.994
256.16788 1603.6
257.16992 220.576
258.10883 1677.12
258.12500 2058.09
259.09048 1054.83
259.10861 1041.88
260.19644 1468.57
261.15979 434.583
268.16544 301.513
270.17917 225.35
271.14023 838.057
271.17627 762.048
272.17532 17368.5
273.17865 2789.66
274.18164 202.802
276.13428 898.333
277.11792 2613.08
278.12204 352.807
282.18057 481.743
283.14346 1527.68
284.14209 294.275
286.13913 1309.79
294.14307 244.424
296.19653 225.894
298.13782 245.664
298.21201 1357.89
299.17102 844.28
299.20981 368.615
300.17026 10126.7
301.17334 1994.81
310.21014 203.301
311.16959 309.372
312.17700 250.445
313.18570 345.761
324.22833 516.92
325.18579 391.209
326.18637 796.27
327.20404 673.777
329.16043 1518.78
339.16656 361.592
339.19867 280.754
340.23676 386.419
342.21280 426.95
348.15604 202.264
351.13049 276.345
355.23245 409.043
356.22830 371.751
357.17630 1015.79
359.17297 387.58
360.15445 386.393
367.22983 231.959
368.23245 863.818
369.14041 1755.82
369.25107 527.952
370.20712 651.512
371.20752 1522.87
372.20929 228.698
376.18619 408.228
379.16312 204.172
382.20337 201.56
384.22321 532.166
387.15112 1006.07
388.14871 1535.98
389.14954 207.644
389.21811 659.918
396.22125 343.287
397.17282 249.917
397.22366 347.102
405.17731 1388.54
406.15948 1865.9
407.16248 367.852
407.26465 2121.79
408.26724 371.464
412.25650 296.864
413.25394 2037.47
414.25238 870.662
415.19760 197.961
423.18774 552.715
428.21097 558.018
429.21512 195.367
433.20795 698.144
438.27042 285.563
439.26910 823.334
440.27634 262.469
442.24344 1055.78
454.22705 199.101
455.29474 282.762
456.29877 266.566
459.22455 416.115
467.26544 288.858
468.26303 294.951
471.18774 351.888
476.25171 370.105
477.19830 199.201
484.29236 431.079
485.28967 337.134
488.21176 302.466
489.19550 357.189
498.19180 274.129
499.17950 362.167
499.24979 428.231
500.24722 261.843
504.24503 444.434
506.22696 256.872
510.30792 579.41
513.27594 247.39
516.20483 909.435
517.18964 681.126
517.31342 725.891
518.18103 248.409
518.29749 1593.33
519.30121 419.963
527.33142 209.19
530.26166 201.06
534.21466 1511.4
535.20447 754.062
535.32251 1427.74
536.32513 390.853
544.23779 320.971
552.23041 229.228
555.32739 376.726
562.25159 590.216
567.31165 198.057
575.28229 284.672
612.33942 293.773
615.27161 356.481
629.33466 214.452
633.28027 593.236
634.27405 210.157
635.27942 198.298
636.26678 240.467
645.24335 356.09
646.36047 511.971
647.36517 221.147
663.26111 623.798
664.36517 1883.39
665.37305 578.306
681.28778 464.181
689.35779 596.151
691.29114 417.065
704.31982 306.35
744.31262 224.401
752.37842 234.917
762.33209 534.879
763.32050 216.497
779.36450 498.173
792.31763 259.339
793.40967 895.013
794.40894 336.591
810.31744 286.869
819.33997 264.701
833.36523 323.953
890.39178 285.928
925.49683 287.545
927.54871 234.28
940.47705 1221.23
941.48596 622.545
1051.50562 262.84
1052.49365 256.401
1069.51208 871.071
1070.52161 591.377
1089.51953 258.943
1225.60889 883.183
1226.60754 581.512
1296.64087 482.132
1297.63171 350.095
1367.68347 288.654
1368.65210 270.651
1438.70508 256.733
1439.73254 287.336
