1949.90371 4
110.07114 6374.43
115.08638 1669.76
120.08023 1636.16
129.10214 8517.62
130.08612 3452.22
136.06169 1267.17
136.07559 1378.45
140.01091 957.479
147.11273 7380.14
157.10817 3243.36
167.08136 1020.38
175.11876 4269.08
179.09236 938.138
207.08794 1437.9
207.13968 1798.45
221.13773 1493.61
226.11841 3962.56
230.14258 3380.97
254.16156 1934.62
255.14470 4487.72
255.64821 13089.8
256.14957 3183.97
262.13718 1760.45
272.17157 9085.69
273.17535 1208.71
274.18707 1943.87
282.67139 2011.59
291.18384 1989.45
295.14066 1679.44
304.63681 2829.18
305.18259 4915.92
305.68326 1776.06
319.16141 2393.34
320.17035 1963.52
320.85336 1835.38
330.18500 1209.14
330.52051 1104.53
340.19797 2350.13
340.68970 6513.07
341.19131 2212.57
341.69147 1062.41
349.20276 29743
349.70404 11582
350.20569 2639.5
353.19284 5981
353.50998 3843.71
353.84439 2704.56
359.19678 2368.93
362.84460 4251.29
363.17935 2742.66
369.70319 5387.51
370.20569 1875.89
373.70547 1080.94
375.20270 1206.59
376.21225 4874.84
376.54816 2605.01
376.88477 1060.83
383.71335 8320.13
384.21445 2815.92
385.25500 4541.37
385.54352 2538.97
385.85144 18803.2
386.18506 10480.7
386.51941 4537.05
390.19977 1486.94
391.22156 3116.43
391.55447 1847.02
391.88135 1097.78
404.69638 1564.55
408.87036 6933.26
409.20706 3514.33
409.54050 1543.64
412.24799 1670.21
418.20309 4345.43
418.50748 6823.58
418.69223 8678.14
418.84329 4023.52
418.90115 3315.76
419.20108 3535.83
422.55826 1311.26
423.87799 6756.98
424.21277 4472.47
424.49091 1035.61
424.54614 2563.55
426.24673 2771.92
426.74826 1366.84
428.22852 5266.65
428.56464 4150.67
428.90018 1342.04
430.48544 1826.83
430.73358 3850
430.98428 2363.63
431.99274 1741.92
434.23709 1083.51
434.74207 15667.7
434.98999 28536.3
435.24023 24976.7
435.49005 13766.2
435.74039 4702.09
435.99005 1660.62
439.24432 166331
439.34006 1287.32
439.36377 1529.11
439.38940 1482.28
439.49411 169434
439.61499 1004.59
439.64316 1079.16
439.74445 90307.3
439.99448 34783.7
440.24448 10034.5
440.49487 1682.73
443.74658 24243.6
443.99658 22940.4
444.24713 12512.9
444.49713 4593.66
444.75150 1196.23
449.22269 1675
450.25293 1567.34
451.23712 1393.51
451.55804 7006.5
451.89148 4856.72
452.24274 3359.84
452.74411 1448.34
454.98099 1485.23
455.22879 2313.5
455.48074 1085.29
455.59766 1298.68
456.53680 4500.36
456.87097 3191.96
457.57413 1032.52
459.23499 11365.3
459.48361 27049.3
459.73279 23095.4
459.98398 10163.4
460.23157 3652.56
460.48004 1746.89
460.88940 5775.27
461.22498 3357.65
461.55527 1981.35
463.50534 1530.52
463.59851 1277.14
463.73816 170598
463.85226 1839.23
463.89307 1245.84
463.98837 165073
464.09329 1089.88
464.12543 1169.67
464.23828 95926.3
464.48837 41633.5
464.73923 13986.1
464.99023 2720.26
468.23914 5381.62
468.49057 5162.03
468.74069 3825.35
468.99274 2515.87
470.75690 2975.48
471.26016 1915.13
472.28705 36400.3
473.29016 8638.98
474.29605 1062.71
475.23331 6720.2
475.73438 2937.32
479.26846 7459.05
479.74319 5116
480.24149 6701.91
480.73254 3110.39
480.78543 3262.39
481.28027 1206.32
483.72919 1191.91
483.89572 4068.24
483.97754 6133.38
484.22531 8540.05
484.47766 2218.66
484.55069 3173.57
484.73132 1293.2
484.88458 1387.08
486.79736 6379.08
487.29910 10869.2
487.80048 3015.72
488.00204 1568.29
488.23114 16230.7
488.32996 1696.36
488.48352 17708.7
488.55020 1193.39
488.60260 1452.89
488.63132 1036.73
488.75253 172644
488.90280 1202.27
488.96494 3378.85
489.25430 92573.4
489.75488 2679.14
489.89700 1073.36
490.22510 2139.98
493.54611 1533.53
494.21344 1164.66
494.77499 7578.54
495.27429 3334.31
495.77838 1019.62
501.22592 1372.85
508.78464 3637.68
509.28641 2833.77
516.55542 2134.38
516.89447 1468.08
520.77087 1745.39
529.28583 24117.4
529.78485 12272
530.28503 4540.02
530.79089 1081.79
536.28235 1822.72
537.26849 1263.25
538.29059 4508.25
538.79175 2349.58
539.29462 1089.79
542.62323 1234.6
543.76263 4169.65
544.26404 2993.17
564.29883 2240.17
564.80292 1775.7
565.64056 2041.32
565.97614 2258.28
566.30896 1755
569.26093 1429.01
573.30750 4987.02
573.80750 2962.04
578.27319 20484.2
578.77362 13469.1
579.27655 3547.51
579.64557 1173.91
583.31897 5020.63
584.32574 1697.26
587.31232 2283.33
592.78741 3824.06
593.28790 2018.34
598.29877 2302.48
598.63354 1666.38
600.34644 12395.8
601.34778 3659.11
622.84308 6470.62
623.34210 4371.1
623.83984 1777.84
630.28265 1135.08
630.35474 1141.87
657.35248 2493.32
657.84943 1070.49
658.34515 5115.31
659.34863 1224.05
660.34625 1418.03
671.82501 1172.32
672.32520 1485.77
685.36670 1133.38
697.39990 20214.9
698.40277 8116.42
699.40674 1459.99
715.36816 5260.78
716.37091 1199.57
723.34448 1367.15
725.33612 1624.65
749.37653 1147.32
766.41772 3335.71
767.42224 1312.51
813.37207 1087.92
820.40021 3738.23
821.40039 2117.31
830.39337 20320.4
831.39606 8219.4
836.37543 1738.18
847.42554 1039.11
848.40442 3428.75
849.39325 1372.15
917.45044 2204.13
949.46002 3391.22
950.46124 1617.46
