1895.79885 4
110.07143 711.759
112.08698 817.063
115.08671 457.731
120.08092 673.735
129.10225 3663.62
130.08600 520.5
136.06177 20958.6
136.07545 1856.27
137.06516 1297.75
140.08221 458.048
147.11287 1291.9
156.07704 905.801
158.09244 472.183
159.07649 936.535
175.11885 5230.72
184.62346 1080.72
187.07137 625.041
187.14403 4807.95
188.14749 411.678
197.10336 1280.21
201.12228 380.973
214.12936 772.46
215.13882 941.365
234.11589 466.566
244.16734 528.297
251.10251 409.047
255.10912 630.013
266.16019 1458.96
272.17172 733.022
283.15149 1597.37
304.16095 1737.22
310.18732 482.965
312.04932 3763.82
313.05228 596.643
321.17560 476.399
330.06122 470.016
333.65131 1346.16
334.18463 1424.91
334.68665 427.792
343.19199 1695.91
343.69171 455.46
346.01199 413.53
348.07062 575.707
361.16660 557.268
368.24014 438.664
369.67987 10314.3
370.18149 3816.37
370.68234 736.613
381.12769 1422.62
383.17340 1565.64
383.67709 436.574
390.18738 441.035
391.69992 2586.03
392.17169 470.547
392.20706 543.369
396.23477 2022.13
397.23660 633.332
400.70084 506.556
406.19940 1204.79
406.53357 585.688
412.20288 1901.03
412.53717 1585.02
412.86893 801.352
412.99026 520.438
413.26294 423.266
418.20279 423.967
423.85641 528.695
424.18521 1344.07
424.51968 521.698
424.85706 670.576
425.19247 484.421
425.73071 2327.85
426.22986 1208.83
427.18417 995.497
427.23056 872.071
428.97708 419.925
429.47763 1269.09
429.86172 12876.1
429.98157 503.098
430.19653 7683.01
430.53064 3217.52
430.86575 1303.4
430.94727 1541.54
431.19794 1600.78
431.44592 660.021
431.69598 632.481
431.95108 649.148
433.18976 455.969
435.20071 746.008
435.45108 4746.12
435.70099 3614.5
435.95181 2494.05
436.19766 927.875
436.45261 449.914
436.55994 463.746
438.86053 979.68
438.95969 436.874
439.21228 440.751
439.70917 1577.22
439.95566 1493.15
440.20587 1082.53
440.45853 691.552
440.68817 1580.7
441.18365 571.211
441.45355 2476.12
441.70267 3235.68
441.89926 3453.01
442.18729 533.714
442.23849 1798.53
442.56863 823.142
442.95758 2284.1
443.20932 2359.25
443.45691 539.497
444.54221 2814.43
444.86987 1699.56
445.19696 634.241
445.70999 7363.55
445.95895 11264.3
446.20871 6987.34
446.45905 3493.59
446.71234 1150.63
446.95892 454.549
449.18878 542.901
449.54013 444.375
449.67889 480.995
449.79102 435.3
449.81827 432.995
449.87909 592.532
449.90637 683.776
449.97156 1468.36
450.01968 2194.08
450.05121 1062.7
450.07626 1096.93
450.10812 943.613
450.13809 667.32
450.21201 162781
450.31012 1458.87
450.34042 1443.84
450.36661 1162.89
450.46246 156788
450.56128 822.479
450.58359 944.653
450.61594 899.987
450.71307 80198.7
450.79282 704.352
450.81522 826.259
450.84540 622.918
450.87903 802.26
450.96323 32211.1
451.06250 605.133
451.09354 485.523
451.11923 535.918
451.21341 10121.3
451.45987 1402.12
454.71387 31467
454.96451 29512.5
455.21536 16811.8
455.46719 5350.42
455.72238 1462.64
456.19473 755.087
456.43799 424.197
456.52213 1770.22
456.69601 426
456.85739 722.354
456.98770 584.662
457.19376 775.449
459.94403 1417.87
460.19345 1535.62
460.44504 1271.51
460.69363 657.182
462.52670 705.744
462.94705 1813.1
463.19824 1802.65
463.44910 1218.93
464.20575 442.905
464.77704 1482.99
465.27966 792.563
465.94653 3204.44
466.19638 3297.61
466.44724 1882.11
466.69711 860.802
467.22537 2944.81
468.20056 2322.65
468.53906 1863.58
468.87247 958.532
470.20364 3803.56
470.45245 5932.22
470.70319 3914.45
470.95370 1627.47
471.19992 1015.18
471.53256 944.961
471.86386 656.267
473.28552 2149
473.72128 1877.73
473.79196 693.795
474.22421 2441.12
474.28131 2188.71
474.55219 5002.64
474.70569 105497
474.81134 1062.87
474.95563 95686.8
475.06210 534.837
475.09000 545.025
475.20566 49133.9
475.28149 984.88
475.30673 653.391
475.45642 18546.3
475.53784 510.874
475.70508 5593.98
475.87512 506.844
475.96173 1269.81
476.20395 1204.36
477.20020 2491.6
477.53177 1177.77
477.86963 539.454
482.23636 1064.61
485.26428 497.109
498.89624 704.259
499.22556 427.144
505.89828 7412.59
506.23260 5567.57
506.56741 2466.02
506.89969 1231.6
508.72458 8705.88
509.22702 5661.01
509.72830 1496.15
510.22473 580.723
511.26303 3453.02
512.26654 835.972
513.71429 1023.51
519.22784 696.669
522.22357 955.694
522.72290 509.96
522.90271 526.938
523.23639 651.425
527.24194 3075.03
527.74176 4038.56
528.23914 1972.71
528.72882 564.963
528.90570 5979.78
529.23718 4986.04
529.57336 2162
529.91040 448.51
530.74347 5926.9
531.24731 2831.43
531.74634 1051.33
531.88770 667.436
532.22797 516.937
532.31775 458.235
532.57721 1664
532.91010 1370.12
534.24390 720.571
535.24353 1012.37
536.23627 581.415
538.23920 675.36
538.57654 657.493
539.25708 1321.82
539.75000 1198.15
540.25171 685.664
541.90997 4163.79
542.24353 3497.08
542.57849 2255.45
542.91248 667.082
545.90039 971.839
546.89648 621.697
547.21881 591.51
547.58386 658.37
547.91388 4828.14
548.24670 3225.06
548.58093 2010.67
548.72052 1163.97
550.22736 516.987
553.91327 803.162
554.25055 538.561
557.23322 1239.37
557.72949 1152.89
558.22998 876.306
560.79218 480.175
561.25323 1023.3
561.56873 904.208
561.89587 890.937
562.22607 500.234
564.23865 1225.3
565.23688 1315.48
565.56683 814.563
566.23804 7750.76
566.73969 4051.44
567.24036 1478.71
569.79407 433.007
570.30719 489.584
570.59222 619.374
570.92609 638.18
571.22791 830.159
571.73120 516.965
574.56738 2546.1
574.90082 2253.15
575.23090 1045.82
579.73212 3142.38
580.22876 1437.37
580.56799 2046.5
580.73676 670.788
580.90552 1358.42
581.23651 1005.97
582.24969 2679.8
582.85956 867.203
583.25171 543.225
585.73114 517.762
587.78461 615.02
594.27185 2540.89
594.60553 1688.21
594.94171 1135.73
600.27881 807.129
600.60773 501.621
600.78082 615.299
601.91461 2392.44
606.24316 1232.23
608.86627 452.545
609.23621 1962.72
609.85498 698.668
610.23718 443.714
614.76801 453.604
615.25293 433.519
615.84906 517.831
626.86902 1456.79
626.94580 594.329
627.26874 757.592
627.59375 566.519
633.84491 1488.86
634.34912 575.238
634.85028 499.889
635.77765 1828.24
636.27942 1220.5
636.77893 638.762
643.37793 1081.42
643.87860 556.739
649.28015 552.41
649.76721 442.183
657.79553 1686.72
658.30341 1645.42
658.79736 601.566
680.90320 752.592
681.88788 759.305
693.28851 1302.55
693.79370 1009.28
695.38049 471.69
698.27612 615.233
698.77643 516.92
699.89471 1836.73
700.90106 684.081
706.79218 508.355
706.91577 445.312
707.28448 539.208
707.92548 546.733
721.34467 546.494
722.89618 4146.19
723.90192 898.759
730.40875 716.732
739.89722 1228.96
741.35510 758.23
742.35675 507.696
752.90576 618.603
760.36475 991.974
761.36823 1269.91
765.36121 479.521
793.35883 583.652
795.91113 4150.3
796.91583 798.231
