1794.89128 2
110.07102 2758.28
112.08664 579.825
113.07079 186.193
115.08615 409.27
116.07026 385.562
120.08059 1639.18
127.08669 179.952
129.10201 2293.71
130.06480 278.308
130.08614 459.746
133.04279 325.642
136.07558 2147.06
137.07857 206.721
141.10179 469.247
143.08174 226.461
143.11748 341.788
147.11272 865.291
155.08159 436.815
155.11684 197.753
156.07742 190.73
157.06104 184.434
157.09801 337.405
158.09200 699.475
159.07607 218.36
159.09120 647.039
159.11272 189.22
166.06035 220.803
167.08133 575.812
169.09677 721.133
169.13338 964.48
171.07573 270.443
171.11258 508.333
173.09268 210.06
173.12822 1221.85
175.11871 5860.09
176.12346 195.623
180.98706 511.894
181.09737 246.549
183.11240 316.588
183.14886 615.677
185.09175 593.817
185.12534 236.313
185.16464 5223.68
186.12361 381.239
186.16783 475.439
187.07280 210.918
187.10733 212.631
187.14365 219.191
195.07664 264.308
197.12801 633.434
199.07208 309.877
199.10750 403.654
199.18018 7225.22
200.18408 650.142
201.12299 1059.47
210.02438 220.17
211.14410 575.983
212.10274 359.688
213.08679 481.515
213.15952 8585.18
214.11768 430.86
214.16318 1084.24
215.13853 701.885
216.13405 191.067
217.08224 263.311
217.13707 511.315
219.14888 272.1
221.12810 3694.05
223.10745 268.781
225.09819 300.617
226.08308 351.121
226.11810 765.389
226.15540 216.305
227.10327 483.191
227.17516 9445.64
228.13245 259.912
228.17891 1039.28
229.11792 1086.72
230.07758 334.604
231.09898 234.971
234.14420 324.081
235.11972 425.422
238.11957 262.339
239.11348 313.608
240.09676 237.799
240.13330 477.986
241.08121 469.919
242.11322 246.663
243.13306 1033.2
244.09242 974.133
244.16545 231.503
245.13080 426.061
247.07355 197.731
249.12288 2266.82
251.10075 207.32
252.13307 249.636
254.14754 268.734
256.12686 219.247
258.14206 255.683
259.09076 343.095
259.14017 381.452
266.14468 243.051
267.10864 421.906
268.12967 246.164
269.12393 458.724
270.14471 260.105
276.16824 376.4
280.12802 219.616
281.22150 791.909
282.18039 333.485
285.15408 222.331
287.13351 589.328
297.15356 370.74
298.13699 224.919
301.13153 221.368
304.16064 648.939
312.15591 193.568
315.16492 267.839
323.17001 192.853
325.15121 570.51
325.18491 412.21
326.24323 4647.67
327.24677 704.57
328.11209 296.866
334.10886 192.465
340.17612 195.484
341.14713 253.597
341.18021 237.208
342.20328 450.328
343.16153 1075.98
345.10449 328.335
348.19223 280.584
349.03818 195.674
352.13303 313.528
356.21869 284.984
357.17682 537.444
358.20840 296.535
360.18115 274.465
369.17807 195.428
377.21545 412.671
386.20200 268.877
388.21893 840.762
397.17014 250.711
403.22913 584.042
408.22537 227.904
411.22415 301.795
411.33322 238.42
417.24692 217.667
428.24731 282.006
430.16565 265.963
439.21838 274.572
439.32584 229.656
456.25293 298.566
469.30188 206.951
478.26804 237.721
481.15674 247.584
497.28574 231.036
508.16159 209.438
516.31360 3121.35
517.31512 707.987
518.25891 241.464
535.28467 859.208
536.28503 228.094
564.31329 787.411
569.33582 290.265
595.19867 277.609
596.30725 201.01
597.27850 232.018
614.32629 312.805
630.28638 246.3
631.34412 462.201
662.32629 437.489
693.35583 551.385
697.40125 220.332
710.22620 252.671
726.23047 300.367
728.35681 497.278
743.25623 934.745
744.26208 214.563
745.38214 2529.93
746.38373 944.385
759.31793 243.946
791.43805 218.571
799.93127 694.881
800.43738 446.202
804.42468 254.622
808.93542 390.754
813.38812 278.823
830.41479 1405.06
831.42249 306.129
832.43323 231.678
843.39050 229.774
856.33838 557.17
857.45386 269.011
860.40973 959.533
861.40790 391.519
875.46790 308.173
942.36853 232.061
943.37122 1836.79
944.37262 652.957
945.37744 280.43
970.38757 352.899
993.47595 1291.48
994.48303 369.452
996.39740 366.302
1012.39392 255.404
1013.41693 399.691
1014.40997 3881.07
1015.41168 1728.4
1016.41315 748.84
1017.41162 257.195
1023.47357 713.903
1024.49243 245.672
1093.48462 254.495
1106.55139 528.349
1110.50305 2532.31
1111.50110 1279.64
1112.48669 346.974
1113.47717 816.891
1114.47839 509.103
1193.60156 1034.49
1194.59814 309.347
1208.51575 269.281
1210.49500 295.623
1217.60986 271.468
1225.52881 1649.93
1226.53137 1209.68
1227.52563 1828.01
1228.52295 936.389
1229.52161 397.067
1274.60742 212.598
1312.53284 223.975
1322.63269 718.865
1338.55481 504.694
1339.55579 633.135
1340.54956 327.505
1356.56616 3422.58
1357.57043 2218.24
1358.57361 964.713
1359.56360 268.492
1451.67468 904.064
1452.68530 331.29
1469.65295 1603.94
1470.65759 1246.96
1471.65649 404.386
1550.75513 505.434
1568.72058 397.075
1569.72607 395.378
