1495.70000 2
110.07104 3468.94
112.08666 2966.77
113.07056 574.868
115.08636 1789.16
116.07050 1639.32
120.08059 1612.51
125.07074 366.423
127.08619 421.09
129.06558 475.126
129.10208 4801.59
129.11267 324.093
130.06491 1696.59
130.08612 732.794
130.09799 595.515
131.08041 330.103
132.08047 1246.95
136.06142 687.687
136.07555 2152.5
138.06601 938.106
139.08667 378.808
140.08221 316.156
141.10204 429.462
147.11259 1129.24
152.08202 447.207
154.06097 527.224
155.11755 1018.78
157.10779 1159.13
157.13310 735.739
158.09222 4665.43
159.07594 866.716
159.09140 11348.6
160.09511 994.287
167.08551 667.415
169.09683 506.691
170.05968 2173.35
171.07632 565.458
171.11281 526.425
172.07082 648.19
173.09192 716.637
173.12816 909.429
175.11873 21311.8
176.12299 1080.15
180.07666 371.577
181.09792 498.43
183.11302 719.906
183.14868 786.636
184.10622 326.248
185.10231 1090.17
185.12801 1049.93
185.16512 428.151
186.12309 1021.24
187.08563 407.471
187.10791 325.916
189.08537 326.039
195.07669 607.71
195.11200 371.776
197.10358 339.814
197.12769 421.587
198.13495 669.107
199.07143 563.26
199.10785 659.242
200.13861 350.917
201.08688 1938.8
201.12279 885.613
204.11366 323.228
208.10721 381.003
209.10323 450.46
210.02533 360.588
211.14348 467.481
212.10246 989.462
212.13800 348.703
213.08640 646.515
214.15341 483.074
215.13892 355.032
216.09775 308.501
217.08183 493.765
217.13637 398.834
219.15022 517.844
224.10176 424.803
226.11743 1560.96
226.15521 449.414
227.10141 1168.77
228.13380 361.605
231.09743 662.805
235.11902 779.441
239.11470 322.656
239.14970 431.784
240.09846 751.281
240.13341 768.133
241.08144 1059.53
242.11333 557.17
242.14948 1088.75
243.13121 355.089
244.12793 687.263
244.16544 410.396
245.07555 393.863
252.09651 569.843
253.14523 293.916
254.12750 312.31
255.14453 310.033
256.14511 314.909
257.12344 912.748
258.14291 385.586
259.09171 722.805
262.13586 353.307
266.13416 373.497
267.10944 341.061
269.12393 2951.92
270.10870 369.98
270.12485 339.964
272.17184 779.559
281.13940 605.196
283.15637 1378.23
284.13953 2860.88
285.13916 396.469
286.15097 1066.53
287.13446 3252.06
288.13849 311.23
288.20099 422.121
294.14352 812.155
295.17386 347.721
301.16638 415.714
303.21277 481.743
304.16110 18304.4
305.16339 2325.59
309.13394 3068.22
310.13800 398.72
311.17105 1438.41
312.17361 303.402
313.18463 761.439
319.17105 627.111
322.18707 360.455
325.17587 720.843
326.16052 13142.1
327.16080 1964.18
330.12769 439.607
335.68970 346.663
343.18707 6535.81
344.19177 1017.64
350.16034 531.75
352.10049 471.396
352.20074 457.51
353.18127 688.995
355.16141 428.73
359.19012 321.439
361.19711 491.853
370.21240 892.942
374.18326 326.589
376.16611 356.744
378.15610 676.858
380.16037 874.918
382.69757 346.921
384.21497 303.808
391.20859 1142.03
391.70596 568.586
395.18008 1434.03
396.19122 394.522
398.16635 1841.33
400.21555 307.992
402.22247 729.94
411.24756 413.551
412.20886 4117.14
413.21848 696.374
415.19415 463.179
416.17636 1028.15
421.21799 369.849
422.20224 667.457
424.21771 796.31
430.22156 566.447
433.20435 1994.42
434.20703 588.624
439.23077 1663.2
440.23749 414.949
447.74884 485.336
463.24216 425.379
469.20313 908.658
480.27304 548.824
487.21292 1223.23
488.21805 395.033
497.29565 1025.15
498.30493 353.908
504.24011 4111.87
505.24176 751.053
508.26559 765.088
509.26773 329.113
510.18750 400.554
515.30219 433.622
525.29413 1954.23
526.28992 429.96
543.29211 693.403
552.31476 802.814
591.30157 462.553
597.81458 1724.15
598.31451 1080.17
598.81873 458.879
599.31445 984.732
600.30438 650.402
606.32831 2049.45
606.82446 2193.25
607.32526 1084.68
608.33594 368.902
611.31854 1094.25
611.81891 1208.64
612.31757 610.833
615.33405 825.349
615.83136 463.184
617.32404 4288.81
617.81085 401.274
618.32404 1431.76
619.30682 408.434
620.32501 4325.07
620.82642 2648.05
621.32581 1077.28
621.83167 341.513
625.36249 777.929
627.31219 620.303
634.33679 517.018
636.32654 741.791
637.31958 394.593
651.84222 360.875
653.35254 2132.92
654.35175 1111.35
661.33960 343.823
668.33954 541.902
669.84381 355.777
670.38403 457.195
671.36163 1208.16
672.36743 604.293
673.33057 442.655
673.83368 617.189
674.33514 407.345
676.36780 333.571
681.84821 754.353
682.34149 3428.07
682.84241 2370.18
683.34369 815.106
685.36987 562.203
685.86957 326.251
687.34424 513.143
690.36334 1911.43
690.85828 3600.27
691.35120 3855.13
691.85065 1997.89
692.34503 671.185
697.40302 467.532
699.36646 23553.4
699.86688 19782.4
700.36755 8627.4
700.86694 2236.87
701.37604 325.406
708.37122 24865.7
708.87286 18354.8
709.37347 7601.13
709.87354 1917.1
710.35620 366.316
719.36438 367.161
723.32544 343.098
727.37335 1036.71
728.35791 1860.52
729.35962 785.55
736.38849 386.817
745.38300 4316
746.38593 1846.86
747.38385 624.741
748.36041 841.352
748.85431 496.585
749.45105 425.978
751.32556 1117.18
753.41339 1338.23
754.41962 831.525
755.36078 339.52
764.38904 631.72
765.38196 598.596
771.42450 631.946
781.40845 3533.17
782.41040 1630.5
783.40454 484.72
799.42157 1783.44
800.42065 553.348
828.42615 345.196
832.43341 340.742
838.40894 600.503
839.40564 419.828
845.41156 402.148
849.47412 630.589
855.43280 919.697
856.41547 2142.74
857.41644 754.206
866.49994 2557.15
867.49921 1266.17
868.51105 463.899
873.44189 5694.53
874.44202 2276.29
875.44647 479.425
877.48083 329.57
878.47540 539.083
879.38068 1272.69
880.38763 724.713
883.42255 783.504
884.38861 446.292
884.52441 1091.46
885.52881 565.86
886.40344 373.151
891.47870 423.396
894.49585 1718.13
895.49396 964.251
903.48523 357.769
908.49689 333.709
912.50385 1105.59
913.51044 518.764
920.52374 326.529
936.49377 368.099
937.53461 1716.28
938.54297 803.505
946.46594 469.798
947.46771 410.096
948.51788 548.179
949.50177 502.128
955.54443 1141.44
956.57172 461.603
964.47455 462.778
965.53430 1863.97
966.52875 1496.87
967.53540 478.349
968.53741 470.136
969.51862 451.831
983.54205 1305.11
984.54266 1023.6
986.52594 6888.85
987.52686 3734.18
988.53271 1018.02
992.48169 524.032
996.51099 1050.89
997.52173 565.292
1009.53210 333.87
1020.50787 361.668
1037.53577 795.671
1038.52942 1729.78
1039.53149 658.337
1049.55579 410.146
1050.56543 342.156
1055.54541 12917.8
1056.54932 7713.75
1057.54944 2149.23
1058.55762 432.228
1060.51880 528.186
1063.50098 437.116
1065.53357 878.735
1066.57764 3945.94
1067.58167 2142.34
1068.58667 918.151
1073.55591 5607.22
1074.55847 3277.71
1075.56421 928.965
1077.54602 562.258
1078.54358 584.994
1083.54126 1130.6
1084.58447 2295.89
1085.59229 1193.85
1086.59302 407.945
1094.57214 3385.27
1095.57361 2147.17
1096.57886 1001.57
1099.55457 461.091
1112.58179 2786.52
1113.58496 1980.62
1114.58411 544.637
1152.62024 565.77
1177.60400 640.623
1178.59326 604.452
1179.59143 380.802
1180.60254 452.705
1194.62439 2005.81
1195.61975 3653.92
1196.62451 2349.87
1197.62451 812.179
1206.58521 549.595
1212.63403 949.016
1213.63562 1962.88
1214.63367 1154.48
1215.63269 415.937
1223.61841 1642.82
1224.61926 1382.37
1225.62683 526.021
1240.64966 389.332
1241.63098 2427.38
1242.62878 1746.03
1243.64612 573.005
1258.65442 1325.88
1259.64783 1110.4
1260.64795 732.845
