1996.01401 3
120.08041 53344.7
125.10707 11230.3
136.07541 370456
137.07869 29353.1
142.12231 104396
143.12570 10991.4
152.10643 20165.7
158.09242 6614.41
169.13286 17264.2
175.11855 73160.2
185.16422 24273.4
187.10501 8736.67
187.14362 227692
188.14732 16773.8
197.12802 52716.2
198.13170 6110.91
213.15939 18643.9
215.10217 25383.7
215.13844 128255
216.14256 13164.5
233.16411 32531.9
234.16878 5770.46
235.10715 56168.5
235.14360 148702
236.11089 6850.14
236.14693 20101.1
237.12294 134948
238.12633 13034.5
247.10767 10154.1
251.10201 6159.23
252.14529 6584.83
261.15906 49868.8
262.16165 8468.63
263.10193 145211
263.13837 63243.9
264.10510 17372.6
264.14252 6789.73
265.11777 89757.2
266.12250 16521.4
279.09665 27216.7
295.14972 10807.5
312.17703 46294.1
313.18094 6373.07
315.17041 7507.14
331.16757 5751.28
331.20071 8466.53
334.17670 6088.34
334.67770 9769.94
346.17410 9037.63
348.18887 6955.47
358.17239 6587.54
360.19229 75996.4
361.19604 13237
362.17007 98123.6
363.17352 22797
364.18423 12280.3
376.18594 166145
377.18930 35753.7
378.16559 164188
379.16864 35742.1
384.21045 13217.2
384.71017 5434.15
405.19720 8043.81
406.17941 5804.48
422.22559 10705.1
423.20834 20633.3
424.21640 5561.14
426.16525 8628.82
429.24884 8025.66
440.23538 211241
441.23758 40517.4
441.72534 9061.09
446.22525 5662.69
447.26059 28091.3
448.26056 7013.62
449.27664 7149.97
457.24411 8506.42
459.22275 10452.9
461.20111 17714.4
475.25378 99745.6
476.25665 24426.2
477.22723 10732.7
479.21207 28449.8
480.20981 16438
489.19507 7509.23
491.24902 13391.3
494.22919 5993.67
497.23770 41951.3
498.24240 15111.5
509.20413 11272.6
511.25729 6252.03
523.25415 34188.7
523.75702 20588.4
525.23236 42260.6
526.23560 12036.3
529.30286 7149.96
538.23584 14999.3
539.24634 20694.3
540.24652 8479.78
555.26184 140728
556.26453 32072.7
557.26965 6379.09
572.78998 27414
573.29144 20604.5
574.33087 15329.5
575.33350 6098.57
590.31781 10508.9
592.29883 14064.4
593.29877 21289
594.29840 7048.31
598.28754 10915.8
608.26807 21257.7
609.27289 5964.99
610.32257 25142.1
611.32336 9801.12
622.28607 16991.8
624.29932 5338.62
626.27808 16401.4
627.28162 6703.04
629.33032 18886
629.83203 12507.7
638.31592 55800.5
639.31842 19116.3
651.32019 8639.75
668.34601 173009
669.34851 58313.7
670.35620 10307.3
678.33234 5752.11
692.36597 5812.97
693.36237 5335.65
694.35223 7489.58
702.87122 11264.7
703.36871 8982.68
711.37000 9218.31
721.35443 37661.6
722.35663 14010.7
737.38623 17414
739.36426 32229
740.37024 11032.1
750.38733 13075.7
760.37946 15806
760.87335 10708.7
767.41376 221793
768.41632 85786.6
769.41748 16377.5
809.91687 10567.1
810.41235 8435.41
820.42169 6130.18
834.43829 11645.1
835.44043 5963.97
838.42792 7601.52
852.42114 10787.3
864.42566 5643.22
865.41919 21440.8
866.41913 7785.84
871.38055 6659.65
882.44080 272727
883.44348 118733
884.44214 26892.8
892.42377 6056.39
970.45325 5731.49
1027.48853 14277.1
1028.48352 30926.1
1029.47510 15824.7
1045.50281 613779
1046.50586 328818
1047.50806 95090.7
1048.50854 11712.6
1126.56775 8385.06
1127.55737 18080.2
1128.55115 10408.4
1144.57043 347421
1145.57422 208777
1146.57959 59531.7
1147.58093 10553.8
1257.65576 114474
1258.65747 93018.9
1259.65930 34528.9
1404.72302 41467.1
1405.72876 31704.7
1406.72400 12751
1519.75208 70469.4
1520.75598 57114.4
1521.76172 24970.2
1618.80615 10025.3
1619.83484 9325.43
