2298.03312 3
110.07104 4476.44
120.08053 9848.76
124.03906 4628.29
129.06578 2136.48
129.10196 6784.17
130.06479 6359.93
130.08595 2136.44
131.11760 861.833
132.08057 765.397
133.04269 6938.74
133.08568 1043.81
136.07550 11742.6
137.07898 1042.27
141.06561 23171.3
141.10126 1850.77
142.05000 918.803
142.06876 1350.62
147.11256 5096.18
159.07620 35839.8
159.09134 27462.7
160.08031 1490.79
160.09494 2347.64
167.08072 819.5
169.06100 1346.66
170.04474 1561.56
170.05956 1280.22
171.07594 3409.7
175.11899 2485.57
181.06026 989.968
183.11191 828.746
183.14896 4197.88
185.09155 1286.33
187.07101 34831
187.14381 1079.36
188.07552 2147.81
189.08672 4595.35
195.07623 855.435
199.07097 2850.89
201.12308 2065.54
204.11310 1360.23
211.14359 1786.54
212.10341 792.07
213.08649 3264.19
215.10390 805.131
215.13896 2226.59
217.08163 14718.4
218.08521 1140.44
225.12413 992.718
229.11827 1076.68
231.09785 2639.6
240.09834 976.932
240.13451 1049.05
241.08177 1829.48
242.11313 1706.25
242.14961 2134.2
243.09615 1280.07
243.13217 1432.34
244.09210 1043.66
245.07623 9349.95
246.12634 4854.12
247.10707 1011.14
249.15898 4513.91
251.15047 1741.73
256.11087 860.795
257.13992 1425.02
258.10724 1341.82
258.14395 1003.59
259.09195 7393.27
265.11798 3185.97
270.10715 2723.7
272.17520 2235.02
274.12109 2347.77
275.10291 893.032
276.17178 1019.06
277.15430 2707.86
281.11212 864.939
285.13394 5479.68
286.13632 965.753
288.11813 5417.71
293.11304 5882.98
294.18060 10353.4
295.18411 1949.7
298.10211 844.91
300.17017 3845.33
302.09653 1105.25
310.10309 1663.56
319.12091 2264.79
328.11310 8773.47
329.11526 1178.28
330.09378 838.092
341.14572 1256.76
346.12292 7502.16
347.11707 5152.04
348.12125 1081.62
352.19724 2241.34
356.10699 1703.4
359.15680 1156.78
367.12292 1065.47
369.19131 1593.19
371.19180 2428.75
373.18457 833.562
374.11884 14810.8
375.12167 2266.96
376.15152 1214.65
378.70541 1262.53
385.13290 2611.44
388.18893 1279.98
398.21558 1432.57
399.18448 1015.33
403.13599 856.692
403.17368 1330.66
404.14410 4231.53
406.19675 3488.99
413.23123 1227.71
415.15756 1499.13
422.15506 6708.67
423.15781 1247.8
427.18317 1388.46
429.16025 1098.3
430.24210 835.744
431.23920 21457.3
432.24237 5625.92
439.14667 1679.85
442.73410 1520.68
443.23764 1054.32
445.21524 3861.59
445.71545 1989.68
447.16962 1142.03
454.22916 1176.06
457.15552 4497
460.19897 4145.89
463.23270 1998.92
472.23938 1043.95
475.16693 8529.93
476.16745 1764.57
478.23059 962.328
480.25757 1277.37
489.23587 1141.11
491.17474 1510.9
496.16672 2270.49
499.26883 832.179
509.18536 1608.27
514.17841 2424.66
515.18414 882.731
517.22919 1805.86
519.16882 1286.62
531.21765 882.473
532.18958 1064.48
535.23828 1592.36
537.18225 6487.14
538.18329 1584.1
541.24200 1254.21
543.22583 1476.32
544.32336 7801.79
545.32849 2437.43
568.19641 1193.35
574.26788 1437.3
581.30688 1341.02
588.30042 4555.63
588.79657 2206.9
589.24579 1185.95
589.29834 951.464
592.28467 1502.49
593.21210 968.197
602.20532 915.062
609.29767 4148.4
610.24066 3046.99
614.26062 1557.51
620.22009 3034.51
621.21771 880.599
622.27203 1251.28
623.26343 1114.18
625.20947 2035.59
627.31537 961.957
632.26611 1645.13
638.22900 4819.41
639.22528 1542.13
642.18420 1162.37
643.22382 1892.44
645.37061 10599
646.37482 3842.01
650.26672 2785.25
656.30359 2688.98
657.30652 1116.78
659.20856 1568.66
661.22510 1550.29
664.31738 1115.01
668.90588 1285.32
672.82330 4540.73
673.32977 3561.51
673.82507 1339.01
674.31451 1416.93
681.33777 6856.51
681.83728 5105.5
682.33820 1939.92
694.39294 1213.26
703.30914 1142.8
715.28845 943.767
721.32666 2629.8
722.41107 1874.86
723.30737 1178.48
723.41577 917.347
729.37146 998.907
733.30341 2096.72
734.29651 1217.11
737.88312 2487.53
738.37897 2809.84
751.30774 3022.38
752.31213 1568.99
755.41705 2770.32
756.40533 4789.67
757.41492 2102.65
765.41595 1125.73
766.39276 2946.09
767.38953 1689.5
772.29138 1234.27
773.42798 11430.1
774.43683 4322
775.44092 1349.24
788.26965 1575.96
792.36871 1572.76
793.36591 895.856
806.28143 5557.44
807.28546 1570.72
819.41315 2210.12
819.91461 1554.49
824.30420 1190.67
835.45032 1706.67
836.33417 1355.61
854.42657 1302.4
865.38892 937.206
867.44312 951.078
868.43304 924.105
869.44623 2331.15
870.45471 1145.17
882.41467 4892.13
883.42725 2025.02
884.46375 5966.5
885.46100 3871.31
886.45441 1492.92
889.42413 8187.21
890.42657 5398.41
891.42914 1503.08
892.34680 1091.22
901.35223 2032.84
902.47217 29739.8
903.47290 14159.2
904.47675 4264.21
912.43970 918.513
913.42963 1673.67
916.50439 1319.89
917.50024 993.492
919.36865 7871.17
920.36664 3406.15
921.38458 1040.45
931.42975 1248.02
937.37933 1998.7
938.37952 1023.4
998.54108 1650.1
1002.51184 956.441
1004.50269 937.349
1013.47662 1246.81
1015.55627 23039.6
1016.55914 13575.8
1017.55841 5734.13
1018.56598 1561.94
1029.48132 2916.16
1030.48401 2387.86
1040.51172 1132.24
1044.51123 1545.17
1047.48572 1199.57
1056.96252 1125.59
1057.49036 926.058
1068.48401 3176.39
1069.48486 1862.08
1099.56177 4627.65
1100.56323 3270.71
1101.55530 1233.07
1105.44897 1445.83
1106.44604 956.359
1114.52185 2298.62
1115.53015 999.855
1157.58228 2739.89
1158.56348 4711.36
1159.56396 3328.17
1164.63647 1006.21
1175.58716 36718.7
1176.58728 24486.1
1177.58789 9489.83
1178.59460 2748.41
1181.57800 1172.03
1187.56689 924.051
1215.55469 2134.61
1216.55334 1917.5
1227.60156 895.009
1279.64551 1565.58
1280.62537 1595.71
1328.63611 1058.09
1342.64111 1328.07
1343.63745 1769.46
1344.64343 3118.95
1345.64990 1522.6
1346.64941 919.513
1361.66345 28513.2
1362.66760 20145.1
1363.67017 10863.9
1364.68311 2808.63
1393.72791 1129.1
1474.74829 7990.08
1475.74963 6266.35
1476.76270 2975.94
1477.74426 973.469
1637.80701 2209.15
1638.79065 1874.23
1639.83496 1086.18
