2114.94301 4
110.07090 965.94
129.10199 1449.3
147.11235 515.752
157.09647 764.231
175.11836 385.452
275.20676 1375.32
303.17667 1324.13
324.09656 201.673
325.19797 625.629
325.69916 190.945
331.69345 575.764
339.19489 506.206
339.69888 200.75
358.18326 272.935
374.18649 368.258
374.68710 205.502
381.51123 739.206
381.83963 844.884
382.16904 357.178
388.18298 775.867
389.20969 358.828
390.84250 786.705
391.17337 996.053
391.50461 626.329
414.52167 451.669
414.85519 343.873
415.18427 231.677
420.52640 467.613
420.86057 293.724
424.54977 302.855
424.88126 395.545
425.21045 307.484
428.69858 357.543
429.19470 204.677
431.54990 195.854
432.21945 987.512
437.70148 256.756
445.52850 541.147
447.88022 259.804
448.20367 259.843
448.53967 208.449
451.53262 202.632
453.29248 231.592
453.56149 216.102
457.20920 689.087
457.53796 944.536
457.87262 554.273
458.20099 240.424
458.52936 200.484
462.89258 427.592
463.22867 317.737
464.23511 232.965
464.53326 965.513
464.86954 725.668
479.97647 291.994
480.22098 794.713
480.46640 242.251
480.71594 205.899
485.88675 209.871
486.21777 258.748
486.56677 247.088
486.90497 218.056
489.87576 297.182
491.55264 962.152
491.88531 479.462
493.22626 203.318
493.54840 496.618
495.22198 636.057
495.55148 1341.44
495.88574 853.94
496.21976 328.135
496.54309 324.648
496.73178 384.243
496.88504 688.708
496.97089 256.484
497.23001 510.737
497.55685 4797.47
497.89063 2360.03
500.74054 1649.39
500.99005 2093.91
501.23862 1622.83
501.49063 704.289
501.73938 200.464
502.23886 199.802
504.21973 330.983
504.55603 203.656
504.99768 1839.84
505.24429 4537.6
505.49466 4846.87
505.74408 2077.94
505.99442 479.374
506.24615 274.173
509.50101 449.192
509.74823 736.393
509.99722 923.833
511.24567 295.82
517.23175 588.353
517.72644 694.652
518.22845 246.708
518.90417 339.081
519.23260 632.981
519.56091 343.631
519.89069 208.342
520.51733 277.368
520.72748 279.327
520.97961 713.832
521.22748 716.041
521.47900 205.321
523.22357 438.237
523.28351 206.386
524.21222 590.864
524.55255 281.041
524.76959 1090.81
525.02185 1087.35
525.23090 1818.82
525.30237 257.568
525.48132 2482.24
525.73181 1920.83
525.98370 586.434
526.23486 434.715
528.25415 309.195
528.75824 271.367
529.02356 1474.93
529.20166 491.376
529.28015 1961.63
529.48492 2774.49
529.59143 428.688
529.73755 7161.42
529.87463 254.837
529.98828 5181.4
530.21118 3730.99
530.54156 2339.37
536.77167 386.096
537.26697 458.198
537.76514 293.189
541.74597 201.45
543.25079 201.097
559.19928 238.18
561.26044 1705.01
562.26605 483.303
563.25055 201.865
571.76208 538.694
572.25195 337.431
572.78888 731.515
573.29114 425.792
575.76550 826.429
576.26941 312.579
576.98798 218.24
577.24634 229.244
581.48950 241.49
585.75885 588.884
586.25385 814.358
586.75623 623.5
606.78784 248.307
607.28345 221.918
607.78455 224.571
608.73053 701.824
609.23035 427.285
621.27979 593.719
621.77399 760.24
632.30054 1634.6
633.28888 736.225
633.77710 329.754
639.62952 247.489
639.95764 519.48
640.28961 428.45
644.29053 227.276
657.72559 494.2
658.22070 424.882
658.77795 322.645
659.27686 612.003
659.77637 310.355
662.39319 317.633
662.78198 404.123
663.27460 319.222
667.78687 1782.07
668.28741 755.569
670.79584 784.12
671.29468 1592.54
671.79700 606.488
672.29199 279.807
672.77490 318.839
673.27161 286.01
681.78552 238.662
682.28845 287.896
687.29297 1945.22
687.79291 1149.51
696.29718 12927.6
696.79773 6579.99
716.77551 782.923
717.27765 380.566
728.82477 262.512
729.32397 306.306
736.27405 204.219
739.32562 221.929
739.82758 271.384
740.31036 205.736
745.28473 1477.75
745.78833 638.909
746.34088 2847.48
747.34338 1231
748.34491 312.969
757.31055 248.774
777.40570 257.484
857.37146 498.42
858.38416 256.411
874.39880 1253.43
875.39526 648.656
885.37476 264.929
892.43829 254.676
945.43066 418.571
1117.38733 561.709
