2490.07285 3
110.07105 1708.13
120.08061 9184.46
121.08389 562.154
129.06584 622.25
129.10214 3395.56
130.06514 518.206
130.08617 1284.36
133.04309 374.407
136.07559 11503.1
137.07890 783.762
143.11783 1376.85
147.11269 3471.6
155.08131 1619.25
159.09154 3254.7
169.09637 421.053
169.13518 370.355
171.11313 497.59
173.05586 799.245
173.09216 2409.09
175.11906 1614.12
183.07625 2219.95
183.11314 732.848
183.14975 415.905
184.10756 377.672
185.16508 565.438
186.08719 1963
186.12366 371.492
187.07060 517.872
187.14403 688.106
197.12833 564.216
199.07198 481.726
199.17979 1369.23
200.13905 702.888
201.08682 1296.06
201.12314 3483.42
210.02495 498.178
211.14407 634.344
212.10307 382.312
213.16003 578.925
214.11841 1521.17
215.13754 601.497
216.09793 461.501
217.13631 380.24
218.14958 2519.31
219.14911 2839.73
226.11850 453.607
227.10318 465.426
227.17557 626.232
228.13400 1660.37
229.09320 431.135
229.11794 2165.65
230.07684 1038.45
231.11267 593.244
232.11349 427.006
233.09235 696.738
233.16466 584.915
240.13402 784.767
241.08142 837.751
242.15048 596.803
243.13304 458.297
244.09297 514.103
244.16565 416.13
247.14426 1130.46
249.12344 824.644
250.11835 2316.67
251.11453 400.099
258.14502 362.671
259.09189 1812.63
260.10751 1196
261.08649 698.796
265.11731 1596.02
270.10825 570.96
277.11783 914.095
278.11282 1606.92
284.10730 480.181
285.15601 506.225
286.13895 393.665
288.08206 1100.37
293.11282 2792.57
298.10284 4814.9
299.10483 465.943
300.15341 419.603
301.10797 588.845
301.13635 521.669
301.18784 532.994
316.11343 5614.61
317.11658 609.24
319.19699 6306.82
320.19995 784.119
325.18723 387.355
332.16104 755.242
340.12411 883.84
343.16248 529.498
344.11942 597.692
344.14594 967.425
345.10291 1098.19
346.16812 483.686
358.13623 777.807
358.17499 539.507
359.17212 1053.61
362.13083 1163.54
365.18033 626.791
375.20288 1714.09
376.18369 531.859
377.18237 469.417
383.19150 5621.17
384.19495 1015.18
388.14767 518.342
390.12524 473.644
391.14880 612.005
393.14270 620.226
401.20044 1920.25
406.15912 587.351
407.15540 1301.53
411.18701 3166.23
412.18588 611.734
412.22281 622.377
415.17926 427.829
422.15512 1432.12
429.19791 1511.38
430.19916 409.536
432.22708 909.032
440.17810 521.368
450.23746 4788.87
451.24237 1119.54
455.15131 1551.77
457.19055 858.151
459.22318 382.087
465.28174 604.386
473.16132 2475.21
474.18918 440.408
486.23416 615.59
487.22437 422.261
492.19244 436.225
504.24585 608.735
505.22894 434.619
506.23761 611.82
509.19852 531.939
511.29050 464.927
516.19098 856.132
526.21381 2233.27
527.21637 1053.78
536.19794 986.775
537.19012 895.96
543.31793 511.297
544.22644 1890.04
545.22400 821.6
554.21887 822.351
555.20337 491.991
562.25342 427.55
563.27362 554.462
568.22961 432.279
569.22162 522.703
572.23059 1719.58
573.25031 427.452
581.27783 6982.74
582.28076 1927.01
583.21857 497.567
583.29321 580.184
586.24652 628.116
587.78760 420.725
589.21588 427.152
594.33929 795.585
596.78925 532.641
601.24353 536.82
602.31158 1471.93
603.31592 467.541
605.30621 724.628
617.26654 574.28
633.28461 592.941
635.28131 569.389
637.28656 420.624
666.23151 416.064
669.24133 574.146
674.29297 491.713
676.37744 447.94
683.26099 1040.42
685.32068 445.203
686.26721 831.86
691.32330 1675.74
692.31195 3766.73
693.31042 1359.75
694.31146 631.236
698.26184 1043.65
698.42456 541.692
701.26886 935.316
707.42804 529.923
709.33594 9522.97
710.34070 2889.06
711.33752 1671.71
712.34680 416.786
716.27075 2198.68
717.27155 774.228
720.31616 474.216
734.30658 751.68
735.29883 450.801
746.31818 530.775
754.28784 452.917
755.28320 758.09
758.42133 945.416
759.65411 457.314
764.32147 961.978
764.74957 447.04
765.09363 479.56
765.31097 508.167
766.31683 555.3
772.30920 927.254
772.94745 1397.69
773.29114 976.567
773.45270 1058.46
773.95746 459.975
781.41516 548.937
781.89301 429.279
782.32037 755.404
788.26550 502.002
790.30981 1647.67
791.30939 494.48
798.32660 769.811
800.34222 614.251
808.40588 7192.6
809.40918 2880.1
810.40295 1113.25
823.44940 594.601
828.49414 487.609
829.48499 1962.25
829.98901 882.606
830.48920 2380.95
830.91895 451.365
831.43616 1124.83
832.26538 409.257
832.42651 1038.18
845.44806 599.517
848.45618 439.956
849.33636 1240.9
850.34265 568.061
865.32507 784.936
883.33643 2028.09
884.33008 898.272
887.49542 757.477
901.35138 4453.97
902.35284 1904.6
916.45959 439.604
932.48120 1501.68
933.48761 649.86
934.99945 634.605
935.50751 914.939
936.01288 472.545
937.48492 808.993
938.46277 527.088
944.01257 914.963
944.52454 605.164
953.47150 486.232
955.47394 6805.84
956.47729 3416.92
957.47290 1451.19
958.47748 437.665
961.35229 516.939
964.39850 440.053
965.39307 573.415
982.40515 1734.51
983.39447 793.151
994.52747 515.036
1000.40533 2286.85
1001.54669 2824.88
1002.03369 2225.32
1002.54578 1049.24
1003.03693 434.216
1040.50183 806.523
1045.57031 1315.58
1046.56763 734.805
1058.58337 795.994
1061.54993 517
1066.49707 1511.38
1067.50745 1004.12
1068.51135 473.337
1084.51428 7938.8
1085.51868 4466.45
1086.51770 1916.82
1087.53101 441.038
1097.43140 704.03
1108.55530 729.827
1109.57678 514.907
1114.46338 2139.34
1115.46155 874.528
1168.56055 512.901
1169.55249 572.633
1187.66614 760.108
1188.67859 488.996
1195.54431 1367.46
1196.54578 1074.05
1197.53247 529.721
1213.55701 5532.91
1214.55847 3512.46
1215.56494 1670.66
1216.56482 551.369
1224.58630 604.585
1260.50024 452.835
1267.65125 452.83
1277.52014 746.052
1300.58594 421.228
1358.61475 441.116
1376.62170 2071.17
1377.62854 1752.36
1378.61316 861.893
1472.66089 490.272
1473.64282 968.436
1474.67224 561.086
1490.66138 1834.74
1491.65845 1396.86
1492.66260 951.245
1535.61560 655.682
1589.72986 494.591
1590.71631 435.316
