2496.92191 3
129.10191 13583.5
147.11232 2489.51
198.08749 963.385
216.13373 2785.3
222.12268 2023.01
226.15442 4930.94
227.06561 812.147
239.14977 7291.61
240.13367 8935.04
241.08224 860.867
244.16490 27771.9
245.07704 1573.63
245.16840 2189.8
255.10873 1198.82
256.09119 1159
257.16019 2223.42
309.15317 1371
313.11401 1012.8
331.12445 807.166
356.10773 1135.64
370.13501 2139.43
372.25949 2727.81
374.11929 917.173
385.13351 1200.43
407.70044 1447.28
408.20184 845.187
423.20056 797.451
424.18170 3571.58
441.27786 782.846
459.29172 9567
460.29489 2004.44
474.21902 991.125
477.21008 1171.95
495.21829 3606.86
499.17661 934.001
521.17041 1164.98
522.15961 1374.32
529.24548 1360.31
529.73578 2914.84
530.23651 2027.67
535.21149 1037.53
564.25061 857.885
564.74677 1053.29
568.19995 1163.03
572.75800 4229
573.25793 1531.76
573.76709 959.244
574.31744 6102.08
575.31982 1744.72
581.70178 939.55
592.21936 1038.26
592.26746 1500.26
592.75928 3412.45
593.20288 1535.61
593.25128 1493.29
601.26855 13299.2
601.76947 7699.38
602.26941 2361.38
606.25238 2310.23
613.75006 1441.48
623.27588 1231.55
624.26154 4797.97
625.26196 853.285
628.21753 1006.95
629.20392 905.898
642.78680 1299.78
643.28424 1668.25
651.79388 5661.68
652.29510 3642.65
652.79230 1390.96
653.72943 1060.25
662.73517 1284.76
671.30914 914.205
671.80560 999.117
680.29950 2806.61
680.80402 2249.45
681.31415 933.268
685.35461 1022.27
686.21167 1067.05
691.30017 978.04
699.80713 2467.6
700.31116 2989.52
700.78900 1023.61
703.36047 6704.05
704.36212 2037.58
708.81555 6532.73
709.31793 4722.9
709.82178 1176.69
717.76147 1018.09
718.26324 1074.52
721.24939 1829.28
722.23853 2749.63
723.23706 1006.58
726.77435 1288.17
735.29700 2107.97
743.24567 1582.56
744.32281 824.688
748.81189 849.862
749.97772 2573.34
750.31561 2515.5
750.64069 1567.29
752.31702 1837.16
753.30505 2806.12
754.30737 1422.14
755.65454 2094.15
755.98462 5146.81
756.31555 6248.84
756.65253 2954.67
756.97766 1347.17
757.32751 1589.49
757.81378 3059.92
758.31445 1211.58
761.65924 4343.79
761.98785 10430.7
762.32269 7190.48
762.65338 4845.1
766.33069 3191.71
766.83618 2865.6
767.99274 1424.66
768.31726 1095.26
774.31238 1352.94
775.26636 904.277
775.75470 928.135
782.31201 1611.75
782.64276 3175.94
782.97217 4123.23
783.30743 2518.82
783.63373 1309.29
788.31366 3769.78
788.64337 7667.9
788.97565 7328.37
789.30524 3772.34
789.63483 1012.1
794.31781 5646.3
794.64813 10264.8
794.98065 9281.38
795.31525 4242
795.64221 1312.46
814.39142 2049.28
815.30664 898.986
815.40991 886.481
821.84430 2572.72
822.34387 2325.67
827.65222 962.024
830.28662 1414.83
830.85748 2391.06
831.36389 1978.27
832.40405 8299.36
833.40662 3474.65
834.40448 1052.29
850.30554 2288.53
851.28333 2155.11
852.27173 943.185
867.34198 2281.2
868.33246 2979.52
869.33270 1554.29
871.33734 828.064
886.35693 2713.16
886.86847 1330.65
895.37573 1701.37
895.87646 1401.23
904.32550 989.994
922.38702 987.801
924.35834 936.083
925.34460 961.781
929.43085 1929.31
930.89331 1938.68
940.34198 854.178
947.43054 11691.3
948.43109 5180.37
949.44159 1304.52
958.34637 1419.81
964.37634 1066.12
965.32672 2487.58
966.30939 4029.25
967.30353 1505.54
979.88867 1140.23
980.37970 859.857
981.38812 1855.33
982.37067 2198.86
983.36670 1246.62
988.39832 904.997
988.90369 1141.99
1005.40021 921.873
1013.90710 1381.95
1014.40448 1983.03
1014.90387 1454.51
1022.90881 3367.78
1023.42096 2937.11
1023.91602 1142.13
1058.46655 2120.32
1059.46887 1265.41
1060.43079 913.334
1065.41296 1566.82
1071.89075 854.054
1075.48206 1655.46
1079.34216 1141.31
1080.34412 1356.25
1083.42883 1551.19
1127.48743 2199.19
1128.49866 834.511
1144.50574 1390.04
1145.53589 927.418
1155.45605 841.639
1163.39038 1174.38
1181.40662 924.023
1183.53674 1340.41
1184.52515 1225.05
1201.53235 8572.2
1202.53674 5253.6
1203.53406 1274.73
1302.58289 2191.74
1303.56201 1228.92
1307.43591 1257.84
1359.60828 1007.98
1416.62524 1371.91
1417.63000 1062.22
