1816.89383 3
110.07117 6446.64
111.07450 321.089
112.08693 353.211
115.08640 968.37
116.07069 424.226
120.08070 1800.45
125.07095 3089.32
127.08659 2451.56
129.06593 812.931
129.10223 4458.24
130.06499 3147.96
130.08620 1261.68
130.10474 330.836
133.04260 302.898
136.06178 1231.48
136.07562 1405.23
139.08632 425.803
141.10191 489.488
143.11748 495.506
147.11296 1540.18
153.10197 369.225
155.08138 3966.59
157.09711 717.96
157.13306 338.157
158.09213 563.059
159.09155 5368.64
160.09503 472.543
167.08147 1437.65
169.09714 815.777
169.13353 1819.97
170.05992 376.94
171.07693 422.113
171.11282 1925.12
172.10657 386.672
173.09274 350.265
173.12840 881.38
175.11888 6211.47
181.09744 849.343
183.07684 272.117
183.11339 344.976
183.14969 404.376
185.09222 1076.04
185.16478 5983.09
186.16869 589.865
187.08612 343.625
187.10678 466.156
187.14389 3863.1
188.14769 383.626
194.09311 379.688
195.07626 884.448
197.12859 582.898
198.12308 462.749
199.10765 7243.5
200.11232 575.975
200.13884 301.99
201.08691 797.197
201.12321 857.203
208.10765 431.589
209.09216 342.091
209.10231 318.921
210.02583 327.647
212.10309 1960.47
213.08754 438.847
213.15985 1827.4
215.13898 1774.29
216.10835 357.482
217.13663 2039.99
226.11855 5161.46
227.10269 8983.16
228.10637 982.762
228.13397 289.727
229.11719 462.71
233.16444 282.039
235.10187 308.175
235.12120 915.195
238.11848 1441.01
240.13400 316.4
242.13132 649.503
242.14618 603.339
243.12799 402.344
244.12889 712.326
244.16533 328.824
245.13254 418.629
247.12878 334.13
249.09956 389.996
250.11839 807.492
251.15031 328.991
253.12946 511.638
254.11447 440.009
255.10938 354.469
255.14604 559.47
256.14474 13920.3
257.14706 2080.95
260.13885 1035.26
262.13400 594.733
262.15662 430.752
264.13361 398.6
267.10822 1063.68
268.12866 1283.3
270.10587 739.796
270.12729 984.644
271.10822 819.364
272.12329 695.667
272.17209 1158.35
274.18719 1672.51
275.12518 431.729
280.16806 307.489
284.13916 12106.6
285.14203 1976.14
286.16296 2398.67
286.66641 659.66
288.13388 1641.32
292.12903 562.872
295.13754 481.818
296.13797 318.8
296.19565 431.665
298.09842 367.053
298.13931 9753.02
299.14301 1768.91
301.16702 754.227
307.14001 287.772
309.15591 639.523
310.13867 1204.97
313.16736 1891.38
314.14874 370.253
314.21078 385.903
323.15109 442.783
325.18610 1303.89
327.12839 690.117
328.15097 1675.81
329.15295 358.125
335.67947 346.158
338.18216 1112.44
339.17932 478.224
341.15860 3110.92
341.18927 969.691
342.15948 582.036
343.20316 315.321
345.22427 4045.54
345.68665 347.698
346.22675 542.749
354.19238 444.49
354.69269 3277.29
355.19543 1245.75
362.22833 422.136
366.17542 1423.83
367.17639 3822.65
368.17871 871.07
369.17642 9197.73
370.17899 1430.47
371.19604 1012.37
375.22800 331.161
378.17465 773.723
381.17578 663.111
384.20380 3692.55
385.18478 4537.52
385.25436 495.864
386.18903 864.854
389.17953 309.091
395.19736 375.434
397.21490 557.046
399.18625 2014.35
400.19876 342.103
409.16647 569.028
410.20905 666.447
412.19467 1076.36
414.21378 651.035
419.21432 1192.33
419.71564 422.441
424.19693 1307.06
425.20255 413.772
428.03461 303.977
435.15561 385.221
435.55795 2524.2
435.89127 1617.32
436.22836 589.413
437.20618 310.127
440.20486 422.611
440.25330 2240.81
441.26071 471.403
442.20435 1452.76
443.20648 481.835
450.21155 1741.79
451.24356 593.843
452.20920 1055.98
453.22098 341.968
459.25214 306.517
460.24777 549.896
462.25598 664.583
463.23651 2978.58
463.57123 2259.55
463.90491 825.746
464.24167 300.459
465.27084 736.572
467.23730 687.025
468.24597 3744.13
468.74796 2155.06
469.25009 2170.14
469.75015 405.099
470.22134 2381.1
471.22543 608.975
472.28864 379.565
474.26776 1328.32
477.21411 307.07
478.19360 815.012
480.20792 696.079
480.25137 598.726
482.24600 498.329
485.24677 2758.65
485.74319 581.505
486.24890 984.71
495.23480 3670.78
495.71704 446.998
496.23483 962.726
498.21426 652.115
498.33801 483.435
500.21823 1112.44
503.19879 309.367
504.26666 3297.34
504.76929 2030.06
505.27322 519.446
506.19003 956.811
507.18774 314.976
508.24393 1188.54
509.24734 369.565
511.28864 337.631
513.24567 2175.04
514.25397 1073.71
514.59583 574.944
514.92889 743.964
515.26611 456.523
516.58771 315.602
517.23682 742.096
517.74127 428.335
518.22205 336.83
519.58618 717.473
519.92108 613.352
522.26270 325.71
524.77441 422.086
525.26398 924.41
525.59796 677.078
525.92938 433.467
526.25525 336.847
530.77679 399.273
531.27850 308.118
532.26868 316.526
533.29224 1921.39
533.93524 326.242
534.29895 632.866
534.61511 320.263
534.94330 378.346
535.28040 431.242
536.30499 467.297
536.63647 650.637
536.97211 356.127
539.78564 10610.7
540.28674 6126.33
540.61511 2154.23
540.78888 1723.27
540.95007 2392.35
541.28418 2022.14
541.61304 904.57
541.97467 4632.49
542.30652 4421.4
542.64136 2263.26
542.97327 869.559
546.61884 709.613
546.95490 584.113
547.29578 390.477
547.97809 843.643
548.31238 1604.44
548.64252 910.778
551.28223 1118.69
554.29419 1195.71
556.81488 1252.34
557.32019 1143.76
557.61456 1844.12
557.94849 1773.04
558.27936 966.907
563.61890 1384.03
563.95197 971.014
564.29059 739.647
564.62073 352.222
566.77057 613.401
567.26678 562.205
568.29211 1021.8
568.62317 1684.81
568.74805 336.468
568.95905 809.546
569.29565 2157.31
570.30212 314.902
570.60541 379.234
571.31970 30774.7
572.32202 8831.94
572.97406 310.997
573.26544 1158.72
573.33350 1443.55
573.60730 1473.76
573.93915 1091.29
574.63245 1989.62
574.96606 2203.11
575.30042 1635.52
575.63013 530.112
576.61957 375.399
576.95630 585.169
579.27216 615.159
582.30219 681.486
585.37024 790.561
588.29694 753.659
588.79773 392.822
591.28516 433.292
593.26428 320.366
595.30542 2321.73
595.80389 1280.75
596.31439 369.649
597.28711 3131.79
598.29218 1066.98
600.62823 375.191
600.95660 606.506
601.29272 376.111
604.30688 6155.41
604.80695 3900.76
605.30804 1812.77
605.80798 649.909
606.30316 1147.09
606.63177 5679
606.81702 326.92
606.96619 4293.61
607.29578 3391.36
607.63165 1281.48
607.96509 437.111
608.33221 605.415
609.29700 887.99
609.79858 415.507
610.25769 346.089
610.77332 330.654
611.27649 373.283
619.27527 800.338
621.81799 390.71
623.31378 1040.37
623.81482 364.869
624.31836 372.059
629.38153 2940.35
630.38483 421.282
632.25171 317.04
634.82263 1834.45
635.32495 1297.54
635.81750 409.439
637.28754 428.135
638.30212 378.961
643.30615 546.473
643.82721 1251.37
644.32410 1453.07
644.83044 558.085
651.81726 330
652.35132 465.205
652.83319 40920.8
653.06500 379.084
653.11157 455.682
653.33417 29025.2
653.83545 11113.1
654.33575 2613.65
654.83990 739.888
663.31470 656.951
664.30804 681.772
670.35089 1205.47
671.36194 570.458
677.33490 1070.8
677.83875 454.884
680.34412 667.334
681.34149 1316
681.84729 1027.12
682.34540 648.539
690.36566 656.445
691.35498 717.475
692.33112 695.976
694.35138 2311.7
694.85272 2153.41
695.37646 937.74
697.39984 1405.16
698.33154 996.513
699.34155 533.029
703.35693 11774.5
703.85736 9077.44
704.35980 3564.53
704.86578 1010.29
706.35089 1855.11
707.35236 778.89
708.37939 20295.1
708.83044 692.376
709.38226 7967.16
710.38660 1497.87
716.35077 932.704
717.34528 578.683
720.31927 979.623
721.32843 485.319
722.85919 1070.1
723.44702 2075.79
723.85632 457.473
724.45044 783.139
725.40387 756.84
725.89093 627.524
728.86218 1475.48
729.36121 835.689
734.34406 4721.49
735.34741 2675.59
736.35046 716.778
737.35474 538.55
743.85657 347.278
744.34607 489.185
753.35602 661.071
754.35992 420.95
758.46088 558.61
758.85980 435.633
759.35321 501.601
760.37390 807.383
762.37378 382.686
765.87292 531.649
768.91864 582.468
769.42041 448.441
771.39374 327.566
772.85150 937.622
773.35516 977.967
773.87964 534.272
774.37634 828.661
774.87988 422.836
775.28925 378.06
778.87634 671.087
779.38025 473.062
787.39172 1411.98
787.88867 1909.92
788.39362 957.343
788.88257 543.143
789.38861 372.966
792.46307 770.023
793.36200 797.37
796.39899 1030.72
796.89587 1020.89
797.39502 485.901
800.40961 366.464
801.39417 961.206
802.39288 596.829
807.40253 663.558
808.39697 327.66
817.37738 495.998
819.41028 1431.53
820.39813 734.123
821.40814 375.098
823.37408 1056.71
824.37567 469.179
833.42169 422.365
834.40411 405.936
835.39838 1618.4
836.40985 797.676
837.42017 22737.4
838.42242 9390.2
839.42584 2693.74
840.44159 643.398
846.46667 337.171
872.42224 652.104
873.42407 360.443
919.47400 608.62
936.48834 13963.6
937.49103 7005.65
938.49249 2125.07
939.50671 388.561
960.42548 376.08
961.43854 336.893
963.46295 588.559
964.45258 419.035
969.48322 2984.42
970.48340 1640.82
971.47894 867.77
976.45227 412.425
981.46075 493.242
982.48944 381.033
996.44128 421.143
997.45001 473.302
1007.52496 11526.2
1008.52966 6450.12
1009.53552 1804.8
1010.54578 480.222
1031.47412 501.368
1032.49292 330.733
1033.46936 2844.9
1034.47034 1622.73
1035.46106 588.321
1061.54126 470.376
1070.54993 339.991
1078.56213 13057.7
1079.56445 7076.07
1080.56897 2426.75
1081.56348 419.644
1130.55310 729.59
1131.54590 415.883
1132.53699 2467.88
1133.53967 1478.25
1134.54150 354.218
1189.59338 711.606
1190.60181 504.157
1207.60767 5641.4
1208.60840 3601.14
1209.60706 1360.86
1210.62012 422.878
1217.58789 480.489
1218.61841 317.667
1231.59033 338.971
1246.63330 324.935
1304.65845 3986.08
1305.65979 2969.33
1306.65991 1040.47
1486.69189 727.327
1487.70471 675.151
1488.69177 315.508
