4045.89272 4
120.08044 677.907
133.04279 392.714
159.09109 1947.61
175.08492 404.329
175.11824 1049.72
213.08607 656.884
243.13303 983.329
302.11191 1082.07
338.20660 498.302
340.16068 686.057
344.12643 767.394
356.21588 657.392
377.17670 634.172
441.20782 684.144
443.19342 528.318
449.17905 1170.94
524.24707 990.423
547.23608 415.727
558.22369 674.739
573.77850 1427.92
574.28107 1115.95
578.26807 927.981
601.30078 865.944
601.80560 574.733
623.31195 461.065
625.31616 769.626
625.82019 495.607
630.78259 672.482
631.28796 616.621
631.81097 1158.28
637.33087 876.641
639.29858 3202.32
639.79974 2275.92
640.30078 852.018
666.32379 565.182
674.83441 1725.82
675.33704 1416.67
679.83203 625.608
680.32465 1540.16
680.82593 741.623
681.32288 630.882
688.83344 5874.58
689.33466 5231.31
689.83527 2117.55
690.33325 684.88
691.34924 1699.33
692.35406 632.721
725.36584 448.181
732.33936 752.219
732.84583 442.662
744.29462 473.622
759.86414 689.451
760.37457 492.971
767.87592 1341.26
768.37811 1108.29
773.35712 656.158
773.86743 443.471
781.87286 3707.25
782.37537 2944.26
782.87207 1195.78
783.35883 536.304
784.40479 933.409
785.41010 479.858
819.45135 674.803
820.36090 506.449
828.92761 1740.06
829.42725 3076.14
829.92609 2801.14
830.42780 1411.34
830.87665 973.112
831.37665 487.672
837.92456 485.482
838.42413 6697.17
838.92450 6653.72
839.38757 4727.53
839.88666 4660.34
840.38745 2428.36
840.88666 702.507
855.39838 491.084
855.89288 529.453
863.38525 485.138
864.38910 458.801
875.43127 946.938
876.10443 444.796
885.44244 2376.52
886.44537 1239.91
890.91473 452.591
891.07916 674.335
891.41205 542.203
898.92603 1173.03
899.43121 882.964
899.92688 544.099
903.91486 744.956
904.41364 994.757
909.92780 968.857
910.41992 722.716
912.92078 4341.43
913.42224 4235.4
913.92365 2880.51
914.41174 790.069
918.43787 5768.05
918.93945 5615.96
919.44049 2607.07
919.94299 1296.69
920.47992 536.353
934.47156 1972.98
935.47076 978.329
960.51080 1039.17
974.98004 4649.81
975.48157 5089.72
975.98236 2447.81
976.48077 927.099
983.96033 914.366
984.51361 1491.09
985.53204 769.631
991.96906 1043.23
992.45953 946.321
992.94690 671.162
997.45569 708.319
1005.97089 1424.55
1006.45801 2287.86
1006.96832 1091.64
1007.72168 605.85
1007.96967 585.674
1008.22626 1617.47
1008.47943 1585.62
1008.72559 735.14
1010.00299 561.105
1011.20911 1427.07
1011.53906 2419.07
1012.04242 1017.34
1012.27301 904.21
1012.47876 3217.32
1012.71619 2632.76
1012.98456 3180.14
1013.23511 1515.37
1013.48267 1682.85
1017.06342 772.189
1018.49573 11501.6
1018.99658 13489.4
1019.49744 7874.9
1019.99554 3220.82
1020.48773 569.738
1038.49768 616.116
1040.47522 766.132
1040.96716 837.875
1049.47571 1195.11
1049.97925 1212.22
1060.57739 655.595
1097.51733 633.898
1102.51428 481.635
1103.02527 677.112
1111.53662 9218.37
1112.03601 11034.7
1112.54138 8370.97
1113.03955 2999.2
1113.55359 1772.37
1118.08936 970.957
1119.51147 540.961
1146.56348 689.057
1147.51538 481.61
1157.21399 551.596
1157.54651 520.536
1175.09741 1324.06
1175.59998 3472.23
1185.06860 4814.83
1185.57117 6785.25
1186.06995 4993.85
1186.56592 2656.91
1187.03955 1056.64
1202.90381 583.701
1203.57227 496.503
1224.64978 689.642
1225.12781 1055.96
1233.56360 539.863
1234.08923 705.786
1234.58008 592.6
1236.57739 947.237
1236.91370 586.58
1237.56567 841.488
1242.58130 6470.71
1243.08459 8895.62
1243.58557 7514.73
1244.09045 3102
1244.60266 701.139
1249.62634 2570.04
1250.63452 1601.45
1268.15869 1307.5
1268.64844 3230.42
1277.59021 1214.65
1278.59204 768.507
1279.60083 473.385
1312.63928 620.038
1313.15527 594.736
1327.12427 881.81
1327.59375 876.936
1335.62402 6308.46
1336.12158 9890.76
1336.62427 7633.72
1337.12585 3755.54
1337.61658 1733.3
1341.70166 568.57
1342.18201 1250.37
1362.72144 519.408
1376.66602 2646.79
1377.66858 2013.44
1378.64807 919.677
1385.16638 1048.4
1385.65564 1052.79
1386.15344 842.468
1398.71692 481.614
1449.75476 690.719
1450.73401 639.963
1504.84912 649.343
1675.84033 2380.21
1676.84570 2562.82
1677.85266 1382.49
1835.87781 485.197
