1745.85820 2
110.07100 4757.09
112.08678 829.009
115.08636 1262.06
116.07065 961.254
120.08035 1467.93
127.08633 5762.56
129.06575 869.509
129.10194 9254.76
130.08595 720.853
130.09795 795.829
130.10352 698.456
133.04259 564.391
136.06134 1658.13
136.07542 12494.1
137.07889 1118.97
141.10185 851.038
147.11241 1699.02
155.08105 3691.64
155.11714 851.813
157.06021 826.756
157.09775 564.599
157.10616 554.579
158.09227 1867.57
159.11157 655.139
167.08107 664.993
169.09738 1122.99
169.13307 725.875
171.07558 1011.94
171.11198 581.077
175.07080 1097.27
175.11859 20511
176.12306 1092.57
183.11201 795.979
183.14853 732.585
185.09166 1199.18
189.08661 565.331
192.10153 951.495
195.11282 586.445
197.12782 1015.25
199.10722 679.892
199.18007 40138
200.18364 4258.13
201.12251 550.328
203.06526 789.701
209.09135 1189.49
212.10251 718.47
213.08664 1354.71
215.13852 8993.2
216.14386 529.15
217.08154 1818.84
223.10747 1564.15
224.13872 591.131
226.08267 1337.03
226.11826 3704.77
226.15479 811.788
227.10501 741.027
227.17502 39862.2
228.17827 4563.66
233.12798 1886.91
237.12169 1179.25
240.13364 3739.92
241.08119 708.001
243.13307 13115.6
243.17996 818.655
244.09174 1128.5
244.13722 1000.04
244.16481 577.312
247.10687 2628.54
248.15851 580.941
249.15971 749.512
251.10127 1299.73
252.13327 1644.9
256.12833 810.971
258.14465 1090.7
259.09042 1011.01
261.12225 1195.22
265.11734 5726.44
266.12286 549.831
267.10779 861.093
269.16177 673.002
270.14374 696.011
272.08755 1136.33
275.10135 1402.31
277.15472 653.665
280.12744 1115.07
283.13968 1385.71
283.20059 567.234
286.10327 638.351
286.18655 3051.79
287.19077 579.721
293.11276 3602.97
294.11597 707.371
295.23892 890.05
298.13846 1828.73
303.21307 14638.1
304.11496 695.568
304.21686 2024.49
310.13794 856.238
311.19482 750.636
312.05014 678.126
317.22183 1315.8
320.12244 985.487
322.24719 1042.93
327.16589 750.195
328.22284 957.443
330.14270 1287.87
335.19473 636.104
340.25894 4224.26
341.26077 675.976
344.12189 575.11
345.21783 1027.76
355.12201 811.792
356.21753 3675.89
357.22183 783.393
358.13480 631.842
362.13599 1205.48
367.16040 1364.11
369.17328 875.36
369.22290 866.888
372.22238 806.587
373.13458 924.43
376.14993 1859.32
380.14423 1702.36
389.25034 554.456
394.16638 564.233
394.20120 611.39
397.21875 1507.87
398.19965 679.396
406.19632 3282.53
407.19977 699.463
411.23422 1212.22
415.22812 1768.01
422.15579 1561.61
431.19409 896.766
432.25537 6115.6
433.25827 1110.98
441.30441 833.407
444.18643 559.054
449.71777 739.534
454.19141 712.49
467.17688 1389.35
469.30075 1406.6
473.16278 826.369
491.17783 1197.65
491.28412 681.005
509.18835 809.242
526.26050 760.88
536.19440 933.425
544.27502 1322.74
557.33954 3794.81
557.74841 703.727
558.33936 979.595
561.29761 2950.58
562.29803 932.356
585.23004 657.02
665.23596 1089.35
683.25024 640.163
690.35242 1880.7
707.33282 1267.85
708.34613 702.388
724.36212 4133.07
725.36688 1492.73
759.43451 683.067
776.34814 834.444
794.37000 1055.3
795.36310 641.598
797.42133 875.966
803.43677 1325.14
811.39471 6206.79
812.39398 2209.42
813.40674 648.406
861.94409 1351.99
862.45129 600.888
863.39117 1198.25
864.38977 839.13
867.43011 662.993
868.41772 1023.67
880.41571 1621.42
881.40100 2677.03
882.40179 1138.55
898.42487 26797.7
899.42651 12177.7
900.43140 3370.08
901.44446 612.149
927.52521 2351.98
928.54456 713.914
995.43958 1079.35
996.42700 1899.36
997.42877 918.263
999.55518 4819.96
1000.56372 942.038
1006.48853 1173.62
1013.44965 13059.2
1014.44366 5496.64
1015.44281 1653.4
1054.45996 702.53
1070.48193 1447.17
1071.46753 786.151
1080.01660 2115.03
1080.50842 1091.57
1089.02563 745.231
1096.48816 2102.39
1097.47998 2435.82
1098.47668 931.68
1114.49792 17873.1
1115.49976 9379.41
1116.50098 2904.98
1136.50720 1415.6
1137.52625 1773.1
1160.47131 893.687
1177.07373 612.327
1179.64673 1810.31
1180.65857 909.303
1186.05920 2514.13
1186.56177 1261.55
1195.07166 986.263
1195.56763 634.648
1259.55505 2058.99
1260.54419 2556.79
1261.53870 1335.86
1277.56238 16332.8
1278.56299 10805
1279.56543 3730.88
1280.57898 1240.11
1370.72986 668.472
1372.55920 1372.2
1388.59583 3561.74
1389.58838 2634.08
1390.58643 1348.12
1406.60767 9221.78
1407.60400 6879.63
1408.61011 2629.66
1409.61597 859.387
1501.64172 755.397
1502.68176 976.41
1503.70972 766.329
1519.69507 5119.8
1520.69470 4632.98
1521.69287 1808.35
