1955.62151 2
110.07072 1262.17
112.08662 1141
115.08591 343.914
116.07033 692.539
120.08035 1056.57
129.10190 1748.89
130.06474 7026.8
130.09671 469.066
131.06752 473.635
132.08046 6102.91
136.07538 625.825
139.04990 445.536
143.04474 8370.18
144.04823 335.535
147.11258 427.894
155.08170 443.643
157.06052 638.121
157.10765 413.997
158.08488 1977.6
159.07616 388.575
159.09137 4688.77
160.09435 388.037
167.04495 309.262
167.08247 317.333
169.07555 2123.54
170.05954 1882.73
173.05576 400.998
175.11848 16004.3
176.12274 606.478
181.06105 648.586
185.05527 2008.64
187.08607 6047.49
188.08983 512.502
195.08699 590.572
197.07043 579.099
199.07152 1266.57
202.08211 1634.08
203.06572 333.088
211.08562 464.657
214.09761 467.694
216.10133 820.172
217.08302 577.379
219.07936 549.215
227.06587 1563.7
227.10121 354.986
228.09628 653.223
229.09679 713.423
231.06099 661.862
234.12341 813.757
239.08105 1478.1
242.09167 393.544
245.07616 1181.33
247.07394 373.889
255.10860 755.497
256.10779 2962.11
257.09274 953.252
262.11884 390.765
263.10239 677.229
267.07651 967.83
271.10867 359.782
273.11865 2136.8
274.11789 29127.1
275.12137 3479.12
284.10251 6598.37
285.10635 774.17
288.13455 424.571
290.14508 3524.58
291.14920 347.417
296.08792 636.392
298.11826 823.413
299.10135 946.589
300.08182 1368.3
301.08563 316.083
302.11304 9352.31
303.11618 1162.37
304.12930 342.238
314.09592 1414.56
316.12842 470.348
324.08420 362.484
326.11151 663.953
333.12219 611.637
342.09180 1559.53
349.14841 432.303
360.09900 622.303
377.14322 408.771
393.10107 486.795
396.11758 463.968
397.09473 572.257
411.11359 1292.97
414.12927 695.543
415.10599 855.549
420.18683 1608.09
429.12280 2308.36
430.13321 574.569
431.15579 894.494
436.14713 778.362
437.21332 4224.07
438.21478 655.491
439.11090 523.84
447.15460 379.729
448.15363 325.314
454.15674 784.334
457.11691 506.386
462.12512 952.28
464.17764 514.532
480.13687 1189.83
498.14352 908.293
508.13062 1541.13
517.20184 839.845
526.13989 3791.09
527.14410 522.16
534.22961 2437.36
535.23364 397.371
544.15106 2629.21
545.15234 493.567
551.25494 4193.34
552.25842 1028.35
560.16864 382.717
595.21027 415.472
603.25366 367.621
604.23895 392.003
620.27716 1037.79
621.26392 1178.4
623.15271 521.376
637.16815 487.633
638.28717 10493.6
639.28900 2721.53
641.16577 803.026
655.18304 852.891
659.17651 1117.38
675.18939 397.363
734.19800 427.154
751.31799 1507.88
752.29224 1323.98
769.32739 15008.5
770.32648 5112.18
771.32141 986.134
779.31140 475.846
788.21637 446.254
849.31714 757.204
850.31165 414.28
866.34174 591.439
867.33246 1177.63
884.35480 7520.9
885.35480 2625.02
886.35541 621.964
977.37524 457.259
978.36865 367.315
995.38672 2844.47
996.38580 1796.51
997.38757 561.601
1013.39539 6799.31
1014.39856 2904.86
1015.39514 687.869
1093.39514 456.758
1110.40588 338.044
1111.40686 393.459
1128.41931 2204.82
1129.41870 1059.49
1179.43909 479.994
1180.42639 452.155
1197.44299 3538.22
1198.44067 1953.63
1199.44531 525.013
1215.45129 978.906
1216.45752 460.439
1277.42761 398.34
1294.46094 769.039
1295.44885 1469.56
1296.42261 425.486
1312.47217 5467.83
1313.47290 2857.19
1314.46875 771.322
1330.48718 558.077
1392.46765 557.465
1409.49023 926.854
1410.47974 1754.4
1411.48071 638.37
1427.50061 4330.18
1428.49744 3003.37
1429.49146 829.381
1445.50903 893.51
1446.47302 356.842
1520.53235 363.937
1538.52698 1396.64
1539.52332 1291.76
1540.52246 361.456
1556.54578 1755.75
1557.54370 1389.61
1558.53430 475.266
