2006.91228 2
110.07086 1064.67
119.04836 760.672
120.08041 19343.9
121.08394 1260.22
129.10190 4490.79
130.06468 458.756
130.08594 1119.79
136.07539 31674.2
137.07864 2390.92
147.04333 447.277
147.11252 2944.12
155.08154 410.631
157.06064 435.675
159.07587 1118.89
159.09134 980.728
167.08095 765.786
169.13327 697.276
175.07164 625.895
175.11823 1196.81
183.11195 669.484
183.14795 466.628
185.05463 529.446
185.09212 1048.37
185.12724 495.853
187.14302 428.735
200.13930 551.681
201.12297 1436.96
203.06578 3026.96
205.09660 1119.79
207.11237 3727.54
209.09056 425.308
209.12778 472.303
211.14406 420.723
212.10248 1207.76
213.08630 1015.7
215.13890 549
216.09782 481.863
217.09557 1253.66
217.13383 1950.04
222.12582 498.714
223.10793 601.571
226.11723 708.704
226.15454 4200
227.14005 546.21
228.09688 1352.68
228.13248 435.153
229.11696 622.942
230.11292 954.681
233.09422 431.529
235.10683 3373.28
236.11087 420.695
238.12181 2426.76
240.13403 639.439
242.14888 444.184
244.16496 17813.4
245.12920 1774.19
245.16780 1770.03
246.10695 835.677
252.13358 446.23
254.14987 585.06
257.09348 565.221
258.14368 555.5
263.10181 4067.29
270.10834 434.189
270.14459 585.637
272.15936 1570.19
274.11926 575.558
275.10028 474.966
278.14923 463.642
283.14322 23147.3
284.14600 3558.02
286.13815 642.637
287.10217 569.53
290.11392 459.722
292.12845 846.208
296.15964 2320.22
297.11884 671.101
299.13437 1985.92
301.14993 443.935
302.11389 555.13
302.15189 594.632
303.11240 1566.62
304.12985 1378.25
309.15906 489.239
311.13818 6778.59
312.14069 782.614
313.18622 1520.86
314.11444 489.723
315.12997 1087.06
315.20084 569.765
317.14514 2015.86
320.12302 5307.14
321.12857 703.776
322.13898 675.892
323.14279 541.936
324.15286 649.413
325.15414 909.639
332.12332 7671.91
333.12506 902.24
335.13586 540.568
337.15314 655.707
341.18103 4229.09
342.18451 691.273
343.19531 844.036
344.12308 442.198
348.11810 460.922
350.13342 3961.63
351.13498 632.826
351.20453 851.595
353.14841 756.293
355.15964 998.595
358.20740 3950.06
360.12036 473.67
361.15378 500.459
368.15613 2247.76
373.16437 564.676
373.19342 521.2
380.16315 472.041
381.17480 1155.58
384.15463 507.758
385.19025 3836.97
386.16479 2810.68
389.14600 1394.68
398.20297 3506.44
399.20667 657.448
402.23517 568.179
404.17639 2202.08
405.17932 454.063
405.21408 479.975
407.15543 3256.61
408.15326 696.68
410.20255 614.742
412.21863 1147.97
413.18655 1116.21
415.22882 7173.73
416.23279 1287.01
424.18140 457.535
426.16412 5439.93
427.16492 1181.3
430.22641 940.662
450.15802 498.269
451.19687 1094.52
454.22705 489.987
456.21445 461.038
457.20551 730.892
461.18112 486.19
468.17270 997.638
472.23737 539.925
476.17462 489.954
479.18704 439.912
481.23877 1242.68
485.20132 769.309
486.16119 478.264
489.26889 642.177
492.24280 510.832
495.18237 1706.25
499.25140 2274.53
502.22852 785.433
504.16672 1077.63
511.23499 523.957
513.18506 834.085
513.24695 667.49
517.26147 2060.51
520.23804 815.938
522.18164 1452.16
528.21008 1559.78
529.24713 2223.05
530.25262 497.459
531.24377 636.062
546.26941 10189.3
547.27124 2676.86
557.23584 703.262
564.24664 501.702
569.24738 609.666
571.25146 555.346
582.25891 533.474
589.26074 549.833
596.26990 510.899
597.22888 536.35
600.27411 651.891
614.26666 968.334
615.26190 472.393
617.25220 533.607
618.26361 445.159
632.27228 778.488
635.26880 825.461
653.28943 1241.71
659.35364 3574.01
660.36218 1054.94
671.30017 1285.17
689.30896 1067.52
729.31305 449.701
730.39343 1705.91
731.39545 678.935
817.42267 3117.21
818.43286 1365.53
833.43121 646.105
888.46289 1539.47
889.46765 665.037
896.43243 464.515
975.49408 2149.59
976.48975 916.945
1062.52209 3483.1
1063.52576 1526.62
1064.53235 475.91
1175.60876 1033.99
1176.61890 623.637
1347.66101 1117.26
1348.65503 758.572
