1416.63115 2
110.07116 2755.3
112.08681 845.768
113.07058 261.343
115.08640 623.969
116.07042 514.162
120.08070 1122.8
125.07071 200.55
127.08642 348.046
129.06635 548.213
129.10223 6035.68
130.04991 295.85
130.08618 1178.45
130.10487 467.216
131.08109 470.284
136.06171 1732.28
136.07564 2815.8
139.08606 316.814
141.06573 420.622
141.10161 324.361
143.08141 385.179
143.11781 352.85
145.06128 265.418
145.09711 10202.9
146.10033 618.7
147.07617 305.413
147.11278 1417.41
152.10719 233.115
153.06618 322.984
155.08148 688.601
155.11777 1249.61
156.07671 1188.02
157.06079 384.094
157.10776 661.826
157.13339 414.248
158.09233 1541.79
159.07631 1264.83
161.09164 701.024
167.08153 689.265
167.11797 225.27
169.06088 342.335
169.09660 372.625
169.13322 338.925
171.07631 1626.42
171.11270 581.012
173.09204 10148.1
173.12822 6276.72
174.09554 683.063
174.13228 373.424
175.11885 5351.17
176.12346 272.694
181.06078 606.602
181.09756 657.766
183.11281 821.589
185.05559 377.532
185.09227 995.801
185.12939 214.635
186.08618 313.07
186.12309 222.26
187.07121 499.237
187.10745 264.456
187.14374 675.442
188.07378 235.612
189.08736 699.744
195.07617 342.262
195.11264 535.136
196.10818 248.763
197.09148 256.788
197.12842 795.257
198.08702 623.543
199.07158 666.15
199.10759 1077.8
199.14265 252.76
199.17972 458.484
200.09999 221.591
201.12325 3228.7
203.10205 384.172
209.09174 541.697
210.02521 334.996
211.10727 328.686
212.10315 692.324
212.13937 436.745
213.08690 623.492
213.12350 271.314
214.08270 524.591
214.11813 264.682
215.10257 570.168
215.13873 1497.23
216.09653 454.15
217.08194 879.997
223.10754 220.182
223.15521 235.554
224.10284 827.984
226.11784 857.197
226.15479 1738.59
227.06819 280.213
227.10155 1292.85
227.14301 240.106
229.11676 457.662
230.11223 490.046
231.09961 259.248
233.09488 458.991
238.11766 211.851
240.09782 266.322
240.13359 1138.33
241.08112 572.534
242.11346 11094.1
243.11772 1055.77
244.16542 1194.47
245.07726 866.789
245.12466 414.669
245.16747 208.324
248.15967 286.01
251.14978 233.772
254.10779 211.718
254.14894 1003.22
255.14476 603.06
256.09558 230.412
256.12863 309.862
256.16589 417.455
258.10742 261.748
258.14359 502.1
259.09174 263.109
260.12399 6885.51
261.12723 653.457
262.15143 688.326
264.06366 423.145
266.14990 790.752
267.10947 302.274
268.12759 210.94
270.10818 248.028
272.17322 968.735
274.18774 506.561
280.12860 265.086
280.16513 280.432
281.12451 260.883
282.14340 340.418
283.17368 215.219
284.15970 2541.5
285.16391 437.097
294.16199 233.937
295.13876 310.101
297.15598 220.916
297.19122 651.034
298.10251 229.252
298.13937 580.786
298.17484 276.116
299.13409 511.754
300.08176 298.775
301.16202 842.817
302.16946 1876.98
303.17532 219.246
308.12302 286.53
310.13843 860.068
310.17636 271.977
311.13553 295.252
312.04984 841.743
313.14975 516.225
313.19089 217.237
316.11172 299.685
316.14975 243.605
318.14499 216.964
319.17200 17438.2
320.17484 2044.68
323.17307 241.87
325.15182 499.673
325.18417 411.219
326.13504 238.134
327.20239 1562.02
328.07745 465.114
328.14990 567.22
329.14645 322.474
330.05908 568.148
331.16449 223.552
332.16257 231.814
335.17200 216.373
337.18600 768.463
341.18317 473.37
343.16223 759.893
344.17435 506.606
345.21097 610.369
353.18130 591.606
355.19666 1919.78
356.20099 265.616
365.18674 218.627
367.19629 420.053
369.17691 758.455
371.19583 381.136
373.20734 544.936
382.17163 423.499
384.22382 820.58
394.20764 320.97
398.20688 262.577
399.16058 736.581
400.18747 281.236
412.21490 546.191
416.18573 243.501
417.17261 1067.99
423.20761 223.877
424.21747 860.402
426.20209 358.826
434.19940 3494.99
435.20306 717.024
438.23422 476.538
440.21667 295.956
442.23059 629.69
446.23239 387.125
451.02982 266.948
452.20877 267.578
456.25061 373.417
457.75809 420.326
458.26007 325.629
462.29572 258.729
474.26743 229.837
478.22104 719.663
479.22629 332.246
485.27567 563.923
495.25906 472.615
502.23837 371.024
513.27130 683.799
514.27545 261.461
517.25677 242.476
521.27875 273.378
527.24304 359.589
547.28339 2601.02
548.29041 495.396
557.26715 239.46
561.26459 373.665
562.26978 303.757
573.24835 481.65
574.33380 591.009
576.19232 275.501
581.25677 306.277
584.27167 370.588
591.29993 494.392
597.31012 238.088
599.27930 921.291
600.28052 272.061
616.30420 4206.9
617.30908 1114.36
634.31451 522.087
640.29871 281.911
644.30127 301.877
652.30896 304.462
654.32520 376.931
668.31982 403.862
668.82404 242.523
669.32983 366.688
670.30786 858.8
671.30347 265.118
687.34149 10634.7
688.33661 3054.37
689.34900 1053.35
690.35583 519.383
697.40118 680.178
698.40930 426.508
705.35364 421.183
707.33429 327.709
708.37457 459.699
709.38153 326.528
714.27899 606.437
717.32648 319.021
725.83673 835.104
726.33557 988.905
726.84296 350.058
727.34894 286.847
740.36810 749.303
741.36273 424.275
743.34998 1034.75
744.35046 615.231
758.37756 8496.41
759.38092 2861.44
760.38159 481.663
776.39124 762.049
777.37579 298.566
786.41315 999.718
787.41486 363.198
790.85278 234.83
799.43170 236.179
800.35663 242.574
810.38898 286.466
815.40759 237.39
817.47668 278.247
827.39825 1735.82
828.39386 1018.92
829.38843 286.61
834.48065 267.616
844.40094 351.401
845.41022 16697.6
846.41327 6862.82
847.41010 1163.85
856.34253 325.917
863.42108 1739.34
864.42139 477.862
866.40753 311.332
884.42871 495.926
897.47754 253.845
898.43286 264.63
902.43549 1325.54
903.43628 735.709
904.43463 273.732
910.43427 646.842
911.43439 551.474
914.50433 1776.54
915.51514 728.221
916.43555 293.199
928.44678 2156.07
929.44415 1158.24
930.45105 375.303
943.38428 521.534
946.45691 17239.9
947.45978 6970.75
948.46680 1478.27
955.42523 313.075
956.43701 573.421
957.44989 263.538
962.53357 331.02
964.47040 1614.21
965.47681 874.377
972.45715 268.666
1033.57202 303.486
1034.54089 534.641
1041.53210 611.683
1042.53296 448.257
1044.41638 514.294
1051.54663 260.936
1059.54236 2797
1060.54541 1367.6
1061.54614 352.409
1077.55762 377.059
1128.56738 941.74
1129.57300 771.573
1146.57385 4373.88
1147.57727 1872.25
1148.58875 563.118
1164.59045 522.464
1165.59241 254.492
