1739.73941 3
110.07127 4240.49
116.01648 292.29
120.08079 44590.2
121.08404 3834.31
127.08649 603.407
129.06586 5046.1
129.10228 4601.28
130.08598 589.282
133.04311 2414.58
136.06050 307.541
136.07578 10538
137.07904 957.023
141.06589 1312.98
141.10217 321.824
147.11295 1598.76
149.05989 1167.26
155.08165 2190.7
156.07727 291.183
157.13390 325.416
158.09262 475.632
159.07619 978.512
159.09169 786.19
166.05219 301.656
166.05824 455.685
166.08636 44164.4
167.08974 3769.89
173.12830 1470.51
175.11900 2704.28
177.10159 464.641
179.09213 293.773
183.11317 432.226
185.05562 1254.26
186.08733 9679.99
186.12611 334.731
187.07141 846.381
187.09106 640.668
189.08698 331.155
191.11797 1259.32
193.09734 2740.24
194.10138 300.208
197.12877 856.641
199.18002 693.126
200.10318 522.39
201.12346 1886.07
203.11511 294.087
204.13446 1385.47
205.09711 1704.61
207.08865 563.693
211.11925 2438.81
212.10291 1386.18
215.13918 963.485
217.08316 610.402
218.15120 389.294
219.11288 702.602
221.09189 1698.79
222.12355 898.554
223.10855 311.458
225.09853 1122.81
228.14589 1893.6
229.13002 5342.15
230.13329 388.625
231.11276 1262.62
233.16385 432.419
234.14417 492.805
239.11398 784.862
240.13405 1836.57
242.15074 327.14
243.13396 673.65
245.07706 2500.51
247.10699 369.475
248.06958 349.995
248.13872 298.973
249.12326 1365.87
249.15944 344.092
251.10262 2613.14
251.15047 482.883
253.09373 380.542
257.12457 3050.64
258.13034 351.473
259.03885 604.804
261.12488 334.498
265.11572 319.997
274.12219 973.021
276.06494 6738.13
276.13440 1237.9
276.16623 1080.83
277.06888 668.528
277.11819 3132.72
278.12122 337.778
279.09811 656.536
279.17038 4870.91
280.17300 624.734
283.14404 1920.24
288.13409 1363.6
288.20316 602.981
298.13904 487.061
302.14822 476.52
305.15915 370.098
311.13937 1138.76
311.17349 738.289
311.51041 351.942
317.21686 642.034
319.17212 334.331
320.17200 315.743
321.17178 1729.77
321.67435 643.823
323.13907 847.126
329.19376 473.433
331.17624 423.608
333.15533 1329.07
334.18732 620.951
338.18198 836.93
340.16324 380.347
342.20242 415.629
343.14044 326.596
343.83041 307.068
347.22772 377.231
354.13879 524.337
357.18683 1950.86
358.16077 633.382
359.17041 1158.8
361.15417 1030.1
366.20364 607.282
368.16049 3982.05
369.16266 822.887
371.69498 1848.97
372.19699 551.404
375.20102 397.908
376.19907 1322.21
377.11407 932.665
380.19809 2302.99
380.69943 625.324
385.16757 421.31
387.09579 911.238
388.07883 481.669
388.22159 354.366
389.14886 1512.9
389.25073 4045.9
390.25366 437.16
394.17261 544.949
398.20825 312.539
401.20209 437.496
404.19171 308.603
405.10739 7083.53
406.11121 1431.58
407.10745 484.033
409.71692 449.42
410.21234 307.606
414.71005 3415.71
415.18506 2678.81
415.68585 805.001
416.18985 322.495
421.22797 1808.05
421.73138 522.549
423.71478 5708.85
424.21710 2792.16
424.71933 523.715
426.20963 14722
427.21381 2901.35
428.21765 479.07
429.18674 9358.74
429.68823 3966.81
430.18976 770.888
432.71927 1228.66
433.22000 868.092
438.19278 744.978
440.18088 933.897
444.22098 598.068
449.69760 892.554
450.19269 1792.22
450.69333 918.91
451.19678 808.764
454.69119 365.37
457.25220 893.04
457.70020 479.312
457.74951 437.571
458.70599 1838
459.20670 911.468
463.69781 17554.1
464.19919 8646.7
464.28815 743.952
464.70020 1637.09
466.25974 1393.63
466.76089 740.958
467.21869 394.144
468.22147 884.624
469.20859 678.689
470.21869 356.121
471.25150 3053.72
471.75357 1584.52
472.18628 501.532
472.70316 14875.6
473.20474 6800.84
473.70572 1974.29
476.18073 2261.19
476.74643 1306
477.18597 495.306
477.24323 756.37
480.25687 2551.88
480.75818 1508.72
481.25766 518.014
485.75189 2144.19
486.25415 652.26
487.23352 463.636
488.76581 381.764
489.26938 742.154
490.19510 554.161
497.20178 1495.57
498.20944 802.312
500.18277 317.419
504.27832 3980.66
505.28333 813.974
506.24142 2379.8
506.74274 1655.45
507.24234 569.865
514.23645 314.78
514.76733 1264.3
515.24615 7802.32
515.74860 4544.89
516.24878 845.953
516.83313 423.101
518.19055 1811.9
519.19080 376.699
520.24005 8038.83
520.74115 5030.08
521.24432 1722.86
521.74347 464.63
523.26428 496.727
524.18671 5067.99
525.18915 1143.85
528.75201 396.334
529.24457 5322.93
529.74689 2826.58
530.24957 690.881
530.32825 557.845
531.78326 1199.6
532.29340 588.739
534.30859 438.088
537.75897 1683.46
538.25879 963.572
538.75543 524.228
541.27850 491.193
546.27521 1406.31
546.77728 795.901
547.27856 666.634
550.27576 543.773
551.25757 490.825
551.76190 344.331
559.28528 5725.02
559.78687 3722.79
560.27502 3037.13
560.77332 1843.03
561.27460 598.943
563.27441 472.33
563.75623 3465.07
564.25598 2455.55
564.75970 800.432
568.27930 361.245
569.27570 522.424
572.28418 1762.42
572.78168 776.242
573.29022 327.575
577.22540 540.917
577.37292 434.91
580.34064 404.2
581.27344 671.789
581.34045 911.832
581.83826 1082.2
582.34930 418.405
587.19653 433.217
587.26746 398.13
587.76196 509.423
594.33679 2025.34
595.26715 3411.03
595.76428 2173.17
596.26978 1953.52
596.76825 1051.52
597.27252 588.218
600.25726 867.517
600.75714 631.246
605.22089 723.979
606.27838 514.808
608.78058 2375.33
609.26270 6864.84
609.76300 4103.67
610.26379 1658.33
612.33008 421.336
613.23944 3962.04
614.24127 1114.03
615.22546 333.199
616.27545 383.124
617.78473 21740.2
618.28638 14084.3
618.78638 6350.37
619.28760 1370.15
619.79034 381.273
621.26990 2925.64
621.76996 1786.61
622.33185 4600.63
623.33661 1513.05
624.32648 330.275
626.78986 3258.87
627.29199 2514.48
627.79272 868.926
636.24982 499.433
636.80426 549.899
637.30725 599.98
640.34338 1131.36
640.81885 2251.92
641.33563 8145.75
641.81616 610.139
642.34198 2156.4
643.40900 579.325
644.26550 365.923
647.28540 340.14
649.25488 773.424
649.75781 434.121
651.78223 419.101
652.36835 478.877
654.32813 346.179
657.76923 4038.87
658.26776 2849.85
658.77032 1597.52
659.31085 635.891
659.80011 907.122
660.31317 977.072
660.78137 865.292
661.28314 891.347
664.79065 329.135
665.28961 349.866
666.77356 35532.1
667.27454 23808.9
667.77661 10883.7
668.31146 4570.22
668.81396 3386.86
669.32617 8083.4
669.82837 4962.31
670.33179 1521.31
670.82715 444.136
673.29993 2411.13
673.80127 1995.65
674.30469 1170.65
677.31451 814.806
677.80878 551.891
682.30652 14059.8
682.80713 10696.8
683.30804 4778.81
683.80438 1244.97
684.30463 357.756
685.78253 515.404
686.28467 533.692
690.46576 355.566
691.31226 2086.05
691.81409 1912.53
692.31323 4521.91
693.31854 1219.98
694.32935 542.439
695.33777 521.665
696.26666 328.376
698.34875 361.504
700.77197 425.082
702.29272 331.974
708.28613 709.105
708.79462 839.966
709.29218 460.844
709.78040 505.602
713.77649 431.294
714.28821 1489.32
715.28143 352.449
715.85168 525.759
716.34351 597.109
717.29602 7297.73
717.79852 4774.32
718.29742 2662.75
718.79730 633.125
720.30725 8358.85
721.30957 2980.08
722.29095 2200.56
722.79016 1651.47
723.29205 855.86
724.27515 672.993
724.34467 501.109
724.84924 607.867
725.35455 1469.24
725.84717 485.201
726.35974 507.191
729.32764 384.311
729.84772 418.1
730.34296 418.557
731.29669 15468.8
731.79639 11630.1
732.29706 5582.47
732.79681 1744.04
733.85773 456.274
734.35779 379.461
738.85065 1232.83
739.35205 926.175
739.84680 445.141
742.38165 14623
742.86133 2977.91
743.38159 6299.45
743.86609 917.397
744.38458 1003.17
744.46899 506.794
747.84760 349.848
753.33954 360.111
756.35541 433.273
759.38922 5516.51
760.39063 2328.52
761.39288 610.207
764.83722 417.959
765.32751 424.522
769.35291 1281.11
770.36346 513.172
773.84003 401.658
777.40265 1596.93
778.40076 830.812
786.37872 385.135
787.83167 808.785
805.48590 1532.01
806.48340 400.487
806.88861 387.471
807.39307 470.01
809.35895 3456.71
810.36243 1550.57
811.36853 488.632
824.43176 508.626
827.36414 497.845
828.41272 1028.46
829.37512 1517.97
830.37366 601.128
841.45313 10790.5
842.45660 4266.29
843.46313 916.714
845.50995 894.55
846.41864 1933.36
847.42249 743.3
855.37091 539.382
857.36584 7483.6
858.36865 2945.78
859.37201 767.97
864.45520 471.226
875.36194 427.567
882.45093 632.923
883.44696 539.392
898.43079 344.939
904.55072 1922.19
905.55255 623.129
910.40649 1021.29
920.38232 388.017
926.38666 3004.5
927.38385 1432.57
928.39282 494.492
931.51453 1498.2
932.51672 854.852
938.40320 2643.15
939.40594 1378.85
940.42065 427.301
941.49847 727.221
942.48810 486.691
944.38867 963.072
945.40009 419.574
949.39478 410.826
952.48456 918.493
953.48254 828.24
959.50793 2661.69
960.50854 1323.04
961.52753 386.468
970.49457 10135.2
971.49744 4235.29
972.50104 1336.88
977.52740 598.85
1007.42822 429.066
1011.47937 502.878
1029.48376 1158.28
1030.48535 574.47
1039.47034 2850.13
1040.47156 1359.13
1041.46045 449.031
1051.48584 416.648
1057.48328 1811.01
1058.48059 1206.3
1059.48303 340.836
1099.56897 342.545
1114.48682 340.09
1117.56482 8098.92
1118.56445 4918.17
1119.57153 1429.16
1280.62988 1153.5
1281.63086 535.96
1337.64856 1628.05
1338.64233 1124.33
1339.64368 557.828
1363.61621 466.604
1364.60291 418.387
