1949.90444 4
110.07092 165396
112.08656 29506.6
115.08622 37433.5
140.01071 26655.4
157.10820 51623.9
175.11900 76511
179.09198 25796.8
198.12314 31392.8
207.08737 57476.8
207.13959 51008.9
221.13788 76912
226.11827 109268
230.14255 84896.6
247.13461 36467.8
251.14922 36333.3
255.14485 150214
255.64804 503534
256.14932 129991
272.17123 298614
273.17432 41901
274.15897 28537.7
282.67154 68889.7
290.63947 36514.2
291.18478 97899.3
295.13928 74612.8
304.63617 97274.8
305.13571 25319.4
305.18201 166355
305.68295 45802.4
313.20892 25257
320.17245 38467.7
320.85455 66040.9
330.18546 54191.1
340.19818 83564.3
340.68924 263327
341.19077 83257.6
349.20239 1.19655E+06
349.70392 380601
350.20551 90645
353.19284 235239
353.51019 123886
353.84241 80546.2
355.70514 34028.4
359.19601 68787.6
362.84412 203916
363.17899 91999
363.51089 27144.3
369.70264 158745
370.20416 49122.3
375.20157 42806.5
376.21115 173421
376.54791 102699
376.88284 37165.1
383.71283 310022
384.21448 122233
384.71387 27391
385.25549 180605
385.54440 77852.6
385.85092 666209
386.18533 390499
386.25647 36081.9
386.51959 150410
391.21841 136548
391.55298 65060.7
391.85373 50395.2
404.69461 47391
408.87088 194860
409.20642 126016
412.24701 36625.4
418.20245 87598.1
418.50809 236602
418.69135 337428
418.84360 126239
418.89813 110648
419.19696 125294
423.87845 255037
424.21078 135484
424.48251 39038.1
424.54694 45511
424.73297 27364
426.24472 132642
426.47171 27463.4
426.74994 41452.9
428.22943 183422
428.56393 124647
428.73801 38440.2
428.89676 51571.7
430.24728 29155.6
430.48526 94397
430.73462 86490.8
430.98422 58093.4
431.23090 30606.7
431.73874 55477.6
431.99194 45816.1
434.23337 30830.7
434.74219 531888
434.98953 1.02321E+06
435.23953 838163
435.48944 343346
435.74075 157411
435.99011 44556.3
439.11539 27445.8
439.24399 6.07577E+06
439.33627 37791.6
439.36469 58083.1
439.38934 53179.7
439.49390 5.60722E+06
439.64191 27913.2
439.74438 2.82017E+06
439.99478 1.09931E+06
440.24579 249309
440.49677 37506
443.74622 875805
443.99622 896378
444.24738 507906
444.49823 192337
448.24799 26622
448.97147 26352.9
449.22235 35097
451.23813 33489.1
451.55685 203798
451.89096 143308
452.24353 148828
452.74475 52927.1
453.23035 35381.3
454.97949 67086.6
455.23053 44355.1
455.48013 35104.7
456.23895 34527.6
456.53568 91837.7
456.87094 92890.7
457.24475 65119.6
457.57669 33824.5
459.23688 360759
459.48349 853045
459.73303 822203
459.98413 363120
460.23410 137519
460.48526 45285
460.88916 221086
461.22485 153813
461.55627 37320.4
461.74094 36581.3
463.50555 34021.3
463.73779 6.44871E+06
463.82693 47180.9
463.85822 56095.6
463.87985 57616.7
463.98819 6.09827E+06
464.09402 41265.5
464.12451 44116.8
464.15607 34433
464.23807 3.16999E+06
464.48868 1.12464E+06
464.73962 309472
468.23962 247973
468.49100 235121
468.74048 110872
468.99469 32618.2
472.28659 1.20073E+06
473.28989 274568
474.29178 44591.2
475.23154 236033
475.73502 105393
480.77747 193336
481.27859 93436.3
481.77301 30170
483.73212 49574.4
483.89502 176087
483.97598 197178
484.22516 343125
484.47720 62366.2
484.55237 57135.5
484.72784 36792.6
484.88342 41522.3
485.60455 26995.1
486.27115 31635.8
488.23193 631638
488.48251 619768
488.73331 329914
488.98303 120848
489.22778 29809.1
489.89661 72526
490.23364 57971.1
490.56763 36160.2
493.26401 29947.9
493.54755 79211.5
493.88278 39598.8
494.77499 220582
495.27493 147728
495.77768 30610.6
501.23242 41846
503.78375 37542.6
507.28741 27455.2
508.78287 145878
509.28513 90252.3
509.78696 32468.9
510.28583 28952.8
516.55426 99440.9
516.88892 65463
518.25842 34132.8
520.27802 30430.3
520.77155 97692.2
521.26587 29851.5
521.76398 29771.7
521.92218 25599.8
529.28546 834157
529.78644 443426
530.28107 137136
530.77258 35755.4
534.75696 31137
538.29028 164630
538.79242 91827.7
542.62177 59197.1
542.95441 54758.2
543.76263 170796
544.26398 92196.5
544.76385 26035.6
556.28247 35305.3
557.77301 49441.4
564.30316 106378
564.79932 76021.9
565.63971 126066
565.97241 83791.4
566.30768 48127.7
569.26617 42161.9
569.76263 45433.2
573.30670 140596
573.80804 79945.2
574.31049 38365.6
577.81653 30616.6
578.27264 836239
578.77344 443870
579.27344 137517
579.77826 33792.5
582.34003 33901.6
583.31934 183572
584.31921 52828.9
598.30078 68694.2
598.63263 67002.4
600.34583 415408
601.34839 129946
602.34192 34004.1
610.33392 39317.3
611.31702 28509.2
622.84131 218864
623.34039 132373
623.84265 59595
626.79974 37619.2
657.35175 63665.8
657.84723 52041.8
671.82678 52479
672.33099 41606.7
676.86133 26937.2
679.38971 50003.8
680.37970 51091.3
690.83429 28754.2
697.39886 705118
698.40240 260267
699.40619 57298.6
707.33539 32601.6
721.37018 28209.2
725.33881 58363.3
725.83423 38387.3
726.33887 33442.1
766.41797 119098
767.41541 46734.6
836.36774 61567.5
837.37146 25389.8
851.48071 30420.5
903.47491 34085.5
904.48773 26145.3
921.46100 27324.2
949.45642 126490
950.46210 44240.1
