1935.02341 3
117.09077 590.967
120.08019 1881.86
129.10158 367.986
130.08595 237.149
133.08546 1714.65
136.07553 306.69
147.11232 521.645
157.13252 426.093
173.05453 293.849
173.12764 405.758
175.13132 196.042
177.11147 1042.47
183.11162 278.303
185.12772 406.143
185.16437 200.993
186.08678 217.569
199.17996 1223.3
201.12285 270.913
211.10768 198.558
213.15956 233.82
219.11223 297.984
219.14825 291.727
227.17450 554.736
228.13336 759.088
229.11781 226.574
230.07698 268.102
234.14404 247.463
243.13335 191.278
247.14349 249.858
257.24683 303.613
258.10733 354.335
258.14371 566.984
262.11685 187.467
276.15399 693.818
286.13821 732.367
298.21109 340.853
299.17123 318.348
318.17978 307.244
332.19458 197.376
339.16537 274.715
355.12399 287.039
357.17599 414.525
361.18668 253.905
372.14978 524.234
389.23868 761.596
434.16382 211.656
436.18515 227.541
454.18921 350.257
460.27496 1228.74
461.24307 189.751
461.27811 202.205
468.20810 307.967
471.21634 567.438
485.23309 564.681
522.25964 237.096
539.28040 455.14
553.25433 363.432
556.30682 383.382
567.27582 1118.2
570.28516 412.885
584.30090 1077.31
585.30487 322.076
607.34351 2481.11
608.34625 740.557
638.34784 215.155
644.39929 679.106
644.91931 259.803
645.28131 478.152
645.37061 364.179
645.42761 514.719
645.89447 208.431
646.37750 587.551
647.99750 673.104
648.99921 439.754
655.37311 224.097
666.34430 964.255
667.34808 272.52
683.36761 782.815
684.37579 226.219
706.41071 1639.27
707.41736 572.352
733.31421 205.168
775.38123 202.904
853.47949 453.154
854.48199 273.74
910.49860 558.173
911.50531 223.122
967.52032 715.137
968.52057 443.649
1082.55225 546.598
1083.55493 361.828
1121.54736 346.423
1139.56824 1813.36
1140.57263 1243.23
1252.64087 341.019
1253.65979 324.017
1320.58630 345.517
1321.58374 257.991
