1457.83733 2
110.07123 2666.96
120.08061 5509.72
127.08649 3948.51
128.10678 3689.89
129.10219 10577.1
130.08614 3654.15
136.07561 3744.67
143.11749 783.596
147.11279 8149.97
155.08134 7465.6
155.11736 1851.76
157.09709 773.152
158.09216 1186.49
159.09114 1299.76
169.13341 4814.26
171.11320 696.358
173.08421 755.252
173.09657 1063.84
173.12828 129384
173.15334 805.972
173.16609 1030.82
174.13196 9351.44
175.11890 4451.33
183.11266 1884.56
183.14874 1584.21
184.07126 1584.44
185.16487 3356.71
186.12366 3491.84
187.10825 812.472
188.07391 1317.57
197.12822 1463.99
199.18045 31608.2
200.13939 2790.4
200.18399 3108.86
201.07521 749.137
201.08383 805.265
201.09839 2301.78
201.12318 128056
201.15312 808.079
201.17062 1063.97
202.12682 11929
211.10776 812.704
211.14433 1329.46
212.06641 2793.6
213.15971 4436.49
214.11855 3916.66
215.08537 1243.33
215.13892 4426.19
217.13673 8375.26
218.15001 14714
219.15181 1225.1
223.14384 998.539
226.08118 855.138
227.06732 738.48
227.17546 19807.5
228.13400 10002.9
228.17882 1957.3
229.09291 20529.7
229.13713 813.845
230.09605 1810.87
233.09537 6045.69
235.10728 1883.69
239.13910 936.482
240.17120 1324.61
241.19035 942.445
243.13387 7820.9
244.06535 776.673
244.09262 3258.8
245.13152 7229.23
253.22787 869.514
254.15071 759.353
261.09018 29780.3
262.09317 3280.45
266.11301 791.876
268.16516 3490.21
269.18567 6199.91
274.18756 1316.23
281.22195 958.583
283.13889 1631.32
285.15659 2359.49
295.12540 1130.6
295.23752 925.963
296.19650 4215.01
297.16464 1109.08
297.19989 807.914
300.16760 2410.67
310.21161 1836.89
311.13498 4020.85
312.15588 846.237
313.08575 2649.54
313.19440 1446.89
314.15250 2064.33
314.20688 44028.8
315.14035 1006.43
315.21011 7375.62
317.21777 8016
318.22144 888.381
325.15018 4335.82
326.24396 1135.44
327.20026 826.008
328.16138 19439.8
329.16595 1938.77
332.16489 1164.48
338.14688 779.176
338.20807 2482.98
340.25851 889.903
341.21820 4062.67
342.17654 13639.4
343.15799 4368.97
344.12613 1076.79
346.17935 1476.84
352.22256 1032.67
353.25372 1012.76
354.17664 1280.07
356.16492 2181.72
356.21841 4308.57
358.21524 3120.21
362.13416 790.089
369.21268 1219.04
374.17413 41595.5
375.17679 6927.54
376.16876 1329.15
379.19797 3012.51
382.17267 2605.46
396.22305 3415.02
399.19836 4524.04
399.29742 2286.15
402.16998 1149.36
407.22827 765.421
409.28046 1656.81
410.23868 1465.75
412.18039 865.814
413.24985 2805.02
414.23331 3964.39
415.23474 779.967
423.23666 889.299
424.21918 3418.09
425.24210 1013.31
426.16879 805.867
427.22989 914.072
427.29459 3657.86
428.21991 1926.49
428.29398 858.773
429.21002 1731.76
431.26102 12296.3
432.26468 2494.11
437.20944 947.706
438.23703 1706.11
441.24628 7672.89
442.23267 1948.88
443.19788 2101.79
445.24936 929.105
452.20721 924.129
455.26071 4680.56
456.24640 1174.84
457.20410 1674.33
459.26288 7133.34
460.26517 1601.68
467.25882 796.066
469.24689 1467.45
469.30341 1655.63
470.26093 2245.6
478.22897 762.622
483.25540 924.378
487.25815 19152.1
488.25977 4566.14
489.26044 855.886
495.25687 1327.82
509.31137 1703.64
510.26608 1425.94
511.25156 2512.14
512.28699 992.336
521.27551 951.683
522.25586 896.551
526.33362 1567.58
528.27795 7519.82
529.28009 2188.61
537.30170 2234.37
538.31696 996.106
541.30212 1051.15
545.30377 21141.8
546.30707 5681.32
547.30713 967.194
549.26538 1496.11
553.25262 862.017
554.32886 4485.62
555.32666 1587.59
556.27380 4222.96
566.29321 2070.71
567.27716 2168.4
568.21112 827.816
570.28833 1646.49
572.34637 2183.45
574.27490 1828.33
584.30688 2566.7
585.23151 1558.61
588.23920 832.628
600.34296 4580.12
601.28864 2062.72
602.25128 1393.38
608.34027 817.623
638.35101 1368.03
641.36609 2343.11
645.30920 970.059
658.38794 14075
659.38879 3736.1
665.36060 2751.92
666.34631 1768.97
667.29663 834.763
669.35590 2676.03
670.30884 1543.99
681.28931 1119.93
683.37341 2077.13
684.29547 871.349
687.36884 776.16
694.35474 767.276
698.31915 3815.7
699.31604 1250.71
701.32922 1328.04
715.34308 3630.39
716.34357 1308.04
754.44684 1250.06
769.39569 1599.93
771.47290 9898.22
772.47479 3425.8
776.35114 1344.46
797.38434 1722.84
811.40076 1071.31
814.41370 2425.63
815.41071 871.051
828.41943 847.789
882.50793 2039.23
883.49445 1649.15
900.51361 8476.85
901.52014 4037.64
905.39545 2154.38
1014.52551 1713.63
1015.52374 965.627
1020.42426 1439.13
1031.55603 9402.8
1032.55371 5087.17
1033.54517 1509.24
1121.46753 1832.38
1122.46326 829.445
1144.64490 2293.1
1145.64148 1685.13
1257.72925 1013.73
1268.53601 2696.27
1269.53784 1343.49
1367.60620 1281.53
