2127.05459 4
110.07085 2475.53
120.08038 30181.2
121.08381 2688.14
129.10191 9303.32
130.08585 2214.3
136.06113 1150.11
136.07533 3516.78
141.06557 651.143
147.11234 4570.4
157.09666 1850.17
159.07574 1750.88
167.09181 1216.38
171.11308 1097.82
171.14885 5865.77
175.11818 1145.57
181.10873 1416.07
185.16454 1369.95
187.07097 2529.25
188.09770 645.532
189.08647 788.989
192.07632 2198.5
195.08736 2855.05
199.14342 3039.97
202.09471 1634.92
203.10263 732.121
207.11134 1241.85
209.10300 4657.58
212.11401 657.023
213.15915 793.153
216.13391 1726.89
217.08206 666.696
219.14867 12598
220.15190 2036.57
226.11865 1041.18
228.13354 626.891
231.09660 650.974
233.16435 3964.12
234.14421 6746.59
235.10573 757.294
235.14862 625.256
239.11343 733.084
240.11028 895.939
244.12785 762.717
244.16396 737.268
247.14345 9385.57
248.14627 1119.22
258.10663 630.783
261.15878 4192.89
261.63129 4387.52
262.13358 1747.48
266.12463 1547.93
275.62878 11502.9
276.13086 4139.84
276.63156 766.703
282.65536 1542.8
286.13870 1928.04
296.65091 1242.54
302.09723 1568.65
314.13644 766.373
318.17328 20120.1
318.67450 8169.73
319.17532 1186.37
331.15927 1541.07
332.17096 17573.5
332.67215 6004.88
333.17249 1372.91
342.15472 2509.01
346.20944 1034.59
348.18658 4758.04
349.19019 678.728
352.20746 2593.63
352.70953 1129.43
356.19025 898.981
360.13992 1075.68
360.22766 991.22
370.18405 1283.42
375.18781 4246.12
376.19196 860.808
391.70721 8772.58
392.20828 4412.28
392.71405 785.908
400.71503 732.103
401.16898 2050.84
402.28079 893.386
403.18280 18245.7
404.18381 3424.19
405.70486 16045.4
406.20642 8232.85
406.70648 1690.21
406.86542 709.009
409.72079 10224.9
410.22128 3206.42
410.72360 1366.73
417.12317 1330.17
419.71780 936.473
441.24197 4242.37
441.74292 2398.67
451.20117 866.354
453.54517 1851.47
453.87839 841.563
455.23819 8707.84
455.70117 3899.63
455.74731 3182.01
455.95862 3835.37
456.24646 1355.77
458.72861 710.918
461.27121 3713.73
462.27441 706.906
467.23453 4523.63
467.73514 1744.38
468.23972 843.459
479.21576 1775.13
482.26251 2753.69
482.76373 4729.89
483.26410 2057.16
483.97858 1552.33
484.23007 1728.83
499.74649 3431.63
500.24054 1385.35
504.24088 1185.02
504.49139 1082.54
504.78210 1071.39
507.20883 2150.02
508.20782 684.889
508.74438 6663.44
508.99640 4623.7
509.24448 2494.52
514.76660 785.279
515.01050 887.747
515.21033 1601.33
516.18781 906.859
517.31030 1285.08
522.25586 5931.81
522.74939 2288.15
523.25494 3260.71
528.27026 1090.54
528.51324 700.489
531.24261 2335.37
531.30402 1994.32
531.63177 715.941
531.75238 7260.54
531.91577 670.413
532.24872 4040.78
532.52155 2812.01
532.76428 3001.88
533.02234 2733.89
533.22070 814.108
533.29022 10304
533.62396 5868.79
533.95752 1199.52
542.25842 790.445
542.75177 1368.95
543.24268 927.453
545.22015 751.831
550.25061 23465.4
551.25427 10740.7
551.75580 3157.48
552.25586 3523.52
558.28534 1186.2
560.26532 37061
560.76672 20222.8
561.26770 6561.83
561.58527 1322.1
561.76904 1867.81
561.92200 1149.35
575.31268 9744.91
576.31720 2817.24
580.31995 1056.98
592.29401 2265.73
592.78644 759.75
593.30206 685.596
600.79559 3062.9
601.29016 4794.28
601.79272 2346.74
602.29816 1565.31
604.38513 825.371
607.27386 2976.68
607.60773 3272.2
609.80005 46184.3
610.30115 28301.4
610.80255 10283.5
611.30542 2548.75
614.36194 848.639
628.28815 701.159
628.98193 694.314
630.31525 693.212
633.31006 2889.73
633.80994 1203.1
635.33997 3125.25
636.34808 1163.79
640.32581 1922.3
640.66199 1931.97
640.98615 973.512
641.32587 1291.97
642.30707 690.758
644.27881 1061.8
645.32697 796.791
646.35028 846.848
650.32611 804.71
650.82214 948.672
659.33453 18199.2
659.83484 11785.7
660.33588 5005.64
660.83722 1499.42
663.33411 18380.5
664.33752 7060.62
665.34302 1783.79
678.88184 1043.39
679.39191 1016.71
680.35919 1784.73
680.85956 1439.77
686.00684 839.812
686.34467 695.032
686.67609 681.616
690.82098 4086.44
691.32294 2454.24
691.82819 797.359
693.81628 679.065
700.33429 945.166
701.36615 1454.16
703.40936 4369.11
704.41425 1776.62
710.37115 729.795
714.40125 2143
714.90753 1244.42
715.87897 1440.16
716.38397 1413.36
723.85974 860.779
724.36237 1448.19
724.85889 1347.26
732.86731 18471.3
733.36938 12717
733.87109 5756.89
734.37183 1471.46
739.36682 1415.17
742.91412 7548.29
743.41309 5723.46
751.81287 684.221
758.32819 1439.07
772.33813 1549.24
775.36804 703.375
782.40973 2598.71
783.41559 1060.88
789.40979 1657.72
789.90509 1854.96
790.41418 1385.42
792.39368 1054.39
801.40417 843
810.40222 15644.5
811.40582 6707.86
812.41254 2263.03
817.38910 1212.01
818.43628 4279.84
819.44330 1908.94
832.49335 987.872
833.48364 763.743
838.43585 1162.83
862.94403 1464.61
863.45160 1086.01
871.40741 1541.24
881.48010 1166.13
886.38922 1721.29
909.47266 7460.38
910.47498 3798.04
911.48187 1285.05
915.44501 688.226
916.43506 1225.66
917.44934 880.358
933.46082 7212.39
934.46240 3088.11
935.46497 697.222
973.42487 1034.41
985.45630 1448.63
986.45593 1110.9
998.47614 727.767
1008.53839 1115.17
1062.50305 2867.34
1063.50354 1121.24
1072.48145 893.996
1084.50049 1206.28
1101.51050 2164.67
1102.50305 4204.62
1103.50684 2165.11
1117.54102 682.179
1119.52417 18170.9
1120.52637 10431.3
1121.52917 3704.81
1200.56946 728.387
1201.56287 1669.9
1202.57715 848.657
1218.59546 8167.81
1219.59351 5371.45
1220.59851 1788.51
1231.61316 678.481
