2838.17466 3
110.07106 2092.83
129.06606 625.042
129.10196 1691.33
136.07533 1615.44
141.06546 1049.7
141.10190 1084.64
147.11247 589.222
167.08153 933.907
169.09721 1012.97
171.11229 668.092
175.11862 10178.6
181.09665 1005.81
185.09178 2882.15
187.07095 9063.89
188.07510 650.218
199.07144 858.112
199.10770 1155.46
200.10281 814.005
212.10202 607.811
213.08662 11306.4
214.08974 805.406
216.09673 763.436
217.08168 784.497
230.11327 2827.36
240.09764 808.541
244.09268 979.729
256.12888 795.916
258.10785 5007.76
266.10895 684.241
284.12357 13122.4
285.12704 1730.04
290.14523 1587.55
294.18002 725.524
301.14682 778.839
309.15482 1060.06
312.11816 1157.77
315.12982 1184.47
323.13348 1489.92
327.16492 864.411
332.10806 603.513
341.14511 3504.08
353.14563 853.228
355.15961 2862.7
356.16403 553.466
373.13699 663.231
381.13977 810.732
383.11786 759.66
384.18582 3260.86
386.16772 959.827
394.17078 1391.67
399.14966 897.987
401.12906 1007.55
403.22913 1270.5
406.16974 640.952
412.18271 4929.32
413.18335 793.972
424.18143 3574.67
429.21176 812.307
441.17477 629.118
452.17654 4315.42
453.18030 810.017
455.22275 556.338
457.22211 680.337
468.24661 966.077
470.18637 2744.01
471.18451 570.358
481.20224 923.949
483.21848 1234.66
485.21454 913.045
486.21521 557.108
490.26102 5824.24
491.26624 1552.64
494.14938 611.417
509.19547 1051.51
512.15900 1054.37
513.22900 1875.16
514.21082 857.026
523.21033 1121.19
527.20563 655.261
528.20074 701.418
529.17767 701.952
540.24072 2325.02
541.22565 2365.54
542.26355 7536.41
542.76221 3684.59
543.26245 1046.37
552.23962 887.978
560.76801 994.28
570.24963 574.246
580.23450 1397.61
589.32910 9896.44
590.33112 2639.41
598.24304 1764.77
599.24768 569.387
609.15753 664.97
609.26801 842.224
613.26984 683.901
623.79266 3921.76
624.30151 1107.92
624.79321 698.656
625.24438 1068.23
642.27240 1423.01
657.24347 1013.76
659.34985 584.345
667.30853 2388.31
667.80792 1683.94
668.31104 669.121
669.28271 1495.18
685.31256 697.411
685.64258 1026.34
698.30347 686.913
704.35736 3226.92
705.35968 1137.58
706.83411 1735.35
707.32562 2609.58
707.82727 1341.74
713.29858 767.686
714.99927 635.738
715.33032 921.553
715.83447 29279.6
716.33630 22380.1
716.83856 9077.19
717.34003 2268.46
724.29004 1575.76
725.29248 917.737
728.34485 664.199
752.32074 1074.72
753.36597 586.909
757.31958 735.678
757.68219 1015.16
758.01440 1369.98
758.34503 971.118
763.86816 747.309
764.36859 1073.14
770.32849 2773.76
771.33514 901.118
772.37799 8157.68
772.87823 6617.71
773.38208 2795.54
773.88611 686.692
796.33197 1182.07
797.33997 808.32
802.34973 592.376
804.83612 4485.32
805.33527 3991
805.84100 1266.01
817.02966 1042.35
817.35712 696.307
818.40082 8139.84
819.40350 3465.94
820.39819 959.163
822.36591 2306.07
822.70227 5636.64
823.03174 4483.05
823.36987 2756.79
823.70325 1343.04
827.88220 751.343
828.37201 15238.2
828.70599 19906.3
829.04053 15006.7
829.37512 5068.68
829.70447 1630.19
834.36951 727.237
835.04980 902.355
836.89197 878.419
837.39673 1070.68
837.89728 631.555
840.70190 646.724
841.37445 902.561
842.34509 1981.25
843.32330 646.71
846.38702 1319.81
846.71161 960.163
852.05511 1731.53
852.38751 2367.62
852.71802 1858.68
853.04352 587.556
853.81976 2954.3
854.32227 2216.68
854.82391 1107.36
855.35626 2173.96
855.69171 1825.86
856.02722 1199.11
857.67938 1532.72
858.01306 1988.85
858.34003 889.459
861.03271 5393.66
861.36481 7888.75
861.69843 5959.12
862.02972 3440.13
862.35876 957.487
871.40607 599.631
871.91132 713.822
879.03564 671.003
880.41547 6030.41
880.91589 5352
881.41669 3440.37
881.91034 1522.6
882.43567 661.558
884.71393 1199.39
885.04175 2112.15
885.37500 1573.09
885.71118 829.096
887.90253 1055.23
888.43085 1000.03
896.91266 4002.43
897.41162 6188.23
897.90985 3008.27
898.42010 1174.02
898.95648 678.048
909.40668 1140.14
914.06982 1115.63
914.40686 1184.92
922.34723 739.514
923.35400 698.717
928.44037 1209.58
929.42865 2905
930.43518 1089.24
937.92554 3277.55
938.42932 2833.04
938.93341 1569.1
940.36304 2453.75
941.37036 1007.38
946.45892 12497
946.88635 919.09
947.46185 6114.45
947.88983 843.119
948.34448 704.414
948.48901 1727.88
956.40338 658.163
963.93030 1328.62
964.43048 1358.06
972.43762 7297.96
972.93958 6129.57
973.44025 3613.57
973.94879 1207.6
986.43750 723.176
987.43756 698.611
1011.39703 693.409
1017.49963 1026.61
1018.48468 713.634
1018.95398 1689.29
1019.44739 1600.05
1019.95184 853.84
1020.46521 607.168
1021.44720 927.181
1021.92963 1256.89
1022.42401 1264.26
1025.44934 708.346
1027.46570 3461.52
1027.95801 10692.7
1028.45752 10205.9
1028.95667 4678.59
1029.45874 2482.42
1035.42676 800.065
1036.46509 4192.36
1036.96838 5844.19
1037.46655 3283.8
1037.96106 1158.86
1053.44727 3388.77
1054.44922 1864.68
1055.46106 1043.5
1063.48450 1339.9
1063.97729 793.353
1071.98682 3938.82
1072.48486 5284.84
1072.98779 2231.79
1073.49146 1120.71
1076.95117 1257.32
1077.45020 1397.69
1077.95105 791.679
1083.51440 11708.9
1084.51660 6326.12
1085.51709 1815.58
1091.49829 1868.53
1091.98987 3130.97
1092.49097 2445.25
1092.98730 999.507
1093.49036 705.839
1100.49658 11418.5
1100.99756 13315.3
1101.49719 8304.81
1102.00098 3431.3
1102.49731 1105.01
1109.99377 802.257
1113.42712 690.588
1115.49292 640.84
1121.46631 859.274
1124.48291 824.657
1126.48499 713.854
1127.01184 1070.91
1127.51294 1850.26
1128.00610 1811.96
1128.51160 1088.52
1136.01331 5689.06
1136.51941 7514.4
1137.01575 4466.06
1137.52197 1674.54
1140.98096 815.11
1149.48718 1554.83
1149.97925 2246.42
1150.48621 1575.15
1151.41150 1113.27
1152.41541 755.339
1155.51221 940.694
1175.99402 631.12
1176.50708 865.66
1185.01160 2737.33
1185.51587 3078.54
1186.01428 1429.24
1186.52820 1026.43
1193.52905 3720.75
1194.02942 4923.52
1194.53064 3404.87
1195.03162 1774.86
1198.52234 615.091
1199.02698 964.314
1199.49097 598.758
1233.04309 670.169
1233.55042 1612.78
1234.04724 1611.16
1234.53699 1225.65
1237.52466 744.865
1238.50684 703.843
1242.05151 3978.98
1242.55481 6132.38
1243.05481 4700.89
1243.55139 2383.27
1244.05896 855.669
1246.57483 2958.78
1247.58923 1880.95
1256.54993 1928.85
1257.56079 1198.02
1278.08289 602.182
1291.55225 1087.3
1292.01782 633.127
1297.47095 1965.59
1298.47473 1269.79
1310.53979 656.261
1333.61108 2998.62
1334.61157 1869.54
1335.61877 702.4
1410.56104 607.305
1412.65674 1550.2
1413.64294 1950.38
1414.63989 1153.71
1430.66638 24467.6
1431.66760 18121.8
1432.66821 6975.18
1433.66418 1864.94
1543.74597 2259.04
1544.74658 2173.57
1545.76489 930.195
1611.67139 661.801
1673.79797 822.04
1759.85217 948.824
1760.82056 998.028
