2129.93589 3
110.07098 8836.54
129.10197 5540.84
136.06151 1678.24
138.06561 736.39
147.11266 1347.69
166.06097 580.492
171.07657 715.244
175.11848 1595.46
181.10828 628.396
185.09279 454.457
185.16457 9484.06
186.16824 719.429
187.14371 3833.03
188.14691 465.999
209.10329 2381.5
213.08643 1305.72
213.15941 2855.78
215.13850 3535.98
226.11861 994.127
234.12421 515.9
240.13342 459.597
251.14992 2030.48
264.06158 692.897
274.18658 6067.25
275.19022 741.707
279.14413 665.018
282.10764 889.589
298.09732 757.524
303.21317 1508.58
303.63129 2752.14
304.13239 783.531
312.04892 1199.93
317.62808 2525.56
318.15234 567.901
319.15094 937.914
322.18582 535.557
328.22256 510.481
330.05981 985.789
332.20709 1300.45
337.16058 630.181
338.63303 653.899
350.21777 11054.3
351.22107 2145.59
352.13895 2213.94
352.63992 587.83
353.14465 804.426
360.13205 592.456
360.16977 534.303
361.14545 3126.51
361.64551 1184.43
380.15405 509.212
380.64825 1159.35
384.27039 956.191
385.13403 630.185
388.66406 713.244
389.65561 786.199
393.65881 888.535
393.70868 2074.85
394.20941 765.584
397.66910 631.48
398.11362 513.249
402.28162 18609.2
402.66290 6160.83
403.16473 2690.96
403.28448 3831.66
403.66190 708.385
408.68024 535.352
409.70721 5236.63
410.20862 2324.88
410.70923 680.435
411.66821 2486.39
412.16962 1491.05
412.66766 485.06
417.68668 572.854
420.16360 668.713
420.66714 740.451
421.25458 2276.87
422.26031 537.086
423.70505 3732.25
424.20697 1712.37
435.69946 1167.52
436.19693 644.941
438.27982 517.433
444.21887 525.209
444.71097 772.471
445.21198 465.523
450.20413 702.313
453.22244 952.688
458.21564 4394.08
458.71759 1629.89
459.20630 1513.27
459.70825 702.256
467.22089 5251.87
467.72177 2742.61
468.21619 1680.89
469.19574 1176.49
470.69769 675.189
473.75424 610.575
482.22949 505.63
484.68939 1292.12
486.22333 547.204
486.72626 1134.9
487.22699 484.808
490.74359 1079
494.74268 1065.65
495.23816 1140.25
495.73331 768.602
497.19107 2529.01
498.19379 498.871
499.74680 12858.2
500.24808 6297.94
500.74985 2310.75
503.74951 1296.7
504.24652 560.917
508.73993 7213.68
509.24115 3354.26
509.74094 1005.91
517.30939 2732.26
517.68719 739.214
517.75012 2895.34
518.25690 1665.45
518.73938 897.7
527.24127 2589.27
527.74280 1917.86
528.24146 845.667
539.72601 582.188
548.25482 835.101
548.73596 5201.55
549.23962 3368.8
549.73279 541.504
550.26868 953.65
550.77600 845.197
552.22137 571.192
552.72266 570.138
558.57538 547.493
558.91266 650.483
564.57172 665.265
564.90771 730.393
565.23938 536.213
567.26068 677.105
567.76172 517.821
570.23700 515.021
575.27472 565.025
579.19714 655.333
584.21954 1050.29
585.22266 668.267
589.30389 1256.28
595.26752 2703.84
595.60236 2686.51
595.93445 1351.29
597.21338 2204.55
597.57043 785.633
598.21735 741.486
599.26294 965.056
601.27100 1840.72
601.60565 2424.49
601.93878 1203.93
602.27094 992.067
606.25842 925.044
607.27478 9492.5
607.60889 6264.03
607.94275 4734.05
608.27692 1337.35
611.80811 508.817
613.61218 536.31
623.28253 627.624
623.78632 1190.74
624.28705 1106.95
625.31775 621.002
625.80115 1530.76
626.29962 762.236
627.92523 1339.92
628.25604 661.479
628.32928 685.598
628.59430 655.996
633.81909 1434.28
633.92975 1295.5
634.23700 2180.15
634.31531 5865.16
634.59918 502.447
634.80933 4342.52
635.22650 634.598
635.31970 1584.98
638.96777 524.889
639.93091 4163.6
640.26550 3674.24
640.60236 2466.19
640.93451 1078.7
644.31482 894.225
644.96985 2276.32
645.30505 1948.25
645.63818 1082.26
646.35083 2703.24
647.35864 581.2
651.33832 541.956
651.84296 629.917
654.30707 605.937
658.30139 2225.48
658.79315 904.835
661.30426 529.328
661.80542 767.876
662.31946 1187.85
662.82385 703.915
665.98621 1439.3
666.32086 1619.08
666.64941 795.948
666.98511 661.994
667.25677 1566.28
667.95569 585.619
668.27350 641.536
671.98969 1104.93
672.32733 2126.91
672.65741 1160.83
672.98663 669.529
677.62585 1428.29
677.99506 6170.38
678.32745 5176.89
678.66205 4575.91
678.99475 1849.82
679.33722 517
683.99316 639.181
685.26886 1648.55
686.26892 676.651
693.81018 747.645
694.31201 535.632
695.18903 1219.71
698.97620 802.315
704.63977 798.489
704.97510 590.567
705.31506 642.196
709.34155 3347.22
709.76031 1389.07
710.25812 1302.56
710.35803 1036.23
710.65161 2708.39
710.98694 3485.6
711.31934 3094.69
711.65649 936.925
717.38770 3707.09
718.38751 1143.17
721.28003 1442.17
729.34772 1132.94
733.82489 583.469
741.35083 2454.85
742.35022 2552.72
742.82996 891.021
743.35168 619.049
747.33453 540.639
758.74945 652.694
766.33020 720.848
767.34052 675.281
773.33887 764.793
777.83246 1035.38
778.33020 1266.64
786.40674 5521.95
787.41431 1912.29
788.85510 547.678
794.34564 591.108
797.36774 908.581
797.85034 2412.82
798.34937 1518.74
798.84998 682.947
804.32086 2242.28
805.32874 977.06
806.36548 1257.18
806.85950 1594.66
807.35431 1112.86
815.84888 1611.29
816.34320 1326.96
816.85419 718.625
818.41266 1106.01
820.35608 528.501
822.32819 2321.78
823.33502 960.102
823.87012 1277.93
824.36816 1209.3
824.86725 1258.15
825.35663 676.733
827.31848 558.232
832.87408 1784.67
833.37286 1898.62
833.87268 1219.98
834.36926 741.339
837.34973 756.686
837.83844 689.253
839.32654 989.311
840.31055 542.567
840.41241 660.895
841.87830 7693.01
842.38055 6975.46
842.88177 3527.81
843.38043 1115.65
846.39526 2092.3
846.85266 1955.66
847.39771 747.173
847.84326 516.199
850.36890 605.348
851.38635 727.018
852.37720 563.765
853.30139 755.163
855.35266 574.747
855.85516 544.884
864.83478 743.499
870.39398 4278.18
871.39429 1947.6
873.36163 793.974
881.87262 626.955
884.38892 2384.36
885.38672 807.172
888.40198 831.021
888.88348 630.341
889.39728 700.895
890.86914 2750.38
891.36511 2487.02
891.87146 971.857
892.39264 1367.17
892.89026 763.153
893.40576 872.217
897.34637 608.187
901.43060 4910.12
901.90277 1869.84
902.43402 2154.47
902.90741 1011.27
903.42700 746.94
910.40839 7937.22
910.90955 8078.27
911.40930 4348.26
911.90833 1032.59
912.42078 570.744
915.43103 698.007
917.40796 555.203
919.41107 899.576
929.43555 727.28
933.43671 1442.61
934.43500 647.959
935.42151 987.189
940.39526 752.853
941.40247 628.523
950.38239 750.063
959.39734 1417.99
959.90430 1295.79
960.41162 1399.58
966.96246 570.191
967.46643 666.474
968.36517 894.743
971.44751 640.87
972.44482 784.841
980.47980 1358.46
981.48163 1095.85
998.48724 23465.4
999.49207 11145.6
1000.49762 3227.78
1001.51190 601.119
1006.48590 612.829
1016.47864 3671.59
1017.47961 1775.34
1034.49097 2137.72
1035.48901 1058.19
1039.38440 596.594
1053.47266 794.224
1054.47388 669.248
1055.50232 737.271
1058.47900 584.842
1059.47498 633.286
1078.44849 591.103
1095.51563 524.925
1096.46667 5072.64
1097.46960 2192.72
1098.46411 909.508
1099.53577 3331.39
1100.53687 1973.41
1133.52124 621.344
1150.54358 768.6
1186.56995 3202.98
1187.56995 1546.35
1188.58704 600.78
1197.50842 824.546
1231.50830 611.68
1281.48621 679.147
1284.55359 777.408
1285.56177 559.937
1323.61548 612.924
1418.53040 608.981
