1428.81365 2
105.05589 552.924
106.04823 476.48
110.07091 862.584
120.08046 1528.63
129.10196 17611.1
130.08606 2358.17
130.10530 759.898
136.07562 1395.13
143.11751 2973.28
147.11247 6435.29
148.11600 309.788
155.08107 317.745
155.11751 962.323
157.09677 10931.4
157.13297 2777.55
158.09996 1493.43
159.07553 427.887
169.13298 495.632
171.11247 3984.75
172.11519 4038.46
173.09167 520.596
173.12646 332.793
175.11870 912.979
183.11249 2342.89
183.14954 365.887
185.12802 7038.16
185.16475 1595.65
186.13316 400.333
187.07092 2918.45
187.10783 409.745
195.11240 1119.66
197.12833 1385.24
197.16425 1244.41
199.18002 409.414
200.13872 795.098
201.08673 3386.78
201.12299 376.951
203.12074 885.459
211.14417 840.024
213.15945 2031.83
215.10295 2265.98
215.13640 1333.13
217.13635 16581.3
218.13953 1429.7
225.15953 1971.73
227.17313 350.771
228.13370 5456.96
229.13646 585.606
231.11545 921.811
239.17462 1194.21
240.13332 602.137
241.11772 976.879
242.14937 2580.26
242.18567 1191.17
243.11578 11424.6
244.11864 1031.7
245.13118 8963.2
246.13435 965.518
256.16492 792.463
258.10815 844.224
258.14468 1625.41
260.10849 376.069
260.19617 11078.6
261.19989 1133.98
270.12637 930.9
270.18079 1163.42
271.18317 1001.43
272.12238 644.979
282.18082 406.558
283.17679 1264.64
284.19629 4894.59
285.19983 613.371
286.13910 26363.8
287.14261 2817.19
288.13681 16261.8
289.13983 2164.94
296.19614 1806.34
299.17883 1488.25
300.15463 1821.8
302.11673 353.644
302.15179 859.696
312.15527 805.015
313.22266 2365.36
314.13202 698.649
314.17200 7841.47
315.17471 1049.32
316.11591 325.246
316.16827 5308.68
317.17114 609.805
327.20224 1012.87
328.18829 518.798
329.18109 2371.52
331.17844 690.036
339.20035 1194.27
340.18509 774.58
341.21741 2200.45
342.18475 685.324
343.16504 532.323
344.19940 382.053
353.21710 575.285
354.20197 791.837
355.23486 2027.55
356.19885 623.378
356.24344 353.514
357.17661 18638.5
358.17993 2675.99
359.17441 2638.69
367.19846 628.305
370.21460 1249.18
371.22485 7156.79
372.23132 1024.89
373.19278 2305.65
374.22693 371.348
379.23358 657.747
381.21301 897.172
383.22958 345.588
385.20764 6650.26
386.20877 1095.66
387.14984 637.589
387.23849 473.709
389.23917 4740.04
390.24252 654.388
395.26511 470.571
396.25986 652.141
397.17001 463.348
399.22247 8575.74
400.22498 1586.65
401.22137 2265.15
402.22394 417.095
410.23669 363.368
411.22180 1337.23
412.28818 453.975
413.23886 1941.69
414.23743 366.803
415.18253 650.359
415.23425 447.86
424.25458 726.64
425.23813 1449.44
427.25684 826.455
428.24896 3485.3
429.20245 381.924
429.25104 705.593
431.19183 417.466
438.23502 564.211
442.26514 2303.31
443.26468 541.296
444.26321 2031.79
445.26645 394.777
452.24881 986.535
453.27185 935.37
456.24393 9130.83
457.24747 1883.89
458.21756 368.554
460.27567 14050.3
461.27905 2824.45
462.28107 386.078
468.20572 430.667
470.25949 11716
471.26248 2407.57
472.25708 1329.42
480.28491 466.666
482.26035 608.084
484.27502 1553.64
485.27548 431.222
486.21817 2372.53
487.21735 524.605
488.21497 385.813
498.29071 1986.31
499.29044 732.521
500.23282 899.614
502.23074 613.046
510.25098 535.473
524.30621 1525.98
525.30609 398.893
527.27808 1515.04
528.26428 686.602
530.25989 612.801
540.26135 333.424
541.28650 1244.18
541.35358 857.791
551.31873 622.265
554.27448 463.09
557.25006 523.468
569.32813 5051.72
570.33081 1247.45
571.31177 746.735
573.35907 9975.18
574.36328 2113.2
575.36737 506.025
581.28662 646.181
583.34369 784.965
584.35339 424.963
585.28412 1130.24
587.27942 409.425
595.34796 334.827
597.36255 480.226
599.30157 4140.54
600.30713 1012.64
601.30109 795.192
612.37299 335.275
628.32806 342.473
640.36682 1821
641.36725 562.193
653.34375 404.867
654.37347 431.765
656.32178 713.853
670.33716 1316.67
671.32751 349.754
672.42725 2813.1
673.43134 871.948
682.42065 430.607
698.37238 1352.72
699.37317 418.92
700.36926 392.166
712.38525 746.544
713.43652 554.66
715.45416 577.643
716.35089 582.323
739.38464 412.653
743.46436 3552.62
744.46582 1272.88
769.40466 987.869
770.41278 490.672
811.44409 373.511
838.44965 394.558
858.49194 5797.3
859.49500 2294.56
860.48401 530.469
957.55786 4075.97
958.56348 1735.17
959.55170 423.477
1028.59668 4007.47
1029.60095 2142.02
1030.60706 376.003
1141.67432 963.197
1142.67725 418.147
