1082.57352 3
110.07117 6981.58
111.07451 356.445
115.05019 398.811
120.08070 4966.27
121.08426 380.679
122.07127 292.326
129.06621 1935.6
129.10225 17665.3
130.08620 7266.24
130.10507 1075.71
131.08975 389.552
136.06171 567.224
136.07565 885.908
136.08672 497.027
138.06595 542.447
140.10725 349.597
141.06567 383.441
141.10240 939.637
143.11777 814.12
147.11279 14375.9
148.11623 933.807
150.06635 356.043
157.13341 4037.39
158.09238 686.747
158.13705 291.063
159.09149 251.266
164.08170 737.402
165.10306 281.767
166.06151 388.097
166.59995 1871.92
167.09267 2841.37
167.11850 247.967
168.07574 211.103
169.09712 590.181
171.11259 221.582
172.11574 373.11
173.12933 256.787
175.11891 3381.81
176.12262 210.762
176.58981 415.391
178.06107 1551.81
181.10806 709.532
183.14920 1260.79
185.12842 3576.01
186.08707 1033.07
186.12354 7592.71
187.10779 2123.28
187.12799 454.892
189.59680 304.189
193.09712 875.341
195.08763 6119.98
196.09128 611.293
197.12976 234.9
199.18039 1859.2
200.10229 749.877
203.59540 845.681
204.09935 465.538
204.13428 21924.7
205.13786 1819.02
209.10344 2950.95
211.14377 816.045
212.11484 228.233
218.61844 873.626
219.11989 441.351
221.10405 817.902
223.14204 3179.39
223.64325 838.178
225.11728 829.02
225.61734 370.931
226.11856 1158.28
227.17519 588.741
227.59691 471.978
228.13185 217.225
228.64980 2925.44
229.12971 1042.83
229.15099 684.94
231.12431 622.188
232.12486 443.064
233.11732 1545.95
233.61806 212.727
234.12326 501.003
239.11517 755.488
240.60522 281.388
241.12878 511.773
241.62933 1208.79
242.14882 1271.26
243.14511 2054.78
244.14778 218.883
246.15587 2278
248.11476 1063.28
249.11812 3010.69
249.61909 619.21
250.14246 1723.49
250.64374 375.519
252.10892 828.73
253.12889 411.543
255.14604 271.882
255.62747 250.018
261.08578 323.993
261.15564 45677.3
261.62833 4486.56
262.13300 1316.36
262.15903 4721.25
262.62842 254.769
263.11530 604.913
263.16089 414.023
266.12460 4335.73
266.15948 527.514
267.12872 356.372
269.64157 576.816
270.14258 312.778
271.13995 412.37
271.17627 413.669
272.17206 491.732
276.14505 236.293
278.12604 488.776
278.15494 1435.93
278.65619 639.041
278.98141 605.356
280.10403 803.737
281.65833 545.448
282.13922 248.834
282.18021 376.046
283.14941 2125.44
283.65146 324.422
284.15463 229.558
285.19168 596.493
291.66043 1090.94
292.13489 1064.4
292.16110 631.221
292.65283 391.89
292.96161 695.113
293.96527 244.691
294.11957 875.836
296.17331 259.772
297.15088 2699.43
297.64832 708.225
298.13168 868.542
299.17142 1003.01
300.66595 1566.21
301.16754 487.085
304.14041 239.753
305.13626 292.851
305.65985 11305.7
306.12225 234.785
306.16141 3258.15
306.66132 970.345
308.11688 1389.63
309.16678 1115.74
313.18735 954.415
313.70709 226.027
314.18195 1533.47
314.66281 297.651
317.18149 335.683
318.17535 346.103
319.65692 305.078
321.20468 223.389
322.18478 419.991
323.14575 1758.46
324.14810 794.647
326.12787 9512.35
327.13126 1666.06
328.12463 386.726
331.14655 360.931
332.09109 459.619
332.10864 443.974
332.19254 71783
332.23309 310.633
332.25620 458.251
332.27350 462.68
332.29227 441.191
332.30948 354.29
332.34732 329.446
332.36493 279.156
333.19540 11091.6
334.19754 1422.77
337.16159 3816.16
338.16403 513.897
342.18207 525.756
342.21130 588.594
349.16711 343.218
349.19153 350.709
351.14008 824.372
352.14346 3083.25
353.14386 500.037
354.18613 426.956
359.14603 859.663
359.23981 3935.51
360.24368 594.164
361.02490 1349.17
361.19592 610.411
361.24786 223.704
361.94540 237.821
362.02554 539.688
362.20212 588.581
363.17645 851.673
366.18896 2155.44
367.18713 289.909
369.16995 2394.48
370.17410 562.456
376.17276 528.375
378.18765 447.782
380.20447 814.573
381.16815 465.53
383.14877 249.762
384.22372 254.737
388.16647 471.216
389.15790 225.436
394.18439 9207.64
395.18637 2802.25
396.18713 335.753
397.16467 6713.3
398.16855 1274.68
398.27634 261.765
399.17944 350.365
404.16797 329.537
405.22479 607.212
406.18289 770.967
409.16385 559.824
410.23944 743.16
411.21234 497.409
418.21875 518.218
422.17746 1244.3
422.25125 1352.21
423.18057 3463.85
423.25342 457.044
424.18329 668.115
426.19162 2873.79
426.27148 251.555
427.16046 347.505
427.20569 358.607
427.26703 1017.46
430.77231 333.78
432.19858 734.069
436.17914 813.63
436.22769 780.742
437.15662 382.159
437.22897 745.517
438.27948 420.995
439.26437 1358.89
440.20703 291.125
440.26743 265.261
444.23148 422.036
445.27658 27821
446.27969 6248.22
447.28168 871.351
447.76010 551.544
448.26300 239.573
449.22598 2724.06
450.24716 1464.16
451.25021 424.368
452.20844 288.403
454.18643 10911.8
454.27695 1524.81
455.18912 2646.32
455.26151 298.9
456.17883 614.02
456.29245 16200.2
457.29544 3456.74
458.29657 499.83
458.75336 1671.88
459.25391 903.516
459.75806 288.335
460.19217 336.879
462.23654 250.985
463.24075 499.829
465.22748 1634.41
466.23001 394.938
468.20032 288.394
472.23077 624.389
476.27182 775.135
476.77298 307.798
477.22003 2220.24
479.26825 2096.61
480.20102 1853.34
480.27173 433.26
481.21021 488.883
482.16708 309.285
482.25589 530.408
489.25433 355.122
490.18674 577.766
497.22879 20318.8
498.23047 4988.93
499.22897 1356.45
500.22266 407.473
501.24426 239.181
504.25684 764.19
507.22287 7032.39
508.22974 1998.15
509.21463 473.016
510.24866 782.938
511.24881 332.572
513.31445 397.063
522.24921 2466.84
523.24945 742.089
524.25244 420.834
524.92181 239.39
524.95905 245.26
524.99475 280.329
525.03003 328.911
525.06689 309.045
525.22345 65074.5
525.35791 393.934
525.39392 378.698
525.42987 346.036
525.46454 348.119
525.53693 279.29
526.22607 16808.4
527.22284 4697.13
528.22308 913.787
535.26385 494.423
536.26453 833.173
539.27228 602.891
542.24927 496.509
545.28333 251.522
549.26501 267.248
557.34290 403.582
558.36066 1794.06
559.36536 360.934
562.31012 842.552
563.31885 299.463
565.29144 318.252
567.26984 2007.77
568.27368 553.069
569.26782 242.941
581.27551 228.848
590.30414 1161.29
591.30927 447.95
592.30139 1016.28
593.28796 2486.64
594.28784 643.88
610.31250 13157.1
611.31537 3879.89
612.31427 1195.5
620.29449 3786.59
621.29614 1142.39
622.29431 471.418
629.40009 537.894
638.30731 31957.9
639.31006 10602.6
640.30933 3159.72
641.31000 394.317
686.41888 1792.09
687.41724 609.017
709.34741 270.734
723.39471 493.887
724.39880 292.282
751.39069 1692.47
752.39404 715.35
757.45563 2939.61
758.45758 938.257
759.46967 235.176
