1965.03806 3
110.07104 3620.19
120.08053 6294.51
121.08372 552.561
127.08630 372.46
129.06598 240.108
129.10201 3209.2
130.06500 443.807
130.08598 1078.59
131.08188 226.733
133.04309 245.088
133.08572 1118.44
136.07553 1994.22
141.10184 266.547
145.09702 459.172
147.11256 2865.51
155.08328 237.223
157.13319 1138.24
159.07608 310.487
159.09145 1629.61
169.09662 330.062
169.13339 402.727
171.11224 356.826
173.09187 591.873
173.12808 5355.45
174.13089 523.185
175.11856 1389.15
177.11093 283.707
183.14886 812.716
185.09071 238.873
185.12810 2699.62
185.16463 4338.23
186.16817 320.79
187.10559 230.971
187.14389 226.662
191.11751 409.217
195.08722 233.886
197.12868 299.978
199.18005 1880.91
200.13890 218.496
201.12305 2449.69
202.12723 248.33
203.10304 324.099
207.08711 246.852
207.11186 248.255
209.10301 460.392
210.02495 418.225
211.14418 937.334
212.10262 1118.53
213.08643 738.476
213.15947 3600.38
214.16554 252.605
215.10077 264.742
215.13866 2155.41
216.14458 217.059
217.08139 287.95
217.13527 364.981
218.14906 378
219.11270 415.504
221.12759 1148.21
223.15550 550.127
226.15479 1618.67
227.10268 294.003
227.17502 1610.22
230.11324 685.739
231.10045 1066.64
233.13100 637.032
233.16385 293.875
240.09785 680.898
242.14926 723.001
243.10815 924.63
243.13383 2983.67
244.13850 421.396
244.16513 11079.5
245.12527 225.9
245.16878 1140.69
247.12883 1737.6
247.62994 373.74
249.12309 1939.57
249.15858 709.459
250.12695 331.001
251.14999 651.015
252.10881 2199.37
253.11124 287.27
253.18996 499.545
257.09332 260.393
258.10873 664.66
259.10733 492.168
260.19632 619.606
262.11801 226.751
274.12012 301.637
277.11755 599.345
277.15341 371.954
283.13992 525.073
284.12253 235.532
284.15833 319.734
288.13419 560.916
295.65527 5957.02
296.15698 2024.18
296.65735 407.229
298.21213 2508.42
299.21692 293.816
301.15100 224.232
302.17300 388.83
310.21188 943.755
314.17120 347.587
315.20190 3815.8
316.20578 461.471
322.18860 456.824
323.13458 571.534
326.24332 482.445
327.20276 222.924
331.23395 470.784
331.66428 348.748
332.16397 280.086
338.20010 237.596
341.14502 1233.33
342.14877 569.52
342.20172 490.218
347.22958 264.666
352.19717 1673.59
352.69949 488.38
355.20612 387.809
355.22491 383.872
356.19449 794.736
359.15460 1258.14
360.15540 1357.51
361.16034 288.547
362.15698 2041.04
364.14899 231.58
375.20654 298.44
378.16504 567.425
380.16693 4716.15
381.17294 652.684
381.21088 708.601
383.30057 330.599
385.16708 292.499
387.73032 373.161
390.19931 279.267
394.17102 325.844
398.24115 231.968
401.73160 2290.13
402.23276 906.394
411.30011 341.343
412.18240 552.164
416.24985 2538.72
417.25381 675.549
419.15796 229.441
423.29718 362.817
431.19153 267.442
434.25909 822.379
436.22729 339.674
442.19254 904.593
442.76318 353.267
443.18436 236.697
447.27252 278.549
448.23230 457.893
452.22409 282.663
458.27353 1125.99
458.77325 407.75
460.20364 489.48
465.25583 1793.81
466.25894 548.25
471.18417 404.942
475.23996 502.649
476.22174 552.994
477.23215 654.427
486.25079 277.141
488.21274 343.931
489.19785 468.48
492.24850 292.738
493.25082 16617.7
494.25217 4030.67
495.21161 294.223
495.26245 482.804
506.22369 605.89
510.25333 422.405
513.22809 895.892
514.23322 612.293
518.22540 418.308
519.28894 786.487
522.79425 480.393
523.29303 292.775
526.30103 391.602
527.28290 944.241
528.28900 279.715
531.23755 594.421
532.23639 578.275
533.33026 681.88
544.30890 2392.05
545.31116 767.144
547.30090 457.539
548.26691 418.153
552.34393 450.324
561.31445 641.59
562.31891 309.057
562.77716 246.432
573.27362 250.925
586.29791 339.018
589.25659 598.823
590.31000 985.308
591.30591 305.009
592.31921 328.781
593.37311 360.299
606.26910 242.683
607.26392 418.954
617.31525 249.791
623.34430 360.47
632.37433 853.805
633.36536 254.595
635.25531 270.723
642.28723 408.357
643.28107 478.452
644.36255 353.416
650.31458 303.945
654.42816 2115.35
655.43317 4187.95
656.28101 317.391
656.43921 912.546
656.79755 364.451
657.38440 447.925
658.37488 313.522
660.29883 950.848
661.38416 1373.95
662.32434 3566.24
663.32690 1571.68
664.34283 247.933
665.39642 349.043
672.34906 298.852
673.35022 4067.29
674.35242 1318.01
675.39612 2141.66
676.39990 662.062
678.30933 863.569
679.30951 666.145
686.36456 918.185
687.35895 340.655
688.35809 335.685
689.37317 1388.94
690.38135 530.266
692.43164 530
694.37811 813.054
695.39343 250.04
699.36511 340.697
700.28577 611.258
701.28253 346.866
703.38727 19018.1
704.39038 7271.33
705.39484 1928.29
706.39691 279.057
718.29712 926.085
719.28088 300.409
736.30750 458.48
749.37421 485.837
756.38031 468.182
761.42114 523.063
765.35706 300.371
771.32349 425.984
773.38422 330.221
774.38049 5498.23
774.49304 3502.24
775.38391 2301.6
775.49670 1178.8
776.38904 415.182
777.34436 741.594
778.35101 396.678
784.45874 453.801
785.43292 1337.03
786.43597 675.778
789.33380 1045.47
790.33990 565.449
802.45551 17664
803.45868 8829.9
804.46075 2039.63
807.45959 1152.61
808.47247 345.556
823.42023 1676.99
824.43311 465.107
825.38147 285.43
831.38739 357.333
832.50897 265.836
833.50562 253.512
833.88806 335.216
840.38470 406.674
876.41699 664.132
877.41473 356.266
884.52155 313.612
885.50604 1275.11
886.51910 299.584
887.54346 381.839
890.46399 651.083
891.47144 261.169
898.51813 334.432
902.52930 4163.15
903.42242 906.558
903.56940 643.764
904.45093 565.3
905.45337 285.193
911.48840 356.311
915.53918 2547.4
916.54089 1600.33
917.55005 559.421
921.46564 8994.26
922.46844 5039.51
923.47180 1323.82
924.47998 355.71
938.50073 1300.06
939.50415 899.501
968.48193 456.416
973.52264 418.054
986.48047 2405.62
987.47931 1177.02
988.47760 439.444
998.46130 258.513
1009.53949 851.528
1010.54822 454.001
1013.47198 370.723
1014.48029 527.025
1015.61340 2742.71
1016.61267 768.519
1032.49548 1970.19
1033.49780 1209.03
1034.49939 544.563
1037.52356 754.963
1038.52698 532.19
1044.58325 2717.5
1045.58569 1559.78
1046.58838 430.406
1050.50745 6883.09
1051.50989 4214.16
1052.51477 1427.36
1067.55481 248.308
1069.54028 752.069
1099.56787 1752.6
1100.56812 923.207
1110.58215 2467.45
1111.58350 1360.63
1112.58643 472.041
1124.56165 812.93
1125.56616 457.545
1126.57104 382.199
1127.57446 384.925
1128.70337 743.859
1129.70532 250.659
1145.58398 582.52
1146.58667 316.453
1163.59033 3284.53
1164.59485 2021.34
1165.59558 805.277
1166.59460 265.041
1182.61145 403.888
1191.66248 373.891
1192.67322 272.459
1199.73181 435.319
1262.66516 514.881
