4471.13393 4
120.08041 1791.36
129.10201 3496.56
175.11848 2467.1
200.13943 1230.86
215.11412 909.661
217.08223 1000.52
226.11771 1035.03
230.14941 888.01
232.14017 28271.9
233.09425 946.469
233.14380 2033.91
235.10640 950.323
241.08083 876.7
242.14954 4337.45
258.10818 7907.77
329.14612 1959.05
329.17950 1164
331.12405 1184.81
339.20239 1561.34
341.14490 1614.74
344.12631 839.387
345.22388 16675.9
346.22681 2875.15
348.12137 1064.79
354.16562 825.058
357.17697 887.999
371.19183 5538.79
389.14871 1243.54
405.14328 1046.85
442.26517 2808.36
443.26883 857.163
444.29193 9858.22
445.29584 1881.44
459.15408 935.204
468.24420 2304.93
470.26154 1013.74
472.19000 1108.37
490.19650 984.413
499.28586 844.588
504.21176 944.744
516.25696 1045.7
545.21729 1156.57
567.31549 2373.53
570.32263 2981.79
573.33508 7992.68
574.33673 2316.16
587.28302 1734.93
587.78101 1250.25
601.29736 1201.35
604.23169 867.601
605.21777 996.39
650.33447 1946.46
650.83746 1045.56
671.36993 1565.45
672.37634 1081.77
676.26288 1163.29
680.39758 1617.11
695.40887 1636.54
699.83356 1398.51
700.34448 881.435
707.36426 1033.47
718.30396 959.158
720.40228 10756.6
721.40875 4189.89
722.41980 1130.63
733.35217 2260.01
734.35675 1102.77
749.03137 894.253
749.85895 1951.21
750.35876 1671.71
757.34851 2504.06
757.84674 1986.95
770.89917 1713.18
771.40765 1402.78
786.39349 4103.81
786.71387 908.431
787.04321 900.1
787.40076 1408.25
791.71655 8076.53
792.05078 8729.62
792.38342 5533.24
792.71667 3814.79
793.04895 994.174
805.30334 985.362
807.43610 20464.3
808.43994 8825.73
809.43719 2755.95
815.39557 1808.47
815.74811 2188.63
816.09003 994.965
816.39301 1098.42
819.07031 1062.27
824.74060 5478.24
825.07361 7832.98
825.40784 6001.45
825.74188 3171.72
826.08435 960.84
835.42072 1491.16
835.91931 1353.76
838.87921 1552.08
839.37622 1516.94
847.39172 1185.96
862.43481 2757.45
862.77759 2312.99
863.10529 2539.44
863.43341 1127.86
863.76019 1436.12
880.40271 1307.55
880.90808 1909.59
881.39612 1212.14
889.40332 2353.6
889.90735 1946.7
905.12427 1604.11
905.45679 2638.64
905.78424 2596.21
906.11804 1441.15
934.92322 1445.3
937.48615 1850.98
942.46259 1547.81
942.79694 1659.46
943.48407 1359.46
943.93268 950.15
944.42932 929.148
944.94080 1783.23
946.43054 2236.26
947.44012 958.182
948.13239 8437.4
948.46875 14482.9
948.80341 11042.3
949.13452 7760.37
949.48297 2806.17
953.45801 3206.98
953.95721 3600.62
954.50348 15619.2
955.50610 8542.79
956.51050 2555.96
975.52423 1041.45
1002.46814 1107.46
1008.98468 1010.96
1009.47943 990.691
1019.82178 1454.51
1020.14624 997.396
1020.49091 1010.02
1025.50391 2263.34
1025.83069 5075.16
1026.16223 4866.92
1026.49646 2831.58
1026.82385 1188.92
1031.50720 918.567
1032.56458 917.784
1050.50537 1023.95
1051.52441 1597.65
1052.52148 1565.69
1053.50220 927.925
1058.51672 5848.89
1059.01953 3176.9
1059.51501 10061.6
1060.01709 1097.42
1060.51709 3903.4
1061.50513 1312.11
1069.53003 49524.7
1070.53296 29041
1071.53735 10496.9
1072.54395 2465.96
1077.15027 1043.96
1077.51184 1245.17
1077.84680 1360.24
1082.84851 1487.86
1083.18066 2228.04
1083.51453 2054.18
1083.85754 1568.98
1084.17566 1049.3
1084.52808 1045.22
1095.84875 973.004
1096.52173 2445.93
1096.84106 1579.09
1102.18079 2127.17
1102.51990 2260.94
1102.85254 1952.65
1103.53967 943.246
1105.50110 1029.66
1109.76843 1143.15
1110.02209 2419.98
1110.29321 2064.38
1110.53333 1051.93
1114.02673 1354.07
1114.29114 4240.44
1114.53882 5414.29
1114.79053 5492.85
1115.04004 4499.14
1115.29663 2386.34
1115.47559 1479.53
1117.59998 1595.02
1118.62915 1186.47
1119.53101 1666.1
1119.90112 1012.41
1120.03430 1039.98
1122.55078 3517.21
1123.05054 5089.48
1123.54736 3799.99
1124.06348 1586.85
1129.53735 989.685
1155.57300 1090.47
1156.53174 1455.63
1167.54138 1094.71
1168.59937 12310.8
1169.60205 7776.28
1170.60339 3240.06
1173.07385 1715.52
1173.55566 21254.1
1174.00671 1366.52
1174.56067 11845.2
1175.55432 3870.88
1176.56348 1125.62
1178.56238 1395.83
1179.05847 1659.4
1179.56274 1095.11
1185.57642 957.769
1187.07361 10298.3
1187.57446 16440.1
1188.07385 10798
1188.57080 4819.24
1189.07324 2113.49
1201.58899 1208.58
1202.60205 1138.67
1222.58484 1929.04
1223.07373 1765.61
1223.60022 2256.05
1225.61926 12912.7
1226.62183 10060.7
1227.61597 4974.7
1228.09460 3163.2
1228.61389 4015.65
1229.10754 2658.61
1229.60852 1315.26
1236.60535 22943
1237.10657 27451.3
1237.60938 22454.9
1238.11377 10124.1
1238.61975 4048.5
1239.90369 1080.76
1243.59314 1016.09
1244.11890 1341.42
1245.60449 1650.73
1261.11450 1042.27
1279.14844 1468.23
1279.65271 1641.17
1280.15222 1276.68
1282.64050 23080.6
1283.64465 17523.4
1284.15698 1179.22
1284.64050 10684.4
1285.12646 2746.57
1285.64697 3913.56
1286.12354 1728.23
1286.61804 972.817
1293.15015 19035.7
1293.65063 26571.7
1294.15051 21404.9
1294.64636 10435.5
1295.13123 4089.94
1295.64990 1539.67
1299.66406 2904.45
1300.63440 1744.17
1301.64807 1779.69
1337.60364 1058.37
1338.61877 1215.31
1343.94409 1141.21
1344.64026 1377.81
1348.67432 1804.37
1349.16968 1755.2
1349.67249 1788.8
1357.17590 10928.2
1357.68152 15445.1
1358.17932 13732.9
1358.67969 7221.13
1359.17334 3295.31
1376.32715 1070.17
1379.64832 1331.08
1380.65063 1675.54
1397.66870 17134.5
1398.67151 13455.4
1399.66907 6429.81
1400.67188 2500.6
1412.72876 2515.44
1413.20093 1991.1
1413.71130 4755.68
1414.21838 1369.71
1414.69153 1688.71
1421.70313 9313.84
1422.20239 17394.9
1422.70117 14037.3
1423.19751 8723.66
1423.69714 3552.71
1424.19934 1250.04
1450.19763 992.536
1461.76892 1187.09
1478.70544 1430.61
1479.21411 1497.83
1479.69788 1433.27
1480.71875 2241.31
1481.68665 1758.81
1485.73584 984.815
1487.22278 4225.32
1487.72119 7879.59
1488.22229 8269.2
1488.71802 3827.14
1489.22168 2013.77
1498.71606 14984.1
1499.72119 12233.8
1500.72705 5034.55
1501.72656 1521.11
1513.69702 2454.66
1514.70703 1549.93
1515.70703 1054.76
1529.22913 1217.29
1529.74170 1664.3
1530.23584 1297.19
1537.74048 1427.86
1538.24573 3134.44
1538.73962 2852.08
1539.24573 1561.99
1539.71252 1041.91
1540.79285 1355.91
1548.81824 1439.39
1595.26611 2597.23
1595.76270 4496.24
1596.26416 4485.73
1596.75940 3120.36
1597.25269 1965.21
1612.75610 1007.1
1624.26880 1087.3
1624.78638 1027.45
1625.27393 977.249
1625.81665 1000.7
1629.75537 5458.56
1630.75757 3948.54
1631.76733 1663.35
1632.78491 1211.25
1652.28088 2809.91
1652.78345 4568.64
1653.28003 3871.34
1653.77527 2887.33
1676.77454 969.721
1677.76294 1093.07
1701.83911 1119.14
1702.29651 1682.99
1702.81982 1724.02
1703.30811 1521.07
1711.88354 1135.93
1758.80737 2401.17
1759.80774 5249.3
1760.32202 1737.61
1760.81287 3852.01
1761.78552 1167.71
1777.80444 1507.15
1778.80676 988.136
1833.36938 967.415
1886.86340 996.043
1887.86084 1223.67
