2626.31229 3
120.08049 1096.54
129.10187 379.242
130.08630 430.946
133.04257 319.702
136.07539 2368.11
141.10182 324.347
143.11723 437.938
147.11249 1272.63
157.13286 235.702
159.09166 253.314
169.09698 711.592
171.11238 244.967
173.12830 364.334
183.11281 446.024
185.12808 502.12
185.16501 276.456
186.12204 188.456
187.10744 1425.69
197.12852 713.403
199.17976 221.683
201.12315 933.68
215.10226 1247.21
215.13867 290.184
229.11803 374.018
235.14413 315.241
242.15045 303.616
243.13370 791.446
244.16475 189.959
251.10078 271.955
258.14502 228.123
260.19659 475.767
263.13705 296.276
272.12347 2106.55
273.12576 251.803
276.15295 292.501
279.09619 414.062
282.18036 298.307
283.14157 234.616
284.19519 358.746
297.15500 1306.5
298.21265 247.369
310.21155 844.654
313.18518 229.516
314.17075 569.699
331.23315 1300.6
342.20190 329.784
343.16144 229.845
347.10153 242.517
355.23361 317.545
357.21228 754.874
383.22549 242.49
385.20859 940.503
386.21143 201.066
389.23828 431.481
392.17917 352.514
399.22495 221.803
409.27991 200.937
411.22668 204.69
413.23880 549.725
427.25439 225.427
430.30161 814.912
439.12808 307.287
456.24438 381.716
460.20969 339.924
462.12408 201.902
470.30121 228.76
476.14325 377.673
490.70343 544.15
498.28708 399.218
501.33737 484.366
502.21219 254.189
504.26389 333.119
505.27222 197.558
526.32526 258.482
547.24054 296.467
547.75012 208.892
559.28644 214.153
569.32715 599.408
572.37585 657.912
588.76416 1429.27
589.27350 787.69
589.76721 411.19
597.76910 453.503
605.31512 607.288
610.78973 338.205
625.19147 378.087
633.25000 205.315
638.29852 684.141
638.80005 425.302
672.32007 300.348
674.31909 359.511
682.41302 523.865
683.40808 218.806
696.42841 361.018
701.42072 575.129
702.30139 359.566
703.84222 719.931
704.34698 697.534
704.83856 233.4
716.34735 301.857
733.37268 737.765
734.37225 301.18
754.23480 899.787
777.38135 304.823
777.87677 251.018
785.36774 207.842
791.31848 312.666
797.45801 213.166
803.36572 330.237
811.45404 763.755
812.46320 427.314
817.33716 408.509
830.46631 907.374
831.46576 466.586
839.32715 235.47
848.39673 2133.78
849.40363 986.368
867.31720 1992.55
868.32007 760.984
869.31244 286.033
875.49091 993.36
876.47229 1041.36
876.93726 228.451
877.50885 809.471
890.36932 221.363
910.52734 567.775
930.41608 228.937
931.51166 1738.77
932.51379 879.205
947.46680 1683.71
948.47150 796.256
962.38171 227.741
980.39886 2029.92
981.40161 952.475
982.39343 247.273
1018.44495 211.313
1062.54810 1366.43
1063.56287 534.137
1064.56177 328.132
1083.54443 366.938
1093.49097 704.362
1094.47156 355.995
1110.52734 1729.19
1111.52771 913.496
1112.52673 368.795
1133.58679 735.205
1134.58606 587.853
1135.59448 284.25
1176.52222 812.782
1177.52344 511.86
1178.53503 224.687
1194.53699 278.209
1202.59937 268.187
1220.61548 1595.07
1221.60852 1143.82
1222.59351 543.489
1238.58337 582.241
1239.58057 316.801
1267.67236 237.315
1275.59839 220.338
1276.59131 227.67
1293.58740 229.197
1309.62451 556.49
1310.62024 368.579
1333.69629 662.787
1334.70947 475.692
1389.63696 350.551
1406.68005 2139.81
1407.67810 1772.82
1408.68591 576.788
1553.74719 329.141
1554.74658 357.271
1716.78625 284.611
1717.84216 232.12
