2263.11893 3
110.07117 902.752
120.08054 3052.41
121.08376 233.706
129.10205 1191.93
130.06459 249.737
130.08597 332.253
133.04282 356.251
136.06168 273.179
136.07561 2263.81
143.11795 439.575
147.11253 948.653
155.08119 550.668
159.09137 1056.76
166.04930 623.154
169.13350 367.727
170.05937 208.7
171.07617 440.761
171.11234 296.488
172.10765 231.363
173.09187 350.347
173.12820 506.821
175.11870 1972.32
183.07622 1495.63
183.11220 341.535
183.14848 211.131
185.09233 212.169
185.16524 562.247
187.07039 191.558
187.10738 317.886
187.14400 542.004
197.12813 306.028
199.06889 194.992
199.18071 414.075
200.10287 2088.42
201.08728 328.36
201.12297 1078.08
203.06697 317.335
203.12100 927.325
204.13504 312.959
213.15987 374.081
215.13870 532.193
216.09795 336.955
217.08206 197.655
217.13657 189.425
219.07907 567.224
223.10730 940.075
226.08324 192.251
226.11824 691.24
227.10315 264.122
227.17432 354.954
228.13492 201.084
229.11778 726.402
231.11528 1183.85
233.16495 326.127
235.10692 783.975
239.11246 200.882
240.13428 251.568
243.13379 304.26
244.09274 376.008
247.07462 417.545
249.12257 242.808
249.16055 232.838
251.10345 445.814
260.08701 678.492
261.15897 281.911
262.12009 192.011
263.10272 517.116
267.10831 247.636
268.16599 210.884
272.17349 267.87
276.14270 249.657
277.11725 234.112
283.14377 196.939
286.13770 291.112
287.13516 246.432
288.20267 427.821
296.19601 243.268
297.19077 212.197
298.13858 265.046
304.16196 207.726
324.12979 253.255
330.18710 257.065
336.13736 286.975
342.20346 232.284
345.17764 470.52
362.10187 1024.01
369.12152 1586.86
371.11761 321.037
373.17114 210.57
374.23950 205.263
413.22223 228.917
435.27078 366.296
445.27838 261.275
453.16971 231.729
454.21027 607.31
456.20862 277.48
465.77243 529.048
475.18417 483.077
477.23288 218.91
482.20758 668.498
483.21317 262.17
486.27170 202.303
489.27206 203.771
532.32684 217.628
543.36157 434.739
544.25928 389.233
544.36823 237.465
548.35529 868.548
557.30493 404.459
564.25922 352.907
576.31293 267.149
581.27063 273.15
588.26251 222.12
596.26691 224.409
639.24463 316.626
646.24146 306.991
656.38110 256.833
659.86163 925.029
660.36420 528.577
660.87628 273.308
661.43555 449.412
663.37921 440.145
664.38104 224.385
704.38696 228.106
705.43378 430.878
705.85321 772.086
706.35266 661.794
706.85608 228.561
715.41266 645.315
716.41248 380.198
725.36035 267.319
735.38373 229.256
743.32971 271.173
745.30884 688.272
746.31824 455.375
747.31616 226.289
752.89734 726.331
753.39594 1059.52
753.89618 510.081
754.40417 663.611
754.83624 221.224
755.33234 532.125
755.45837 429.663
756.34473 776.922
762.44299 282.774
763.44464 247.019
772.40875 394.62
804.42169 308.991
812.43506 352.463
814.37067 893.419
815.36615 388.525
824.50012 1332.35
825.50421 752.835
829.41669 257.934
837.43140 518.269
837.92316 289.262
838.42993 224.195
845.93091 1922.16
846.43237 1899.93
846.94305 861.339
847.44580 255.207
862.47870 751.3
863.47888 797.765
867.35187 243.068
882.37427 253.926
892.36633 327.333
902.47778 419.892
903.48834 286.028
907.39679 221.855
915.47095 262.99
917.87201 336.937
918.37427 229.684
927.45776 1047.81
928.45905 665.712
930.54279 1292.67
930.98444 842.937
931.47815 631.003
931.98645 506.006
939.52954 1238.16
940.53375 790.145
941.42780 318.462
963.52661 1286.89
964.52631 1551.73
965.53381 555.653
978.51239 419.124
979.50824 340.854
980.50757 398.33
988.49561 375.523
988.99542 436.085
989.49640 333.097
990.50903 266.439
1001.58972 361.253
1011.39819 231.773
1023.00916 348.609
1023.51563 365.681
1024.01062 286.763
1026.52429 690.44
1027.53308 500.422
1032.01440 1658.73
1032.51660 1997.41
1033.01563 1135.26
1033.51929 618.205
1037.50745 314.065
1052.61475 1404.85
1053.62732 757.144
1054.64075 265.382
1066.55151 654.846
1067.55322 420.519
1075.60156 337.132
1076.61548 531.497
1077.61621 740.994
1078.63916 281.823
1087.53540 299.189
1088.03198 438.951
1104.49915 273.306
1133.57080 465.462
1134.57141 305.693
1139.52063 267.306
1175.53796 226.582
1177.66479 623.289
1178.65833 1264.89
1179.64990 829.427
1180.65735 315.375
1181.65588 1591.55
1182.65625 930.881
1183.68506 318.652
1240.59033 218.034
1277.73352 468.837
1281.61597 217.461
1318.71399 1039.36
1319.71216 892.986
1320.72888 308.894
1447.76599 269.64
1448.76440 224.994
1504.77551 1143.17
1505.78333 1008.44
1506.78906 427.8
1690.85535 402.378
1691.86694 403.69
