2658.25541 3
120.08037 2292.28
129.10175 604.621
130.06421 184.159
133.04294 187.156
136.07539 521.847
147.11246 366.66
159.09155 614.429
165.10188 1483.6
175.11833 337.001
185.12785 276.989
191.11815 212.89
217.09639 789.597
227.17476 216.036
228.13377 469.358
232.07455 212.244
233.16472 551.356
244.09207 257.434
245.07541 199.888
261.15921 372.272
273.13452 297.371
275.20673 723.44
280.11081 364.259
288.13376 1387.09
291.07828 300.528
299.17075 542.581
301.13031 288.927
308.10550 1575.22
313.11301 224.346
345.15866 350.013
360.10263 231.693
379.14218 1929.56
380.14285 235.286
390.23431 259.117
442.15372 267.243
492.22668 293.851
519.27814 533.649
561.25214 208.12
606.26410 356.737
617.24884 556.936
617.75098 422.352
626.25879 222.137
634.30273 1102.04
635.30701 243.621
666.79016 304.276
733.37286 905.485
734.36511 237.218
774.33264 259.028
775.32953 325.354
792.34302 343.554
864.41077 1758.14
865.41339 587.49
885.57758 813.492
886.47504 1328.93
887.46881 943.966
921.38049 208.016
935.44751 2732.09
936.45068 1181.04
937.44440 355.848
1013.45587 237.941
1048.53027 2550.01
1049.53198 1433.49
1050.52966 416.067
1158.60730 281.02
1159.61426 254.501
1161.61841 1202.92
1162.61938 646.473
1190.62061 205.935
1233.48328 369.406
1234.49158 404.679
1308.68457 2244.12
1309.68567 1322.52
1310.68701 615.156
1407.75818 361.101
1408.76660 407.349
1494.78381 545.711
1495.78650 436.199
1622.82532 211.323
1737.88953 312.608
