2042.86594 3
116.07042 2613.23
127.05013 2283.16
129.10211 23200.7
130.08618 2484.45
131.08142 4296.56
136.06194 2824.11
141.06583 5557.66
143.08157 6002.16
145.06085 6607.35
147.11226 5128.91
155.11847 2190.54
157.06076 4222.61
159.07637 3027.59
161.09184 20484.1
171.07619 18437.1
173.05544 5761.04
173.12827 19749.3
175.11877 12029.7
183.11267 7142.05
185.05525 2220.19
186.12347 4204.03
189.08670 21105.6
201.12317 21205
202.08147 1965.55
202.12726 3237.39
203.06621 6898.73
210.08736 4303.43
212.13940 4510.2
228.09743 9177.81
238.08150 7218.26
242.07729 2220.69
244.09361 2874.54
244.16510 2073.65
254.16112 2127.93
255.10867 11106.8
255.14484 3515.27
256.09253 16862.2
270.10840 1990.04
270.14465 4147.17
272.17145 199260
273.11813 2308.56
273.17453 22829.4
274.10269 5022.58
274.17349 2044.78
278.15201 4780.28
284.16037 3448.29
285.11877 7412.91
286.10294 9169.3
287.17059 3470.56
302.16989 4314.02
304.11346 5482.57
309.15607 2312.14
313.11465 5479.61
321.16571 5482.14
324.16580 2393.65
327.16599 6212.85
331.12204 2541.07
337.14874 2944.04
341.19272 19576.1
343.67566 2332.94
344.16342 2445.74
354.17908 2596.19
355.16071 6957.12
359.19919 3039.3
373.17062 3321.07
380.19031 2421.26
384.18814 3097.91
386.16605 2030.2
389.18265 3755.1
392.18900 2068.37
394.17010 2361.49
396.16229 1987.86
398.20358 4457.42
399.14505 9633.86
400.69443 2220.3
401.19193 4801.16
401.69186 2627.11
406.21436 2860.4
412.18121 3249.96
413.17523 2479.23
416.21371 15217.9
417.21664 3015.86
420.69656 2924.83
426.18533 3128.31
426.68909 2839.44
429.20953 5588.54
429.70148 11257.9
430.19931 5987.58
433.65369 3414.77
434.22354 2839.51
435.18750 3190.58
438.20139 3117.12
439.16727 27127.5
439.70462 3854.62
440.16711 3795.42
442.66058 11783
443.15994 4610.93
444.69550 2389.16
448.21716 8029.89
448.71021 13980.2
449.21045 7541.52
453.70401 4395.19
456.21927 39433.2
456.73230 4923.06
457.22238 29778
457.71881 21161.9
458.21561 10427.7
458.71643 2220.08
461.72067 5433.33
462.21146 17932.5
462.70966 17114.8
463.21075 8230.46
463.70596 2159.71
466.22934 2793.73
466.72305 2148.51
470.72684 8937.83
471.21982 25092
471.71628 19840.8
472.21622 8020.7
473.23483 2151.84
474.21988 3999.57
475.17490 7407.69
475.67429 3697.72
479.73260 4466.89
480.22482 14868.5
480.71976 7207.79
481.21841 2916.72
484.17667 4453.63
484.67908 2479.62
490.22821 2209.04
493.18600 4424.04
493.68854 2507.26
495.21503 4080.39
497.75232 8659.04
498.24481 15013.2
498.74338 8538.97
499.25516 2120.8
506.26480 4359.09
506.75644 27961
507.25333 23886.3
507.75305 10724.4
508.25647 2167.58
512.24738 3981.73
513.23053 12743.2
514.22827 3486.45
519.15503 3097.01
520.75439 7968.07
521.25000 4975.89
521.75049 2091.37
523.21466 2847.99
527.25684 20374.3
528.26270 5326.08
530.25244 5756.83
531.24042 29726.7
532.24268 7206.83
541.21991 3356.72
549.26965 3102.7
552.24829 2387.59
553.27502 2756.95
553.76385 3051.86
554.19598 32520.5
555.19849 7050.83
562.27252 6336.25
562.76782 8983.14
563.27118 5527.87
566.27795 2427.97
567.24042 2517.79
567.76416 11746.8
568.26520 8457.04
568.76355 3287.97
570.25031 8005.29
571.27777 9435.24
571.77380 11892
572.27319 6438.76
579.79877 3682.93
580.28271 17174.2
580.78076 16803.6
581.27936 5607.09
581.77808 2181.66
584.27802 118016
585.28162 32751.2
586.28613 5282.52
587.21466 5006.74
587.28986 10619.9
588.26270 22883.9
589.26483 5940.75
602.28894 9707.98
605.79327 2185.93
606.28680 2260.88
615.29297 2646.47
625.23206 22816.6
626.22803 5710.5
637.29443 2110
641.33484 3466.34
643.30548 2744.06
651.30798 3730.52
653.29639 2773.45
655.26917 3154.58
658.35022 4955.02
659.33649 9149.48
660.34247 3091.6
663.28058 2174.75
664.26807 3166.86
668.33911 3198.38
669.32178 15960.9
670.32904 6082.68
671.31586 2863.46
672.80005 3565.64
673.28888 3804.78
681.29083 10376.2
681.80078 58055.5
682.24524 89807.7
682.34149 16716
682.79980 14468.1
683.25452 28681
684.26050 6219.33
686.34674 39251.3
687.33148 69813.4
688.33386 25522.9
689.34137 3714.61
698.32031 18584.3
699.30469 80565.1
700.30933 24497.1
701.31329 6188.88
704.36200 3451.21
717.31628 7934.18
729.31140 4060.41
750.30865 2594.68
751.27820 3153.4
755.33105 5010.13
756.33521 3564.35
766.33228 3178.12
767.34070 3935.87
768.32605 21836.7
769.32025 9126.24
776.35809 7712.14
779.27094 13441
780.26044 7074.48
783.36151 5458.79
784.35138 6718.13
785.35382 22099.7
786.33716 97760.5
787.33966 32994.4
788.33923 7203.1
796.29626 17166.2
797.28101 81078.1
798.28436 26580.7
799.28339 4259.13
800.39343 5947.81
801.37372 27357.1
802.36426 22171.3
803.36438 9145.06
804.35297 10531.3
805.34625 4035.29
814.32520 2580.55
823.35345 2964.53
824.34875 3366.52
825.34064 3817.6
840.38257 6760.54
841.37317 10497.9
842.36975 8696.43
843.36322 5716.69
848.29004 3002.24
851.36273 9084.33
852.35822 3406.93
857.40735 8586.25
858.39478 37367.3
859.38635 30540.8
860.38348 11987.6
861.38031 2896.8
865.31207 2146.25
866.30353 18865
867.29962 6661.96
868.40039 3123.7
869.37445 22623.7
870.37408 10695
871.37445 2327.55
883.32739 19367
884.31470 84969
885.31439 29924.9
886.27399 3968.44
886.40820 26236.1
887.38574 101091
888.38757 37233.8
889.39221 9620.15
897.40411 4511.69
898.39777 3435
904.41565 4016.07
905.39832 9925.84
906.40009 7234.1
907.40894 2346.88
913.43445 2452.15
914.42426 5718.56
915.42200 12595.3
916.40344 8466.93
917.40906 2581.1
923.42755 8631.3
924.41248 15888.4
925.40912 7039.63
931.45270 5248.75
932.44098 5157.47
940.44952 19547.7
941.43353 96335.7
942.42511 88126.6
943.42310 33241.4
944.43103 7723.9
949.33716 10662.8
950.33081 3896.44
957.38745 12818.2
958.47058 14849.6
959.44293 85335.3
960.43353 75222.8
961.43524 29614.7
962.43396 7084.45
966.37024 2419.19
967.34955 17932
968.32739 7005.26
968.48718 2957.06
984.37732 22767.6
985.36115 85767.9
986.34729 30384
986.52185 6481.05
987.33661 7011.62
987.50366 4165.39
995.36884 2266.77
995.46448 2463.09
1012.51483 3163.82
1013.49408 5119.84
1014.48029 4662.19
1015.47412 3747.64
1023.47913 4494.56
1024.46753 2565.4
1030.51855 9633.15
1031.50977 10069.3
1032.51379 3207.14
1039.52771 2765.54
1040.50122 16498.6
1041.49170 20984.5
1042.49170 10001.8
1043.49487 3878.96
1057.52942 7388.74
1058.51233 47585
1059.50476 41467.9
1060.50574 17418
1061.51099 4224.56
1066.42053 4192.75
1083.44934 2785.05
1084.43176 9778.82
1085.44336 14993.4
1086.44604 6747.91
1141.55249 6403.37
1142.53638 8563.56
1143.53333 3160.64
1159.56079 6838.21
1160.55066 7505.65
1161.56140 2591.26
1188.48621 3067.53
1189.49902 2171.8
1216.48328 3981.91
1217.49866 2449.32
1229.56250 2411.62
