1729.68657 2
105.06537 8858.06
126.05453 450.352
129.06551 764.74
129.10184 3136.12
130.08586 954.477
136.06093 602.451
143.11749 2367.21
147.07594 422.854
147.11206 1475.07
157.06009 426.499
157.09616 716.481
164.03333 951.531
167.08131 700.178
171.07562 1110.54
171.11220 2433.02
175.11902 553.187
181.06027 5827.68
181.09676 782.153
185.09143 1592.49
186.12306 1022.43
188.10217 1383.72
195.07648 390.456
198.08698 1428.4
199.07068 3380.95
199.10704 1116.25
203.10150 511.881
204.13371 2977.66
209.09134 474.214
213.08617 613.733
216.09729 14568.8
217.08394 493.137
217.10054 935.894
226.08113 461.436
226.11835 573.33
231.09663 1872.52
240.09714 1788.75
241.08076 1019.65
250.07988 649.974
250.11769 741.375
254.07634 2093.69
258.10779 2075.72
258.14371 723.509
261.15472 4669.06
262.15759 488.636
264.13263 404.111
267.10889 814.259
268.09244 1755.02
268.12845 2422.08
272.08716 1840.85
282.14029 390.602
285.11691 701.54
286.10281 2156.31
286.13870 981.839
296.08627 436.619
300.11597 472.544
303.12881 2302.31
309.11816 1124.06
311.13281 568.666
312.04959 824.743
313.14935 671.331
314.09689 485.708
318.17587 10408
319.10226 645.476
319.17984 1215.71
325.14880 543.889
327.12869 1913.9
328.10983 390.147
330.05878 713.141
337.11340 4203.12
338.11755 434.369
341.14432 665.601
343.16116 615.865
345.14023 911.252
354.13977 1478.88
355.12363 6545.29
356.12906 747.92
359.15414 1306.72
361.18207 1786.42
365.11002 674.329
365.18066 832.566
369.13885 844.755
370.17300 433.255
372.15237 503.228
373.13403 2059.57
382.16727 799.065
383.19226 1287.75
387.19754 1612.46
397.13498 1274.21
400.18008 1058.85
405.20773 15328.3
406.13580 819.29
406.21011 2321.03
415.14639 1034.29
416.11633 1221.65
420.14954 608.055
422.12805 600.992
423.16467 395.258
424.14453 560.393
425.12863 402.942
432.17307 566.997
434.12970 859.855
434.19992 521.54
438.16104 1752.11
439.19565 745.104
440.14148 811.732
448.14362 1269.98
449.22208 565.711
451.15344 393.585
452.13852 565.501
452.21243 1025.46
456.17026 1775.15
457.20880 492.573
465.17258 496.884
466.15527 5483.73
467.15897 915.794
469.16397 1109.57
470.22318 824.9
474.18076 511.966
475.21448 2614.09
476.21378 1200.21
483.18048 1236.49
484.16562 6541.04
485.16995 1122.29
487.17645 688.462
488.24527 1341.82
494.22198 819.717
498.23151 423.192
499.15564 804.278
501.19162 1603.02
502.17456 1448.96
506.25540 4305.22
507.18121 565.684
507.25525 955.913
509.23187 848.3
516.23914 1541.04
517.16620 1839.07
518.17041 417.924
519.20398 797.273
525.18835 652.758
526.17761 632.402
527.24329 733.164
531.95837 750.096
534.19397 686.151
535.17401 1445.69
543.19916 1047.49
552.20264 1585.82
553.18884 1220.47
559.28156 606.428
563.24451 617.654
566.26263 523.518
567.29230 878.587
570.21344 2450.68
571.20685 640.054
576.19812 606.361
577.18964 800.849
584.27319 496.965
585.15039 690.524
585.29828 5018.75
586.30005 1078.94
588.22443 579.185
594.21393 2078.8
595.20404 1051.37
603.30719 39484.6
604.31030 10303.9
605.31744 1500.06
612.22339 3230.19
613.22723 906.593
620.25989 627.279
623.27875 709.074
628.19373 582.869
630.23486 1005.67
636.22705 418.776
641.28925 1204.53
646.20563 1085.13
654.28998 418.124
659.29907 1800.89
660.29413 449.041
663.23743 1086.26
664.22510 1145.73
672.33008 1768.26
673.33636 409.426
681.24384 1940.03
682.23804 929.515
686.20386 474.387
690.33887 9787.65
691.34808 2613.73
698.27026 652.461
699.25494 2043.37
700.32794 2301.59
701.33337 607.479
716.27991 1078.17
717.28101 427.995
751.36896 648.665
769.38263 4681.68
770.39038 1608.6
774.26166 545.481
787.39178 43774.1
788.39807 14279.6
789.40033 2520.4
792.27936 492.128
809.30457 720.405
810.29248 455.728
827.31366 869.108
879.43091 429.281
880.41626 1020.34
897.44165 3765.76
898.42621 10528.3
899.42859 3941.54
900.43042 550.334
915.45410 1213.59
916.44556 1042.18
985.46790 1118.67
986.46411 497.08
1009.45087 1271.21
1010.45636 564.377
1026.48096 1271.17
1027.47888 928.542
1044.49390 1857.48
1045.49524 1067.84
1128.53296 605.261
1145.53796 1819.96
1146.53796 913.996
1260.57642 459.25
1329.60083 692.361
1363.58191 526.845
1381.58557 998.616
1382.58362 539.807
1398.60803 1482.59
1399.61157 1212.35
1400.59778 678.502
1416.61853 901.948
1417.62085 793.408
