1673.84868 2
110.07097 1773.33
112.08673 948.288
113.07115 233.705
115.08639 609.87
116.07047 348.909
120.08043 1942.14
127.08643 215.774
129.10204 2700.78
130.04999 358.73
130.06483 1126.31
130.08603 539.553
130.09703 227.797
131.11765 1138.05
133.04297 478.435
136.06148 729.564
136.07544 1097.41
139.08618 211.26
140.08173 460.174
141.06552 233.033
141.10175 321.021
143.11755 1355.47
147.11252 826.676
148.05977 364.193
155.08141 331.246
157.10797 727.974
157.13306 460.342
158.09210 995.967
159.07607 283.841
159.09103 363.122
159.11182 196.612
167.08159 669.965
169.09673 215.505
169.13348 321.708
171.07616 231.885
171.11250 1284.78
173.09190 442.766
175.11861 7830.45
176.12297 346.637
177.10205 272.82
181.06085 187.054
183.11258 936.8
183.14867 298.17
185.09303 410.825
186.08690 404.876
186.12444 191.621
187.07137 335.012
187.14362 1002.87
195.07651 457.124
195.11278 451.589
197.12807 680.784
198.08771 194.296
199.07129 239.023
199.10768 431.217
201.08650 204.932
201.12256 414.288
204.07982 423.243
209.10333 516.383
209.13936 215.637
210.02539 209.014
211.14461 237.044
211.15479 312.733
212.10257 317.805
212.13907 341.414
213.08669 848.135
215.13872 845.011
216.09761 219.79
217.08264 392.138
226.08247 235.665
226.11824 823.126
226.15446 407.899
227.10129 423.467
227.13535 212.202
228.13260 419.174
228.18187 535.022
229.11610 360.081
230.11325 258.503
232.07465 612.412
237.13475 466.727
239.11372 386.411
239.14928 198.839
240.09729 260.263
240.13300 467.593
241.08144 454.177
243.10976 225.972
243.13184 283.108
244.09341 292.936
244.12694 517.528
244.16748 208.721
245.07655 272.646
246.12607 534.34
253.09288 250.818
253.16576 1263
254.14830 2549.86
255.10829 326.662
255.14430 1262.75
256.12723 329.705
256.17801 440.832
257.09500 552.866
258.14310 226.187
259.08990 242.78
264.13293 193.39
268.16422 299.462
270.19205 207.105
272.13995 940.418
272.17178 13999.5
273.17514 1391.36
274.12155 1343.02
275.12473 196.78
280.14645 244.776
289.16138 3177.18
290.14383 763.089
290.16666 389.647
295.62857 208.04
297.15454 284.113
303.11133 829.273
308.17020 286.926
309.15042 226.451
309.62527 285.396
312.04929 398.41
317.19528 241.19
325.19867 618.061
326.14404 290.148
327.16632 372.265
329.18069 313.32
330.06146 203.24
337.18845 200.76
338.20840 249.424
342.12720 389.349
345.15765 1284.07
348.16498 293.012
354.13989 439.621
355.12506 231.817
366.17612 276.829
368.19235 205.948
369.18063 280.208
373.20712 466.769
384.26846 294.14
386.14798 402.566
387.16006 205.257
394.17902 306.727
396.27100 641.178
398.20438 224.187
424.26541 1007.75
439.22922 822.2
456.25345 1532.52
457.25934 332.055
472.28482 279.642
475.19241 238.517
476.26984 233.445
493.06671 218.78
499.21793 385.551
501.23990 341.695
505.27240 393.21
510.30896 271.114
516.24127 1703.65
517.25073 549.811
525.08911 233.859
533.21106 503.33
533.71179 317.644
552.30939 307.895
569.34265 328.197
584.29535 559.407
612.28510 384.869
626.32471 357.795
627.32458 352.402
644.33459 5204.14
645.33862 1612.88
646.34265 236.213
655.33984 220.567
668.33679 1097.67
669.34167 260.888
686.91211 338.775
756.37408 408.326
759.35834 783.388
760.36829 226.344
774.40289 229.587
784.37561 456.585
785.37286 269.721
788.36639 238.421
797.37054 1571.44
798.36249 477.738
798.47913 246.106
828.90826 237.407
836.92444 1098.86
837.42761 1952.39
837.92792 890.236
838.43213 325.555
841.38672 301.781
856.40936 243.529
857.42395 237.726
872.44952 943.816
873.44629 419.555
876.40204 442.581
896.44586 2019.84
897.44824 892.87
898.46753 256.622
911.50439 253.521
934.51166 307.7
960.47028 318.813
985.52899 760.652
986.53290 361.007
987.43677 271.692
1003.38757 281.96
1005.46204 447.576
1006.46960 234.603
1033.50159 1789.07
1034.50464 903.817
1035.51489 241.335
1039.56860 345.179
1040.56409 236.427
1049.52319 262.776
1074.51782 277.975
1086.57727 1164.77
1087.58838 539.082
1102.50977 275.159
1104.53137 1451.36
1105.53186 897.502
1106.54065 307.228
1110.63672 231.887
1139.61267 241.116
1157.61743 953.137
1158.62134 434.763
1159.60815 216.052
1175.58081 892.142
1176.58252 624.96
1177.57910 222.603
1217.58545 414.343
1218.59155 382.834
1219.60657 275.156
1241.66736 238.454
1258.66284 970.83
1259.67126 640.742
1272.60461 343.557
1289.62000 1237.57
1290.62219 743.821
1291.62903 369.473
1312.68738 289.174
1313.70764 297.443
1329.69910 496.839
1330.69897 480.696
1384.68958 784.675
1385.68811 819.578
1386.68250 371.47
1400.73584 590.259
1401.73694 485.959
1402.71228 545.536
1403.66589 462.979
1404.66443 499.602
