2931.17129 4
115.08657 646.732
126.05464 973.006
129.10207 12139.2
130.04926 1090.31
130.08609 700.135
130.10550 1227.25
136.06171 1003.97
136.07555 895.048
147.11261 3916.37
169.06017 858.904
171.07602 3553.37
181.06076 1091.65
187.10762 8919.89
189.08675 3810.82
199.07123 5635.94
199.10825 957.042
215.10254 2756.56
215.13931 1279.66
217.08168 3301.97
226.11861 2152.7
226.15504 907.843
227.06593 4472
227.10229 3128.68
241.08145 2111.02
242.07565 934.894
243.13390 2283.19
244.12820 1809.38
245.07645 9888.44
246.07996 1203.54
259.09109 939.173
296.08649 886.963
298.10361 1582.8
298.13986 1381.65
314.09772 2412.03
319.16089 8436.97
320.16302 896.705
323.13388 733.367
326.13278 801.226
330.05911 869.075
340.18600 1934.21
341.14487 1733.08
355.19623 1212.07
358.16022 4718.67
359.15952 1386.58
371.11923 1178.83
378.16528 1029.86
383.15240 1524.99
392.16122 2742.66
392.66180 1102.93
398.11182 779.405
423.26019 838.547
425.70053 2091.25
426.20050 1370.96
427.14560 1150.26
429.12531 4019.43
434.18814 3545.32
434.70523 3641.14
435.20905 1411.08
443.70889 1158.64
445.15546 1037.4
448.70248 2550.18
449.20523 1157.46
457.70847 903.969
468.28067 1315.43
469.22888 2180.8
470.22916 1148.39
474.73264 1237.24
500.16199 1339.79
504.22485 1069.89
507.21838 1334.17
507.55209 1526.42
513.22437 3671.22
513.72675 2288.74
520.22363 1587.77
520.55676 1262.2
520.89197 873.863
521.19366 1580.07
522.23877 712.135
526.22461 17037.7
526.55853 14242.6
526.89264 5406.27
527.22534 1824.9
539.20557 4666.71
539.75781 771.416
540.20935 1241.69
540.71783 857.071
553.57910 938.252
557.21906 5132.11
558.22101 1121.8
559.24866 5649.84
559.58276 5924.09
559.91803 2247.16
560.25146 881.396
561.73248 1406.62
562.28412 4093.19
563.28674 1070.56
566.23767 988.105
570.73773 3084.9
571.23859 1799.31
571.73621 785.897
575.23413 1249.01
579.74219 3256.84
580.24261 1382.44
583.30524 1058.93
584.25507 5698.76
585.25964 2849.28
585.90424 780.932
586.24109 976.555
591.90656 9772.88
592.23956 5981.57
592.57495 4033.07
592.91028 1415.08
594.77222 830.125
597.32465 1165.3
597.59186 1239.2
597.92194 995.011
598.25555 979.589
603.77740 3316.6
604.27905 1570.97
628.59625 1943.75
628.92932 786.037
629.26221 1238.46
630.25287 2043.07
630.58215 2231.72
630.91132 1198.88
634.59949 8615.3
634.93378 7222.02
635.26349 3713.29
635.60413 1143.2
654.27899 1348.74
659.29224 2827.75
659.79456 2069.56
667.25806 1901.45
667.59045 2017.23
667.93109 971.927
668.30298 6351.61
668.80042 5641.12
669.30499 2114.9
670.30072 811.016
672.29327 1080.68
673.60248 1143.9
683.80347 1041.92
684.30469 906.132
684.39105 1294.94
684.88501 1037.24
685.36414 1026.53
685.86090 1089.41
689.70490 774.207
690.37616 3068.78
691.37225 756.657
694.62982 746.002
695.79248 1119.87
698.33771 1636.3
699.35583 741.924
699.96497 815.13
700.30157 2897.1
700.63708 2813.67
700.97083 2177.48
701.30969 1074.48
701.98749 802.848
710.95972 1081.04
711.28802 1156.28
712.35260 3465.95
713.34650 1393.54
715.78101 4478.65
716.28027 3084.47
716.79224 1392.63
717.30481 871.202
720.28717 880.778
724.54156 1123.26
724.78882 4867.88
725.04816 1048.72
725.28558 2914.69
725.81073 7526.12
726.31293 5203.64
726.80896 2057.17
727.30853 750.233
732.34491 1981.83
732.61938 751.249
732.75409 1041.04
732.94678 2870.59
733.28174 4754.47
733.39948 4164.75
733.63275 2224.59
733.79663 1324.13
733.90387 1719.26
734.33978 5745.62
734.71014 1020.29
734.84521 3022.18
735.30548 753.074
738.85370 1811.2
739.18774 1858.14
739.52899 756.269
747.99402 794.515
748.32196 1071.29
751.31482 1878.31
751.81042 2922.44
752.31531 1577.87
753.66620 2312.18
753.99091 1689.25
754.32996 2729.96
755.31836 1397.34
756.31952 803.122
758.24072 956.683
760.32312 13582.9
760.82306 9742.73
761.32227 3814.04
761.82690 1624.94
765.30640 6931.89
765.51135 770.15
765.81567 1979.12
766.31030 2924.82
770.82550 1196.35
771.32013 1399.64
771.51672 1218.96
771.83862 1539.37
772.18237 910.039
774.32611 1125.43
774.82141 938.103
779.82880 15045.8
780.32941 15073.9
780.83197 5901.62
781.33331 2872.54
783.31384 47785.3
784.31830 18421.9
785.32013 4387.57
786.32056 3585.47
786.65820 1624.36
786.98773 1180.02
788.27734 1254.94
788.37506 1726.79
788.46802 859.48
788.53625 798.443
788.83264 133058
789.13342 1265.99
789.33386 102994
789.64465 794.303
789.83527 49731.5
790.33539 14311.1
790.68402 1351.12
790.82697 3663.16
793.82941 1050.45
796.35828 3102.5
796.69391 2956.08
797.03070 1802.6
797.36621 1294.79
797.83167 882.241
800.29706 1380.05
801.32166 4651.61
802.32434 1494.96
803.34137 1189.62
809.30927 5719.64
809.81189 5586.48
810.30963 2871.03
810.80890 936.132
814.31122 919.504
819.42151 2732.84
820.43176 799.516
822.82825 1531.25
823.33875 1526.26
827.37769 2743.26
828.39087 1179.11
828.81372 1905.44
829.02637 2909.78
829.36377 5002.69
829.71759 790.943
829.86401 3207.14
830.36176 1394.63
831.82739 1054.27
832.32397 804.267
834.69861 1655.68
835.04065 2507.86
835.36633 2731.6
835.70917 956.598
837.82129 24335
838.36340 22341.8
838.87140 14998.9
839.37183 8226.02
839.87183 2807.82
840.36487 832.26
843.37073 1201.99
843.87561 1011.01
860.38171 942.562
861.36993 1626.95
867.04413 1100.18
867.36792 3961.07
867.70349 3629.33
868.03577 3348.67
868.39966 3808.46
869.40723 1455.47
871.81165 890.59
872.31274 1275.17
873.04657 6722.34
873.37994 11249.9
873.71472 7460.76
874.04779 3335.38
874.37860 1579.12
878.38507 7001.05
878.84595 1558.45
879.38770 3305.96
886.87640 5899.84
887.36389 16219.7
887.86047 12109.3
888.36304 5938.5
888.86090 1741.97
892.35602 859.961
895.39758 1096.47
895.88092 39721.7
896.39001 68683
896.88245 16639.3
897.39557 21041.7
897.88580 1608.95
898.40253 4603.1
899.40619 988.523
900.03601 1418.75
900.35614 1460.61
902.05597 4756.81
902.38916 7701.33
902.72290 5002.13
903.05273 2439.25
903.40088 836.661
905.70477 5369.16
906.04126 7321.61
906.37238 5576.77
906.70099 2421.3
907.03510 1008.48
914.40479 4023.52
915.41370 1913.79
927.83838 988.542
928.71387 822.271
929.37335 1845.42
933.38965 978.759
934.37506 781.486
934.71649 3300.12
935.05322 5298.37
935.38470 4271.67
935.75385 2356.35
936.36188 2837.21
936.86115 2455.23
937.36255 1093.48
942.39813 5016.74
942.89630 2789.84
943.40289 1886.98
944.86700 21061.3
945.37006 17813.8
945.87158 8307.2
946.37384 3496.88
948.46826 2235.28
949.46259 1082.09
951.39453 14732.6
951.89844 14283.2
952.39923 7216.72
952.90155 3300.46
960.40094 15355.9
960.90356 14443.6
961.40088 8192.94
961.90247 3218.33
965.90100 889.187
991.38220 1605.42
991.87701 1213.56
992.37701 1058.82
1000.38464 6572.39
1000.88403 6725.78
1001.38745 3609.2
1001.88153 1313.15
1007.42590 1497.99
1008.43286 1183.67
1009.39093 6975.69
1009.88971 6536.15
1010.39032 3109.69
1010.88837 1295.3
1016.94122 1857.9
1017.44507 1902.48
1017.94244 854.802
1025.44128 7909.08
1026.44543 4410.16
1027.44507 1099.79
1029.43188 1008.15
1043.44946 2199.86
1044.43726 1086.84
1065.93860 1385.2
1066.43713 1369.92
1077.50916 2898.52
1078.50330 1471.67
1120.97888 972.494
1121.48547 958.921
1122.45459 5241.55
1123.46106 2714.9
1124.45740 1008.46
1129.99219 5004.45
1130.49243 5564.73
1130.99109 3455.75
1131.50513 1857.99
1140.46667 42223.7
1141.46948 23843.4
1142.47705 8486.5
1143.48059 2832.75
1144.48792 841.239
1158.48071 8324.26
1159.48181 4860.38
1160.47705 1850.09
1178.98083 2954.99
1179.48267 3271.87
1179.98779 2087.95
1180.49072 1149.13
1206.54187 1815.05
1207.54834 805.142
1239.52856 1677.51
1240.54590 769.857
1258.50977 1810.86
1259.49231 1022.04
1430.56665 1005.09
