3397.52927 3
110.07069 433.639
120.08042 1409.28
129.10187 1872.3
136.07536 3600.98
143.11742 1268.03
171.11255 1281.64
175.11823 333.302
182.08104 1556.13
198.08678 514.873
201.12296 443.311
217.08130 501.287
223.10760 916.466
228.17159 377.202
230.11353 326.7
231.06111 568.121
231.11206 485.492
237.12273 1392.21
242.11255 782.919
242.14899 521.448
245.07605 986.146
249.12300 483.152
251.10196 838.823
260.12366 430.408
265.11755 2737.3
275.20743 446.738
283.12778 5230.52
284.13120 824.651
289.09576 540.482
299.13327 531.115
304.12723 510.719
311.16965 427.876
317.14261 430.729
318.14774 351.108
342.09204 618.263
346.11047 602.821
352.14990 1072.37
356.19055 746.386
360.10574 824.789
386.16443 424.735
389.18350 716.196
405.17618 614.493
423.18637 638.728
428.18173 724.53
446.19409 564.808
457.11295 548.622
471.32745 2638.29
472.33237 695.046
474.17371 707.997
475.12982 744.506
515.20972 946.26
516.21832 1527.88
524.23517 428.226
528.18158 423.251
545.21057 897.163
570.39752 380.773
586.24371 475.238
599.21399 436.193
616.23956 385.018
627.25928 496.203
644.28009 518.403
670.30579 376.07
671.29303 447.077
687.29425 692.535
698.28467 960.763
699.29425 378.397
715.31451 832.075
716.31879 635.298
734.33661 456.174
769.32465 547.29
786.35657 850.248
787.36346 430.669
794.35260 372.033
800.34894 440.095
805.69476 464.731
806.02795 688.59
806.36591 879.601
806.68555 381.242
812.02930 491.245
812.36340 501.266
834.35138 450.604
852.38379 376.692
886.39465 373.097
895.39801 414.188
914.41064 849.741
930.40234 918.89
931.40540 672.346
954.41650 385.188
956.45880 367.746
972.43475 469.609
974.42786 376.246
979.93311 737.296
980.43860 939.76
981.45410 426.856
1007.43744 413.333
1007.93866 411.432
1015.45447 706.164
1015.95490 804.562
1016.46234 782.27
1024.48315 507.081
1026.45984 490.325
1045.48083 427.866
1050.45850 494.912
1051.46411 403.948
1059.46570 753.602
1059.97485 477.346
1072.46729 373.692
1083.94104 442.793
1084.47302 1166.95
1084.98315 1155.55
1085.48596 943.328
1099.48438 443.06
1100.50366 544.435
1101.01025 431.919
1101.50305 786.487
1116.49854 657.611
1117.51550 561.395
1123.51135 374.415
1124.55640 440.394
1125.55603 412.891
1132.55139 1136.56
1133.04529 860.697
1133.52319 1049.09
1134.01392 535.73
1134.55518 967.832
1141.49951 624.922
1141.99023 527.524
1173.53247 432.164
1174.49084 669.147
1190.51196 398.871
1199.00940 745.721
1199.51343 1033.32
1200.01611 697.255
1208.04211 404.882
1208.54602 1265.85
1209.03198 964.005
1209.53638 388.935
1244.55725 450.325
1254.51404 508.077
1263.52283 611.145
1289.49756 939.163
1316.60571 514.148
1321.04150 409.502
1379.05090 437.943
1433.64612 525.824
