2539.26348 2
112.08684 1733.84
115.08640 1566.82
116.07047 1980.63
120.08067 16955.1
121.08409 1266.22
127.08658 4134.4
130.09749 850.463
155.08138 12433.6
156.08627 663.108
158.09187 2727.07
167.08047 936.807
169.13348 37279.2
170.13693 3149.34
173.09254 1066.2
173.12810 1671.99
175.11890 29881.1
176.12286 1795.09
177.10300 706.494
185.16444 784.217
187.07083 2967.36
195.07619 2899.51
197.12837 19190.7
198.13225 1971.43
201.08716 3016.56
201.12318 2726.97
205.09740 3691.98
209.12865 622.024
213.08693 4437.38
213.15933 1170.85
214.15471 2526.65
215.13881 5273.84
219.07948 2896.75
221.12843 1469.06
223.10776 2490.69
223.14398 981.748
224.10156 879.127
225.12361 1031.18
226.15486 10209.7
227.10286 1098.68
227.16138 1093.83
229.11794 1113.16
231.09756 20658.4
232.10072 1794.35
233.16487 3944.71
234.16884 669.641
236.13918 1936.26
241.08171 14334.2
242.08510 1549.45
243.13336 3910.77
249.12360 2884.6
254.14980 13480
255.15196 1326.78
259.09222 53841.9
260.09549 5307.73
261.09338 685.587
261.15976 2462.59
266.15009 1214.69
271.09161 1670.35
271.17688 1290.78
272.16122 903.69
273.15973 2229.17
277.11798 3014.57
278.12036 672.676
280.16476 1310.26
284.12338 1114.42
284.16089 1273.63
286.15692 879.711
287.13504 3733.95
292.16473 1400.88
295.17715 1468.36
296.19897 992.417
297.10822 2060.85
298.09973 748.557
300.15573 3027.77
301.15500 762.929
302.12311 1061.23
302.15289 4867.33
304.16144 5619.82
305.16623 1050.96
308.16125 1330.09
309.19128 2787.29
310.21442 724.577
313.13782 2720.62
313.18640 1217
314.15375 4059.99
314.20828 1715.8
316.11322 4388.16
318.18002 2134.15
320.16037 2454.99
322.21182 2070.07
323.17157 3425.37
326.17087 7742.38
327.17761 1130.1
328.16898 6167.43
329.17322 1086.03
330.12717 1075.05
332.16318 3078.36
334.13895 4216.61
337.18692 1083.25
339.23868 1189.03
340.16663 1372.03
341.18216 1143.9
342.12793 1738.74
344.20239 1375.28
346.17569 860.392
351.20770 663.232
354.16672 8157.89
355.17389 1243.58
356.14679 1039.99
356.19897 1475.71
357.19510 2312.94
360.16055 960.104
362.20709 687.983
365.18265 911.016
367.23389 863.309
372.17493 9699.9
373.22299 12922.8
374.22650 2606.04
378.16608 3215.33
379.16794 675.999
379.23346 3246.79
382.20837 1305.21
383.18896 1876.55
385.19156 3178.08
387.20740 1427.14
390.13403 981.025
391.23380 2923.41
395.15457 1094.14
396.22369 687.838
397.19000 9765.78
397.24478 2027.33
398.19427 1344.41
400.21863 4307.62
401.21957 5963.96
402.22723 1015.07
406.15891 742.11
410.19104 1600.51
411.23224 1621.94
413.16525 2877.22
415.20038 7627.83
415.25647 1116.95
416.20609 968.343
417.24542 10131.2
418.24695 1958.53
419.22733 3180.35
420.23294 680.951
425.21597 1532.98
426.22104 2751.26
427.23190 1208.8
429.19894 2078.06
431.17673 4037.75
432.18222 1029.56
435.18481 778.717
436.25598 1999.73
439.23312 2057.98
441.19675 1649.02
441.28839 1040.42
444.22290 742.029
445.17157 774.97
445.24854 991.524
447.22083 820.597
453.21130 1598.3
453.25079 908.307
454.21402 1882.34
455.21289 2041.16
456.26105 2186.88
457.20947 1070.74
461.20190 1590.64
463.18121 5615.8
464.18613 1045.19
467.22961 1027.31
468.23019 656.796
469.28137 2341.9
470.23947 1090.82
472.22244 1802.09
473.23752 2224.15
475.21973 1453.58
476.22125 692.808
479.21396 1019.47
482.28247 691.131
484.25745 1656.19
486.30573 1804.54
487.23840 706.786
488.25195 694.089
489.19940 1414.68
491.24994 2441.47
492.24930 834.188
494.22360 834.591
499.28894 2022.69
500.29074 2815.59
501.23468 3617.24
502.23401 942.066
504.26431 1720.06
507.20718 1112.72
510.27325 4456.37
511.27762 1139.89
512.23590 2370.2
514.29877 1085.59
516.31372 20152.7
517.31628 5218.38
518.31763 909.899
519.23975 887.257
522.27429 832.142
526.30682 1382.53
528.28436 2623.02
530.25391 2867
531.25104 1481.9
532.25659 3007.52
539.30048 1642.96
540.23749 938.858
540.30103 1089.9
542.21014 1901.33
544.31165 1316.45
546.29102 872.182
548.27179 1963.9
554.28741 886.043
556.26373 808.835
557.31128 1083.61
558.25647 5739.73
559.26294 1682.84
560.22021 2617.95
561.22607 801.426
562.26227 669.66
567.29376 1487.97
568.30273 842.441
573.29333 850.036
574.28668 1864.72
576.26703 1646.5
578.23810 1027.34
583.32050 1608.89
585.30591 1339.25
590.24640 1981.26
592.30359 667.538
601.27747 1030.28
608.25494 1233.35
614.28040 1273.99
619.29370 1070.93
625.32214 1089.29
627.35889 731.913
628.34241 727.036
631.30402 839.629
641.29388 1303.07
641.35840 1368.96
643.26453 724.625
645.36023 5023.91
646.36420 1665.97
659.29761 2333.78
660.30121 879.888
661.27997 1919.54
662.27551 823.255
669.34021 681.136
675.35455 884.547
679.29114 2138.89
687.36749 923.751
689.27533 993.092
698.39221 695.381
699.37830 776.028
703.32794 1268.28
707.28674 1750.03
708.29187 676.289
714.36023 1206.7
716.39319 25531.4
717.39618 8073.08
718.40259 2081.84
721.32794 802.849
724.41217 755.574
726.37695 1021.44
744.39319 969.505
754.37640 1365.94
755.38379 678.098
756.36713 724.314
772.40094 948.981
773.39258 711.995
774.37427 1255.33
775.36694 746.859
790.32617 2374.36
791.32153 942.063
792.37408 1744.53
806.35052 750.717
808.33527 2665.77
827.42847 1239.61
845.43726 6837.63
846.44165 2914.62
847.43158 752.759
861.40601 743.815
885.42438 892.6
887.46307 800.519
889.38123 724.721
902.45752 2020.85
903.42627 1831.67
904.42633 1036.47
905.46545 761.535
907.41034 778.84
921.41833 1480.42
928.47473 1407.03
929.47021 1304.68
946.48315 22057.2
947.48676 10039.5
948.48938 2484.48
1020.48010 1113.93
1057.51404 3619.05
1058.50867 1919.64
1075.52600 14534.7
1076.52747 8557.79
1077.52417 2333.01
1178.55396 831.282
1204.59741 947.207
1205.59009 1080.68
1222.59460 22367.2
1223.59692 13378.1
1224.60242 5541.08
1225.59839 1039.4
1272.73962 3381.9
1279.61926 3709.91
1280.61951 2568.07
1281.62610 995.844
1305.63525 2834.57
1306.63086 1729.21
1323.64246 31485.2
1324.64514 21642.5
1325.64331 8039.5
1326.64355 1932.64
1392.70105 2137.07
1393.70496 1803.37
1394.70251 1094.77
1418.71704 3022.05
1419.71155 2219.98
1420.73450 1077.11
1436.72888 32775.6
1437.73035 24274.9
1438.72961 9786.49
1439.73120 2263.92
1531.77759 973.083
1532.81226 787.72
1549.81030 10577.2
1550.81177 9183.34
1551.81433 3572.74
1552.81360 948.197
1592.81042 1676.21
1593.81677 1581.49
1594.82288 883.952
1618.83765 2173.55
1619.82861 1681.5
1620.83069 1295.24
1636.84314 21968.5
1637.84644 19719.3
1638.84692 8872.92
1639.84399 2596.35
1723.84436 968.911
1724.86292 1022.85
1749.88269 1424
1750.87866 1879.13
1751.88733 722.822
1767.88464 12152.5
1768.88611 11189.2
1769.88293 6203.9
1770.87878 2301.45
1866.95471 1354
1867.95496 1741.23
1868.92822 1417.94
1947.01453 896.843
1964.00476 5219.42
1965.01563 6239.26
1966.01758 3611.93
1967.02466 866.22
