3056.63028 3
136.07524 574.786
185.09064 195.84
185.16302 196.239
211.14432 256.231
228.13283 217.324
256.12848 229.652
260.19687 379.357
263.13800 287.812
270.17899 197.485
277.15430 220.212
286.13861 1091.44
301.12976 225.055
324.22742 191.458
341.21832 367.632
354.20282 192.144
376.22049 267.518
378.16315 281.908
421.20651 322.862
449.20273 564.779
470.33188 1679.72
471.33685 324.021
491.24832 194.029
513.27106 217.971
534.29480 305.757
544.27710 195.091
562.28601 794.84
585.84418 467.411
586.34802 332.549
617.39941 435.28
658.28027 235.486
661.34729 347.647
701.35522 346.468
723.32416 420.663
731.44855 472.232
740.40704 200.747
771.35132 212.463
789.39990 251.365
802.47955 931.257
803.47974 335.15
886.38898 478.453
888.48035 215.092
915.56482 559.649
916.55872 252.981
986.60468 310.655
999.48340 387.941
1018.48022 263.669
1018.65649 393.574
1019.01929 220.549
1019.44537 323.231
1019.63556 985.662
1020.45428 232.123
1020.64441 435.322
1073.61975 271.644
1074.64111 221.06
1098.54968 321.968
1170.68359 2029.02
1171.68884 1110.47
1172.67749 299.329
1209.56287 271.435
1226.60486 444.477
1227.59851 221.607
1285.70911 375.735
1286.72034 208.528
1325.67969 482.708
1326.67627 308.761
1529.78967 242.474
1656.85046 205.293
1886.94641 350.575
1887.94824 415.442
1888.93298 252.171
