3714.87815 3
129.10165 309.872
136.07559 1176.06
141.10176 287.098
169.09669 650.772
175.11868 1275.28
185.12810 334.352
200.10208 833.722
215.13864 620.76
225.09801 551.143
228.13303 437.951
235.14331 406.038
240.13382 1044.49
258.14328 387.929
262.15039 998.757
270.14346 875.408
277.15393 437.093
284.12372 2135.58
284.15985 492.52
297.15543 419.484
299.17093 760.593
302.17096 357.83
313.18668 1533.31
315.16678 546.516
327.16602 361.838
341.18103 885.225
348.19089 1336.25
349.19324 326.211
353.18076 391.403
359.19193 1379.22
368.19223 828.207
371.19022 321.617
375.23367 1571.04
381.14258 323.363
383.20062 382.099
386.20300 1300.7
396.18848 647.048
399.15063 3885.41
400.15274 744.832
408.22430 690.876
410.20349 1344.88
412.22363 365.483
412.25385 390.668
414.19559 363.492
416.21021 641.846
422.20193 398.174
426.23535 362.443
428.21213 1517.02
431.22934 308.965
439.22980 310.595
446.22678 559.429
447.26416 421.324
452.20932 445.711
459.22153 683.064
462.23184 548.846
464.24823 339.311
466.22607 312.643
469.23938 817.083
470.26398 421.276
474.30841 725.311
476.24948 935.605
481.27798 1019.09
482.26352 506.77
484.23703 1132.98
485.24045 300.783
487.24869 904.427
492.24310 855.046
494.22235 400.598
499.28656 1146.92
509.27267 1806.34
510.25732 606.794
512.23370 2511.69
513.23676 690.894
517.30316 328.661
527.28137 2774.86
528.28552 787.753
529.30048 342.337
545.29303 931.886
547.32861 325.019
558.29016 455.533
575.30487 652.15
575.36871 596.778
582.32568 912.517
583.31317 335.858
595.27429 1863.77
596.27307 385.233
598.31470 464.942
600.33557 835.312
613.28296 1688.23
614.28632 584.946
637.33240 634.191
655.33661 772.163
656.33093 532.142
667.15259 393.686
669.35303 397.906
673.35083 756.135
676.39685 1372.78
691.34027 375.77
692.28448 780.493
708.36523 1412.97
709.35663 912.564
710.29407 2184.03
711.29974 774.821
716.23950 329.79
716.38647 527.728
726.37537 2763.39
727.37836 1306.17
728.30762 12907
729.31134 4987.25
730.31232 982.44
744.38861 2490.93
745.39111 1306.5
746.38623 327.262
747.43542 5068.98
748.43701 1766.23
757.39105 330.552
763.40265 482.722
766.89856 419.226
774.35834 389.668
812.45422 392.377
821.44788 768.21
822.44775 481.489
827.37402 1993.38
828.38055 711.138
839.46198 1974.08
840.46771 820.209
841.94769 539.916
842.45270 321.634
844.45782 481.128
850.95056 5207.66
851.45166 5195.77
851.95465 2490.19
852.45703 1050.09
857.47552 1421.53
858.47913 602.588
862.46100 3221.71
863.46533 1339.69
878.38574 640.937
886.46991 523.183
886.96967 435.097
889.43433 483.705
894.44489 378.046
896.39752 2380.46
897.40106 1446.3
898.41064 369.413
907.44861 456.363
925.99689 573.885
926.49292 761.754
926.97833 448.291
934.99573 10780.8
935.49615 11546.4
935.99823 5860.76
936.50000 1968.39
937.00427 428.127
975.54413 2953.12
976.54865 1743.88
984.51129 432.039
985.52350 395.437
988.50177 372.885
990.43390 537.806
991.44916 457.6
992.51178 1066.72
993.00464 1057.81
993.53033 586.066
993.99854 323.043
995.47638 394.925
1002.52875 1011.06
1003.52728 559.699
1006.52393 357.692
1007.51776 469.82
1020.53491 644.018
1021.53540 402.831
1043.03003 916.297
1043.53479 927.904
1044.04028 735.381
1064.47449 500.146
1099.57751 1350.67
1100.07727 1673.72
1100.57617 1146.64
1101.59180 580.478
1102.58911 428.978
1112.60608 3632.34
1113.60852 2044.76
1114.60547 638.559
1119.60583 554.246
1120.61096 363.723
1122.55627 401.295
1157.08801 947.77
1157.58972 1831.84
1158.09009 724.056
1183.64197 2164.06
1184.64648 1445.53
1185.65063 495.403
1190.12341 402.763
1190.63916 429.1
1190.94507 565.12
1191.16675 347.435
1191.44666 412.158
1206.58020 355.801
1214.61255 430.239
1215.10156 784.54
1215.61133 428.543
1238.60303 749.975
1239.10632 602.348
1239.37817 343.642
1239.64124 996.151
1240.14575 339.071
1240.64221 804.622
1250.61560 590.082
1251.11316 351.154
1276.61707 404.662
1277.14355 363.262
1281.63428 367.121
1289.64355 1614.71
1290.14453 1910.35
1290.64392 1680.89
1291.13733 678.276
1291.63269 463.802
1298.64722 12458.1
1299.14819 17441.2
1299.64868 13477.4
1300.14612 6138.61
1300.64636 2269
1301.15234 335.356
1330.71265 1588.66
1331.71289 975.919
1332.71765 391.258
1339.66772 505.955
1348.17969 2318.51
1348.67920 3068.66
1349.18274 2688.9
1349.68359 1731.98
1350.20227 575.876
1420.70728 428.788
1421.72888 353.742
1429.71741 1868.44
1430.21216 3683.22
1430.71179 3075.61
1431.21106 1444.57
1431.75122 1750.28
1432.75732 1154.45
1433.77637 421.906
1486.26318 757.114
1486.75476 1707.03
1487.25525 1311.46
1487.75122 932.103
1488.26001 416.778
1521.77014 487.868
1522.27991 1254.55
1522.77686 825.553
1523.25940 724.039
1532.80505 1146.78
1533.82593 1351.39
1577.29773 390.171
1577.79834 690.097
1578.29089 695.98
1578.78967 349.679
1585.82092 361.213
1586.32202 439.109
1586.81018 576.053
1603.83850 543.271
1604.82007 391.578
1664.71716 619.575
1665.72559 686.005
1666.72144 371.503
1683.89258 357.256
1700.89563 6417.25
1701.89966 6014.15
1702.90515 2650.16
1703.91846 846.67
1771.94006 772.051
1772.95471 601.505
1773.93164 343.785
1850.90198 471.51
1851.96265 659.946
1852.97363 350.679
1868.98547 9348.18
1869.98792 9788.52
1870.98889 5243.06
1871.98669 1814.69
1984.01636 874.878
1985.01270 1106.05
1986.03516 776.781
