2299.08916 2
110.07097 13565.2
111.07416 635.605
119.04814 516.348
120.08045 11507.1
121.08363 843.624
129.10196 6215.3
130.08601 2825.85
133.04269 491.687
136.07542 9989.07
137.07884 711.124
141.10191 811.181
143.11755 742.223
147.11244 4399.78
159.09134 499.66
167.09003 667.989
169.09706 776.273
169.13348 739.226
171.11282 766.294
173.12801 600.658
175.11861 1050.31
179.09206 754.902
180.07622 570.695
183.11275 871.428
185.09174 1202.17
186.12321 2256.62
187.10727 1095.44
195.08722 731.161
197.10384 583.761
199.07176 557.111
199.10666 491.523
201.12308 1753.42
204.13390 9511.03
205.13693 604.359
207.08711 1387.49
208.07109 1003.26
211.10651 2026.21
211.11905 1261.11
216.09726 1516.53
217.08299 842.203
225.09770 2732.99
226.08191 1502.78
226.11824 543.138
227.10294 814.48
228.09622 738.101
228.13354 2786.64
229.11766 1795.3
233.16353 485.361
235.10620 556.125
239.11412 2337.68
240.13359 770.974
241.08264 486.255
242.14906 546.702
244.09218 6363.88
245.07805 686.044
246.18100 818.519
249.15926 2196.58
251.12097 875.619
253.09303 477.305
256.09235 1502.72
258.10791 904.695
258.14456 651.599
259.09058 582.634
261.15866 925.232
265.09271 1287.99
267.11578 1865.68
274.10284 1153.75
275.17068 12612.3
276.17401 1717.3
277.15408 2053.24
279.11578 1549.48
295.11163 1371.61
308.13541 1033.02
316.14993 1282.22
326.14700 1080.68
339.12878 1472.28
342.20300 565.495
343.16086 3152.96
356.10834 573.657
357.17429 3635.06
358.18237 561.139
366.13815 1514.25
369.18814 486.856
374.23907 5078.04
375.24142 769.519
376.18576 2449.02
377.18082 502.33
391.19757 1927.78
392.20325 953.227
395.16388 500.54
397.18323 489.884
399.18509 580.137
408.19193 647.711
411.22348 1180.87
414.19821 724.586
417.19452 659.792
429.23825 641.558
431.16776 748.802
440.18646 591.266
442.17694 1466.01
448.19046 1013.18
449.17413 959.135
466.20270 3374.62
467.20789 813.317
468.21652 697.372
476.18661 665.24
484.21362 5917.78
485.22577 1632.18
486.22067 891.233
494.19720 3389.99
499.21356 666.412
503.28238 2108.82
504.22989 919.254
507.22339 1135.84
508.21762 3020.95
508.72235 1627.13
512.20911 6431.39
513.20972 1393.16
520.24164 2179.84
522.24078 503.29
523.26575 673.537
527.26892 571.974
542.24823 621.804
550.76404 786.645
553.23871 663.995
554.21832 1061.08
555.75433 921.736
558.30139 600.678
563.21814 622.672
564.76141 2499.61
565.26233 1974.45
565.76526 580.148
571.24786 1517.56
576.30115 547.296
581.23132 2639.1
595.28033 1049.15
595.78503 871.523
599.24176 5364.75
600.24072 1456.08
600.30200 738.467
609.28009 1176.03
609.77673 1132.09
616.29004 1608.58
617.32269 3968.74
618.32361 1250.65
623.27179 630.952
624.28662 1029.69
629.28534 887.395
638.30188 1649.22
638.79517 924.465
641.28558 2232.15
642.29596 906.509
651.27820 1431.38
651.81744 520.929
654.27838 1065.84
664.26703 1141.59
670.28375 815.103
672.29523 853.865
682.27771 2781.04
683.27588 1040.88
695.29266 512.622
700.29010 2143.51
701.28516 654.816
730.40942 1612.07
731.42377 666.17
733.28448 574.751
742.32849 735.709
746.37848 689.415
751.29242 1548.4
752.29791 919.132
754.37170 1094.24
759.31421 553.681
769.30914 2899.42
770.30969 1092.15
783.37152 539.87
787.31873 2056.88
788.32648 902.637
808.38068 562.681
843.37537 605.007
855.42065 678.504
864.37878 823.105
865.38629 731.171
873.43964 593.527
882.38965 2818.82
883.40326 1400.19
893.47119 1385.79
900.40375 2976.48
901.41888 2088.37
902.44476 777.566
979.41864 882.532
980.40826 675.323
997.41663 2944.48
998.41675 1463.45
1013.47406 643.533
1014.47858 596.861
1015.43048 14793.4
1016.43219 7061.82
1017.43835 1961.03
1018.43457 553.557
1024.51917 852.784
1032.47229 739.002
1080.48181 1705.88
1081.49695 884.484
1083.48328 582.992
1092.49951 693.546
1100.52136 1326.31
1110.50403 2019.84
1111.50757 1581.32
1112.50635 559.855
1128.51416 11224.6
1129.51648 6254.28
1130.51721 2187.15
1230.57703 594.236
1239.56812 723.37
1247.58826 1258.29
1248.59119 1212.66
1257.57178 1590.64
1258.56421 1312.8
1275.58215 7567.9
1276.58240 4506.15
1277.58704 1938.62
1378.66089 528.453
1388.61353 540.61
1389.61121 943.67
1406.62463 3251.97
1407.62744 2165.98
1408.62952 1005.44
1569.70398 815.834
1570.68994 803.642
