1949.90421 3
110.07112 9946.65
112.08673 2298.82
120.08070 2544.71
129.10207 6541.42
130.08633 1724.41
136.07571 1672.47
147.11272 3129.16
157.10799 1375.89
159.11288 1491.68
169.13359 2468.89
175.11894 5503.46
179.09236 971
193.09819 893.333
197.12874 1662.11
207.08722 1647.09
212.13924 1081.9
215.13937 968.03
216.09747 2052.73
221.13774 1351.49
242.15019 1086.99
250.65724 1243.77
251.14806 1765.69
255.14510 6169.43
255.64822 6436.85
256.15036 1892.22
258.14328 949.246
272.17172 9312.45
291.18484 3545.62
291.68689 1116.1
300.19135 2693.79
304.63693 1558.76
305.06491 1092.21
305.18219 9211.18
305.68399 3942
306.11902 949.108
313.20889 2364.43
314.18765 1066.61
320.17029 1926.51
324.13004 3742.3
331.19568 1194.39
349.20343 3367.35
349.70633 1259.22
355.70706 2148.52
356.20880 1068.82
364.71158 4165.51
365.21225 1517.59
369.70309 9105.28
370.20380 3132.1
370.70410 1300.98
373.20023 1145.82
378.70883 6871.78
379.21008 2240.64
385.25455 2321.51
404.69470 4050.88
405.19586 1277.64
408.22504 1002.06
412.25058 1382.93
412.74805 1122.28
418.69193 17964.5
419.19382 7402.17
419.69241 1797.61
421.25314 1004.15
426.24438 5398.6
426.74573 1941.23
435.25235 1996.77
435.75195 1089.02
441.26642 1326.91
449.21393 953.986
452.24222 10395.8
452.74561 4597.43
453.24829 1019.84
457.23749 1170.2
461.24066 3839.97
461.73840 1614.22
464.26251 2401.64
469.73767 1565.12
471.77200 1335.35
472.28824 6237.57
475.23383 6833.8
475.73453 3404.78
480.77832 6900.93
481.27902 3236.32
481.78445 1290.53
485.27985 973.819
485.76865 1677.09
486.27029 1209.79
489.78326 1827.2
490.27957 1560.42
491.26978 1079.54
494.77527 8002.87
495.27716 4393.4
501.23074 5254.33
501.73398 2148.05
502.24258 1067.65
503.78030 3329.66
504.28369 2104.98
508.78506 4540.76
510.28860 4617.25
513.24823 1522.28
520.27985 1681.46
520.77142 5542.42
521.27368 2165.14
521.77051 1057.34
529.28583 31233.9
529.78595 20117.5
530.28387 5852.3
530.78131 1581.81
534.75818 2759.54
538.29120 10894
538.79205 6947.02
539.29395 1945.09
543.76459 6629.07
544.26599 3062.07
551.77350 1489.39
556.32306 3152.26
557.77557 2278.31
558.27155 1115.14
565.64478 2044.86
569.26807 3060.06
569.76086 2317.77
570.26001 1053.05
571.31793 2682.95
571.64801 3470.27
571.98486 1561.7
573.64734 3258.62
573.97607 4011.5
574.31122 3231.9
575.32355 2136.01
575.65314 1332.98
575.99060 1670.89
578.27448 20535
578.77521 13663.1
579.25250 2339.27
579.32733 11004.2
579.65033 31043.4
579.98376 24909.9
580.31775 10835.4
580.65112 5026.96
582.32593 1315.92
585.32349 143661
585.51306 1804.13
585.65692 143276
585.99036 72188.3
586.32428 27514.7
586.65509 5471.51
591.32587 63745.1
591.66046 60999.3
591.99451 32206
592.32953 13037.3
592.66730 1427.29
597.32892 3613.61
597.66302 2461.26
597.99982 1327.38
598.30347 1159.01
598.63672 1370.5
600.34888 2137.88
600.78247 997.294
601.34888 3580.92
601.85059 1184.05
603.97595 2008.34
604.30902 1131.05
604.64197 1100.31
606.30359 2491.5
606.63464 3464.95
606.96777 2007.48
607.98511 1115.85
609.36060 1293.82
610.34924 1120.74
611.97913 11511.9
612.30988 18429.2
612.64252 17251.8
612.97754 8357.58
613.30975 4418.91
613.64227 1388.63
617.98254 96273.5
618.31543 90465.8
618.64905 48171.1
618.98505 43800.7
619.31854 18707.1
619.65234 2511.05
622.84454 1062.54
623.34857 1082.38
623.98547 15066.7
624.31854 17912.6
624.65381 9480.61
624.98907 8493.25
625.31781 3377.17
625.81592 1275.25
626.31482 1230.16
631.29663 1140.81
641.84082 1119.16
642.34521 1173.38
644.63776 2754.8
644.96820 4787.41
645.30402 2627.34
645.63690 2022.44
650.34857 1598.15
650.64105 19835
650.85138 1532.96
650.97491 20956.3
651.30548 10969.7
651.64417 14791.9
651.97955 5549.31
659.33832 1111.07
660.35059 1015.15
674.83234 1027.99
675.33954 2664.99
676.35577 1727.18
676.84875 1451.32
679.39441 3390.89
680.38110 2307.15
684.41949 1585.9
685.35297 1109.65
685.85760 1395.54
690.82080 1292.94
697.39850 69116.5
698.40216 24976.6
699.40497 5092.41
702.32520 1096.87
707.33350 2548.06
712.87091 1689.93
713.36053 1231.86
721.37628 2632.07
722.37683 1431.13
725.33276 1899.04
725.84692 1581.97
726.37268 8438.14
726.87305 4262.08
727.90186 2015.95
728.40796 1867.95
733.39362 1115.69
735.38501 1707.77
737.40393 1320.57
738.39868 2455.3
739.40051 1262.38
741.89941 2776.54
742.40143 2162.87
742.90729 1281.92
748.40857 1397.51
750.90729 1175.73
751.41052 1213.72
756.41681 1165.89
766.41943 17427.9
767.42255 6685.31
768.42957 1861.91
775.35480 2012.31
775.86566 2107.38
776.39142 2900.02
776.88513 1978.26
777.37872 2371.39
781.88403 1360.55
782.38660 1696.74
784.43042 6736.75
785.43896 2353.5
786.36951 1481.42
786.87988 1400.12
788.43353 1020.99
790.40204 4273.06
790.90094 2282.05
791.41144 1635.32
794.42102 2352.71
799.42938 2375.82
799.94061 1929.87
800.44574 1180
801.40021 1267.54
803.84241 1402.47
810.38599 2242.08
810.88336 4314.66
811.38245 2625.33
811.87219 1042.36
813.42426 2517.25
813.93066 3938.88
814.42926 1610.6
819.35065 1262.91
825.39539 1038.09
831.38135 1654.67
832.96973 1866.98
833.47302 1665.83
834.46326 2462.99
836.37427 7200.7
837.38129 2920.89
839.39282 1045.84
840.92932 2491.93
841.41693 1315.38
846.38654 4133.56
847.38385 1163.15
847.94867 1272.66
848.46722 1178.15
850.39307 1061.56
851.48682 1795.67
854.92261 4484.2
855.42230 3775.98
859.86829 1187.73
862.41248 1566.15
863.92603 2370.77
864.39697 3755.25
865.40454 1741.54
866.39410 1491.34
875.45758 1296.94
903.47845 10183.5
904.48969 4950.46
905.48181 1732.59
913.46344 2239.54
914.45807 1243.37
921.47833 4082.2
922.48254 2017.39
928.43024 2476.06
929.45123 1348.82
931.46735 2606.14
932.44836 1506.82
941.00018 1520.06
941.50055 1278.03
949.45923 7336.75
950.46564 3281.7
991.52649 4012.46
992.02808 4260.38
992.52252 1953.92
1001.42804 1265.57
1016.56207 4651.26
1017.56042 2578.06
1027.56030 1042.54
1041.05225 1409.54
1041.55249 1398.83
1058.54443 1266.2
1086.51343 1246.22
1127.60938 1123.15
1145.60364 2647.42
1146.60815 1319.36
1155.56348 1389.31
1156.55750 1005.15
