1393.71465 2
110.07114 8784.35
111.07424 750.309
112.08676 3751.35
113.07084 801.191
115.08634 1984.32
116.07041 1538.76
120.08064 1333.25
127.08580 360.522
129.10216 6462.74
129.11273 327.169
130.06438 356.842
130.08617 1241.19
130.09770 879.381
133.04262 465.092
136.06146 1219.99
136.07567 4473.96
139.08736 453.432
140.08133 354.329
141.06552 787.092
141.10205 742.614
143.11812 473.783
145.06093 637.865
147.11275 2097.49
155.08109 665.722
157.10811 1390.58
158.05605 905.713
158.09235 3816.9
159.07651 1284.54
159.09126 1224.95
159.11253 2452.82
167.08321 1107.16
169.09737 794.582
169.13286 601.118
171.07631 622.999
171.11241 722.925
172.10773 1283.45
173.12808 558.3
175.11884 31183.7
176.12294 2031.87
181.09711 641.537
183.11298 549.872
183.14917 1578.54
185.09261 796.977
187.07140 1587.4
187.10776 2576.41
189.08684 825.158
190.03752 1430.24
195.08748 3466.13
196.09213 360.372
197.10280 1337.14
198.12199 326.129
199.07143 807.123
199.10712 589.615
199.18051 830.644
200.13918 481.481
201.12309 1179.44
210.02577 369.414
211.10715 355.643
211.14389 2427.83
212.10309 963.992
217.08199 1558.86
222.12289 525.898
226.11833 1971.88
226.15491 520.575
227.10216 649.165
227.17506 768.882
228.13440 532.428
229.11649 1117.63
230.11191 541.213
231.09869 666.619
233.09230 741.51
235.10497 434.748
235.14348 405.398
238.08212 442.135
240.09810 354.707
240.13303 820.533
241.08160 413.933
242.11298 356.924
244.09337 402.033
244.12698 395.702
244.16562 638.278
245.07674 464.928
246.15578 396.674
250.11813 464.869
251.10242 6841.78
252.10664 726.772
255.10864 1614.91
255.14474 1196.43
256.09311 576.131
258.14172 515.706
259.13992 637.152
261.08795 380.903
262.08545 527.82
263.13736 396.341
266.15036 588.454
267.11652 448.942
269.12292 340.742
270.14221 393.18
272.13641 1334.67
272.17175 854.357
273.11887 4851.64
274.12006 545.915
275.05396 698.907
276.16876 374.091
279.09702 1280.9
280.16351 580.177
284.13669 2224.73
289.16220 1789.23
290.14532 3236.51
291.14951 376.406
295.11200 407.253
298.16971 426.343
301.13235 431.063
306.11945 2054.4
307.12170 517.324
310.17618 751.664
312.16690 447.459
313.15018 767.145
324.13052 946.191
324.22803 2183.06
325.23083 460.974
330.05756 346.774
334.17917 640.806
341.18573 386.623
342.20117 485.389
348.11935 1713.3
354.71082 611.817
357.22379 571.063
358.20605 428.571
363.20285 378.009
366.13000 425.325
367.17264 520.94
372.23441 1075.62
376.72275 592.001
377.22275 361.827
382.21689 382.17
383.20093 1068.92
385.18683 395.942
386.20227 2120.39
387.20770 506.16
389.16122 829.625
393.15140 583.637
398.24115 533.254
400.22928 5115.64
401.23514 1048.31
403.22964 4011.88
404.23486 586.69
406.18384 543.702
408.22424 380.683
413.21146 606.647
417.24677 371.99
418.21201 678.312
424.26529 381.719
425.71225 1383.07
426.75046 589.195
428.18747 466.857
436.19449 365.139
437.31250 462.424
439.75806 1383.96
440.25931 731.259
454.20477 400.35
455.10770 460.053
457.25366 484.453
466.23798 618.203
472.28503 824.844
473.11838 1049.8
473.28287 2970.08
474.12039 553.706
474.28824 720.115
476.28308 432.178
482.19769 527.645
483.18399 355.992
483.26483 1210
484.25406 431.039
490.20520 501.748
499.28812 891.203
501.27814 1205.96
502.27792 473.465
507.23236 2180.05
516.31445 3845.9
517.31604 819.505
518.30127 450.436
526.27020 2499.36
527.32117 420.174
527.80743 394.375
531.28912 1128.84
532.28357 370.45
533.31757 412.582
534.27570 371.629
535.25696 356.632
538.28058 555.963
538.78284 407.401
542.30609 610.738
552.28760 2911.62
553.28381 661.881
555.33008 590.027
560.31635 859.277
564.33246 360.874
568.32123 416.12
570.29865 16000.4
571.30194 4322.29
572.30591 851.398
576.82904 561.409
577.32825 394.909
581.32739 433.713
588.30731 1318.33
589.83295 404.307
596.26587 450.192
597.27087 429.478
597.83173 499.335
598.33679 614.993
598.84241 721.049
599.34467 616.38
599.84546 422.031
603.83234 1053.1
604.33435 848.244
606.30237 2480.23
607.30243 426.677
607.84686 746.462
608.34851 594.432
608.85492 530.422
609.35065 777.28
612.83801 4561.77
613.33905 3111.69
613.83948 629.442
617.35797 2485.13
617.85651 1659.96
618.35663 1027.57
624.86011 800.661
625.36383 722.768
626.36139 16279.4
626.86273 11354.7
627.36572 3763.99
627.86676 768.567
628.31232 575.65
629.39990 1190.04
630.35907 978.92
630.86090 1121.1
631.36395 667.093
633.37006 522.067
634.37689 713.874
634.88092 668.681
635.36926 1108.46
635.87756 465.497
636.36414 448.606
639.37091 6306.32
639.86987 4764.77
640.37018 2231.89
640.86847 560.544
642.37872 622.509
642.88086 488.182
645.33472 1185.03
646.32837 809.403
648.37421 17936.9
648.87500 11732.2
649.37695 5191.4
649.87622 1281.69
657.37933 31867
657.88068 21175.1
658.38232 7773.49
658.88422 1858.91
668.27374 748.021
681.37097 371.549
684.28912 369.088
697.40204 4929.97
697.86420 1253.25
698.40753 1969.78
708.42896 1200.62
709.42719 1490.99
710.43658 441.82
726.45038 20748.5
727.45398 7960.88
728.45941 1466.26
736.41302 1248.64
737.41357 413.101
744.39014 475.537
745.40277 446.956
752.43799 1250.57
753.44708 374.44
762.42316 639.052
769.36273 3224.94
770.36920 1173.82
779.44794 394.268
780.43805 2524.91
781.43964 1140.6
782.32385 410.012
795.47198 4031.54
796.47443 1790.65
797.47540 549.874
798.44940 2368.92
799.45026 659.676
805.45972 466.459
813.48492 2538.54
814.48578 1131.62
815.48572 431.891
821.50317 1124.53
827.47064 386.748
831.40460 1415.83
832.40558 1069.81
847.52820 395.475
849.49872 1381.66
850.40082 1043.14
850.52606 455.219
851.40686 408.74
852.49524 3247.64
853.49915 1690.93
854.49854 481.061
865.52863 1459.03
866.51178 654.573
875.52228 449.175
878.51440 2600.6
879.52118 1344.16
883.53821 1267.55
884.53363 551.792
893.52460 1647.34
894.53003 992.617
896.52039 2509.41
897.52667 981.462
900.40405 2071.98
901.40424 666.93
902.44263 646.376
903.45227 628.405
911.52979 2072.47
912.53125 924.852
914.52887 2923.7
915.53485 1756.75
934.58032 683.142
963.48938 532.2
971.46454 369.911
978.61987 705.643
979.59949 592.323
989.47388 594.143
990.47961 588.378
991.48920 652.789
996.62732 688.234
1005.62689 643.471
1006.60840 908.593
1024.61853 782.823
1029.44312 680.15
1048.59070 810.043
1049.62183 658.443
1059.60120 399.466
1067.65637 591.381
1074.62292 417.032
1077.60339 3116.7
1078.60974 1386.85
1079.61194 448.748
1092.61511 844.022
1093.61560 558.876
1095.62085 868.48
1096.60242 548.835
1100.51404 429.631
1103.61951 950.924
1104.61792 634.155
1110.63171 847.096
1111.62415 741.065
1116.47571 1094.68
1117.47424 564.826
1119.49268 422.636
1121.63049 2896.83
1122.63721 1666.77
1123.64514 649.956
1135.62390 1489.3
1136.63159 1186.16
1137.63477 545.591
1138.66785 414.166
1139.64282 5039.56
1140.64929 2980.51
1141.65686 949.714
1156.66357 1057.57
1157.50452 1152.17
1157.69836 843.64
1158.51392 1077.02
1161.64587 778.705
1162.65369 383.394
1175.54626 973.494
1176.54163 1438.71
1177.55847 407.572
1179.64978 1011.97
1180.65515 670.693
1197.65625 1538.24
1198.66138 599.622
