2295.99625 3
110.07111 3817.12
120.08059 2814.2
121.08380 258.577
129.06630 324.534
129.10216 3085.69
130.08629 543.858
131.11754 927.068
136.06122 437.077
136.07556 1495.71
138.06683 294.302
141.06656 298.224
141.10196 402.861
143.11780 294.459
145.09688 748.91
147.11273 1674.83
155.08156 767.043
157.09749 365.6
159.07645 518.41
159.09116 384.262
159.11250 736.918
167.08221 262.12
169.09700 315.217
169.13327 785.357
171.11235 291.554
173.09196 665.059
173.12848 316.564
175.11885 1699.67
181.10785 2066.57
183.15089 245.66
185.09167 463.301
187.07077 453.528
187.10756 702.059
191.11763 1261.7
197.12823 846.188
199.07140 376.305
199.10777 266.308
199.17978 406.678
200.10265 881.526
201.08745 270.609
201.12303 781.488
203.10194 237.225
209.10320 5683.45
210.02539 336.618
210.10732 543.348
211.14424 248.531
212.10231 511.294
212.13889 305.268
213.08716 369.455
214.09610 332.855
215.13855 508.707
216.09811 292.046
217.08224 367.723
219.11304 1422.68
219.14886 480.828
225.09799 561.724
225.12265 834.075
226.11734 696.328
226.15494 754.026
227.10239 580.086
227.17390 417.568
229.11771 561.374
230.11270 537.205
231.09772 640.762
232.11218 436.703
233.16438 2014.54
234.14433 370.701
234.16725 327.576
240.09689 382.868
240.13435 718.585
241.08218 396.058
242.14955 1801.06
243.13391 819.777
244.16534 2989.83
245.07727 407.761
245.16862 260.598
247.14352 533.107
251.15010 292.197
256.63419 1379.97
257.13589 253.171
258.10797 1303.56
258.14441 562.64
260.19601 262.191
261.15924 887.574
261.62604 370.019
268.16513 671.448
270.10745 266.927
270.63144 2279.76
271.13306 645.367
272.17221 351.111
275.20721 417.577
276.15289 513.522
278.14801 383.832
284.15906 238.995
288.11771 273.894
288.20251 265.028
290.14917 400.303
298.13776 297.215
300.11835 344.227
313.18832 260.865
316.11331 471.036
320.16534 1069.49
320.66653 361.804
326.16928 314.982
331.19699 3634.85
332.20184 587.372
337.18683 314.868
338.15976 1133.14
339.15732 305.347
341.14474 248.004
355.19620 865.773
355.68411 1632.17
356.16629 844.622
357.17545 485.286
359.15549 831.427
369.17398 257.108
371.19202 1085.75
372.19299 274.666
376.19797 251.496
385.20175 299.934
389.21423 585.039
390.19403 1965.5
390.69595 901.694
391.19763 236.968
396.15479 273.976
399.19989 1264.54
399.70157 328.211
404.24939 319.186
418.20621 257.56
425.19305 1405.94
425.73157 1214.94
426.22986 498.802
433.73953 702.227
434.23935 329.849
436.25571 292.064
437.24854 240.226
439.72809 818.076
440.22943 452.027
441.18341 311.17
443.20313 2693.53
444.20401 770.385
447.25970 257.321
450.24268 760.64
454.22653 377.106
455.21317 306.483
468.25330 2972.44
468.75284 394.257
469.25836 682.412
472.24274 408.058
482.25314 427.811
502.26663 277.276
503.76819 1191.21
504.27097 646.339
507.18353 371.353
507.25940 246.522
513.30408 730.547
518.26355 349.015
529.77191 331.902
533.29279 292.841
538.28137 1011.07
538.78394 606.855
540.25293 286.414
543.27118 336.262
547.29523 261.429
552.29657 722.061
561.82861 1078.66
562.33167 306.695
563.33923 269.159
571.28394 391.984
581.34247 1644.7
582.34229 424.983
583.27142 262.832
584.78778 308.404
585.29138 259.712
587.27094 642.908
587.36188 1769.9
587.76880 275.208
588.36542 627.144
593.79492 2738.66
594.29565 1698.02
594.79718 725.299
595.29431 501.086
601.27905 327.478
602.80121 1162.39
603.27618 437.062
603.35602 1387.28
603.86591 250.083
605.31177 266.658
611.33472 562.02
612.81921 358.111
613.30933 454.612
617.29913 276.719
617.79712 453.827
621.32300 352.754
622.31506 292.183
623.31598 502.096
626.30981 1127.2
626.80353 1397.5
627.30493 1187.71
627.80676 316.957
635.31781 454.36
635.82642 312.51
639.32434 3901.86
640.32751 1764.54
641.32117 333.129
642.78442 632.864
643.35583 256.889
652.33832 899.305
652.83789 595.01
653.33453 483.298
673.32227 276.596
680.40808 1459.71
681.41119 506.752
682.36371 430.109
683.36536 336.663
691.85590 259.807
692.34753 910.35
693.34589 346.056
694.68597 853.582
695.01648 693.613
695.36310 364.76
695.85455 666.693
696.02167 464.638
696.35571 1086.5
696.83881 329.186
697.33148 313.219
700.68713 1986.84
701.02185 1788.37
701.35541 932.639
701.69025 527.797
701.81543 272.922
702.39636 996.429
703.38995 355.217
706.32965 267.365
708.33807 294.517
709.36444 254.867
710.36115 3745.21
710.82574 720.509
711.36493 1064.39
716.90625 276.466
717.41620 316.872
718.39832 416.795
723.34314 292.777
728.36163 310.16
729.34589 409.584
731.37494 702.883
731.87195 458.387
732.71497 266.888
732.85077 274.235
733.34979 547.773
733.68115 458.292
734.00867 457.869
734.36682 335.968
744.84528 266.549
745.34363 535.047
745.82758 290.634
760.38123 277.101
761.36652 461.538
762.35840 281.745
763.37927 579.057
765.37921 1033.55
765.89716 610.842
766.32794 714.783
766.42499 1232.56
766.58795 255.934
766.90771 767.748
767.44586 2754.39
768.44910 271.116
779.38269 4094.28
779.82367 270.31
780.38812 1934.26
781.39136 644.163
783.30115 382.434
784.41101 252.846
797.39398 3648.78
798.39648 1518.72
799.40887 410.167
809.46082 406.269
818.41962 264.836
820.43256 289.982
820.93268 255.275
821.42725 310.148
825.39740 328.439
829.43378 1564.43
829.93176 1273.51
830.43561 549.798
832.41058 332.169
837.86462 287.076
839.38092 299.23
843.86920 332.06
844.36823 376.387
849.45789 2356.1
850.46356 1236.66
852.88123 1005.07
853.38135 1178.57
853.88251 400.016
854.37103 352.894
856.38885 301.925
866.47388 1287.17
867.47540 645.295
868.47882 501.557
872.94220 394.842
873.46808 374.492
874.39478 393.094
875.44452 1020.66
876.43817 681.441
878.44690 1778.34
878.91760 746.213
879.44885 811.142
880.44800 369.095
890.40894 450.195
891.38190 506.787
891.86945 373.57
892.37335 337.183
894.42896 260.987
896.47107 1238.27
897.47296 565.967
902.42010 489.051
906.43268 414.403
907.44293 582.878
907.92810 297.218
908.44879 284.753
912.43317 659.385
913.43481 318.584
914.43896 285.811
915.48242 809.149
916.49738 410.575
917.48792 272.458
918.48456 385.934
919.47296 276.107
922.43634 263.133
924.47742 326.948
928.55627 712.54
929.43811 260.682
930.49609 348.264
931.43390 471.878
935.49622 1283.25
936.50079 600.474
937.50073 335.173
939.44751 271.307
940.43121 313.548
940.91937 616.33
941.40961 389.001
943.41815 390.32
944.41956 316.097
946.48145 432.673
946.98676 352.611
947.48035 415.085
957.44049 260.863
960.43561 296.546
961.43311 661.833
962.43872 338.434
963.45245 277.63
964.47998 299.979
979.48230 537.27
982.00671 298.609
988.53650 884.363
989.53418 344.217
995.00726 278.34
995.49500 506.497
1006.53265 900.85
1007.53619 425.229
1008.50580 274.76
1011.50256 470.545
1012.51923 2440.17
1013.51758 1587.07
1014.50342 603.088
1015.46368 277.841
1021.55023 297.36
1025.45898 371.987
1025.63794 696.982
1026.48352 511.193
1027.50720 375.275
1028.50806 286.263
1029.50867 361.611
1033.47156 775.304
1034.47302 433.556
1043.54028 784.61
1044.51575 447.268
1058.53101 620.779
1059.56140 825.685
1060.57422 627.89
1061.52832 285.054
1075.55383 1075.29
1076.55566 623.709
1079.52429 317.442
1093.55249 449.647
1094.53503 712.865
1095.53564 418.816
1096.52319 324.617
1103.55005 265.599
1114.54578 1810.01
1115.54443 966.353
1116.57300 260.311
1122.65552 721.681
1124.55383 357.065
1133.51721 284.721
1140.46667 414.776
1141.56885 1968.29
1142.56799 1459.3
1143.57117 618.197
1149.58545 510.415
1155.52283 259.46
1156.47278 331.514
1158.48608 353.647
1165.55969 361.305
1173.51196 482.813
1174.53064 405.34
1186.58606 1615.42
1187.58569 1119.29
1188.57117 394.689
1204.59412 4085.92
1205.59619 2690.34
1206.59546 949.058
1207.60938 491.26
1222.60974 376.116
1223.59973 368.516
1227.61279 658.857
1228.60767 402.208
1242.64465 264.688
1252.59326 675.646
1253.60193 606.36
1254.60632 325.896
1269.61902 1273.95
1270.62695 955.303
1271.63000 396.462
1284.56152 827.263
1285.55420 495.495
1302.55835 670.43
1303.66174 555.79
1304.68005 557.742
1342.63831 989.243
1343.64612 649.666
1390.69336 757.61
1391.70203 594.463
1392.69495 286.585
1401.61279 292.696
1455.71814 461.844
1456.72717 336.208
1461.72974 682.834
1462.74121 410.388
1488.69006 315.643
1489.68091 281.932
1632.81824 273.07
