2466.12174 3
110.07099 332.031
120.08035 870.435
129.06523 218.576
129.10161 343.324
130.08546 308.35
133.04245 835.17
136.07535 313.221
147.11235 633.737
159.07629 320.043
185.16394 181.5
187.07068 1485.74
187.14342 294.474
199.07083 363.973
215.13884 412.853
231.09749 193.222
233.09419 190.975
241.08209 190.624
243.13268 254.021
252.10919 343.139
258.14413 281.419
259.09116 397.228
262.08484 405.547
272.06903 499.349
276.15564 250.036
290.07962 1220.39
298.10330 200.579
300.15347 209.872
310.10416 187.185
316.11166 581.117
326.17014 204.808
333.17535 1588.63
350.21771 651.659
381.15076 232.623
401.11267 584.151
403.16556 312.907
416.21490 241.218
419.12250 240.572
434.22281 2269.53
435.22626 404.34
464.25967 654.241
506.26480 249.709
506.76157 194.623
528.20966 206.766
565.26099 1384.24
566.26361 345.295
590.25208 289.692
593.30255 1313.47
594.30829 326.052
611.25586 316.179
629.26288 287.759
648.30267 358.719
666.31024 3033.62
667.31543 751.326
668.31512 213.361
712.37231 363.304
724.33893 354.953
725.34125 208.864
740.36865 1352.75
741.37299 609.726
742.35547 331.306
777.33948 856.412
778.33948 270.946
795.35236 3416.89
796.35187 1184.2
797.35645 279.168
821.43152 303.2
821.56976 388.236
822.43683 463.331
822.56128 273.491
823.53192 8188.65
824.40314 738.278
824.54352 2786.94
841.41577 1667.66
842.41803 699.269
843.41913 233.623
855.43597 224.998
890.42334 331.145
898.42456 232.36
908.43488 3065.39
909.43756 1379.67
910.45319 333.842
936.49109 1176.51
937.49170 641.771
938.49200 209.179
954.50220 1200.57
955.50482 759.672
993.50500 209.269
994.49408 202.494
1011.52246 1094.06
1012.52814 655.919
1019.46661 559.007
1020.46228 278.523
1037.47705 1867.76
1038.47803 1020.96
1039.47827 317.862
1140.56201 1256.55
1141.56372 698.559
1142.57861 208.97
1179.49646 255.697
1180.48340 237.172
1197.50940 1931.67
1198.50476 1030.07
1199.50122 341.956
1269.60657 860.314
1270.61401 632.968
1308.54321 394.61
1309.54297 243.662
1326.55530 733.784
1327.54126 415.871
1328.55945 272.623
1494.60559 205.034
1512.61597 433.198
1513.61365 367.563
1558.69592 264.256
