1949.90384 3
110.07108 11535.7
112.08667 1847.02
115.08677 661.319
120.08055 1267.09
129.10207 5368.39
130.08597 1588.62
136.06183 717.255
136.07545 1227.38
147.11263 2705.36
157.10866 983.654
158.09213 858.14
167.08189 639.049
169.09622 669.133
173.12825 1159.71
175.11873 5098.74
179.09276 647.727
185.09227 784.143
185.16475 5475.02
201.12173 794.439
207.08766 1112.81
212.13925 762.491
213.08649 611.635
213.15968 1876.08
215.13918 1639.66
218.14867 671.757
221.13708 1008.23
223.15459 812.732
225.09813 1135.39
243.13315 1689.43
251.15063 1459.5
252.06270 16159
254.16084 3633.99
255.14502 4661.99
255.64851 4307.82
256.14941 1409.64
262.15027 2981.36
264.65341 611.504
269.08932 3738.85
272.17133 4470.58
288.20157 1107.89
291.18488 2192.06
300.18948 999.429
304.63690 1290.26
305.18234 5772.57
305.68292 1504
313.15134 601.777
313.21036 1162.71
314.11136 1654.15
315.20187 4285.82
316.20453 820.915
320.17203 1002.03
325.07785 1066.03
340.17291 614.942
349.20255 2280.72
353.18137 629.132
355.70612 1867.63
361.22198 1221.31
364.71109 2750.92
365.21094 755.059
369.70325 6121.36
370.20477 2125.24
378.70880 3987.07
379.20898 1467.26
382.17422 916.556
385.25504 1949.07
392.18170 754.091
396.17368 819.131
402.23419 1114.72
404.69482 2694.93
405.19550 982.492
410.16791 1952.33
412.24957 1499.65
418.69186 12317.1
419.19260 3869.56
421.25244 669.638
425.14276 3287.16
426.24435 3518.73
426.74817 1228
435.25146 1159.73
438.16467 1091.32
439.69263 747.913
445.16583 631.26
448.25079 7002.65
452.24225 5871.96
452.74454 2647.63
453.24393 737.407
457.23676 1167.57
461.23682 2542.88
461.75003 1246.97
466.23221 792.973
471.77332 817.814
472.28873 3397.39
473.29199 1033.54
475.23380 4286.44
475.73355 1714.57
480.77716 4954.48
481.28052 3802.34
485.77356 962.306
486.26257 1162.83
489.78085 1482.08
490.28076 785.885
494.77493 5320.33
495.27689 3008.81
495.77591 1111.18
496.18005 1082.36
499.28699 5645.65
500.29001 1970.22
501.23239 4025.55
501.73245 1910.35
503.78000 2996.35
504.27948 1595.29
508.78531 2427.78
509.23627 4552.21
509.78720 685.667
510.28845 2316.65
511.29233 845.554
516.29498 676.627
520.27954 1328.75
520.76904 3273.51
521.26898 1415.76
521.76855 784.112
528.23071 3747.65
529.28528 21530.3
529.78625 11825.7
530.28394 4584.2
530.77844 906.401
534.75800 1598.9
535.25586 1049.98
536.74243 778.544
537.23474 996.621
538.29059 9021.5
538.79150 4493.05
539.30499 1029.38
543.76440 3915.76
544.26263 2013.42
545.74994 10686.9
546.24701 1037.08
553.74896 1130.93
556.27124 743.095
557.77167 1427.48
565.64606 1115.33
565.98145 1252.89
569.26422 1158.32
569.76294 1636.86
571.31708 2434.26
571.64941 2704.33
571.98492 1489.71
572.83191 1028.6
573.31305 829.306
573.64557 1352.37
573.97766 1566.95
574.31171 1425.44
574.64063 681.202
575.32727 818.521
575.65308 1438.72
575.99133 695.862
577.31842 680.981
577.65582 668.861
578.27429 14836.8
578.77441 7557.48
579.25543 1194.58
579.32513 8062.04
579.65063 18046.4
579.77020 835.268
579.98309 15263.6
580.31689 6547.91
580.64948 2722.06
585.32318 91182.9
585.47687 703.41
585.51428 935.838
585.65649 82783.6
585.84100 662.846
585.99011 50317.6
586.32416 17245.3
586.65491 3729.14
587.27533 693.449
591.32538 43573.9
591.66028 40956.6
591.99432 22204.2
592.32855 7511.75
592.66589 1655.73
593.77875 1102.81
595.31873 8754.11
596.32813 705.369
597.33063 1982.97
597.66248 2092.85
598.00079 754.151
598.29199 1064.14
598.63580 971.937
600.34961 1780.07
601.80872 1336.6
602.29181 3935.24
602.82330 1978.84
603.97510 909.101
604.31494 766.497
606.30774 1146.78
606.63574 2059.79
606.96832 1284.31
611.97809 6836.04
612.30969 12556.3
612.64148 10043.6
612.97540 4329.4
613.30676 1207.3
617.66016 936.925
617.98224 59219.4
618.31543 61668.7
618.64838 33600
618.75171 727.127
618.98328 11009.8
619.31604 2945.12
623.98492 12070.8
624.31915 10122
624.65277 6229.39
624.98737 1876.99
627.26227 808.836
635.29285 692.548
637.78131 730.78
639.29315 756.429
641.84796 873.935
643.30750 802.404
644.63715 2641.98
644.96893 2824.09
645.30035 1488.06
645.63983 984.803
646.77747 856.71
650.64020 12988.9
650.97357 13147.9
651.30298 7785.81
651.39410 2188.01
651.63989 2531.09
651.81659 2000.88
654.28198 1458.55
666.35590 18735.6
667.36102 1102.61
676.35291 708.982
676.84790 1414.54
679.39508 1909.02
680.38348 1137.46
685.36359 1002.23
685.85400 778.345
691.32751 962.023
695.75684 1076.69
697.39819 42910.6
698.40216 14919.5
699.40924 2815.43
707.33685 1761.67
708.33313 879.516
712.86572 776.926
721.37408 1015.68
724.81970 1150.48
725.33423 2262.07
725.83710 1266.88
726.34552 723.046
727.90363 999.782
728.40582 1000.24
732.90167 776.536
738.40900 1481.24
739.40601 754.801
741.30701 683.158
741.89996 2368.89
742.39624 1624.49
742.90417 1001.17
745.38513 719.247
748.40875 850.32
750.90601 969.29
751.41150 729.179
752.33771 683.116
756.41058 741.265
766.41931 11591.2
767.42517 4862.63
768.42645 754.232
774.30652 717.579
774.81781 762.388
776.40729 2334.11
776.89630 730.676
777.38959 3779.12
781.88074 1184.23
782.38483 1066.94
782.88043 723.779
784.43158 3741.54
785.43384 1812.35
790.42841 672.016
790.89240 1013.73
793.42834 830.318
794.41504 30334.9
795.41870 2907.39
799.43109 1419.58
799.93201 1348.5
813.43274 2314.67
813.93134 1792.4
834.46356 821.921
836.37756 5119.25
837.38080 2015.54
846.38373 2356.42
847.95679 1294.9
848.46240 836.726
851.48639 1472.2
862.41394 751.753
862.91876 701.236
864.39447 2169.78
865.39984 1177.03
903.47748 6498.4
904.48187 3393.62
913.46692 1234
914.46124 823.04
921.47943 2446.55
922.50214 2596.87
931.46545 1635.61
932.47406 1172.62
949.46112 4288.93
950.46234 2133.02
959.50964 849.736
992.51575 2236.01
1001.45129 1520.68
1010.51953 1096.96
1016.56226 2257.78
1017.57025 1396.82
1026.55298 1052.71
1055.44690 743.934
1072.48376 1426.14
1086.52258 1206.86
1090.49121 9577
1091.49194 794.24
1145.60181 1684.39
1155.56372 907.92
1156.54382 714.816
1203.56641 894.918
