2568.11431 2
120.08002 839.833
129.10201 1651.84
130.06511 700.415
130.08597 444.864
132.08012 387.715
136.07539 1870.13
147.11235 676.892
159.09117 4740.55
160.09453 453.443
167.08131 849.533
169.13306 18480.5
170.13664 1282.15
173.12794 2265.74
185.09093 507.246
187.08542 475.857
187.10693 1123.28
197.12784 21341.4
198.13155 1978.35
201.12276 1524.07
204.11212 510.626
213.08644 565.46
217.13268 2128.21
230.12781 435.244
233.12762 446.13
239.14911 670.283
240.13377 832.637
243.13251 616.652
244.09200 1179.71
245.07729 632.158
245.12732 1667.32
251.10184 7255.99
252.10583 790.481
257.15994 2697.8
258.14331 3703.65
259.14630 438.876
261.08694 425.69
261.12170 763.181
266.14847 919.905
268.20111 1584.42
275.17014 2438.76
279.09659 7907.34
280.10007 1159.96
280.16537 731.707
282.18008 931.184
284.16003 679.108
286.17395 365.339
296.19577 6918.25
297.19873 1056.46
298.11734 1243.79
302.11325 1329.67
312.15485 558.075
315.14502 1450.26
316.15109 458.008
324.11789 451.496
330.13940 370.113
333.14090 379.671
341.10904 427.928
342.09113 635.267
348.15494 531.978
358.13309 838.915
358.16776 571.27
359.11899 1695.73
360.15454 5634.13
361.15759 1018.83
365.21713 6931.62
366.22089 1333.52
370.17545 449.9
373.14932 1941.86
376.14920 11740.3
377.15176 2314.42
379.23355 922.724
383.22775 3177.13
384.23245 502.884
386.18036 523.524
411.22293 2102.44
412.22626 677.373
417.13937 1333.3
426.21103 657.819
443.19107 442.965
445.19635 738.971
447.22299 1743.48
457.12094 780.226
460.21909 584.183
461.24930 3148.47
462.25256 701.195
474.14508 1477.83
475.21985 3310.48
476.22211 734.958
478.30099 910.043
488.16455 973.723
488.21747 2142.69
498.25623 391.879
500.17221 708.139
501.21613 383.286
515.26038 437.296
528.17133 791.126
532.16388 1134.28
532.28601 4214.73
533.17383 412.437
533.29089 1040.44
544.24890 485.567
545.19073 398.07
546.29297 853.22
574.28656 1181.81
585.23633 543.267
586.21997 813.838
603.16724 642.292
603.24719 3729.36
604.24341 1352.22
621.20599 411.757
625.18445 452.15
642.21155 689.36
643.19476 982.713
643.30615 618.932
647.31421 2411.06
648.31616 746.252
655.23456 437.751
660.21960 897.479
661.23224 585.631
672.26007 412.989
674.25226 379.829
700.25580 1049.03
701.24121 893.736
714.24591 507.674
718.26605 5197.02
719.26733 1842.04
731.25409 453.291
732.27637 393.883
740.38190 978.399
757.24371 391.433
775.24988 821.849
789.28113 542.027
816.37042 421.956
833.39056 2460.75
834.39264 1173.49
846.27759 605.686
859.32990 490.905
876.34741 1288.79
877.35144 528.65
887.31921 395.826
904.33923 1077.48
948.41779 1473.31
949.42816 663.699
1001.36218 703.03
1002.35303 686.182
1019.37195 3288.33
1020.37006 1923.16
1021.36841 574.027
1063.42896 748.738
1072.38794 457.92
1090.40723 1301.05
1091.40808 795.975
1134.41040 435.25
1174.48267 717.599
1175.48145 548.096
1191.49463 564.335
1192.49377 463.863
1206.43457 393.922
1306.54053 496.603
1307.51343 412.619
1550.65417 1520.44
1551.66260 1333.85
1552.64050 488.125
