2907.02817 3
129.06543 5117.46
129.10178 9475.57
130.08636 1773.3
133.04214 1981.19
146.09210 1534.45
147.07639 2036.55
147.11250 7034.29
195.07555 5101.75
212.10271 3783.01
213.08603 5049.47
215.13821 7533.29
225.12238 2222.29
226.15454 12313.1
231.09706 21074.4
239.11342 1638.22
240.09747 15797.8
241.08142 16866.2
242.08594 1709.04
243.13344 20149.5
244.16490 67458.2
245.07581 2167.48
245.16841 6277.46
257.12402 5830.19
258.10773 8538.38
259.09167 51533.4
260.09518 4877.41
276.06445 2908.45
302.09988 1584.9
322.14996 1646.37
323.13306 2847.66
326.17041 10179.7
340.16040 2405.7
351.12943 2570.04
353.18256 2209.28
354.16476 25285.9
355.16812 3206.38
368.15604 2740.28
369.13745 2846.74
371.12137 1662.3
371.19128 8878.09
372.17426 13053.8
373.17792 1769.79
375.20496 18690.9
376.20776 2876.85
386.16370 1623.52
400.17206 1724.02
402.70026 2311.64
405.10660 2678.98
448.11505 2440.65
451.19388 2097.68
460.21201 2594.52
465.19354 2192.21
473.22076 1951.45
482.15094 4273.29
482.22214 2290.19
483.20703 10724.8
484.21115 1931.54
499.17603 2439.69
500.23184 2827.52
501.21793 8711.18
517.72363 3622.95
518.23138 2530.43
549.19574 2792.57
561.27136 21456.8
562.27380 6590.91
566.22308 1821.01
575.23767 4683.37
575.73779 3452.51
593.25323 1695.94
610.21082 2095.11
611.26581 2926.86
629.27844 3392.74
630.76062 2678.49
639.76093 4879.25
640.26721 2456.97
646.17511 3217.88
676.29846 11676.1
677.29755 3318.92
695.27460 4131.96
695.77667 2219.97
704.28253 6894.04
704.77985 4322.74
705.28632 2148.26
721.59601 1690.8
721.92267 2640.24
722.25031 2438.74
739.32715 2186.62
757.19916 2975.48
757.34399 1907.58
758.60474 2918.88
758.93744 4278.07
759.27972 2831.81
761.79443 5324.68
762.29340 4043.84
762.79205 1847.13
764.28381 2677.82
764.61493 4825.24
764.94696 5755.77
765.28064 5595.3
791.27740 3195.87
795.95190 2660.43
796.28784 1732.36
796.94537 4496.12
797.27319 4456.01
797.59784 1855.73
797.94098 2242.44
801.61798 4130.15
801.94971 4888.65
802.28827 2652.07
804.38977 10857.5
805.39386 3720.65
807.62134 3222.74
807.96814 2420.63
808.29639 2297.33
832.81708 1957.85
833.29791 3399.05
834.30969 1846.58
839.65918 2002.07
841.80859 16478.2
842.30988 13916.7
842.81036 8581.68
843.30487 2040.56
886.24982 3299.81
899.32269 6901.6
899.82471 6170.55
900.32648 3022.28
906.31641 2906.82
918.83636 2924.41
919.27838 2531.78
919.43365 10039.8
919.82587 2007.35
920.43079 3770.91
927.83301 28445.3
928.33441 26480.7
928.83533 14766.6
929.33752 6271.93
931.35278 1843.39
936.79388 2154.82
937.12976 4712.65
937.47241 3714.97
976.34052 1801.08
976.84039 2866.05
977.34180 3085.91
985.34937 16665.8
985.84772 15353.7
986.34399 7075.06
986.84930 3181.51
1009.34021 1936.89
1009.84485 1846.97
1014.32275 2270.8
1017.86060 10182.8
1018.35394 13002.6
1018.85748 9170.09
1019.36548 3333.23
1026.86609 29065.9
1027.36609 29154.8
1027.86682 17858.4
1028.36707 6837.56
1034.44519 10788.3
1035.46936 3186.04
1040.86108 1785.88
1041.36328 1942.12
1041.85706 2427.26
1072.88562 2285.59
1073.37244 2826.16
1073.88208 5221.38
1074.37598 2660.95
1081.89026 10392.5
1082.38403 30233.6
1082.88391 30956.5
1083.38440 16569.4
1083.88245 6661.48
1090.88525 4420.48
1091.39709 6938.85
1091.89417 3185
1131.33557 3124.23
1131.86414 4357.32
1137.40430 4903.21
1137.90356 7311.74
1138.39893 4627.98
1145.91724 6406.8
1146.41406 20417.6
1146.91125 18086.8
1147.41357 11743.2
1147.90784 5086.64
1149.47437 11504.9
1150.46973 7465.88
1151.47351 2448.61
1154.94507 2167.87
1155.42371 4244.54
1155.91382 3003.5
1186.39478 2158.46
1193.43542 1818.22
1194.40271 1858.84
1194.90723 2443.65
1195.39734 6694.16
1195.89893 6086
1196.40137 3793.33
1201.92896 4285.64
1202.43079 7010.14
1202.93457 3884.79
1203.41577 2297.67
1210.44067 5122.98
1210.93970 7261.8
1211.43591 5495.4
1211.94287 2374.65
1219.43835 4560.3
1219.94812 3782.58
1220.45313 2719.46
1259.92273 2481.5
1260.50049 3145.39
1275.99341 1914.07
1276.49194 3457.39
1276.99219 2704.56
1278.51416 9733.22
1279.51831 5280.53
1280.52893 2061.69
1389.54980 2545.75
1390.55688 1814.69
1407.56396 7477.92
1408.55664 6563.89
1522.58154 4855.24
1523.57849 3588.14
1524.58069 1850.01
1611.49683 1842.63
1682.61096 3722.49
1683.61987 4030.81
1684.64014 1947.61
1854.66711 3660.51
1855.68433 2175.3
