2522.14931 4
110.07105 21813.8
129.10211 25719.5
130.06490 79986.4
130.08612 16928
131.06808 7155.75
132.08049 32367.9
136.07552 106566
137.07887 8920.26
139.04970 8317.51
147.11250 35342.2
153.06540 12022.8
157.06049 32691.4
159.07619 4946.69
159.09143 27392.1
170.05969 6834.74
181.06038 4375.22
183.14906 9500.44
187.08611 28590.9
193.09689 43336.7
194.10069 3932.58
200.13913 8084.81
210.08679 4693.71
211.14432 4646.92
214.64720 2876.14
218.14963 59256.1
219.15440 4165.04
221.09151 20652.5
225.09856 12745.5
243.11127 3016.62
252.11209 4756.69
253.09489 10756.8
270.12317 179070
271.12662 27553.2
278.12524 4420.8
280.10736 36123.7
281.10995 5280.03
282.18124 9222.58
288.13397 44873.3
289.13760 6644.87
292.12848 6593.3
296.13321 10193.3
298.11813 87633.2
299.12112 12970.2
314.14502 3417.45
316.12830 4928.12
324.14575 5296.28
327.14380 6988.98
331.23401 4728.49
340.12448 3644.91
355.13943 23629.4
356.14386 5248.09
379.16217 3969.96
411.16205 10170.4
416.17273 5278.15
416.67197 3237.57
428.28610 59915.4
429.28918 13823.7
453.19159 2903.13
485.77112 35375.9
486.27274 18876.6
486.77136 5477.02
488.22464 10282.1
490.20801 22935.9
491.21127 6055.56
498.20917 6986.23
509.21365 3551.8
512.21588 7517.49
512.72009 3649.12
516.22040 12397.7
517.21582 3257.15
518.20251 12337.3
520.89526 2937.15
526.21539 16348.3
526.60065 5306.28
526.71625 11704.5
534.22638 4923.54
534.89557 6625.52
535.23212 6828.82
538.25812 3414.76
538.50903 4850.69
539.56445 4327.95
539.90198 4324.78
543.25507 3952.63
552.76324 3390.39
552.91644 3037.48
553.24792 3205.68
563.22858 3341.58
563.74597 4417.53
570.29852 6449.77
570.79175 3109.81
574.22565 4972.04
577.73761 4885.12
578.23798 4011.6
578.80994 29871.9
579.31329 16470.9
579.81390 5154.92
584.58673 3340.64
590.51917 4858.09
590.78223 3306.9
591.34882 20163.3
592.35046 5744.78
593.92188 10876
594.25775 8247.75
594.58997 3745.74
594.77557 17743.7
595.02618 20328
595.27734 16323.9
595.52625 8753.32
595.77771 3185.51
600.91119 3048.14
601.24353 3153.04
604.29633 5669.82
604.62836 9448.56
604.96100 5342.6
605.25238 5040.89
605.75543 4258.11
606.74463 3265.66
607.25403 4790.08
609.96735 6681.5
610.29785 54727.2
610.62952 49148.1
610.96509 31703.3
611.29932 11182
619.25110 13699.6
619.75708 10672.8
620.26257 3749.93
622.53613 3366.52
626.27130 7036.69
626.60730 3398.76
627.63373 3103.97
630.34149 5052.28
630.82617 3086.49
631.24469 27748.1
631.33380 9207.44
632.23041 4758.69
632.36652 4521.14
632.76544 3252.93
633.31818 6221.84
633.63690 7545.55
633.96802 4816.25
638.98383 8473.1
639.30768 60868.1
639.64221 61370.8
639.97479 40854
640.30975 16459.6
640.64044 4759.05
642.26459 7050.07
642.76459 4845.02
647.34015 21258.2
647.84015 17264.7
648.34491 5621.11
650.97491 3803.15
651.30872 4853.66
651.64111 6876.4
656.98401 21100.6
657.31860 17497.1
657.65228 13453.2
657.98730 8407.54
662.66077 19183.5
662.98663 151334
663.32074 163576
663.65430 94348
663.98767 40050.9
664.32043 12221.5
673.78369 8487.16
674.28522 5060.15
683.61639 3188.15
687.29724 3732.98
687.78442 13495.9
688.28094 9909.33
688.78400 5573.08
698.80524 11679.4
699.30261 7638.05
701.29480 4762.62
701.79260 4425.6
702.86865 3132.64
704.43359 22078.8
705.43890 6313.4
711.33777 3811.79
711.67059 5206.91
711.99976 3549.79
717.00751 4613.46
717.34015 49515
717.67529 59235.5
718.00891 34457.6
718.34265 14437.9
718.67999 3806.7
724.35150 4286.21
724.67004 6756.78
725.00378 5583.08
725.33154 3065.86
729.33105 3828.95
730.34540 26446.8
730.67877 31660.9
731.01099 16248
731.34467 6693.76
731.67999 3213.12
736.02454 34093.7
736.34827 307037
736.68152 348878
737.01526 231027
737.34851 99415.9
737.68243 30084.1
738.01459 4297.04
744.31769 3087.28
744.81757 7142.01
745.31342 7896.97
752.30243 21134.5
752.78485 10787.1
752.87634 5449.56
753.27820 4044.81
753.37762 4121.76
760.38916 13063.4
760.88446 10593.8
761.39124 5805.78
766.34442 4130.25
766.84332 3245.02
771.32104 3831.65
780.33368 20202.9
780.83258 15107.3
781.33673 8599.12
786.35901 4090.97
786.69739 5086.4
787.02893 3652.91
787.36273 4616.78
788.89813 80395.1
789.39996 70766.8
789.90173 33321.9
790.40112 12086.4
792.70319 6908.94
793.03851 4080.5
793.34930 4295.03
794.85284 4873.25
798.37415 8351.98
798.70825 14475.1
799.04010 10675
799.37677 5904.89
801.84985 5417.57
802.34125 5044.43
808.35211 5261.96
808.84570 25984.3
809.34906 17974.9
809.84943 10557.5
823.41638 3911.77
823.91351 5221.73
824.42749 4145.82
828.86023 6507.85
829.36475 6117.75
831.33893 7720.92
832.34235 3172.93
833.47565 43791
834.47992 15700.8
835.48431 4906.11
837.41528 6900.72
837.90155 11181.6
838.40710 4307.1
845.91589 10048.7
846.41223 76698.9
846.91199 73882.4
847.41473 35273
847.91681 12659.2
849.89911 3220.41
861.86407 9405.01
862.36218 5860.99
876.38251 9910.87
876.88519 8010.01
877.38416 4094.78
881.37146 6002.07
881.87762 6334.07
882.37347 4223.43
885.40326 9247.89
885.90448 8806.84
886.40442 3270.2
889.88922 6497.04
890.37952 55555.8
890.87830 38022.2
891.37970 22734
891.87823 8335.38
900.85736 7811.04
901.37000 5082.85
901.86407 4964.4
905.93896 3506.23
906.43213 4016.52
914.35284 7393.82
914.94153 20207.9
915.45227 21801.9
915.94244 11526.3
916.46014 4227.86
920.92389 3388.2
921.41809 4232.65
928.35754 3361.59
938.90503 7785.91
939.40192 11096.3
939.91119 4095.25
957.39813 5370.13
957.90112 5623.12
958.45740 16305
958.95825 19418.4
959.46033 9237.18
959.96045 3486.09
970.53333 50301.6
971.53461 26528.5
972.53870 7907.89
974.91058 3556.13
981.44324 3825.42
981.95459 4847.66
986.44299 4457.81
993.97534 11976.2
994.48828 12479
994.97565 5129.93
995.44543 14093.3
995.94867 14664.9
996.44977 9611.07
996.95135 6035
1023.43451 3646
1030.97119 11144
1031.46448 11970.9
1031.96326 9228.77
1032.46472 3525.04
1038.93860 5105.6
1039.43787 4807.15
1039.93555 5686.61
1040.44983 3257.9
1051.41833 16562
1052.42578 8769.46
1149.51331 7037.47
1150.50977 4530.52
1156.61658 8231.37
1157.61182 8412.25
1237.50842 7591.67
1238.50500 4978.84
1264.54175 6702.76
1265.53027 5887.08
