1395.78801 2
110.07108 2410.34
113.07079 1740.88
115.05012 1043.41
115.08656 410.936
116.07015 267.236
119.04899 511.59
120.08060 7881.71
121.08424 567.677
129.06622 529.02
129.10214 6925.26
130.06424 393.149
130.08609 3590.46
130.10515 353.438
133.04294 641.228
136.06435 334.456
136.07559 25855.8
137.07883 2332.77
140.08214 334.44
141.06567 5980.91
141.10129 335.136
142.06923 346.822
143.11771 1827.84
147.11267 6754.91
148.11629 299.365
153.10217 361.881
155.11824 326.609
156.08087 603.651
157.06088 307.605
157.09668 470.67
157.13391 343.025
158.09219 20884.4
159.07625 275.259
159.08992 1020.57
167.08234 241.602
169.06058 807.369
169.09691 262.426
169.13341 704.087
171.11264 2872.1
172.11662 347.03
173.12808 311.669
175.11841 2769.51
181.09727 322.115
183.11270 966.96
183.14905 1518.65
185.09172 712.287
185.12830 855.08
185.16463 2751.41
186.08713 12561.3
186.16870 310.356
187.07208 679.52
187.09119 806.241
187.14418 395.448
188.05353 304.618
195.11292 374.387
197.12857 951.608
197.16357 283.425
199.10706 463.283
199.18030 2951.24
200.13875 293.197
200.18311 363.688
201.12320 3664.55
202.12730 306.958
203.11987 2121.8
207.11258 5422.85
208.07173 554.472
208.11653 705.117
209.09094 302.838
210.02531 442.463
211.10765 409.257
211.14417 692.105
212.10260 339.798
213.08676 2958.45
213.15962 3629.43
214.11810 388.456
214.16464 276.968
215.13881 1563.44
216.09778 268.43
217.09584 764.758
217.13625 1513.08
219.14839 303.862
226.11852 567.634
226.15401 273.926
227.10358 497.062
227.17526 3567.04
228.13370 962.414
228.17967 386.407
229.11781 5059.34
230.12317 350.371
231.11531 1062.52
233.09473 946.531
233.16476 907.807
235.10735 8348.03
236.11119 1083.87
239.17461 997.568
240.13428 918.049
242.15013 418.153
242.18600 1016.15
243.13336 1413.69
244.10796 933.664
244.16402 284.164
245.09309 501.21
245.13113 1305.47
246.12563 522.885
249.15948 1987.25
250.16472 256.321
251.11980 1099.78
251.15005 425.585
253.22803 265.72
254.11339 274.233
254.14964 625.977
257.12445 427.923
257.19720 589.948
258.10843 481.445
258.14279 439.74
260.14365 327.161
260.19647 6623.71
261.08994 2388.91
261.12164 274.848
261.15863 1004.7
261.19977 759.596
262.11868 295.598
263.10217 324.61
271.17590 329.265
272.17703 282.727
273.11765 326.37
275.20639 411.632
277.15442 2940.86
278.15314 3252.1
279.09705 3817.36
279.15585 246.735
280.10071 540.57
281.22110 514.96
284.16071 301.672
284.19659 3997.02
285.15518 1047.42
285.20035 658.432
286.13818 618.844
287.10144 567.332
288.13391 652.527
288.20322 504.494
289.15436 1018.36
290.11316 5799.93
291.11667 980.51
298.21341 303.208
299.16940 469.765
300.15164 636.774
303.15128 272.255
303.21240 394.503
304.12906 1742.71
306.14401 1279.09
307.14624 244.645
311.17062 292.256
312.15439 1825.49
313.15744 267.921
314.11682 246.144
316.12833 924.67
316.17014 284.112
320.19781 267.23
321.15460 1066.03
326.17053 2483.3
326.24225 313.306
327.17548 379.949
328.18753 519.712
331.13959 2624.76
332.12286 3856.9
333.12643 853.828
333.69397 392.45
334.17511 3505.88
335.17902 650.652
340.25983 390.011
342.12555 268.497
342.20273 4665.98
343.20587 617.49
345.21570 282.859
346.17413 304.554
348.19135 575.956
349.15009 14597
350.15408 2785.36
351.15640 295.998
352.26108 447.989
353.21786 318.696
355.16187 398.117
356.16867 653.109
357.17548 281.093
358.21097 337.884
360.15930 1983.89
360.21527 278.04
361.16135 346.017
362.18393 340.362
364.18594 1178.58
365.18817 456.789
372.22314 455.474
373.16873 340.576
373.28040 3568.59
374.17419 1733.83
374.28226 676.06
375.16885 629.879
376.20129 635.872
386.20389 267.759
387.20258 420.803
389.18466 2276.72
390.19299 320.732
391.20374 254.361
392.18112 22690.1
393.18445 5523.9
394.18613 734.151
398.17319 351.754
399.22238 1067.2
400.22775 334.93
401.16681 401.679
402.17429 385.147
402.24017 568.298
403.16275 1105.19
405.20892 442.463
407.19559 1160.68
411.26178 384.894
413.23611 532.769
413.71893 721.567
415.19708 591.262
417.21182 402.572
419.26453 717.233
420.18790 2468.82
421.18829 587.792
431.18692 303.788
439.25504 491.314
441.27148 755.64
445.24625 348.519
447.26031 1335.58
448.26123 535.677
449.20337 551.351
452.21066 276.405
455.28799 968.456
459.26251 404.368
460.24509 824.481
463.21628 1449.12
464.21707 318.415
473.23746 845.763
474.23605 444.391
477.27075 4827.05
478.27402 1164.84
483.25540 415.282
485.20096 369.677
486.36475 2650.5
487.25345 425.747
487.36853 724.138
488.24588 273.212
489.20770 312.118
491.24960 5262.18
492.25284 1673.29
494.26682 332.758
501.26855 1224.9
502.22488 334.876
503.21921 739.719
505.26483 6547
506.26846 2004.13
507.22449 494.3
509.24915 564.21
511.25519 363.811
512.30780 830.509
513.30872 262.802
515.32642 500.324
516.28967 299.157
519.25140 580.417
526.27747 503.041
528.28333 495.487
531.27362 261.118
534.29840 480.473
538.23578 2398.7
539.24048 337.933
544.27271 518.283
548.30786 327.96
558.33630 271.709
559.31287 637.089
562.28699 4343.18
563.29004 1167.26
565.30438 298.321
569.33624 372.563
573.33270 445.557
576.28271 776.168
576.35614 871.604
577.36072 296.517
586.31366 313.688
590.35681 729.476
591.36072 384.304
598.32452 622.755
600.33929 362.33
601.39526 1365.82
602.39600 683.757
604.33679 1677.98
605.33752 847.036
614.34778 295.758
618.34967 1546.56
619.35138 518.32
625.33777 701.4
626.28381 381.628
630.34485 742.855
647.37640 722.736
651.31732 1090.71
675.37000 1724.41
676.37567 643.505
683.41449 304.776
698.32538 447.446
701.39142 341.977
707.34406 676.558
711.40234 475.008
714.45123 467.157
717.41815 622.767
725.34863 908.739
726.35211 457.219
729.37427 332.355
739.36890 295.349
762.35095 312.564
763.44971 546.987
764.45428 2634.98
765.46008 1171.9
766.46643 263.512
772.41339 2060.13
773.41547 623.031
780.35803 1138.7
781.35638 333.565
788.45978 345.885
806.37323 345.687
810.43622 334.896
820.42993 274.843
826.42920 1642.24
827.43451 496.292
877.54108 1913.72
878.54236 1014.57
879.43359 987.203
880.42969 339.758
885.49866 1384.54
886.50525 546.464
900.52704 1594.63
901.52972 533.224
911.52277 337.365
939.52094 836.673
940.52802 267.308
976.60297 901.484
977.61688 513.882
984.56287 1108.69
985.56128 335.78
1010.45471 470.97
1047.63904 799.678
1048.65015 414.248
1086.57874 591.497
1099.58826 712.308
1124.61340 426.591
1196.65601 611.323
1210.68604 260.979
1296.67041 306.068
