1160.57892 3
110.07101 25689.3
111.07442 1122.77
111.09104 476.643
112.07546 650.372
115.08617 1331.25
116.07029 1153.73
120.08051 1699.93
124.07554 624.353
129.10205 26069.6
130.08598 7773.8
130.10487 1328.27
131.08905 382.157
136.06143 375.569
136.07541 706.987
138.06586 414.483
139.08630 722.369
139.58470 346.442
141.10197 4550.42
147.11258 11915
148.11604 641.489
153.10216 1025.9
156.07661 392.37
158.09247 374.704
159.11272 1021.46
166.06050 654.354
169.09691 3767.74
171.07613 438.399
171.11285 409.932
173.12813 1974.99
175.11847 3449.73
181.10806 3057.14
183.61021 2976.21
184.07115 2017.71
186.12402 546.051
187.10744 2371.36
192.12347 3055.57
192.62517 493.076
197.16530 368.228
198.12331 845.882
201.12253 518.212
202.08286 381.874
208.10739 851.158
209.10324 13824.8
210.10799 1428.71
217.63075 454.697
219.08728 392.815
221.09167 734.077
223.15445 589.447
225.13554 428.925
226.11824 3001.18
226.15468 5951.98
226.63409 18656
227.13617 6215.71
227.63725 540.544
234.12364 389.975
237.09866 559.138
238.11798 1295.53
240.63181 398.863
241.08003 458.246
241.10768 522.156
241.12607 430.187
243.14478 5809.18
244.16502 28595.8
245.16818 3313.37
249.63625 1154.19
250.14020 365.49
251.14989 1935.29
255.14468 5297.67
256.13217 920.736
262.15115 468.25
265.12857 787.507
266.11386 1169.88
267.14548 414.731
268.17487 369.475
272.17233 528.599
282.04858 702.074
283.13992 3778.79
283.17609 2307.52
283.67902 920.809
284.14362 501.649
285.16898 405.659
286.15033 803.127
288.15021 376.053
288.20334 543.435
289.12869 378.987
290.11121 558.529
292.49655 383.865
294.15854 929.332
295.13950 2582.74
297.19055 1396.97
298.62503 710.646
310.66211 506.933
311.20740 390.459
312.16644 3309.74
313.17413 414.769
315.20190 17905.5
316.20547 2863.56
317.68552 888.393
320.17065 962.247
322.18701 4018.44
323.18723 517.027
324.16592 1509.72
326.69177 4032.98
327.19302 1099.07
330.17725 847.388
334.14944 906.621
338.18204 4678.82
339.18286 610.955
341.21579 478.109
343.19366 1508.54
343.52292 1530.76
343.85571 563.701
348.86871 961.906
349.19754 10108.8
349.53125 5983.06
349.86465 1567.89
350.17572 514.355
352.19302 1363.27
354.87250 10771.9
355.20493 8756.97
355.53760 3318.96
355.86887 1016.7
356.23181 376.126
360.71155 2477.11
360.87592 3221.36
361.21075 2976.43
361.54623 384.653
364.16089 512.721
365.12082 391.603
365.70255 519.407
366.18869 2232.34
366.22382 1054.51
366.69635 1269.24
367.22495 399.131
369.21179 522.077
370.17184 1967.93
374.70813 6557.63
375.20801 2963
375.71503 448.77
375.85214 810.66
376.18073 1281.1
376.22537 1897.21
376.51602 539.032
376.72769 917.562
378.23062 886.423
381.22150 1201.78
381.85590 7196.12
382.19067 4289.28
382.52451 1566.64
383.24017 664.288
383.71155 633.037
386.74176 5126.54
387.05603 512.061
387.19821 5391.38
387.53146 4872.22
387.86496 2440.43
388.15839 736.278
388.20071 2058.7
388.23340 2546.73
391.20877 646.267
392.18091 484.791
393.11548 1326.98
393.22202 700.542
394.20740 6448.3
395.20941 1479.24
396.22995 670.61
396.73114 402.996
401.18631 4297.32
401.68042 1378.18
401.71381 990.929
402.21689 1140.92
404.77728 382.869
406.17682 666.398
408.22040 572.052
409.21848 8122.82
409.69891 7816.81
410.14163 930.715
410.18817 1880.26
410.23184 4372.59
410.73615 10300.6
411.23605 8064.99
411.74133 961.825
412.23941 833.772
414.68704 475.456
415.18295 5673.63
415.68985 2563.88
416.18567 618.357
416.23029 490.624
417.22501 395.987
419.23740 629.419
419.74100 1229.8
420.24646 453.81
423.69608 10614.6
424.19736 4082.29
424.73380 2659.51
425.23511 995.763
429.72681 509.58
434.24747 639.46
435.23312 961.481
436.69153 427.238
436.73981 641.362
437.25333 992.677
438.23499 564.022
445.20901 877.145
445.25418 1200.19
445.75842 397.45
447.23608 403.977
450.13531 811.314
450.24091 1569.88
450.69540 1838.52
450.74161 1597.77
451.19238 532.323
451.23804 895.992
452.26093 12189.3
453.26483 3251.36
458.75244 2255.65
459.19687 1545.82
459.25095 6069.25
459.75198 2804.32
460.25537 466.349
462.24060 458.135
463.22885 2448.88
464.23184 572.278
465.24554 1151.58
467.75778 14432.5
468.25900 7757.39
468.75937 2216.48
472.75082 909.107
473.24368 1381.49
473.74554 912.237
476.76361 1483.07
477.25677 437.989
478.28033 840.574
480.25323 2703.7
481.23895 2397.57
482.24786 857.852
483.25635 860.023
488.31976 464.032
494.27271 450.087
498.26590 5743.6
499.27048 1485.57
499.72037 893.978
500.21799 543.114
506.27213 2234.63
507.27228 502.833
507.74426 405.566
508.28055 1435.78
509.29074 493.715
516.74646 1288.24
517.24908 1015.39
524.28198 406.403
531.28687 1189.65
534.26660 1601.95
544.17859 493.284
548.32098 704.53
549.31952 655.285
559.29382 627.362
561.20496 4824.79
562.20648 1252.73
565.34473 5230.25
566.34229 1718.26
574.33142 458.607
575.35059 532.17
576.31366 2610.72
577.30920 3303.65
578.23511 2827.37
579.21954 1745.89
583.35553 2102.74
584.35675 593.874
592.31909 1854.89
593.33844 2399.98
594.32654 2832.8
595.32520 1004.81
596.24133 1555.54
603.28278 940.416
605.30243 1970.97
606.31464 519.008
611.35004 8286.98
612.35309 3229.39
613.35498 671.105
620.31433 2646.36
621.31647 865.509
629.37128 456.223
631.28912 543.064
634.36591 1413.79
644.36786 599.687
646.32355 453.513
647.35809 604.864
652.37653 16030.5
653.37939 5823.73
654.38385 1021.45
655.31781 1681.35
656.31268 534.886
662.36176 1200.52
663.36493 1320.57
664.28882 469.951
673.33472 537.573
674.28357 2547.3
675.28186 973.759
681.33087 1028.11
691.35345 3021.63
692.28119 895.815
692.38031 1019.73
709.32538 3645.95
710.32892 1203.49
731.37781 478.189
748.41119 1376.94
749.40778 420.703
751.44537 1982.92
752.44977 650.781
788.39703 453.083
802.43408 533.193
803.43896 883.53
806.42017 690.486
819.44751 1817.9
820.45929 1839.02
821.45667 669.15
829.36542 433.757
830.45044 874.799
848.46301 2687.47
849.46332 1190.74
917.41492 553.097
