2190.09006 3
110.07118 1004
119.04909 647.763
120.08059 2640.15
129.10220 6712.31
130.06493 2082.18
130.08601 660.805
130.10495 498.758
131.08139 8703.05
136.07559 29827.2
137.07884 2002.55
143.11806 935.647
147.11266 1861.35
157.13324 1242.59
158.09216 970.023
159.07631 12262.1
159.09143 6921.75
160.07993 879.63
169.13367 514.021
170.05983 1523.78
173.09163 563.422
173.12929 710.3
175.11887 7135.94
183.15030 438.513
185.12805 2180.81
185.16492 3448.55
186.16777 556.127
187.08621 1246.82
187.10754 711.952
197.12790 429.652
197.16496 502.935
198.12741 1044.34
199.18015 4427.82
200.10262 562.127
200.14307 2764.64
201.08716 447.016
201.12318 973.138
210.02412 469.689
213.12334 4688.88
213.15956 2447.85
215.10162 636.118
215.13892 1752.61
226.11884 1749.94
227.17485 2978.38
228.13437 426.523
229.11690 477.293
233.16441 551.379
240.13399 590.01
242.14951 1054.26
243.13333 2631.72
244.12788 1822.5
246.15578 3350.05
249.12248 501.416
249.15945 2637.7
250.16470 480.816
254.14891 413.442
255.14909 7475.77
256.16666 1029.03
257.16000 1254.13
258.14453 15368.2
259.14798 1990.3
272.17554 22846.6
273.17877 2534.66
274.18692 33589.7
275.19025 4575.41
276.15414 1877.59
277.11710 616.434
277.15387 1333.16
283.14374 2112.78
286.13919 507.583
298.21307 864.532
299.13864 6755
300.17017 16274.6
301.17322 1717.59
323.13422 661.87
327.13339 1777.02
327.20398 837.791
329.16080 1063.91
330.12866 536.575
339.20187 665.346
340.26102 671.402
341.14636 1215.91
342.09216 841.594
342.20291 462.26
343.23285 672.92
355.27353 445.857
357.20532 897.492
358.16089 1507.24
359.15524 1724.95
360.10236 890.453
368.23251 1272.2
369.25095 517.068
371.19705 1086.18
371.23431 2064.22
372.18433 522.14
372.23450 583.407
381.19205 430.242
387.18741 1928.57
389.21381 7162.67
390.21609 1188.36
394.12439 1482.62
396.22791 909.372
398.70779 1342.03
401.20334 502.113
405.19910 1559.16
406.16220 754.442
413.25449 4306.93
414.25409 957.117
415.18414 528.295
428.21536 491.743
432.21991 1327.04
433.20642 444.926
434.16653 748.875
439.26761 643.312
440.22235 764.257
442.16193 495.831
442.24341 1343.36
452.17682 751.098
454.22540 4839.27
454.72449 1480.47
455.22617 460.649
455.29794 455.513
456.29507 547.346
457.22321 649.738
465.19644 626.99
468.35294 982.38
470.18811 1440.29
470.30014 685.813
472.23801 1891.2
473.18881 2646.92
474.18793 714.609
482.26352 933.412
484.28833 1143.23
485.28781 466.579
487.21393 728.261
488.19763 1713.24
489.19659 463.72
490.20935 461.293
500.27090 1502.28
501.27228 433.968
504.24161 6818.05
505.24390 1617.74
506.25018 452.904
510.31091 580.137
510.76709 940.069
511.26801 485.107
513.27893 580.911
527.33582 638.445
547.24329 2056.73
548.24304 472.99
552.26636 5443.01
553.26465 779.563
555.33350 982.031
557.18561 992.989
561.28925 463.078
562.24261 488.562
565.26154 1164.93
572.25323 812.22
573.29437 824.89
583.27179 4405.08
583.38226 697.665
584.27533 1550.4
585.32623 2072.43
586.32959 663.682
586.79608 1057.64
587.29578 496.277
595.80304 963.813
597.27618 444.159
601.28217 6059.54
602.28613 1960.15
612.33362 755.086
615.29803 704.311
621.30908 921.181
631.41504 561.12
633.29553 685.814
646.31500 4243.45
647.32129 1068.34
650.27643 1152.24
663.29919 1372.49
667.30365 22946.9
668.30469 8024.91
669.30035 1357.81
673.27759 729.313
681.30756 4687.4
682.31445 1095.71
686.37732 1218.5
687.38037 499.256
696.35486 4154.81
697.36047 1672.68
698.41742 1512.09
699.42920 496.711
700.34534 1091.64
704.31500 693.266
714.36633 7212.98
715.37073 3332.9
716.37360 587.211
723.37122 1172.54
723.87445 723.643
730.31256 2047.53
730.42358 537.963
730.89453 1383.97
731.39221 3888.46
732.38483 1956.35
747.34973 690.219
750.40173 711.579
759.40338 1882.76
760.41870 566.608
761.37012 1073.94
775.36694 773.305
779.38245 1186.21
780.38043 1641.83
782.44513 798.996
795.42493 774.819
796.41681 557.802
799.45837 1327.43
800.46484 501.773
809.43927 1439.56
810.45349 504.298
813.43744 1855.73
814.44153 986.964
827.44928 5313.35
828.45349 2118.8
829.46503 648.154
830.36639 27674.5
831.36932 14689.5
832.37079 3946.03
833.36646 1309.28
837.39758 9901.66
838.40131 2808.36
840.41925 610.653
846.42981 3420.09
847.43689 1003.81
858.41913 3201.11
858.80243 1177.67
859.41913 2146.45
860.42688 810.163
861.44971 595.276
877.42474 989.056
878.42920 793.914
888.44843 759.065
902.43439 829.928
904.40869 645.363
907.44141 2980.7
908.43591 11102.7
909.43494 3186.21
910.43732 1115.41
910.94299 1329.94
911.44403 732.183
926.51581 1923.89
927.53119 1149.7
929.55640 707.898
940.53485 2581.16
941.53949 1487.96
943.52289 867.652
947.47961 2699.53
948.47522 1169.44
953.48962 3317.84
954.49634 2080.75
955.50177 716.874
961.46173 646.033
966.98328 1001.21
967.48590 1762.54
967.99652 931.373
971.50250 11116.9
972.50543 6933.02
973.50739 2115.66
974.50916 769.868
975.00342 475.101
975.52545 672.682
979.47180 13268.5
980.47333 4452.33
981.48083 592.002
984.00183 3574.36
984.50629 3024.16
984.99854 1176.54
990.51990 1304.71
991.51550 758.689
992.52264 505.333
993.42981 29594
994.43359 18522.3
995.43652 6025.94
996.43774 1054.57
1017.02014 773.538
1017.49756 888.284
1020.52637 1038.23
1032.50513 652.681
1039.59509 1174.64
1040.61194 836.473
1050.50867 15591.2
1051.51038 5962.42
1052.51343 893.431
1056.59705 618.549
1060.56335 798.546
1066.57813 730.371
1084.58704 9046.83
1085.59180 5931.89
1086.59680 2012.09
1103.61450 869.193
1104.60120 624.717
1106.51306 16021.9
1107.51538 11236.9
1108.52039 4341.12
1109.52502 1093.06
1133.60779 494.565
1134.55396 688.752
1135.58032 638.655
1145.59851 765.489
1146.60620 545.456
1163.59143 18846.4
1164.59509 7915.9
1165.59497 1275.85
1173.57947 513.399
1197.67554 2792.94
1198.67297 2709.31
1199.67920 916.807
1202.67041 463.169
1219.59753 12357.5
1220.60132 10018.8
1221.60181 3814.12
1222.59998 1245.12
1247.64905 673.055
1248.66064 639.445
1276.67944 2683.23
1277.67236 1450.52
1332.68335 6633.12
1333.68640 5950.54
1334.68213 2485.27
1335.70422 511.779
1360.73035 682.533
1361.75305 512.702
1460.78223 498.877
1690.80566 609.653
