3314.21840 4
129.10182 1317.64
130.04936 376.161
136.06134 912.811
147.11223 673.858
173.09117 268.883
181.06059 383.737
187.07112 340.23
217.08133 1815.92
218.14932 1139.93
227.06586 2579.42
240.13315 414.791
241.08035 575.52
245.07629 5037.57
246.07928 401.805
252.64244 291.431
259.09155 606.702
264.06277 503.607
287.13416 302.053
318.14719 1382.19
328.11322 362.344
330.05951 737.939
336.66776 778.172
337.17239 285.622
338.09717 555.324
342.09210 271.043
356.10788 1991.29
360.10245 749.613
374.11807 1432.75
392.18292 387.298
398.11295 1185.98
403.22891 3567.98
404.23148 782.302
410.19269 288.966
428.03714 491.763
453.12357 360.033
471.13712 783.606
485.15506 271.051
489.14371 673.305
502.21622 374.298
504.27655 6250.16
505.27985 1468.39
533.23785 1524.55
534.23834 315.647
551.18457 439.036
557.30298 326.254
560.18689 449.664
560.69360 282.34
575.31305 4730.95
576.31573 1195.41
606.69873 288.555
613.24146 403.83
615.70880 331.958
618.18732 494.135
624.70648 527.866
631.25476 1114.46
632.26337 283.007
664.77509 646.834
665.27722 633.536
665.76593 290.313
672.32727 646.457
673.21338 350.048
682.22034 645.49
682.72119 587.852
690.33917 7454.31
691.34247 2406.97
692.34521 534.046
706.26361 299.976
715.65283 465.882
715.99084 562.66
716.31915 418.528
724.24524 337.821
725.32635 758.732
725.81641 527.36
728.94202 326.024
729.27826 806.557
729.61133 359.537
737.74042 365.073
742.26703 1315.28
746.26715 760.265
746.74640 485.289
747.22650 424.028
758.29767 330.904
760.28625 1071.23
763.63861 1314.65
763.97125 1969.57
764.30383 1626.15
764.63739 832.455
769.98419 401.179
779.86682 549.676
780.07526 283.523
780.37476 595.135
780.83032 584.885
781.33392 547.467
781.82684 299.298
789.83997 1762.7
790.35010 840.377
790.62152 417.83
790.85309 463.444
793.34723 380.025
795.67755 598.241
796.01959 1074.05
796.29047 3786.67
796.62921 5214.92
796.96332 4085.86
797.29474 2066.28
797.62933 1200.73
801.37311 703.184
804.37036 446.303
804.87628 335.878
805.36505 671.888
805.84778 439.259
819.38165 3019.77
820.39124 1158.63
824.88141 344.538
825.37262 451.905
825.87195 286.262
828.32062 604.54
828.52252 687.577
828.68713 904.735
828.84296 2052.11
829.14044 472.562
829.24908 1886.87
829.38452 3419.82
829.60693 3925.12
829.86487 3306.98
830.00122 502.081
830.12268 1356.27
830.24353 584.131
830.38788 1956.38
830.66406 448.884
838.34833 650.075
838.84613 639.254
846.69855 358.697
847.35272 2999.85
847.85266 1799.98
848.35602 1190.02
848.85522 397.485
857.29120 1933.75
858.29443 687.773
875.31335 2089.09
876.31744 734.475
878.05017 599.198
878.82721 358.674
879.34515 294.054
889.33868 370.415
893.86401 291.003
894.37006 406.938
902.86566 1645.27
903.37207 1594.52
903.87085 740.371
904.36804 623.676
905.02661 351.824
911.87408 3251.29
912.37561 2720.13
912.87933 1476.11
913.38245 494.194
927.82202 713.146
928.32788 640.256
928.82251 490.503
930.41583 749.147
939.83551 381.363
940.34076 411.758
942.69287 645.401
943.03076 792.545
943.37115 694.269
948.42542 1040.12
949.42749 382.932
958.37616 449.774
958.88116 341.371
959.37134 363.066
967.38934 1155.37
967.89410 1128.58
968.40863 426.024
969.32709 325.028
975.36902 522.593
975.70557 380.471
976.39386 2602.69
976.90552 1988.12
977.41028 1180.27
981.03973 1155.88
981.37396 2164.35
981.70966 1357.42
982.03131 371.861
982.37335 358.1
986.33618 3089.07
987.34021 1400.15
988.32574 536.015
990.33350 609.627
1004.36029 2228.74
1005.35724 894.883
1006.37305 348.274
1012.70032 323.468
1016.39551 309.969
1018.04590 394.126
1018.38501 936.717
1018.71875 629.43
1019.04608 582.508
1024.05273 1727.83
1024.38892 2983.61
1024.72913 2636.23
1025.03857 1634.31
1025.39709 1264.24
1025.90063 466.206
1033.91003 2831.47
1034.40955 3203.34
1034.90991 1433.41
1035.40454 639.001
1044.36511 311.714
1052.86072 653.26
1053.36572 721.76
1053.85815 386.274
1056.72559 390.102
1057.06006 308.928
1061.87024 548.242
1062.38696 1479.89
1062.72998 1845.28
1063.05762 1431.61
1063.42737 1141.99
1064.45715 374.27
1083.34961 710.034
1084.34485 373.856
1089.41833 496.618
1089.91162 342.394
1090.42883 313.575
1098.43152 651.769
1098.92957 944.941
1101.36023 3919.98
1102.36279 2083.43
1103.37048 835.199
1115.39587 341.841
1117.38782 904.848
1117.88062 1053.5
1118.38940 762.958
1119.37610 2221.53
1120.37695 1008.01
1121.39050 398.248
1126.39148 778.209
1126.88806 1147.54
1127.38770 685.495
1133.39917 481.373
1156.45862 417.21
1165.89172 738.877
1166.39368 615.534
1166.89575 499.979
1174.89453 2834.19
1175.39526 2717.18
1175.89795 1524.31
1176.39453 672.073
1183.90479 1327.44
1184.40186 1527.01
1184.91052 877.722
1185.40503 452.158
1192.49438 875.505
1193.49207 292.551
1212.39636 344.943
1213.39355 300.329
1230.40466 3151.3
1230.92236 562.904
1231.40759 1956.55
1232.42175 312.603
1239.41455 1454.24
1239.91858 1646.51
1240.42041 1040.94
1240.92725 501.747
1248.41895 2979.8
1248.92163 1306.12
1249.42200 1984.47
1249.92944 505.255
1250.41785 600.053
1304.42334 447.044
1321.53845 922.979
1322.53992 418.874
1327.41638 646.899
1345.42969 2180.24
1346.43274 1388.88
1347.41394 640.198
1352.94617 698.5
1361.45020 927.042
1361.95532 1289.03
1362.45667 1081.72
1362.96558 500.42
1363.43835 1075.83
1364.44849 506.102
1370.46875 475.355
1370.95789 1001.92
1371.45532 581.335
1474.46741 948.537
1475.46521 935.119
1476.47620 367.765
1492.48975 631.958
1493.49207 455.895
1603.51331 374.575
1604.51672 396.583
1621.52527 308.506
1718.54895 454.955
1847.58081 350.139
