2050.88413 3
110.07111 7681.18
111.07392 657.296
115.08607 376.097
120.08044 1186.89
125.07090 1420.77
129.06612 1034.66
129.10213 6445.45
130.06502 5873.34
130.08617 1406.15
130.10442 355.877
131.06886 545.48
136.06197 479.835
136.07552 2454.89
141.10193 717.189
142.12280 524.576
147.11272 2897.34
155.08107 671.021
159.09157 3106.68
159.11281 1426.17
167.08194 605.687
169.09674 546.529
169.13307 359.742
173.12804 1724.85
175.11893 2856.86
181.10837 1294.6
185.09212 1192.93
185.16487 504.832
187.10716 583.918
187.14392 2056.2
189.08698 593.869
195.08760 2686.45
196.09106 474.875
197.12834 875.237
199.10765 615.199
200.13875 621.832
201.12291 1546.38
210.02525 514.391
211.14412 416.145
213.08698 619.217
215.13870 1642.59
217.08189 640.078
218.14980 1777.22
218.60063 625.372
224.10231 1031.48
225.09842 501.693
226.15425 511.409
227.10265 1227.58
229.11671 389.133
235.08231 444.515
236.10149 653.462
240.13423 497.852
242.11354 1608.91
242.15051 973.772
242.18689 704.611
244.16464 736.006
253.09299 14018.4
254.09628 1573.8
256.14444 8083.95
257.14777 1082.98
261.63635 553.821
264.10968 654.33
266.62881 1326.51
267.12711 454.65
269.10605 471.124
270.18036 443.37
272.17215 1116.84
275.63412 1324.34
276.13492 535.601
276.16843 772.473
280.16473 1129.04
284.13919 6508.44
285.13867 766.26
287.17252 359.942
294.18100 682.34
295.13950 1275.98
298.17633 988.095
300.11838 865.014
305.18149 1376.75
313.15112 1932.73
314.15302 369.364
315.20255 1269.76
326.17007 441.625
329.17993 434.124
331.16180 922.305
332.10941 627.194
339.66379 1991.91
340.16595 727.066
353.16025 2987.78
354.16437 524.477
362.20309 1136.08
364.12219 498.947
371.17096 1958.78
381.15115 399.588
388.18951 882.287
395.19913 504.466
398.24100 892.376
404.75873 428.12
408.22424 585.721
413.20331 407.13
419.16565 2816.01
420.17120 506.47
424.23611 567.58
426.23425 5261.65
427.23776 1024.2
437.17725 5954.49
438.18170 756.108
441.24472 3112.33
442.24927 698.138
447.18774 414.922
451.13745 648.427
452.23166 1829.06
452.74637 472.85
453.22464 846.561
453.72122 446.06
459.25552 38013.7
460.25882 8356.27
460.76813 724.235
461.26193 1208.04
469.27554 428.445
469.77441 582.257
471.29349 446.692
472.29004 398.701
481.23071 565.1
494.23245 446.117
496.73676 1796.72
497.23953 1148.39
501.22922 797.486
501.72903 487.526
504.75522 407.487
505.23560 614.662
508.27472 547.304
522.26587 1718.67
523.26630 526.511
532.25140 3137.38
533.25415 778.855
534.21783 2047.7
535.21808 520.488
535.29449 751.266
535.79541 759.861
536.28571 683.739
539.26233 470.302
541.26208 1337.84
544.18671 549.821
550.26117 9432.81
551.26416 2765.58
556.27185 552.333
567.28821 4304.79
568.29169 1427.66
571.33502 2381.99
572.33789 1974.33
573.33813 720.37
574.28223 3659.67
575.29059 790.951
581.26624 960.251
597.33875 623.494
610.27521 420.774
612.64935 407.41
618.35236 399.399
618.64954 1102.89
623.30084 405.863
626.82629 484.955
627.32593 417.974
628.84937 673.501
629.29309 454.628
634.34900 2054.21
634.85199 2006.68
635.34595 1445.02
635.82922 2685.98
636.33124 2158.93
638.30463 2940.62
638.80426 1678.24
639.31250 988.728
643.29437 447.081
643.35858 665.147
643.85614 762.012
644.31201 627.32
644.65015 1180.07
644.83752 689.064
644.98492 670.925
645.33246 516.41
647.31464 420.022
649.98816 562.716
650.32318 2694.18
650.65424 2117.68
650.98944 1233.66
651.33014 1084.55
652.32269 1774.12
652.65332 1073.12
652.99030 684.053
656.32550 484.13
656.66144 655.659
660.31311 1474.86
661.30396 1018.04
662.32568 744.916
663.31421 443.224
667.32672 432.811
672.22833 420.062
675.27783 774.23
677.29749 791.788
678.31989 26524.3
679.32233 9787.26
680.32263 1603.33
682.97198 948.519
683.32098 2590.56
683.64294 877.035
683.83301 1797.88
684.33569 1577.07
684.80109 965.635
684.89111 816.425
685.29840 1553.97
685.39917 1833.77
687.29095 1690.59
687.79144 954.222
688.29065 1289.79
693.31769 450.34
697.40070 2718.36
698.40118 833.808
699.44177 749.363
700.43463 1078.42
701.43561 684.671
710.33295 1796.21
711.33759 517.097
737.34802 3180.04
738.35229 1196.45
749.88678 459.573
750.38873 693.053
750.88287 481.628
759.33972 443.44
766.42303 1114.48
767.43451 418.478
772.40485 561.776
775.37543 758.422
778.38074 542.871
799.34479 578.51
800.48010 1521.07
801.48187 2091
802.47717 1372.74
806.36639 4633.16
807.36731 1696.25
808.39532 454.49
814.42596 710.867
816.42047 614.504
817.34753 3759.17
818.35168 1677.93
819.34589 448.13
823.42108 1195.63
824.37708 5212.18
825.38202 2299.83
826.37024 434.12
834.34912 1117.99
835.36017 899.497
842.92224 425.777
843.45850 2729.15
843.92645 561.095
846.36206 614.472
852.39404 731.483
852.89581 453.557
864.38416 561.92
865.42035 443.796
869.93091 782.512
870.47369 442.91
871.49493 445.06
877.43433 611.515
877.94446 605.81
878.43860 909.693
878.95239 830.316
880.36963 690.54
897.94684 657.806
900.92114 754.827
901.41455 2614.37
902.41089 875.621
904.34204 2139.5
905.44165 3560.6
906.44354 2824.98
906.94312 1406.17
907.45203 1284.68
911.43207 545.262
915.32733 1095.14
916.32166 426.15
920.42957 511.866
923.44513 1258.34
924.44379 704.474
927.48590 1062.19
927.98047 508.768
928.47614 415.3
933.44354 735.494
934.46082 465.049
937.54797 424.974
938.43610 1624.97
939.43805 641.696
939.57184 447.152
945.41284 455.269
961.45355 1100.99
962.46051 546.426
974.45001 944.284
975.46246 444.043
978.35413 573.304
979.35187 463.233
992.46649 10658.8
993.46851 5751.04
994.47888 1506
1008.52277 779.008
1009.52020 666.191
1010.48798 606.661
1013.44189 615.771
1015.50586 1438.13
1030.47131 1963.58
1031.47803 1461.12
1032.46594 414.811
1049.48096 660.181
1050.48181 492.807
1067.48743 784.953
1090.44043 1981.07
1091.45105 967.576
1128.59021 2345.42
1146.54370 927.048
1147.54297 436.863
1152.56079 531.984
1154.52014 3454.32
1155.51587 1698.69
1160.53967 464.732
1178.54688 2171.14
1179.54419 1419.23
1180.54224 490.58
1255.56848 983.212
1256.56421 443.282
1257.57251 654.98
1275.59924 3448.49
1276.60352 2190.05
1277.59094 658.416
1373.58472 491.514
