2913.31528 3
110.07071 384.323
129.10207 930.835
136.06102 313.553
136.07492 386.021
173.12796 12120.3
174.13159 983.173
175.11845 1823.38
195.08701 595.795
201.12289 5758.26
202.12697 431.737
208.10777 1011.98
226.11888 499.578
233.09566 323.805
236.10280 737.873
255.03680 353.335
264.13483 324.204
272.17099 1018.76
288.15509 392.934
339.16452 1740.11
351.21286 880.229
352.19592 1279.45
357.17444 655.328
365.18066 388.105
369.22357 18649.8
370.22614 3356.32
371.22842 348.892
434.20316 412.875
436.22098 331.133
468.29190 3539.3
469.29565 594.701
503.22098 547.579
550.24823 389.311
581.37457 1161.55
582.38019 327.963
583.75525 333.246
591.76605 821.658
592.27026 508.058
600.77246 420.452
611.79822 495.704
612.30994 366.702
619.26617 558.513
619.77161 550.795
626.27563 431.031
660.78705 1473.6
661.28625 1209.91
669.79449 952.862
670.28894 800.343
685.33612 406.756
687.31512 442.465
695.41724 1925.25
696.41870 733.927
701.81042 419.134
703.34192 849.686
704.34320 419.539
716.31177 990.175
726.30975 420.799
735.30841 340.545
735.82001 462.98
736.31714 558.216
736.82245 365.6
738.39172 336.686
756.36292 381.108
770.83087 768.986
771.33459 821.761
782.45099 3789.97
783.45404 1554.22
818.83630 344.575
826.87323 357.499
854.35120 969.669
862.38373 387.499
883.49713 2922.57
884.50513 1481.94
906.39044 352.283
922.92944 405.191
935.41058 490.79
939.89539 489.258
940.39392 690.686
970.53015 4176.56
971.54523 2356.95
972.55450 546.313
973.39685 1142.5
990.00610 533.962
990.51270 947.207
999.01276 6449.07
999.51434 8432.21
1000.01587 4331.25
1000.52026 1821.45
1021.56848 391.884
1033.52637 971.105
1034.03003 833.486
1046.47766 500.889
1054.46973 540.543
1057.56189 7950.89
1058.56348 4551.12
1059.57166 1405.89
1065.47388 435.119
1065.96252 420.991
1066.46692 509.4
1072.48608 362.674
1082.51819 352.133
1084.04651 514.292
1084.54773 465.88
1099.50403 400.216
1100.48218 498.558
1110.58142 550.507
1111.06372 401.497
1111.57507 659.663
1124.06470 504.881
1124.56494 485.2
1128.59827 5782.53
1129.60181 3606.74
1130.60596 1116.61
1132.57556 758.824
1133.06982 1800.4
1133.57153 1094.21
1134.05713 695.779
1159.08521 933.799
1159.58679 1553.36
1160.09290 761.085
1160.59436 446.32
1170.46045 708.795
1172.08643 453.19
1172.60522 733.878
1173.08655 1037.73
1173.57092 412.46
1181.10132 2281.33
1181.59656 4078.98
1182.09021 3689.72
1182.58374 1955.18
1183.05627 722.269
1190.62720 469.459
1212.57727 380.676
1215.61072 399.404
1216.11023 437.117
1216.58081 429.612
1221.08032 516.599
1221.59229 836.449
1222.09192 623.52
1222.60144 562.893
1228.10010 1151.78
1228.60938 1315.07
1229.10498 998.258
1229.59766 649.523
1230.08740 2785.18
1230.58997 4192.52
1231.09180 3398.27
1231.58826 1205.12
1232.10449 413.69
1237.09387 465.487
1237.59985 641.381
1238.12134 356.79
1241.61731 1132.3
1242.12598 876.117
1242.63464 597.104
1250.11804 2147.23
1250.62354 3413.24
1251.12463 2470.67
1251.62671 1048.4
1259.12329 756.04
1259.63416 3490.23
1260.13477 1067.06
1260.64319 2390.48
1261.65710 663.352
1265.09241 832.636
1265.60327 515.72
1268.62781 624.937
1277.59314 429.545
1290.10486 466.754
1290.60913 634.821
1291.09814 773.63
1291.58301 500.184
1299.11108 2467.55
1299.60938 4141.66
1300.10999 2738.24
1300.61255 1924.66
1301.12280 389.052
1308.12439 444.046
1308.61353 866.417
1309.11792 551.603
1320.56763 465.292
1321.58557 448.138
1338.58118 363.152
1360.69055 1341.61
1361.69104 1120.37
1362.70251 421.002
1402.62720 359.846
1431.73828 696.786
1540.68066 374.023
1743.86108 662.155
1744.85803 540.588
