2365.32822 3
110.07084 1379.14
116.07030 3672.62
120.08044 6170.1
129.10194 8479.4
130.04988 1222.39
133.04349 1038.33
133.08585 6974.2
136.07561 2985.6
143.11752 1244.79
147.11256 1268.81
157.13315 5353.68
159.07596 1715.14
159.09113 1748.97
170.04520 1562.84
171.07628 1343.38
173.05556 3192.86
173.12790 1554.52
175.11859 11700.8
177.11169 2666.74
183.14925 1403.69
185.12811 5827.41
185.16470 2296.7
187.07085 10403.1
187.10735 3908.3
187.14380 1439.16
199.17987 4222.84
201.08684 8066.51
211.14384 3880.53
213.15984 2313.85
215.10231 4620.6
215.13936 1772.36
221.12715 2192.46
226.15475 2114.11
227.06685 1062.31
227.10240 2894.73
227.17479 4038.18
228.13304 1494.93
245.07668 3380.81
249.12337 2371.69
249.15974 2103.18
254.15028 1273.82
258.10791 7725.84
258.14420 1537.67
266.15088 1184.17
272.13919 4739.68
274.10196 1617.79
277.15518 1814.31
284.08783 2617.5
284.15979 4318.21
289.16141 14203.1
290.16528 1105.4
302.09747 10683.4
302.17023 2302.98
303.10016 1077.79
310.21152 7855.67
314.16867 1637.35
314.20743 1127.35
316.11298 7868.09
317.11407 1342.03
321.22812 1636.57
326.24109 1201.6
327.13330 1652.95
330.12891 2871.23
339.23776 3533.81
344.14642 1094.07
349.22137 1838.45
355.13287 1226.44
368.19208 1301.58
371.19833 1092.23
373.13522 4520.42
385.21774 3987.91
387.18091 1696.16
395.29980 1365.08
401.16525 1675.56
401.23941 2674.19
402.24509 26238.1
403.24811 5115.79
410.30927 1068.79
415.18292 2929.27
423.29507 6180.05
424.29807 1763.7
429.19662 3638.88
432.78098 1735.98
438.30664 15525.4
439.30896 3485.1
441.16187 1351.5
459.17081 1989.7
484.28516 1810.36
490.29370 7707.07
490.79395 3339.52
501.31348 42155
502.31610 9439.22
503.32468 1465.81
514.32135 1159.97
516.19238 2836.27
523.39801 1758.76
525.83209 1490.98
528.26398 2268.89
530.20795 4004.31
536.38074 3681.92
537.38422 1169.2
539.82794 1994.36
542.28076 2038.28
551.38989 19380.8
552.39502 4870.02
553.39301 1181.39
569.30511 1312.02
587.22675 1794.28
588.34485 1938.72
597.33972 5800.03
597.84222 5089.19
598.34473 1421.62
607.41675 2307.11
614.39758 30556.7
615.40094 9019.61
616.40686 2192.14
616.84448 1854.62
622.42572 1444.56
625.85046 9285.45
626.35126 4270.69
626.85468 2287.44
633.83221 2900.58
636.48138 1911.54
641.34357 2447.95
643.28644 1763.92
664.47430 23480.5
665.47675 8750.12
666.48065 1758.79
667.37134 1271.6
668.37366 1127.25
669.35260 2103.55
669.84979 1431.72
676.37360 4354.79
676.87903 3123.19
677.37915 1427.56
681.36884 2862.57
681.86768 1643.8
690.37360 10628
690.87451 7201.11
691.37305 3628.43
697.43054 1590.98
698.43304 1887.68
700.31293 1976.09
707.51086 1305.5
715.44507 43569.3
716.26965 3823.65
716.44775 14477
716.88336 1532.73
717.45618 3488.36
725.89117 6526.23
726.39362 4431.83
726.89557 1384.37
735.51135 15677.1
736.52148 6049.56
756.37744 1687.64
766.45612 13406.8
767.45642 4880.27
768.46118 1417.83
784.46625 4482.66
785.45856 3966.01
786.44611 1241.1
787.30841 1944.23
789.39502 1306.27
789.46411 1249.52
790.38043 1401.76
790.49066 2481.02
802.47577 116131
803.47833 44382
804.48029 10205.4
805.47864 1312.05
829.35419 1990.12
851.48877 1399.17
852.47723 1899.75
864.55322 11973
865.55872 5785.8
879.53967 3168.66
880.54681 1769.5
897.54419 3114.34
898.57336 1869.6
900.39325 2444.75
915.56116 48440.7
916.56378 23451.5
917.56177 6550.99
923.51617 1762.47
950.57391 2567.21
951.56879 1712.61
961.57111 2109.57
962.57166 2008.99
965.56122 2791.86
966.56921 1309.95
968.60126 2021.12
969.57556 1527.93
979.58112 34431
980.58209 18975.3
981.58679 4856.79
986.59686 34258.8
987.59991 16554.4
988.60034 4537.07
1013.47284 1221.39
1026.53516 1467.22
1050.66394 1549.2
1060.63794 1230.6
1066.58093 1528.66
1078.64856 17691
1079.65125 10347.2
1080.65564 3762.95
1115.64050 4401.79
1116.64624 3203.26
1136.64478 1332.54
1137.61938 2967.01
1138.61963 2192.41
1150.44910 1338.16
1153.57312 2012.34
1154.65833 1538.09
1155.66626 1323.74
1172.66211 12460.5
1173.66357 6666.95
1174.66772 2094.55
1175.66785 2317.79
1186.69299 1816.84
1187.69812 1230.24
1193.67358 14418.8
1194.67847 9022.88
1195.68506 2363.98
1224.61169 2401.91
1225.62952 1240.53
1232.68103 1603.87
1250.69934 12624
1251.69458 10083.4
1252.69263 3625.53
1266.65137 3242.2
1267.66736 1624.68
1269.68677 1882.38
1270.66602 1452.63
1287.68933 12399.2
1288.68628 7956.19
1289.68347 3302.63
1337.69128 2365.98
1338.70227 2267.73
1351.74719 1918.92
1361.74084 1508.87
1379.74023 9583.05
1380.74158 6319.99
1381.73792 2423.73
1432.75659 1567.99
1433.75891 1743.5
1450.77844 13305.1
1451.77808 12198.9
1452.77527 4612.81
