2804.36016 2
112.08659 200.32
115.08622 935.626
116.07031 205.119
120.08036 3107.54
133.04245 492.26
136.07535 572.205
158.09206 435.494
165.10139 429.291
167.08121 408.223
169.13287 364.273
171.11241 1300.02
175.11848 2573.39
181.09657 1249.47
197.12787 232.264
199.10730 1008.17
206.09204 207.508
208.10756 651.849
209.09149 1388.15
217.08061 356.754
219.14859 4078.8
220.15222 392.688
226.11813 929
229.11835 447.835
230.09506 2398.06
231.09862 215.455
236.10269 224.666
247.14349 2682.34
248.06862 325.494
254.11293 876.689
258.08990 4872.69
259.09091 628.771
264.16971 460.784
275.11670 247.033
276.13351 2197.18
277.11841 471.801
280.16360 358.986
283.14294 396.205
287.13461 251.148
292.12848 313.182
304.12650 306.232
309.15457 648.601
310.13690 546.301
311.13791 299.505
317.12506 364.601
321.15457 1050.6
327.11032 808.999
327.16440 585.475
328.11435 408.49
338.18100 1089.81
345.12161 1901.42
356.18372 216.637
359.10394 363.423
365.14667 267.728
369.12265 437.173
375.20132 1412.53
376.17807 380.119
377.11237 422.385
383.17044 258.097
384.15201 281.763
388.17905 391.649
399.22440 228.941
406.16080 267.891
424.21829 429.475
428.15952 356.571
438.14276 241.834
446.16876 717.729
447.17419 213.795
456.15268 1517.51
457.15775 344.577
468.22250 714.047
474.16357 2445.52
475.16891 614.598
485.24942 3070.97
486.25269 804.12
493.19025 561.347
494.18817 385.186
506.15405 566.027
557.19891 560.675
567.23663 233.358
575.20874 873.669
576.20911 296.176
585.19543 773.051
603.20648 3118.73
604.20721 828.135
605.20831 230.558
614.29175 2051.53
615.29614 629.205
654.27820 289.809
704.26306 357.462
705.25745 228.54
713.35889 1591.39
714.24188 456.494
714.35785 619.04
722.27783 1074.04
723.28101 395.743
732.26831 392.784
750.27356 1921.99
751.27618 569.715
752.28479 246.468
783.30304 245.059
801.30579 274.229
821.34448 581.023
822.34308 220.349
826.44409 812.548
827.45203 427.557
849.33643 657.355
850.34589 368.213
883.46448 3631.49
884.46735 1665.91
885.46887 280.087
920.35577 240.885
932.37274 329.836
948.37823 245.158
950.38220 226.238
996.54742 1772.17
997.54858 1183.18
998.54895 284.774
1067.58557 2056.84
1068.58997 1312.73
1147.57849 269.651
1164.60632 504.453
1165.61072 376.623
1181.62695 2084.2
1182.62512 1382.12
1183.63159 337.217
1270.60498 228.156
1271.11584 434.355
1282.67615 2393.16
1283.67773 1893.99
1284.68542 519.019
1339.70093 608.776
1340.70923 385.444
1366.70654 374.426
1367.71863 249.172
1383.72156 5797.34
1384.72449 4389.85
1385.72437 1361.46
1465.79590 227.586
1482.78967 2797.43
1483.79614 2213.81
1484.80042 826.938
1629.86084 1959.45
1630.86255 1967.15
1631.85986 721.335
1741.91516 244.721
1758.90540 1128.37
1759.90271 1167.88
1760.91309 549.624
1887.94116 455.998
1888.94653 421.041
1889.94983 219.192
1974.98669 640.929
1975.98022 771.449
1976.96948 360.811
