2151.08550 2
120.08044 2751.52
129.10196 1205.71
130.08553 467.7
136.07547 821.362
143.08144 533.33
147.11253 1525.42
153.06558 1159.54
159.09174 395.899
161.09090 542.93
171.07590 1162.92
173.12791 792.088
175.11848 1564.73
183.11301 421.492
185.16504 444.268
189.08661 1513.08
197.12814 1876.33
199.07045 745.309
199.14362 967.222
200.13817 431.2
201.08704 787.504
201.12296 2125.72
207.11163 535.059
213.15965 933.039
215.10083 424.144
215.13841 6942.53
216.14363 478.561
217.08176 574.172
225.12297 2063.31
228.13321 424.296
229.11792 3645.1
235.10652 821.938
242.14951 411.285
243.13336 7130.43
244.13737 902.588
245.07567 595.247
246.09079 1135.63
247.07443 697.887
247.14394 765.611
249.12373 431.001
260.19635 1636.49
266.14868 521.042
269.18585 552.744
270.14395 1342.96
277.11768 1683.91
284.15988 926.957
294.14392 1034.99
297.18112 477.703
300.15436 2914.72
312.15421 2571.78
316.14954 1730.78
328.18533 3146.07
329.19205 458.667
330.16327 703.211
342.20062 589.89
346.14136 643.103
356.21600 414.43
357.21384 1136.19
358.16077 1180.18
361.11673 1071.65
367.16214 923.065
371.22745 901.638
374.23917 1954.86
376.18491 465.885
377.18106 2492.08
381.17557 458.706
385.17068 685.753
392.14417 2849.54
393.14569 417.266
395.19144 2939.8
396.19626 517.476
399.22217 2146.55
400.22461 392.113
403.18079 1729.82
411.22311 681.213
413.20129 2047.93
427.25287 1013.14
431.21402 420.73
447.22302 845.09
457.22845 796.116
471.24603 586.68
480.24362 399.292
490.15637 467.985
490.29846 657.214
491.21469 689.984
494.25839 1168.95
498.24881 723.873
505.27881 2127.18
506.27927 376.68
512.26807 832.584
516.26831 524.316
523.18304 533.287
528.26422 406.158
556.29236 641.448
609.28491 471.807
620.30591 1667.54
627.34747 663.606
637.22559 465.204
645.30316 674.376
691.29315 532.918
749.35291 917.713
853.43817 1061.14
854.44379 1318.43
896.41589 1558.14
897.42346 756.775
968.46411 485.974
969.47485 673.214
995.48523 559.602
996.46564 418.382
1066.52795 756.498
1075.61487 484.463
1154.52539 940.612
1155.52966 1172.03
1156.53796 553.279
1195.56873 470.915
1283.56763 492.12
1284.56653 689.007
1285.55200 426.046
1294.61658 560.654
1295.62561 726.633
1419.94946 423.609
1430.64417 489.44
1431.64526 878.667
1432.64929 713.701
1525.82898 438.483
1578.68750 398.713
1665.75757 431.89
