1025.60674 2
110.07108 4338.46
112.08672 1435.94
113.07097 391.65
115.05007 526.765
115.08637 822.053
116.07027 570.647
120.08055 2555.22
123.11675 501.912
129.06633 337.652
129.10216 5450.13
129.11258 208.72
130.06477 285.563
130.08603 1365.13
130.09843 234.557
130.10129 230.384
131.08154 358.111
133.04309 209.042
136.06165 7193.41
136.07558 3383.38
137.07916 242.485
139.08632 209.855
140.08179 344.578
141.06581 461.739
141.10190 746.183
142.12193 203.722
143.11775 11421.1
144.12108 834.058
147.11272 1940.5
154.15866 390.142
155.08174 336.617
155.11768 756.122
156.11264 253.898
157.13280 332.445
158.09219 2502.79
159.07619 1068.47
159.09087 442.649
166.06107 273.154
169.09789 498.662
169.13345 5450.58
170.13704 513.21
171.07849 293.551
171.11264 10612.1
172.10728 1773.97
173.12788 1036.47
175.08411 276.332
175.11873 9347.39
176.12312 495.968
181.06134 299.967
181.09673 293.59
183.11263 1883.66
183.14905 689.362
185.09232 293.484
185.16409 209.327
187.07091 390.151
187.10753 490.808
187.14368 234.33
190.11818 294.15
195.08620 223.233
195.11192 222.193
197.10210 227.85
197.12831 5808.95
198.08716 454.1
198.13338 447.503
199.10686 457.262
199.14357 238.035
199.18079 559.569
200.13911 4732.12
201.12349 824.125
201.14349 305.989
202.10719 1770.69
205.09991 368.092
209.12825 464.657
209.13991 538.828
210.02534 574.123
210.12288 525.498
211.14340 318.461
211.18007 485.911
212.13945 1032.11
213.08690 348.964
213.12280 300.537
213.62611 254.864
214.63383 866.224
215.11391 2113.93
215.13870 742.388
216.09782 337.767
217.08272 274.912
217.13344 375.453
218.15047 218.298
223.10709 250.602
225.09921 253.088
225.12292 216.051
225.15887 302.721
226.08176 366.019
226.11649 391.679
226.15451 423.695
227.10129 355.897
227.13824 1251.66
227.17502 248.619
228.13393 16058.8
229.13765 1431.98
232.14009 2257.06
234.12268 347.602
235.12120 306.974
237.13591 462.616
239.17432 427.815
240.13385 2799.15
241.13637 209.777
243.13216 375.574
244.09262 327.229
244.16510 1296.22
245.09470 265.089
245.12874 312.07
251.15030 370.636
252.13290 361.126
254.14938 2743.45
255.10834 826.311
255.14435 928.152
257.16013 747.512
258.14359 716.904
260.11255 1394.25
266.14603 213.412
267.10809 411.352
270.14349 317.733
271.17609 3269.07
272.15530 724.881
272.18042 350.293
273.11920 354.793
275.20743 394.814
276.16974 249.075
280.16241 211.171
281.16257 380.168
282.18036 804.179
283.17624 284.497
284.16183 463.106
284.17993 433.636
284.68222 239.254
285.15479 1564.02
285.97369 445.559
286.15045 820.423
288.20105 532.55
292.09055 629.028
294.14407 307.945
295.13843 217.199
296.19589 892.734
297.15524 487.052
298.13690 336.533
299.20630 296.801
303.21390 262.392
308.19464 257.958
311.17081 1193.68
312.04846 866.252
312.17178 260.988
313.05209 351.957
313.22287 5007.62
314.18192 1564.06
314.22668 873.077
315.16058 298.312
324.16647 258.356
325.22333 681.939
326.17154 214.607
327.20285 322.135
329.18088 352.563
330.05951 535.526
331.20746 868.098
334.19797 366.232
337.18533 293.052
338.14844 217.344
339.20294 394.2
340.19760 903.053
341.19446 284.54
342.17526 256.498
344.01395 937.346
346.01074 266.941
348.16745 235.334
353.21768 659.698
354.17667 517.767
355.17114 1148.96
355.20062 837.807
357.18250 236.988
358.20782 675.198
365.21552 234.808
368.22516 3583.13
369.22781 492.893
370.24457 459.69
382.24353 428.451
386.20596 709.51
392.00906 420.973
393.01584 658.339
393.22043 472.149
394.20837 679.023
400.25757 241.236
408.21429 225.799
409.21774 362.592
410.02478 1496.86
410.24744 1375.39
411.23456 12197.6
412.23721 2370.33
413.24573 382.521
419.24976 305.93
422.24039 630.488
423.98114 609.942
426.24417 1637.07
428.03580 755.85
428.26083 23050.8
429.26425 4742.54
430.26559 653.13
436.25760 564.619
439.26624 1289.92
447.76205 429.317
448.90921 287.769
449.24948 290.746
452.24683 336.724
453.28955 388.675
454.23804 2958.88
454.91196 443.429
455.24426 468.213
457.27802 415.781
461.95041 1056.02
463.94385 575.724
465.26895 330.93
467.25888 1789.8
468.26016 467.029
472.28873 507.685
474.76678 223.67
477.03366 266.482
481.28033 453.613
485.28363 620.77
487.33243 325.812
493.27734 314.367
510.30286 983.094
511.30270 270.597
513.27008 318.859
513.32428 467.01
514.33148 2914.89
515.33295 295.313
525.31482 585.088
527.32947 5990.8
528.33246 1726.27
536.31836 307.442
541.91620 362.62
543.90857 325.212
553.30664 493.207
559.92578 294.134
583.32220 541.27
584.35742 415.292
610.36847 726.2
616.38055 605.404
628.37738 6618.15
629.38031 2174.49
632.32251 226.785
641.37201 1458.74
642.38019 375.009
651.27667 229.38
665.36224 258.042
667.39136 4220.48
668.38965 2060.11
669.38928 435.098
685.39764 36730.6
686.40051 13353.7
687.40491 2287.77
688.40649 314.683
695.37689 256.641
696.40247 285.115
697.40131 831.708
698.40961 383.088
729.45947 403.794
766.42114 305.438
780.47266 276.945
794.41730 253.525
798.48218 2203.45
799.48438 899.784
800.47858 281.795
811.46918 240.039
820.47394 256.366
837.48962 423.241
838.49579 335.739
855.50330 5105.74
856.50623 2299.5
857.50818 322.907
868.50452 919.969
869.50763 331.904
894.51337 2255.87
895.51416 1323.7
896.52985 302.356
903.47382 311.823
912.52417 18554.3
913.52661 8913.42
914.52734 1953.87
915.54120 310.214
