1314.71160 2
110.07104 2676.18
112.08685 294.573
115.08662 400.147
120.08054 4646.88
121.08398 406.674
127.08646 387.725
128.10635 205.684
129.06572 624.353
129.10201 3360.83
130.06465 493.899
130.08604 802.125
130.10516 229.962
133.04265 453.773
133.08545 223.317
134.04459 505.869
136.07545 2710.37
138.06604 192.394
141.06578 216.888
141.10199 331.005
143.08113 570.092
143.11734 389.316
147.11263 1155.02
155.08202 429.491
155.11787 301.715
157.13315 2832.01
158.09157 500.609
159.07602 309.878
159.09145 1476.48
159.11256 297.345
165.10252 188.318
167.08141 256.469
169.09648 477.102
169.13326 546.664
170.06010 189.393
171.07607 474.933
171.11241 590.772
173.09216 218.65
173.12808 1599.72
175.11870 2328.62
177.10181 743.899
181.09724 318.683
183.11270 577.985
183.14908 606.923
185.09106 236.05
185.12810 2006.39
185.16498 332.712
187.07115 356.529
187.14397 569.006
189.08688 192.737
195.07735 195.481
197.12816 1628.18
198.08708 370.214
199.07214 211.631
199.10742 430.94
199.18030 1608.25
200.10254 628.059
200.13974 228.379
200.18388 210.037
201.08740 363.519
201.12309 1530.75
205.09660 413.418
207.11206 655.504
209.10313 211.853
211.14398 646.539
212.10225 209.15
213.08629 371.265
213.16042 259.562
214.11859 488.575
215.09784 194.844
215.13863 5690.03
216.09734 1571.52
216.14319 371.615
217.08261 388.562
219.14885 329.593
221.10240 203.002
223.15575 227.675
225.09843 221.142
225.12299 1141.32
226.11594 209.784
227.10254 234.569
227.17494 1529.47
228.13347 428.546
229.11719 536.883
230.11256 239.013
231.09698 320.638
233.16470 199.089
235.10530 315.649
237.12187 265.838
240.13399 681.634
241.08138 353.532
242.11232 366.974
242.14967 472.41
243.13344 9526.68
244.09215 411.898
244.13777 889.255
245.07532 228.774
247.12819 3830.3
248.13164 294.379
249.09773 293.279
249.12346 246.153
251.15080 255.851
253.09332 232.811
255.14838 316.41
256.12695 248.706
256.16483 254.306
258.10754 491.177
258.14401 643.37
259.09140 385.377
259.14093 298.578
262.11853 276.293
267.10794 431.158
268.16541 329.747
269.12494 681.408
271.13986 351.334
272.12149 230.248
272.17709 307.126
283.14258 317.171
283.19925 247.137
284.15863 379.348
286.13693 262.435
287.13455 1758.14
288.13571 313.569
288.20236 228.111
294.18094 396.223
295.14322 206.467
298.21246 206.58
301.18814 317.652
310.21194 1353.69
311.19183 504.27
312.15228 282.582
313.14932 638.22
314.17117 431.611
327.13150 234.696
329.18079 688.251
330.17303 301.973
338.20697 2906.95
339.20853 451.868
340.16153 822.838
345.13879 398.962
353.19138 228.211
354.16733 317.613
355.19852 534.253
356.21750 5469.62
357.21906 734.789
358.17218 1649.52
369.17578 600.047
371.19952 270.117
372.17459 990.379
372.22495 272.731
381.21960 222.061
382.19730 205.818
382.23944 246.674
384.21481 240.419
385.20898 331.817
387.26987 322.758
390.72583 464.408
398.16714 277.897
400.21823 852.243
416.18036 268.709
419.23685 475.479
424.28387 415.139
425.24121 411.057
426.23438 444.171
430.23254 220.757
439.26053 221.789
440.21121 578.14
442.27209 482.297
443.25430 324.19
453.24103 408.908
457.26520 667.856
458.22589 1026.79
467.25006 3238.61
468.24582 579.694
469.20419 237.363
469.30292 1009.03
470.30319 207.205
471.25543 952.537
482.26154 919.259
485.25958 5785.18
486.26266 1331.83
487.21494 235.423
502.29980 223.222
511.24136 303.462
511.27982 330.856
513.31354 209.923
529.25903 687.409
534.32135 235.583
543.31110 270.212
552.34058 436.276
553.29181 452.216
570.35052 897.449
571.30444 1073.04
572.30707 417.92
580.33289 2264.18
581.33960 511.88
582.28876 231.011
598.34302 3501.04
599.34827 722.564
600.29602 496.898
611.30115 1176.73
612.30865 239.059
624.33972 359.248
628.34320 327.627
633.33679 255.516
642.34717 656.514
657.37451 860.206
658.28674 253.149
658.38531 440.297
659.38794 357.823
662.32593 483.165
663.32483 352.418
682.34167 377.698
684.39081 418.585
685.38721 349.117
693.42010 640.518
700.34961 1169.96
701.35406 329.791
711.42676 804.632
712.42944 210.741
713.38025 367.557
724.38788 855.753
725.39453 244.853
730.33746 220.41
742.39514 650.672
768.40002 342.412
771.39203 310.777
780.45154 261.971
795.41876 299.148
813.43597 1321.23
814.43079 468.716
837.47314 578.673
855.47986 418.459
856.48529 225.774
884.47974 213.192
897.51752 377.724
898.53168 235.11
899.43079 352.228
926.52045 461.657
968.55359 711.322
1041.50073 216.997
1051.57190 214.674
1067.62244 447.611
