1983.13494 2
110.07082 1318.53
120.08046 1409.92
129.06496 194.376
129.10194 1790.35
130.08582 664.239
133.04277 254.078
136.07532 1447.28
141.10280 281.079
143.11763 199.547
147.11237 1235.55
155.08105 207.111
157.09758 192.364
157.13303 1519.88
158.09184 344.226
159.09123 958.961
167.08122 183.533
169.09706 286.74
171.11259 281.407
172.07181 302.829
173.12817 405.931
175.11832 1434.14
183.11229 397.049
183.14896 509.992
185.09212 202.181
185.12791 4031.71
185.16466 316.798
186.12057 215.968
186.13399 195.431
187.07031 238.064
187.10652 245.937
187.14348 357.05
195.07600 291.404
197.12828 260.747
199.07071 218.394
199.17970 348.126
200.13861 278.065
201.12291 902.773
211.14397 331.686
213.08633 344.58
213.16014 200.328
215.13675 352.451
226.11804 676.049
227.17459 452.986
228.13318 463.059
229.11655 379.883
230.07607 237.637
240.13324 422.667
242.14966 323.886
243.13185 401.265
244.09106 205.545
244.10825 192.359
245.07631 241.519
248.16031 425.254
253.09288 286.583
253.19008 459.716
254.14963 244.929
258.14243 331.547
260.19540 284.341
261.15979 248.876
270.14279 240.928
273.13586 341.219
277.15366 244.135
280.16391 215.332
282.17889 271.763
284.12173 199.167
296.19617 193.055
298.21194 1893.84
299.21722 196.917
301.13397 341.62
311.17099 199.418
317.21716 524.22
322.14978 318.047
332.15924 265.826
339.20096 281.068
350.14505 943.337
351.14685 230.077
355.16025 192.848
367.12302 202.517
373.16858 218.433
385.13370 253.56
404.25006 1563.93
405.25330 248.378
416.15445 296.563
444.15039 525.526
485.21436 533.168
513.20862 1070.14
517.33539 411.103
590.33502 210.147
598.29443 522.573
626.29169 1305.36
627.29944 317.967
648.37268 525.93
716.40173 236.6
725.36041 1017.09
726.36621 322.115
747.44653 285.154
808.39819 858.475
809.40277 316.436
810.40869 261.142
826.40601 462.007
848.48889 351.288
907.46344 557.727
908.47290 260.043
923.49756 349.732
925.47308 309.766
947.56110 436.938
991.47351 730.371
991.97974 264.628
992.55798 968.266
993.42938 1078.32
993.60321 421.563
1034.55701 206.548
1036.58655 329.99
1056.51904 391.957
1060.64111 485.906
1135.64685 322.484
1218.69482 415.419
1219.69287 263.933
1223.70325 294.085
