2553.26273 3
110.07081 722.786
119.04878 332.944
120.08066 1894.96
129.10214 2624.9
130.08609 777.264
131.08133 2626.47
133.04283 1133.4
136.06006 468.857
136.06310 408.203
136.07561 22820.8
137.07887 1841.52
143.11766 782.779
147.11272 2443.71
157.13338 1241.08
159.07634 2699.7
159.09143 519.098
169.13374 334.944
171.11272 969.735
173.12807 542.445
175.11880 1854.5
181.09630 346.92
183.11211 458.665
183.14835 306.752
185.09218 612.398
185.12813 1060.12
187.10820 425.223
201.12317 698.928
207.11261 3340.72
208.11684 339.879
210.02493 553.025
212.10286 821.661
215.13936 413.293
226.11816 473.57
227.13863 782.196
228.13362 1474.28
229.11700 661.117
230.11311 402.832
230.14998 743.577
233.16478 1105.96
235.10725 5714.84
236.11111 850.921
240.13354 631.205
242.15054 570.059
244.16473 328.454
248.15996 2223.3
254.14897 1043.48
258.14404 496.264
261.12256 567.713
261.15939 1983.93
269.12372 319.689
269.16113 534.228
270.14502 526.055
272.15775 816.048
274.12192 307.877
275.17334 371.401
277.11807 2524.01
285.15533 590.567
287.17078 1356.66
297.15533 385.802
299.17111 680.763
303.17050 888.713
304.12952 1852.16
305.18167 6573.48
306.14511 1328.41
306.18478 759.859
313.22202 833.99
315.16620 1427.82
322.13925 18487.5
322.18414 536.602
323.14337 3107.74
324.14755 317.758
325.18634 1539.77
327.16550 462.919
331.14505 383.449
334.13977 1087.43
340.19736 1126.69
341.22400 330.65
343.19696 738.764
344.19275 440.989
347.17221 329.309
348.15683 679.796
348.18866 656.277
353.21722 364.506
354.17789 702.799
360.15915 430.112
360.22391 450.449
365.18201 2025.66
366.18204 340.831
372.19049 886.567
375.16565 3039.19
375.23721 422.03
376.16568 526.937
384.26093 625.876
387.18726 553.432
389.18552 331.271
390.20279 1411.67
393.17618 10882.1
394.17914 2138.01
398.14545 305.982
400.25421 758.864
401.21637 456.251
407.23102 334.685
411.19757 1007.35
412.25391 444.689
417.21216 352.377
418.26563 9239.44
419.26776 1839.22
420.26862 330.773
429.21240 601.108
432.18359 419.319
439.22662 372.287
440.25101 340.207
447.19254 414.841
450.19775 458.359
452.21606 494.318
457.27795 773.428
460.25812 340.428
461.23996 1396.67
462.23959 566.492
467.26083 475.564
469.23853 404.739
475.19275 645.798
478.26617 1754.51
479.26578 540.469
485.27258 462.927
488.24881 1241.75
489.24451 422.633
496.28732 327.576
497.27261 319.303
500.22540 479.366
506.26129 1623.01
507.25967 510.973
514.29791 1927.39
515.30261 580.468
524.28235 2482.18
525.28284 400.96
533.29230 3859.61
534.29633 855.624
535.28894 576.054
542.29321 1033.44
545.27118 713.566
563.28680 453.847
571.22955 371.46
584.28326 344.409
592.31000 433.252
602.29425 957.18
613.32990 382.931
617.30597 403.836
620.30322 972.815
621.30511 361.732
627.38873 596.128
637.36926 404.943
645.30359 388.584
646.31488 643.97
651.34491 697.621
655.38470 372.92
662.32446 356.699
664.33246 3269.64
665.33746 1148.34
673.31946 554.351
673.85413 1885.84
674.35052 1381.51
674.85376 444.119
675.34753 461.276
683.37170 504.162
684.30963 1096.09
685.31281 569.127
688.37396 327.712
689.35510 443.851
696.01257 326.854
702.32318 1072.41
703.32312 555.361
715.37646 526.348
722.85736 1190.32
723.35931 761.039
723.87738 447.539
733.39380 366.22
744.86273 636.241
745.35907 1621.76
745.85803 962.928
746.35815 497.334
753.86615 3880.7
754.36932 3190.7
754.87158 1814.91
755.36334 592.506
762.34796 522.18
766.37213 1198.81
768.88342 393.032
772.38989 427.975
777.41681 1886.08
778.42273 555.013
779.42664 334.421
787.39038 351.031
793.38513 349.846
796.38684 607.032
796.88898 504.66
797.38904 607.953
799.38361 403.294
802.46973 740.69
810.41003 665.724
810.91589 491.058
814.41614 1155.27
815.40973 1127.24
815.88586 467.699
816.40759 352.568
825.39337 435.367
830.40137 350.789
833.45740 423.549
834.44098 347.886
838.91968 3050.11
839.42322 2161.15
839.91931 1318.47
840.42926 885.063
843.40155 484.703
843.92780 353.678
844.41919 383.89
846.41016 438.178
848.37128 456.68
850.44946 419.181
850.95038 649.817
851.46332 15696.4
851.95654 838.009
852.46912 6750.38
852.93225 2768.18
853.44513 2885.12
853.94641 2559.02
854.45551 720.681
873.43170 374.536
873.92786 420.853
878.46704 2797.42
879.46973 1068.22
880.47766 378.99
882.43842 2650.44
882.93726 2018.63
883.44049 1605.23
883.93488 502.66
884.45190 1118.96
885.45844 511.713
893.42987 563.075
901.93982 1123.31
902.44330 1270.64
902.94073 674.369
903.43097 3292.27
904.43903 896.368
910.94678 9381.55
911.44727 9579.94
911.94720 5526.86
912.44757 2483.91
912.94348 839.64
913.41541 365.882
925.99280 345.091
926.49908 386.482
929.43781 1573.56
930.44440 1073.65
931.44220 342.885
958.49384 409.071
958.98804 536.805
962.41406 1214.77
963.40906 847.63
967.48962 2752.75
967.98999 2401.22
968.49225 1902.7
968.98840 716.555
974.43854 457.532
975.47107 478.561
978.47394 421.636
986.99658 585.985
987.49231 633.803
987.98767 635.873
988.39813 360.188
989.50519 525.677
996.00073 5300.33
996.50000 5955.51
997.00110 3675.87
997.49744 1819.03
997.99573 763.76
1004.39679 386.647
1006.50208 654.378
1007.00848 834.942
1007.50665 3152.42
1007.99310 364.695
1008.51233 1502.85
1009.50446 736.967
1015.50806 2520.31
1016.00574 3010.52
1016.50970 3680.48
1017.00659 1142.36
1017.51111 1019.25
1024.50977 18958.5
1025.01038 21644.9
1025.51001 14288.2
1026.01013 6295.12
1026.51526 2219.64
1027.00586 787.612
1042.52637 1195.51
1043.53967 814.667
1044.48865 403.807
1061.47241 414.119
1072.05139 963.642
1072.55579 1472.73
1073.04529 971.235
1073.56189 509.172
1081.05212 7337.24
1081.55322 8242.75
1082.05383 6363.3
1082.55359 3089.03
1083.05908 1161.34
1083.53931 387.275
1087.54968 1628.06
1088.55322 720.103
1089.46277 1130.49
1090.47009 728.983
1094.60156 413.144
1099.55212 774.093
1100.53674 551.474
1104.50513 506.251
1107.55347 448.62
1108.06177 641.429
1108.56677 367.295
1113.53271 452.742
1116.57056 4031.61
1117.07153 4753.37
1117.57385 3485.36
1118.06689 1228.46
1118.58960 540.315
1130.48486 351.181
1135.60510 1316.82
1136.61560 627.956
1137.61584 411.024
1138.61230 404.74
1147.67651 382.75
1148.50598 1101.31
1149.51233 859.745
1150.51526 429.107
1157.55835 549.923
1158.57178 361.538
1170.55591 693.579
1183.58228 393.518
1192.46863 576.136
1193.47424 427.026
1194.47375 410.549
1198.10120 620.021
1198.60413 866.13
1199.09790 852.568
1199.58667 593.781
1200.59082 637.852
1201.58435 495.116
1202.55981 782.643
1203.56494 489.127
1204.54980 354.47
1216.59070 1174.77
1217.59546 1011.64
1218.60120 464.381
1249.64905 1098.21
1250.65039 524.669
1259.56836 746.06
1260.59473 365.183
1271.61694 565.461
1305.56262 376.014
1327.66235 371.792
1328.69348 939.638
1329.69763 1013.58
1330.67981 498.52
1345.64990 1398.07
1346.69751 10523.5
1347.70105 7370.21
1348.70288 3195.62
1349.70728 1121.49
1360.62292 354.353
1384.69128 708.632
1385.68909 442.967
1403.62207 698.808
1404.61780 646.386
1405.63220 404.499
1444.70105 750.172
1445.71008 424.206
1488.70874 561.21
1489.70532 896.976
1490.71729 579.092
1497.77539 347.862
1506.72913 4850.92
1507.73315 3850.54
1508.73511 2048.91
1509.75012 716.313
1515.70679 445.676
1516.71326 861.943
1517.72681 654.646
1573.73584 482.201
1574.72363 383.356
1619.79675 545.248
1630.75867 1496.06
1631.76672 1083.78
1632.75891 677.719
1676.82800 912.035
1677.83704 744.857
1678.84387 386.676
1743.83960 1051.04
1744.82190 794.404
1745.84216 589.548
1763.88196 513.909
1820.86584 611.885
1821.88013 558.799
1822.90344 495.822
