1949.90605 2
110.07077 733.259
112.08655 2672.4
115.08611 784.47
129.10185 2781.36
136.06158 907.102
139.09767 658.445
157.10805 1125.64
158.09218 397.265
175.11856 2501.08
185.10237 619.628
195.11183 410.269
212.13867 2282.25
226.11826 1155.56
236.14922 936.978
240.13368 478.821
245.07689 401.706
253.17709 651.406
254.16083 1913.66
255.14458 2827.49
255.19266 508.281
271.18686 2095.89
272.17114 5230.74
279.15463 635.926
295.13766 470.071
296.18201 1502.25
312.04904 817.226
313.14948 844.388
313.20877 2563.99
318.14838 456.317
330.06030 602.69
381.23346 667.627
385.25415 1611.8
408.22363 714.665
424.23819 502.623
426.23105 736.386
441.26733 784.2
454.27597 946.167
472.28766 1495.34
493.26395 1026.66
510.28775 1630.86
592.33710 610.705
599.37238 540.126
609.35791 475.69
610.34222 448.808
642.33484 694.364
642.83734 442.937
650.84534 715.809
662.36359 563.633
667.83832 548.95
668.33136 464.11
676.35168 539.836
676.84540 1488.66
677.34052 1066.65
679.39117 1868.32
680.37360 1308.37
685.35919 1053.97
685.85223 1401.04
686.34033 548.723
694.36121 818.363
697.39764 10889
698.40027 3245.98
719.38885 1047.62
720.39563 497.535
721.37622 1478.75
722.36444 477.071
724.88086 512.078
727.89990 1092.76
728.40228 1954.26
728.90088 742.204
733.38434 1180.34
733.88867 594.515
736.90613 1255.88
737.40912 1256.79
737.90778 527.408
738.39850 700.733
739.38464 1618.1
742.39771 998.855
742.89178 699.139
748.41364 627.621
750.90039 800.621
751.40546 1210.56
756.40961 1230.8
766.41803 2106.4
767.42145 740.535
784.42834 902.805
790.43079 753.248
790.91809 1505.2
791.42413 1155.54
791.92834 528.099
798.91968 521.303
799.42987 4424.98
799.92999 3865.86
800.43134 1983.36
800.92969 455.776
807.93860 1038.48
808.43921 3569.78
808.93524 3462.37
809.43835 1247.41
813.42773 1209.22
813.92529 1175.72
817.44629 642.242
817.94543 513.612
818.44458 469.127
822.43469 592.953
830.94135 480.852
834.47040 587.901
835.45984 512.791
836.36481 654.99
838.45807 662.171
838.95264 1815.71
839.44855 1796.34
839.94952 1190.15
842.47412 470.946
845.95813 483.523
846.46790 555.515
847.46399 4802.01
847.96027 6919.16
848.45953 5474.15
848.95789 1490
851.45337 913.476
851.94330 1144.96
852.44849 1226.57
853.96857 514.39
854.46637 707.283
854.96906 2209.63
855.47333 1415.46
855.97406 633.215
856.46844 14291.3
856.96991 13702.3
857.47125 8030.33
857.96759 694.702
859.96210 2771.44
860.45709 6379.78
860.95428 4892.35
861.45630 2161.11
862.48828 502.337
862.96417 756.391
863.48004 1718.45
863.97748 1609.79
864.48181 938.342
865.47479 6356.73
865.97430 6350.64
866.47583 2859.26
868.48132 1930.5
868.96790 21968.8
869.46674 21024.7
869.96429 10264.1
870.45697 1281.89
871.48883 706.053
871.98492 655.109
872.48914 540.185
872.99506 500.271
877.48029 17459.3
877.97656 31960.9
878.47406 21840.9
878.97205 7232.95
885.45966 447.529
886.48444 15860
886.98431 17135.6
887.48273 8695.3
887.97333 1142.51
895.48969 2028.66
895.99396 1932.21
896.49457 792.282
896.95050 476.051
903.47192 1935.47
904.47650 964.257
905.46100 457.326
917.45667 751.823
917.95715 1791.7
918.45428 1247.62
921.47150 795.68
926.46826 3362.03
926.96875 4072.49
927.46564 1703.71
931.46814 458.555
935.47449 1477.4
935.97754 1642.96
936.48578 583.531
946.51605 489.026
971.51355 608.931
988.54126 715.815
989.52887 788.603
998.54578 646.047
1016.55933 2235.87
1017.56116 965.95
1034.57446 1196.75
1040.53650 1305.27
1041.53015 1247.27
1042.53650 471.153
1044.55713 523.796
1057.56494 1838.49
1058.55090 2658.6
1059.54321 1227.06
1075.57300 1720.36
1076.56970 962.633
1086.51904 633.56
1127.59521 652.979
1128.59119 567.603
1145.60669 1508
1146.60950 666.002
1155.54919 1465.4
1156.53711 884.028
1173.59692 1011.58
1244.67371 859.086
1245.68494 657.913
1272.67432 721.666
1313.69666 1173.4
1314.70593 807.609
1331.70264 1284.51
1332.70947 886.777
1424.75061 577.906
1425.73071 635.847
1441.75244 1352.09
1442.74280 1886.68
1443.74146 921.503
1455.80542 686.994
1459.76257 1018.44
1460.77014 1296.78
1484.79175 521.657
1581.84900 634.166
1597.85364 826.525
1598.85413 863.508
1599.84961 608.067
1615.87268 820.554
1616.89490 459.401
