1149.61125 2
110.07109 7146
111.07396 334.447
112.08670 739.262
113.07092 303.342
115.08628 543.835
116.07046 344.229
117.10213 1442.65
120.08056 8883.92
121.08368 702.624
127.08657 301.514
129.06598 1053.76
129.10213 10508.7
130.04993 496.059
130.08609 5460.1
130.10474 513.914
131.08922 380.267
136.06174 720.915
136.07559 5085.7
136.08560 335.57
137.07896 454.124
139.08652 527.516
140.08229 323.525
141.10202 809.73
143.11781 804.619
147.11266 11881.5
148.11612 688.379
153.10202 624.384
155.08189 334.984
155.11780 617.967
157.06024 336.479
157.09714 607.31
158.09225 941.272
159.07591 353.019
159.09119 873.708
166.06120 340.455
167.08145 1925.86
169.09695 1125.28
171.07616 612.025
171.11279 456.648
173.12814 1947.53
175.11876 4107.46
176.12328 294.287
177.10179 598.436
178.13399 325.188
181.09738 354.609
183.11247 2552.08
183.14853 473.755
185.05473 333.427
185.09251 660.441
185.10464 293.142
185.16469 31791.9
186.16808 3144.79
187.10759 919.449
187.14369 273.615
189.08675 562.785
191.11781 936.26
193.09695 794.269
194.08168 353.411
195.07623 2571.25
197.12883 465.506
197.16356 283.773
198.08745 527.785
198.12282 327.789
199.07101 1080.02
199.10753 853.368
199.17993 313.69
200.10071 280.172
200.13916 2558.63
201.08693 552.183
201.12309 5025.83
202.12791 340.401
207.11308 301.317
209.10434 284.868
211.10767 2191.73
211.14452 404.373
212.10231 2677.11
212.13800 274.965
213.08685 2724.68
213.15950 5375.79
214.16319 527.065
215.13872 557.798
217.08179 4860.55
218.08444 352.104
218.14961 11310.8
219.11246 1421.8
219.15352 845.655
221.08925 322.771
223.07080 368.717
223.15506 1212.59
224.11626 353.25
225.09927 348.921
226.11749 541.068
227.10150 647.243
228.13376 3402.62
229.11783 2392.79
230.11285 3845
231.11398 374.025
233.12811 324.129
235.08154 393.236
235.10661 1985.72
237.12247 956.405
238.11792 1658.72
239.11229 373.304
240.09772 4954.17
240.13292 556.002
241.08179 3869.95
242.08498 391.365
242.18602 1395.71
243.13023 298.147
244.16548 349.624
249.15718 326.76
251.15012 717.354
252.10899 859.333
255.14558 983.862
255.64825 283.856
256.12888 365.721
257.14081 463.907
258.10809 7824.23
259.11188 862.562
263.10208 2475.58
265.11786 328.14
267.10855 892.742
270.14279 287.157
272.12076 446.248
272.17230 1013.93
276.13376 453.156
276.17044 284.367
277.11420 346.871
282.18066 480.154
284.12222 393.263
285.13480 646.782
286.13754 388.872
288.20242 1254.31
293.19638 446.656
294.14410 1515.2
294.18088 943.403
295.14142 325.955
298.13928 3405.67
299.14243 560.465
303.16611 450.452
306.12109 393.704
311.17010 621.871
311.20706 954.193
312.15448 4156.79
313.15918 557.195
316.14981 3882.46
317.15393 601.114
318.14484 804.122
322.13739 648.41
323.20752 500.032
329.14725 298.777
330.16437 416.643
331.16516 610.913
334.13852 983.336
335.14163 288.871
336.09628 312.545
336.15479 761.967
339.16553 3058.02
340.14847 4749.45
340.68250 307.575
341.15198 882.177
341.21805 1628.37
342.22256 390.214
346.14053 809.121
351.20203 293.888
357.17615 4809.04
358.18106 584.493
360.15292 425.189
363.16586 605.303
364.14996 6341.24
365.15198 1281.2
365.21759 13447.2
366.22095 2421.78
367.13153 393.119
371.19119 497.183
381.17612 461.27
383.16647 369.591
389.18094 607.549
391.16449 305.726
395.18835 323.19
396.18994 430.176
397.20700 1070.98
398.20926 362.914
405.17648 866.087
407.19424 529.085
408.26273 297.276
409.17444 1395.34
417.17661 804.397
422.20242 1374.18
423.18689 3953.03
424.19000 810.33
426.17136 1182.85
427.18173 2660.16
428.17938 448.086
431.23816 747.085
432.24594 390.622
435.18726 2739.67
436.19083 609.288
436.22797 487.961
440.21310 1166.35
441.19550 2395.72
442.19995 836.639
445.19254 1905.33
446.19672 509.203
451.22049 300.97
453.18777 359.165
454.16403 877.696
458.22620 464.367
459.22348 462.399
460.22870 3790.77
460.72925 1563.07
461.23404 421.117
462.23633 542.017
463.21899 1683.94
464.22086 448.578
466.22958 1280.33
467.23383 502.892
470.25751 491.705
472.28790 985.007
479.29843 1348.21
480.24451 8215.74
481.24783 2063.19
492.20740 755.295
493.18750 697.343
497.21136 954.156
510.22464 386.594
510.61722 382.092
516.24292 354.74
520.20032 679.392
525.20178 628.152
528.24780 308.404
531.32239 758.007
534.25806 582.374
537.22528 1754.4
538.21344 4459.82
539.21460 806.143
541.31598 297.472
545.28009 654.217
546.25879 372.215
549.27557 468.092
552.28619 300.142
555.23999 9425.96
556.23212 3496.04
557.22736 941.023
563.28528 1146.11
564.27722 597.322
573.24536 1545.58
574.25293 835.574
575.32220 685.125
576.31305 1071.27
577.26624 624.434
581.29285 15659
582.29572 4454.65
583.29803 698.688
592.26404 634.707
592.38110 561.151
593.26093 340.291
620.31537 323.115
621.25586 583.947
621.32196 490.985
627.23999 313.627
644.28052 426
662.34802 762.219
663.27765 313.43
672.26044 382.484
674.31592 995.921
675.30859 457.747
678.35614 522.252
680.35992 8152.51
681.36450 2744.39
682.37311 532.881
684.29797 399.824
699.33899 302.932
702.30627 3101.34
703.30768 1311.49
707.40839 1786.78
708.41406 845.617
720.31726 309.721
746.35004 311.615
747.34210 1144.34
748.33746 407.552
749.35883 383.466
761.37396 379.395
773.34406 1121.9
774.33911 502.96
791.38867 1520.62
792.39337 759.07
798.41864 317.313
801.35052 433.311
805.38422 865.767
806.38293 538.937
809.40155 4752.31
810.40381 2033.17
811.41565 312.919
818.37592 850.962
819.37787 536.773
901.43878 322.739
902.42603 600.108
919.44885 1502.7
920.43719 4108.97
921.43579 1815.08
922.44653 606.701
937.46027 1606.51
938.46478 955.014
1036.53210 467.85
