3086.60996 3
110.07126 8736.05
129.10191 4484.08
130.08618 4350.93
142.12242 4517.11
143.11847 6131.46
147.07620 4525.52
147.11269 8087.5
157.06120 4704.96
171.07695 4295.43
173.12843 13128.1
175.07135 10962.1
187.14394 284504
188.14789 24086.9
189.08754 5917.96
197.12881 4369.99
201.12323 20912.6
215.13887 161828
216.14243 18864.1
229.11781 8342.93
237.13551 4724
252.13429 8641.78
255.20685 5148
258.10892 6427.77
260.19711 15040.6
266.15009 5228.93
270.14453 48741.6
271.14731 4237.71
283.20126 13176.4
284.16022 38699.5
285.16238 6580.44
288.15518 20546.6
298.13998 4723.44
300.15469 7812.02
302.17084 43246.9
303.17255 5248.95
326.17017 7926.97
335.17462 4355.09
343.16153 12464.4
353.18149 60519
354.18588 8859.6
357.18387 19708.1
370.23355 10000.8
371.19241 95510.3
372.19531 14829.4
374.23935 47437.1
375.18631 12881
375.24307 10002.5
379.23596 6903.52
383.23001 5298.78
385.20740 5548.62
389.20285 27658.9
390.20456 4462.93
395.19180 4538.76
397.24362 10622.3
399.22354 5339.33
413.24051 7288.96
422.20175 10658.2
423.23801 4752.02
428.17636 4541.16
440.21371 25176.9
446.18741 6169.36
448.25592 5120.51
454.22992 4873.72
456.28226 20778.3
457.26813 4662.54
458.22635 13230
466.26584 38854.2
467.26706 7145.02
468.24826 7390.39
474.29233 24475.4
475.29697 6747.56
484.27585 38304.3
485.27505 17894.2
502.28473 15062.4
503.28281 71330.2
504.28574 15626.9
512.30524 4545.56
523.25012 11399.3
527.23962 4876.83
535.28961 6435.09
541.25928 7014.43
542.28192 4830.39
545.20447 5505.11
553.29834 15745.1
571.30841 11234.7
585.32581 6740.41
598.24420 7893.49
602.35010 77123.3
603.35144 19355.6
614.27484 6330.08
616.25421 9907.52
634.26599 8054.02
636.33295 5016.81
653.32813 7610.07
654.34265 12506.3
655.34607 4693.99
672.36035 5585.63
703.28418 5123.89
715.43347 30940.7
716.43561 13582.6
742.86932 4836.47
752.39191 12704.6
753.38824 7146.63
777.38898 6255.2
786.47144 42960.2
786.88727 5467.68
787.47388 16172.8
797.38269 6554.67
802.35431 11212.9
806.38745 5207.96
825.45264 6066.92
833.95435 29657.7
834.45844 24696.7
834.95880 12913.5
842.41333 7628.51
851.46454 5754.78
868.40460 9149.05
881.42737 5896.3
883.50415 8977.62
883.99475 9501.19
892.44171 7203.36
892.93707 6398.73
900.43256 6822.11
900.92700 6352.42
901.43597 8239.09
915.51642 51184.5
916.51965 17683.9
919.43365 5623.19
935.95361 10342.7
936.46356 7701.13
938.50012 6178.85
967.53949 5667.5
969.46747 10581.8
976.53864 17642.4
977.03766 18874.5
977.54340 11147.2
992.48846 5752.77
1012.05371 16820.8
1012.55762 15479.7
1013.05756 10001.1
1014.58630 56132.7
1015.58191 32715.6
1016.58630 8857.71
1019.84479 6022.48
1028.48645 8139.21
1029.49597 7134.61
1047.57458 28709.1
1048.07446 34930.3
1048.58105 17104.1
1049.07141 6654.5
1051.54114 4910.58
1056.49622 17708.4
1057.49438 8856.16
1065.55164 6373.6
1080.52539 5481.39
1105.08643 16396.5
1105.59680 23746.5
1106.09106 18623.6
1106.57458 4944.81
1113.64929 25303.3
1114.65125 17058.4
1143.52905 6841.13
1155.61060 32490.9
1156.11316 36267.7
1156.61316 27924.1
1157.12170 11582.7
1164.62964 10685.3
1165.62695 6566.93
1171.52747 5391.84
1190.11584 6157.69
1190.62646 8264.42
1191.13477 5124.74
1191.60974 5804.85
1199.12891 47737.6
1199.62732 66987
1200.13025 41996.2
1200.62732 22091.8
1201.12085 5700.55
1220.13611 5201.16
1220.61523 6539.23
1226.73657 25066.5
1227.74377 17946.5
1240.64539 8783.27
1241.14917 15411.7
1241.64563 11203.3
1249.65222 51434.2
1250.15356 77164.2
1250.65723 56340.5
1251.15283 26416.5
1251.66162 5386.35
1256.62878 5152.85
1257.64990 5811.72
1266.64868 5396.19
1275.16211 16933.2
1275.66479 24644.9
1276.16003 19825.7
1276.68152 8013.45
1284.16333 18181.5
1284.66150 28980.5
1285.15442 23406.1
1285.65027 12636.8
1293.17078 111087
1293.67065 158738
1294.16858 114721
1294.67041 55137.2
1295.16089 16566.2
1341.22595 5195.18
1341.76685 16119.8
1342.77222 11647.3
1349.71216 19144.3
1350.21191 39419.4
1350.71265 26402.8
1351.21045 11278.9
1351.72119 5761.81
1359.59717 8430.22
1360.59387 7344.93
1383.69897 5236.36
1384.71204 12010.5
1385.21277 5933.56
1385.69348 8846.95
1393.23157 20448.3
1393.72791 35167.9
1394.23291 23870.9
1394.72900 13551.7
1395.22766 6793.76
1418.74866 5575.7
1419.24243 8774.51
1419.74377 9858.75
1427.75964 8026.12
1428.24597 18321
1428.73621 11819.3
1429.24280 6269.14
1436.74890 52799.5
1437.24695 70827.6
1437.74658 59715.1
1438.24048 29709.1
1438.74365 14258.1
1440.86426 9428.36
1442.80652 29146.8
1443.81140 21840.3
1444.81775 6942.09
1472.69006 8636.46
1484.71924 5502.64
1520.78564 5847.18
1529.84338 57392
1530.84985 49507.7
1531.85376 19931.3
1532.84888 5813.91
1571.75586 12541.5
1572.74963 8033.59
1649.89880 5473.78
1666.90063 72247.6
1667.90527 73117.7
1668.90955 30446
1669.89099 9377.17
1670.86682 4992.06
1671.81604 6634.79
1765.97034 38680.3
1766.97485 34126.7
1767.96704 13619.6
1768.97620 6117.71
1865.04785 7728.57
1866.04126 5738.08
1867.05383 4999.92
1870.88110 5843.21
1871.89563 7780.72
1952.06946 12424.8
1953.07178 10195.9
1983.98254 5582.53
1985.00073 8162.11
