1793.80460 3
110.07114 9754
111.07423 494.982
112.08670 873.175
115.08649 449.87
120.08068 4208.49
121.08401 371.961
129.10211 3236.04
129.11250 319.785
130.08612 751.978
136.06206 455.813
136.07567 2704.94
141.10216 677.887
147.11272 1759.51
155.08141 642.352
156.07671 485.644
157.10800 681.576
157.13335 1488.11
158.09232 337.879
159.09157 957.566
166.08614 2484.79
167.08311 304.789
167.08984 398.071
169.13315 473.241
172.10818 411.03
173.12753 441.961
175.11897 2466.73
179.09283 756.937
182.09219 347.519
183.11292 375.281
185.08951 316.021
185.12761 583.146
185.16476 10149
186.16805 947.872
187.14406 496.846
197.12952 550.253
199.10555 317.56
200.10228 656.551
201.12251 485.384
207.08769 1344.84
210.02510 432.562
211.10724 409.675
211.14412 311.473
212.10257 450.353
212.13832 305.655
213.15974 3228.32
214.15126 377.923
215.13890 412.198
223.15518 905.183
225.09813 508.599
226.11855 1102.94
228.13382 763.727
229.11887 321.563
234.14488 334.294
237.12262 569.176
242.18507 347.473
251.15022 1911.55
255.14491 2689.77
256.14731 397.346
260.19696 448.475
262.13873 1001.16
267.10931 312.94
272.17194 3713.58
273.17441 314.493
276.13428 1467.45
285.16730 1974.63
294.14478 400.978
295.13956 715.939
300.17075 530.225
305.06451 1025.94
311.17072 634.445
313.15131 318.865
320.17096 1196.62
330.14322 424.81
337.16000 303.951
340.19736 358.438
340.68912 667.154
341.21835 1642.94
347.17068 1453.35
349.20288 4027.71
349.70401 1199.07
350.20374 317.723
354.18811 2880.74
355.19238 477.144
363.18695 2167.38
364.19046 313.127
379.23486 1102.63
380.22971 740.363
383.71359 1970.51
384.21710 771.607
384.68234 559.936
385.25534 1085.63
398.14832 2744.78
399.15094 814.608
402.72702 1664.24
403.22842 810.573
407.71463 351.977
408.18698 888.428
412.26041 370.395
416.72443 3017.02
417.22534 1290.92
423.20132 417.762
425.26010 420.014
425.73135 477.757
426.23416 565.865
437.23865 390.059
442.23038 752.773
442.73224 415.743
444.23465 366.203
446.24612 352.602
451.23535 9714.83
451.74188 3740.02
452.18576 600.953
452.24524 5940.31
452.74615 3060.04
453.25534 3118.92
454.26108 537.922
458.20053 994.692
460.24023 1994.28
460.74319 1140.49
461.24966 832.243
461.75250 320.837
465.71310 2859.72
466.20844 779.619
472.28717 4759.63
473.29153 1217.77
475.22272 544.774
483.73758 4880.31
484.23856 3338.44
484.73904 578.43
485.76044 425.899
486.27032 362.741
491.21658 496.459
491.25296 398.786
491.71634 596.874
492.20425 475.706
492.71249 377.576
499.75983 423.134
500.22357 8988.02
500.72437 4434.89
501.22980 5116.15
501.73260 2167.37
502.23322 729.702
508.78525 3506.79
509.28326 2237.9
509.78339 826.218
510.25577 3828.28
511.21799 622.796
511.26617 534.223
512.23138 338.747
513.60718 329.434
521.61182 514.3
521.94434 495.583
523.29730 320.066
524.24878 447.525
527.28650 4044.46
527.61761 7565.61
527.95013 5324.75
528.28394 2364.17
528.61591 424.88
533.28992 43360.6
533.62347 39883.5
533.95746 19090.2
534.29150 5241.05
534.62659 1131.09
539.29327 11767.1
539.62622 9249.31
539.96075 4702.38
540.29828 1549.68
540.81439 466.218
548.74890 420.336
549.20587 723.875
549.70636 351.541
549.81128 402.044
550.30743 427.935
554.31653 678.212
554.60382 540.487
554.93884 466.892
557.77155 1619.87
558.27252 845.102
559.94476 2842.49
560.27710 4519.16
560.60938 3302.63
560.94202 1220.44
561.27539 490.901
563.79095 668.743
564.29590 990.64
564.80145 547.345
565.26886 340.233
565.94879 27035.7
566.28192 22597
566.61597 12645.5
566.95099 3919.56
567.28534 855.356
571.95142 3388.18
572.28589 3124.28
572.62103 1668.87
572.95380 598.561
573.30133 504.031
577.27576 453.029
582.29803 7285.71
583.30432 2571.98
584.31732 538.759
592.93524 537.867
593.25812 405.366
593.82269 376.901
596.27051 388.862
597.35553 1163.76
598.29657 1333.52
598.37555 782.436
598.47400 456.28
598.60553 4524.26
598.79279 742.914
598.94135 3619.45
599.26819 2179.61
599.60522 690.397
600.28375 644.402
600.35663 2389.4
601.35773 658.77
605.27106 534.04
607.30865 756.653
607.80841 419.017
610.32874 364.505
612.78082 997.389
613.28394 694.652
615.35303 362.085
620.30084 480.308
621.28882 1529.41
622.29346 837.967
622.84460 841.543
623.34692 899.341
623.83704 338.341
630.81421 533.813
637.32965 896.756
638.31488 1926.81
639.32288 514.234
647.28748 1156.51
647.78693 658.418
650.35413 651.158
652.27765 573.806
654.84418 902.259
655.33997 364.262
655.85083 418.552
657.35339 940.719
657.84760 799.335
663.84912 750.474
664.34937 746.756
667.38989 2500.91
668.39233 827.335
671.82550 449.098
673.38684 1866.03
674.38959 2273.26
675.39740 580.128
677.37579 576.283
678.36292 628.664
679.39093 1105.74
680.27740 5315.13
681.27582 1457.54
682.28241 368.76
688.31262 446.829
695.38251 8798.74
696.38367 3372.69
697.39844 25956.2
698.40167 9706.15
698.82990 444.695
699.40771 2185.76
701.41187 332.865
703.83423 497.784
704.32593 510.328
706.33411 599.265
706.83820 394.964
711.33490 334.522
712.86975 545.258
713.39679 1239.2
721.38049 788.123
721.87305 335.232
726.36584 414.889
726.86780 403.79
736.39771 1011.89
744.33624 343.909
748.40979 608.674
749.39594 1187.75
750.40790 529.128
759.34650 362.688
761.85791 351.33
765.36499 1631.19
766.42255 8581.09
767.42474 3851.4
768.42773 625.538
775.35010 442.643
776.41547 451.17
784.43182 1729.5
785.37823 4760.75
786.38348 1965.65
787.38617 700.388
788.45612 841.029
793.35925 6173.37
794.34534 1534.71
794.44189 771.363
795.43658 468.072
798.32410 459.791
804.44403 507.717
820.35687 518.251
821.36157 347.962
828.37134 363.628
832.44318 1286.25
833.44965 572.989
838.37689 435.49
845.38855 808.447
846.38403 1337.38
847.38403 583.627
856.41638 6871.66
857.42023 2948.97
858.42334 563.301
864.39441 2231.64
865.39545 952.742
866.43665 387.005
897.38745 690.469
901.46198 2153.02
902.45972 1029.69
903.47839 2726.07
904.48053 1298.94
910.46436 373.873
913.48767 518.442
914.46960 398.125
919.47339 703.624
920.48151 502.741
929.48663 857.843
930.51263 669.028
931.44702 388.866
950.43823 350.008
966.46655 1109.89
967.45422 5395.38
968.45233 2666.1
969.46106 605.015
984.47717 6591.62
985.47931 3377.1
986.48944 721.351
999.43872 1120.98
1000.42633 574.825
1001.43420 345.339
1018.53528 433.178
1019.54022 419.345
1027.46167 698.325
1028.44531 491.439
1083.54553 958.691
1084.56348 480.075
1286.59399 527.528
1287.60022 432.51
