1525.67273 3
110.07085 595.654
129.06584 259.371
129.10185 6184.6
130.04970 309.219
130.08591 581.93
130.10474 333.465
136.06120 210.759
147.11243 2016.36
153.10225 291.291
155.08078 754.389
167.11755 377.961
173.09193 303.908
175.11807 270.196
181.06026 942.638
181.09682 348.67
185.12788 328.574
195.11252 372.401
198.12274 310.064
199.07092 1419.19
199.10709 333.199
213.08633 264.463
216.13354 1270.34
217.08154 854.794
226.15445 2379.53
227.06551 1802.73
227.15614 208.036
231.09744 455.132
238.11804 3299.87
239.12213 280.164
240.13457 397.691
241.08116 347.782
241.14159 1551.43
241.64410 204.773
244.16481 10807.9
245.07629 758.225
245.16835 1170.22
256.12833 234.733
258.14456 361.459
259.09180 271.604
290.12976 4319.08
290.63162 1086.17
308.09885 343.003
309.19122 534.973
314.09625 262.488
327.20190 2584.34
328.20633 478.44
336.09464 2282.91
336.16922 465.427
336.67163 210.849
338.18631 572.846
339.16342 438.172
340.65512 285.007
341.16116 615.254
343.17831 326.422
344.23090 251.938
350.16797 913.721
352.18018 355.172
369.17319 430.381
377.68802 228.29
378.18359 273.181
380.18002 202.806
382.68173 225.313
383.17404 325.767
384.22336 1561.58
386.68759 208.078
387.18741 309.499
391.68512 711.218
392.18765 349.826
395.21466 385.917
395.54932 212.295
400.69183 1014.26
401.19110 388.756
405.68170 202.915
406.17072 251.337
406.86133 253.493
409.69620 234.526
412.21841 716.58
412.53345 722.456
412.86771 524.938
414.68845 1192.08
415.19058 460.217
424.17874 585.691
427.87228 281.288
433.20291 221.017
433.70135 287.539
438.19507 277.516
442.21149 660.772
442.70694 718.583
443.20364 321.714
444.55579 509.165
447.20026 773.222
447.70316 269.261
451.21527 2341.15
451.71713 1051.51
452.21747 352.016
455.89209 433.082
456.20599 2137.14
456.70660 1017.69
458.56091 219.445
458.89404 213.969
459.21710 337.502
460.21906 276.461
463.26602 295.991
464.56332 1859.1
464.89694 1384.13
465.21136 1666.99
465.71503 635.865
466.21402 317.3
470.21960 332.952
470.56717 4665.41
470.74429 281.265
470.90094 3350.68
471.23526 1457.32
473.26270 259.635
476.56985 756.977
476.90469 492.015
477.24368 289.47
481.27542 4084.48
482.19830 1092.02
482.27866 1098.72
483.20273 212.819
484.75366 652.062
485.26059 326.597
488.23221 425.837
497.22162 698.366
497.55518 438.285
497.88879 411.611
499.28699 717.536
500.29562 320.766
503.22446 1769.08
503.55951 1162.13
503.89349 507.9
504.73499 452.997
508.70850 258.012
509.14880 354.613
509.21176 362.319
509.56052 326.57
513.73834 214.845
519.24628 401.435
525.22980 287.114
528.24707 228.376
533.24316 351.769
533.74115 617.272
534.24408 374.602
535.20770 212.693
542.25250 272.022
548.79932 361.851
552.27600 380.201
561.24213 446.368
561.75793 360.263
562.26025 239.173
564.31842 266.691
565.75586 344.913
566.25311 212.141
569.77197 642.798
570.28552 882.925
570.77356 327.22
571.28571 223.226
574.76166 1459.77
575.26422 702.591
579.25153 9000.5
580.25397 2378.76
581.25690 345.453
582.32324 868.672
583.32104 372.019
583.76666 1891.59
584.26471 1192.82
584.76819 453.374
588.29431 305.991
592.31848 1160.28
592.76062 668.155
592.83527 496.997
593.26758 365.348
602.31256 291.79
616.32574 395.032
618.29120 235.205
632.30237 356.6
640.82294 229.145
641.30573 991.989
641.80865 571.197
649.83136 920.114
650.33063 521.664
653.31818 260.283
662.28491 239.218
663.30475 262.712
671.33862 300.162
677.32574 249.034
680.29803 972.312
681.31415 1070.31
682.32196 317.032
685.34845 404.459
698.81793 492.478
699.32648 1127.34
700.32574 353.873
703.36121 773.668
704.36255 307.013
711.36426 436.083
717.33728 386.459
725.34399 274.142
764.35040 237.811
782.36523 568.917
783.36487 236.788
791.33087 423.785
792.33527 221.181
800.37610 582.371
809.34326 210.605
810.35712 531.357
811.35779 245.638
818.38629 459.25
828.37103 1250.46
829.37341 437.359
840.40869 535.295
841.39978 264.49
846.38141 306.355
893.39227 348.151
901.42206 232.58
911.40564 1074.03
912.40430 452.893
929.41681 1904.69
930.41962 903.697
931.42188 244.801
938.39325 282.052
940.47302 427.54
947.42523 520.811
948.43835 280.205
968.51062 550.317
1066.48071 215.849
