1448.73979 2
110.07092 1723.46
115.08642 319.816
120.08038 3168.18
121.08356 261.155
129.06589 323.262
129.10196 3451.84
130.06477 2003.41
130.08600 867.533
132.08052 561.994
133.04297 313.906
136.07532 1896.55
141.10176 270.175
143.08113 520.835
143.11748 728.266
144.08041 552.506
147.11240 2002.51
155.08098 378.344
157.09691 1022.64
157.13278 655.19
158.09140 435.138
159.09125 6348.54
160.09506 616.868
168.08028 252.654
169.09669 258.48
170.05951 1245.77
171.11227 512.608
173.12787 317.222
175.11845 1605.66
183.11226 316.698
183.14882 270.624
185.12796 1219.56
185.16463 226.752
187.08583 1904.82
187.10626 284.578
187.14418 262.049
197.12770 498.53
198.12726 1004.29
199.18001 728.982
200.10193 706.405
200.14285 3060.34
201.12292 725.206
201.14807 238.998
205.09650 218.739
207.11179 208.399
210.12704 394.274
211.14349 378.713
212.10292 236.094
213.08664 324.343
213.16028 232.321
214.11783 282.211
215.13826 614.567
216.07919 252.717
216.09735 234.637
217.08179 414.847
219.11313 187.215
225.09856 295.982
226.11943 347.32
227.15387 1650.32
228.13365 952.217
228.15714 189.772
229.11789 857.937
230.11108 224.964
231.11096 491.9
233.16440 212.623
235.10634 401.393
240.13335 927.124
242.14941 237.392
243.12999 250.052
243.14951 187.501
244.16451 569.895
245.07611 677.547
249.12259 475.482
254.14903 290.861
255.14856 5921.31
256.14774 495.333
256.16879 633.155
258.14328 2534.35
259.10794 480.183
261.15887 196.413
263.10181 766.84
268.16489 238.402
271.13974 931.361
271.17657 846.709
272.11664 204.884
272.17487 10760.3
273.17834 1562.06
276.15399 2327.01
277.11597 222.143
277.15628 264.245
282.17920 262.149
283.14325 1094.24
286.13818 879.02
298.21082 498.585
299.17029 822.103
299.20639 241.207
300.17014 4425.11
301.17230 635.985
311.17261 214.788
313.18604 308.392
325.18616 246.692
327.20258 243.853
329.16443 277.356
329.18039 266.419
339.20020 309.308
342.21207 671.662
355.16031 349.746
356.22821 339.297
357.17609 662.416
367.23471 216.179
368.23218 426.867
370.20663 672.261
371.20630 262.502
373.16824 297.445
374.13364 920.521
383.18948 235.28
384.22525 463.634
391.18124 1930.26
392.14523 890.37
400.21927 230.914
412.25504 295.941
413.25198 712.551
414.25372 210.094
428.21497 415.102
439.26950 261.585
454.22778 195.07
455.29654 307.111
483.29190 209.545
499.25204 229.217
502.23349 214.916
520.24133 331.84
533.28845 270.809
538.24951 2815.66
539.25433 514.889
548.23572 199.449
619.27277 299.102
649.28271 650.988
650.28271 244.739
667.29138 1864.58
668.29236 589.621
725.39655 748.738
766.35608 540.831
823.37988 1491.98
824.38196 469.415
894.41766 1156.74
895.42120 437.198
965.44745 923.737
966.45374 357.509
1036.49463 817.979
1037.49268 370.107
1149.55896 415.053
1150.58606 221.175
