1949.90219 3
110.07120 5198.58
112.08659 1106.38
120.08078 2039.05
129.10223 6372.87
129.11281 404.043
130.08632 815.26
130.10475 407.72
133.04276 490.56
136.06166 546.375
136.07571 4997.69
137.07901 430.936
147.11272 1858.05
157.09796 367.324
157.10715 418.827
158.09154 515.686
159.07693 343.447
159.09143 753.693
167.08176 503.423
169.13353 3418.21
170.13669 442.886
173.12872 591.463
175.11896 4121.05
183.11287 347.239
183.14922 590.795
185.16505 381.544
193.09753 368.5
195.08771 500.272
197.12836 1730.11
201.12375 963.529
207.08818 426.163
207.11221 1367.89
210.02464 366.354
212.10222 403.769
212.13968 691.913
215.13889 949.538
217.13467 435.062
223.15601 524.472
225.09883 630.54
226.11888 990.337
227.10257 553.621
228.13391 447.108
228.61920 1882.73
229.11832 1056.86
235.10695 1082.34
235.14372 562.365
240.13414 1180.36
243.13426 523.488
244.12720 372.119
244.16469 645.528
245.12944 421.145
251.10229 350.833
251.15004 981.067
252.06085 437.953
253.09273 639.633
254.16298 471.4
255.14487 2361.85
255.64836 2306.63
256.14938 673.146
261.15610 781.937
264.65372 421.138
265.05768 467.523
272.13657 1682.18
272.17178 2660.85
273.17450 359.398
283.14359 759.201
286.13278 468.123
289.16092 850.678
291.18552 1289.82
300.19189 612.586
304.63611 416.041
305.18250 2890.12
305.68433 775.371
313.20749 535.052
319.17267 1811.18
320.17514 592.756
337.18582 369.219
341.15561 957.096
349.20425 1318.62
353.06662 479.157
355.70767 647.871
358.65955 390.196
364.71115 1096.14
367.66501 1095.41
368.16635 404.46
369.70425 2789.2
370.20599 977.079
373.22314 382.513
378.70944 2098.8
379.20792 850.605
383.68451 562.89
385.25656 819.564
399.71155 680.2
404.69424 970.873
405.19604 455.311
407.17224 412.634
416.23236 542.46
418.69223 5507.56
419.19217 2140.02
419.69278 458.386
425.17633 612.046
426.24402 1460.06
426.75015 664.015
439.20459 480.001
448.19855 445.32
452.24323 2762
452.74420 1286.82
453.24814 500.12
456.23120 8287.71
457.23395 2365.66
458.23941 513.296
461.24048 1132.42
461.74057 496.144
471.77121 432.37
472.28876 1972.75
473.29782 403.42
475.23541 2137.24
475.73550 995.186
480.77780 2305.43
481.27881 1127.95
481.71982 914.142
483.26651 1646.21
483.89801 418.406
484.26953 816.946
485.76974 655.635
486.26767 713.038
488.22647 381.361
489.78238 664.762
490.28485 620.589
494.77585 2879.95
495.27649 1370.23
495.77719 376.577
499.29010 774.33
501.23129 1537.74
501.72940 507.139
503.24225 1074.47
503.78384 826.911
504.24515 1255.56
505.24615 549.411
506.23474 808.788
508.78378 1406.02
509.28644 485.008
510.29102 1134.02
515.28778 420.638
520.28229 631.651
520.77057 1614.64
521.27515 777.182
521.77185 401.879
529.28613 9940.22
529.78583 5597.49
530.27942 1808.07
530.77393 520.789
534.76160 772.44
535.27173 1637.59
535.77338 673.309
538.29224 3734.85
538.79211 2164.25
539.29791 649.595
541.24792 1662.66
541.75031 852.612
543.26245 531.701
543.76288 1638.83
544.26495 1131.84
547.27655 389.489
549.23871 554.494
551.76715 1325.87
552.26685 867.616
552.76923 671.231
556.28033 513.218
557.76782 550.182
558.24200 1679.09
558.74487 781.991
565.64288 604.219
565.97675 610.381
569.26630 1035
569.76733 1146.64
570.25079 474.375
571.25891 1950.73
571.64789 1071.33
571.98828 456.793
572.26453 453.424
573.31586 503.792
573.64630 895.147
573.97821 1140.91
574.31482 997.616
575.31842 461.254
575.65747 553.321
575.98938 522.289
576.25092 410.414
578.27429 6642.27
578.77594 3848.91
579.25269 667.516
579.32672 3436.15
579.65070 10728.2
579.77496 848.385
579.98346 7523.48
580.31964 3489.35
580.65216 880.733
580.78497 1373.8
583.32819 389.802
583.79071 435.352
584.99829 968.771
585.32379 43381.7
585.51459 449.308
585.65729 42300.5
585.79321 411.779
585.99066 23019.9
586.32452 9522.3
586.65619 1873.61
587.27783 410.725
591.32617 21045.6
591.66107 18852.8
591.99500 9820.1
592.32990 4439.26
592.66638 761.748
592.78308 3866.93
593.28528 2149.76
593.78436 660.79
597.33112 562.868
597.66595 634.398
597.79053 735.446
598.23248 2318.67
598.63635 424.247
598.72894 1658.58
599.22540 578.643
600.35352 821.87
600.74316 1702.56
600.81372 467.218
601.23682 1093.06
601.31335 939.106
601.80725 944.516
602.29755 423.63
602.81116 480.06
603.25397 1410.92
603.97845 440.974
606.30371 731.588
606.63385 755.781
606.96869 501.278
607.23407 3012.71
607.73505 1550.62
608.23914 539.551
611.97992 3473.56
612.31116 7284.77
612.64264 5158.82
612.97552 2304.08
613.30652 644.877
614.78876 1584.78
615.28888 1233.32
615.79010 645.108
617.65607 964.665
617.98297 29872
618.31610 28442.3
618.64923 15259.8
618.75623 504.651
618.98407 5093.76
619.25684 614.671
619.33331 829.718
620.27539 628.078
623.98499 4955.75
624.31946 4995.47
624.65375 2836.31
624.98767 1082.87
625.33893 552.474
625.78784 399.91
626.03583 483.93
629.79645 695.746
630.29236 706.243
635.30688 448.401
641.28357 581.744
641.77679 427.266
641.85376 540.217
642.33942 617.057
644.64014 921.945
644.96979 1397.2
645.30292 890.643
645.63812 501.95
646.33417 507.949
647.32275 766.495
649.30731 1191.2
649.77527 1658.16
650.28241 2207.4
650.64148 7768.81
650.77490 1975.41
650.86548 1006.66
650.97498 5870.47
651.30078 3724.53
651.64215 1092.21
651.97894 509.346
654.77112 3040.21
655.27069 1459.76
655.77313 886.562
657.80945 1715.02
658.30981 1138.57
658.80627 510.625
659.35400 417.635
662.80066 688.115
663.29834 992.681
663.77722 3105.27
664.27710 1838.81
664.78345 695.69
666.36627 449.809
671.80981 14034.7
672.31152 10442.1
672.81299 3775.17
673.31036 1403.96
676.84814 556.451
679.39008 3953.19
680.39484 2400.62
680.81415 1534.16
681.31573 1426.92
681.81799 639.248
685.35840 767.84
690.83160 622.432
696.80237 596.35
697.39899 20369.3
698.40271 7902.42
699.40613 1683.11
701.22510 808.269
702.23077 407.318
706.79901 1438.27
707.30145 1029.46
711.79034 918.955
712.28467 1527.34
712.78918 694.483
718.27979 412.134
720.34253 796.699
720.79816 15899.2
721.29865 11591
721.79956 5111.04
722.30096 1898.93
725.33441 915.132
725.84033 650.571
728.40613 711.372
732.89966 493.12
734.32104 4149.4
735.32141 1735.98
738.40472 761.855
740.37457 1268.63
741.37799 449.002
741.89935 909.619
742.39899 819.517
742.90698 462.393
748.86230 678.732
750.91113 457.429
755.87622 1294.71
756.37366 1241.31
756.87714 588.413
761.35901 532.276
764.35040 660.076
765.34912 659.961
766.33118 3492.41
766.43347 4240.96
767.34052 2202.23
767.43097 2026.14
768.32465 429.554
769.31842 565.454
769.87787 1167.23
770.37512 1011.48
770.87927 432.642
777.40741 397.952
781.88629 675.244
782.38403 588.481
784.43085 2183.54
785.43549 510.457
790.90912 490.903
791.40314 401.785
794.41919 1304.18
799.44177 444.947
801.41302 474.321
804.83478 426.132
805.34930 562.743
809.37164 415.221
810.39362 417.108
812.40979 419.698
813.43420 1244.28
813.93317 1143.88
818.38843 444.913
818.85266 597.831
819.35181 828.502
820.42120 621.245
831.46179 1681.45
832.45593 795.91
834.45709 513.284
836.37549 1827.25
837.37805 772.627
844.46149 406.829
846.38367 969.498
847.95459 399.505
848.48035 439.594
849.34601 6443.66
850.35217 2660.16
851.35541 603.364
851.50311 529.758
857.46606 443.933
857.94580 442.921
862.41846 417.899
863.43207 460.276
864.39972 1028.37
865.39679 512.826
879.43347 497.27
883.92462 1726.09
884.43091 1630.78
884.92560 970.81
893.44763 406.473
903.47955 2871.28
904.48212 1640.29
913.46155 867.509
914.46783 650.187
921.47858 1376.89
922.48505 680.873
931.46735 866.156
932.45050 468.033
936.45575 937.097
937.44592 945.994
944.42273 837.745
945.41302 872.05
949.46210 2069.75
950.45929 876.272
962.43268 10349.1
963.43488 5367.32
964.43774 1435.41
1001.44537 430.925
1002.46063 861.464
1005.47687 1996.09
1006.46393 1365.51
1007.47876 428.579
1009.45374 533.789
1016.57587 1307.12
1017.57892 759.92
1023.47565 897.135
1027.57361 420.994
1033.47070 4407.07
1034.45947 3357.16
1035.46179 1237.65
1036.48193 441.574
1038.54993 428.923
1061.50269 820.425
1062.50635 633.686
1085.51965 497.949
1086.52930 575.524
1102.53101 745.768
1103.44312 453.676
1145.60828 736.569
1146.61475 474.069
1155.56006 589.704
1158.54810 907.294
1159.55701 518.631
1258.59460 1007.59
