1523.68714 3
106.04874 259.374
110.07137 2781.88
112.08710 411.641
115.08643 247.209
116.07064 366.207
127.05039 1396.47
129.06606 18794.7
129.10233 5903.82
130.06937 966.414
130.08658 923.863
130.10532 398.25
131.11807 242.976
136.06200 2263.06
136.07590 663.037
139.08730 314.842
141.10225 299.345
145.06114 912.154
145.09769 411.298
147.11304 2713.58
153.06612 524.601
155.08162 1158.76
157.10826 541.456
167.08165 873.377
171.07664 5491.98
172.08092 393.931
172.10770 3381.67
173.05589 1468.91
173.09201 714.302
175.11935 2273.05
181.06151 305.499
185.16508 598.687
197.12859 417.017
199.07137 460.679
209.13940 249.144
210.08778 901.471
214.09779 347.922
215.13940 3227.48
216.09918 254.255
216.14453 347.741
217.13722 8226.59
218.13968 669.345
219.08015 10552.9
219.12773 246.132
220.08383 948.258
221.07442 300.119
226.08389 556.982
226.11961 523.739
226.15535 4308.81
227.06718 505.69
227.15910 492.431
228.09750 569.897
229.06491 697.958
232.11099 360.074
237.13550 349.9
241.12054 289.678
242.14967 585.744
243.13464 3946.08
244.09335 28356.4
244.12376 441.245
244.16570 19336
245.09634 2769.97
245.13181 3401.27
245.16951 1998.19
246.09746 380.336
246.13689 390.229
247.07486 9754.15
248.07860 997.383
249.06943 295.873
250.16789 469.542
252.07687 488.7
254.16286 308.591
255.65027 378.669
258.09088 389.916
272.17230 1797.75
274.18793 918.603
276.10126 1115.17
281.12686 324.195
282.10855 923.756
283.67468 619.399
286.08597 3037.92
286.13763 286.87
287.08960 392.378
295.09357 387.685
295.17764 703.775
296.08807 824.657
299.13538 7031.96
300.13858 876.238
302.09830 356.38
303.63351 542.97
304.09665 10972.8
304.15912 267.402
304.20499 655.193
304.67947 4303.98
305.09930 1229.58
305.18094 1397.58
306.09268 326.455
309.67218 275.821
312.04965 409.373
312.15561 1022.82
313.21158 5556.22
313.71228 1848.96
314.09958 1390.2
314.21484 257.074
318.67734 4554.05
319.17847 1592.57
319.67914 384.35
322.16312 910.139
322.66336 275.914
325.21164 788.226
338.71707 493.689
339.20856 1355.77
339.71124 552.191
341.18781 1290.86
341.68970 315.515
342.14941 387.518
347.13870 895.419
347.22186 299.91
347.72217 8238.91
348.22342 3534.17
348.72476 826.976
353.20813 574.202
353.70865 289.655
356.72778 677.124
357.17938 639.078
358.16083 1792.64
359.16046 369.666
360.15906 2500.92
361.16638 321.324
361.72034 685.625
364.24640 1648.88
365.14359 288.111
365.25348 311.595
367.20352 1646.29
367.70453 572.533
370.68808 3975
371.17276 1273.48
371.69101 475.475
374.17490 1177.52
375.13470 1015.08
378.71613 490.01
378.87924 298.512
382.25693 2764.07
383.23013 369.931
383.27087 373.481
387.71777 438.893
388.11938 415.9
389.18542 1310.26
390.18463 404.051
394.06509 314.943
395.52606 277.989
396.23029 1529.49
396.70581 3100.81
397.20728 1434.02
397.70764 429.471
399.16745 537.663
400.26712 8009.31
401.27011 1595.52
402.28244 683.761
402.72485 520.328
403.21332 542.555
404.72015 394.831
405.23578 16516.7
405.73807 6769.77
406.24026 1805.79
410.20294 1104.35
411.20950 313.8
411.53952 299.5
411.69244 572.869
411.87469 331.431
412.07806 523.825
412.22168 575.854
417.17996 2400.68
417.55774 369.334
418.18091 488.446
419.23898 321.13
427.18198 1504.74
427.54214 519.614
428.18176 704.134
429.18842 354.402
431.23663 1135.45
433.13773 308.733
436.55469 352.498
436.70490 515.592
437.91031 475.665
438.24216 466.562
442.21320 702.023
442.91055 552.387
443.19418 472.315
443.23486 322.14
443.58176 2140.93
443.91589 1419.75
444.25247 870.619
444.58630 300.624
444.69986 284.498
445.68988 798.682
446.19077 316.764
446.23520 324.885
446.56219 427.121
448.21609 1249.7
449.21210 364.938
449.58658 524.316
449.91977 514.511
451.27722 458.405
451.74811 1664.82
452.24396 1809.15
452.74625 691.885
453.24808 648.286
454.22409 3075.78
454.72598 1194.13
455.22897 321.675
457.25397 323.255
459.20935 2294.93
459.70917 1270.08
460.21713 678.288
460.75180 19513.8
461.25339 9803.79
461.75424 2607.23
462.25247 3911.63
462.75360 1875.98
463.25485 587.876
469.75650 16087.3
469.91281 322.996
470.25992 8001.87
470.56137 335.659
470.75919 2194.52
471.26465 525.733
474.74881 1413.33
475.24731 831.105
475.56970 323.081
476.23969 1080.54
476.57220 686.628
476.89978 367.121
478.76291 539.227
483.75406 2437.79
484.25568 1243.81
484.75690 391.715
486.78754 323.831
488.21802 481.594
489.20114 1489.73
490.19952 305.708
497.32184 1604.03
500.73474 935.626
501.23553 633.096
507.78912 538.823
508.19516 334.416
508.21628 339.214
508.29218 2276.02
508.78918 1609.45
509.23105 457.985
509.28625 663.464
509.73944 10858.9
510.24106 6376.87
510.74219 1572.3
511.23972 2721.18
511.74161 1408.88
515.28754 344.861
517.29425 3793.08
517.79218 3176.01
518.29163 1293.62
518.74463 3791.92
519.24713 2020.37
519.74707 635.818
521.23181 524.063
523.73694 995.168
524.23804 587.574
526.29926 38617
526.46490 353.568
526.79987 22586.5
527.30121 6827.97
527.76007 1269.44
527.82458 732.416
528.26160 795.582
528.36133 2217.39
528.77094 321.724
529.28253 612.783
529.36328 672.241
529.78827 347.929
531.29425 1079.2
531.79437 602.508
535.25940 1807.29
535.27905 1766.29
535.80859 1110.18
536.24506 354.094
536.31342 391.232
538.34711 799.957
539.29602 2115.45
540.29718 1647.94
540.79681 527.371
541.30127 375.364
543.27386 412.463
546.21350 917.876
546.27917 482.751
548.29578 302.902
556.26526 812.863
556.76959 425.22
557.27521 753.843
557.77521 619.085
558.21680 345.481
558.27893 346.472
566.28119 1358.75
566.35992 393.39
566.78052 1312.5
567.28375 409.002
571.76044 367.539
574.29718 363.59
575.28754 24430.4
575.78876 13810.7
576.28937 4887.1
576.79535 868.531
577.26129 323.866
580.27997 670.999
582.29022 410.076
582.81293 1891.29
583.31470 1884.57
583.81476 906.876
584.31482 592.295
585.28589 1514.64
585.78467 1061.55
591.81934 23609.6
592.32001 14726.9
592.82654 5623.49
593.25964 548.779
593.33136 1281.9
593.77173 324.567
593.83020 296.573
596.81244 846.242
597.31006 520.702
600.82422 1360.32
601.32892 969.431
604.78998 670.081
605.81573 776.172
606.31873 843.81
607.40375 1565.94
608.39398 1079.07
609.38971 386.839
613.79639 2142.65
614.29883 1544.93
614.79492 434.28
622.28021 4190.23
622.80817 348.285
623.28320 1200.98
624.28186 342.88
625.41510 21210.7
626.41785 7220.36
627.42255 1507.28
628.30548 846.746
628.80566 705.136
629.31433 321.477
631.32117 386.417
631.80579 1415.11
632.30621 1205.18
632.82043 444.86
634.26849 498.207
636.34985 1515.4
637.36493 358.925
638.33630 601.272
638.83612 537.764
639.33893 416.706
640.32983 3399.54
640.81079 10968.3
641.31183 7339.42
641.81342 2858.58
642.31458 767.244
643.31628 4988.79
644.31897 1507.64
645.33380 554.224
645.79767 324.877
646.25580 368.135
646.36029 293.202
649.33282 20027.2
649.83380 13883.3
650.33521 6280.98
650.83380 2093.07
651.33514 494.6
652.33472 390.772
652.39355 458.239
653.33258 390.603
654.33594 523.297
654.83173 492.056
655.33453 351.556
658.34174 1082.69
658.83899 1033.25
659.33978 666.916
659.83600 624.645
660.32928 771.306
661.25012 423.316
662.77991 655.776
663.35046 380.948
668.83826 6737.33
669.33795 5345.57
669.83936 2969.31
670.34052 1192.01
671.34033 756.886
674.33740 304.409
675.30524 365.675
676.42462 575.889
677.34259 1249.6
677.40430 1035.71
677.84302 35726.8
678.34454 24581
678.84546 12008.2
679.34351 4503.43
679.84424 1267.61
681.37158 1643.13
682.37555 590.189
682.84222 498.237
686.84930 2324.34
687.35028 1864.48
687.85046 705.104
689.31647 899.858
689.81238 1073.28
690.30664 637.059
693.31781 1748.22
694.43628 10097.6
695.43927 3900.28
696.44977 754.152
698.32159 7166.23
698.82251 4166.56
699.32141 1863.85
699.82202 465.737
712.44800 1306.29
713.43726 541.792
717.82727 1881.69
718.32428 1657.66
718.82355 814.167
719.33539 290.3
726.83240 10629.3
727.33398 7232.39
727.83435 3702.48
728.33319 980.087
730.27350 600.415
740.36981 2808.38
741.37140 1154.86
756.42432 385.467
757.30420 1367.14
758.30060 482.433
768.38428 397.095
774.40582 1387.95
775.31586 1400.67
776.31598 381.17
779.34406 351.16
784.42480 434.32
790.35431 1014.44
790.46527 321.533
791.34393 287.429
791.46130 1552.34
792.41663 5181.56
793.42340 1865.42
794.42352 601.668
804.43219 309.455
808.43652 1312.37
809.46301 22241.8
810.47314 8007.4
811.48175 1969.83
812.48999 328.971
827.47290 728.985
828.48462 299.276
888.39844 1716.77
889.40485 847.675
890.39972 746.685
898.37756 321.079
901.44012 313.378
902.48431 288.181
903.47772 319.775
906.40656 423.017
907.44043 3574.49
908.44550 1008.8
920.49585 4413.58
921.48975 3043.86
922.48761 1155.04
923.49341 1248.73
924.50391 520.505
938.50671 23258.9
939.50958 11491
940.51135 3036.09
941.51166 595.621
948.49658 666.213
949.48297 373.893
955.41949 408.363
956.51996 785.245
957.53162 328.769
966.50293 1314.92
967.50275 443.235
998.50159 417.849
1000.46887 344.229
1018.47260 2323.77
1019.45819 2361.03
1020.45093 693.538
1021.46527 703.332
1033.58655 612.961
1034.57214 622.781
1036.48547 4305.04
1037.48657 2428.06
1038.48828 879.124
1046.46008 329.503
1051.59082 6001.36
1052.59351 3317.78
1053.59827 1245.41
1054.49292 1123.94
1055.50513 710.159
1056.50391 337.057
1069.61621 341.551
1079.59485 307.397
1093.51392 1209.87
1094.51062 909.009
1095.50903 304.909
1111.52161 2125.49
1112.52466 1269.29
1113.52368 478.214
1134.46387 1188.85
1135.46619 686.572
1136.47546 307.441
1149.56653 1819.05
1150.56812 931.807
1151.57104 329.84
1169.56421 286.713
1191.48792 2248.45
1192.48950 1057.01
1193.48572 522.2
1209.49731 338.659
1210.49670 356.005
