2743.45017 3
110.07100 1439.54
120.08060 16671.3
121.08391 1328.8
126.05462 578.13
129.10208 2022.3
130.08606 882.132
131.08110 684.038
136.07553 2184.4
147.11269 2493.14
159.07608 2214.94
159.09091 827.489
169.13347 3517.07
173.05550 1299.18
173.12817 11577.2
174.13174 1085.13
175.07111 773.402
175.11870 1475.12
177.08669 576.056
183.14902 3435.52
185.09160 567.124
191.11781 1959.03
195.11252 2548.22
197.12822 1726.71
199.07166 575.154
199.10728 751.299
201.08673 1206.36
201.12309 13745.5
202.08165 739.478
202.12708 1493.31
209.09169 775.628
211.14389 3931.76
212.10258 1645.59
212.13704 946.417
215.13812 845.943
216.09756 1065.93
217.08202 506.466
219.11269 4241.22
225.12225 548.604
226.08173 1714.38
226.11809 1049.05
227.10175 1741.81
227.13818 827.964
228.09663 693.786
230.11407 601.863
233.16475 1062.19
243.13330 1201.7
244.09225 4076.13
245.07707 675.543
254.14970 758.299
256.12979 521.31
258.10773 594.397
261.15897 1776.4
264.11612 604.003
266.18604 4099.85
267.18964 661.838
270.10791 626.535
270.14420 771.856
272.16000 552.289
277.11673 956.726
278.15002 748.491
287.17380 702.883
288.08176 1225.79
288.11224 1176.68
288.13724 2291
294.18073 18121.2
295.18414 2702.51
303.16977 3254.5
304.17245 677.698
306.14447 4810.48
307.14502 617.763
310.21170 1962.44
312.15189 552.247
313.18411 507.302
315.13025 1340.34
323.17078 2387.86
326.17053 893.833
330.18201 1725.2
332.19937 784.103
338.10028 787.473
341.17932 3401.48
348.19122 15393
349.19357 2926.11
355.12585 593.136
356.10760 518.813
357.24893 7039.43
358.25076 1249.6
359.15613 776.499
359.16891 831.522
360.19510 865.388
373.13495 1207.53
374.20752 1293.01
375.16980 607.515
377.21774 1015.39
384.15109 538.12
390.19785 650.732
391.23416 1983.57
394.20966 622.299
401.21793 2205.53
402.16016 1261.11
405.21136 1094.77
412.21564 705.142
417.21201 931.765
419.22818 3960.28
420.23065 1194.92
435.14987 717.629
438.19559 623.906
443.22916 566.985
444.17117 1233.18
445.24350 719.636
452.17706 951.669
455.22314 917.552
460.26248 629.279
461.23828 902.854
470.23956 2130.18
471.22699 731.88
473.19250 570.709
476.32227 897.503
478.26855 1299.39
481.28314 592.342
488.25159 5233.68
489.25342 1489.48
496.16684 844.076
504.31638 2223.55
505.31934 810.073
506.20850 816.634
506.26950 1815.55
513.19183 1434.33
514.18170 1283.42
514.25391 780.133
529.30707 602.545
531.20325 3872.34
531.29156 804.065
532.20392 1183.98
537.26593 871.753
541.27588 2081.56
542.27856 552.59
557.22052 621.524
559.28485 3253.1
560.28729 811.01
567.25586 652.287
573.32080 863.129
575.39447 888.501
577.29639 1411.25
582.36060 554.467
584.22913 807.765
585.21698 1203.13
596.83228 1930.11
597.33508 1260.08
599.01581 1123.38
599.35114 2374.44
599.68719 1059.41
602.23859 2266.41
603.23663 880.995
603.38837 3095.89
604.38989 1154.53
617.29553 986.4
645.29260 852.611
646.36737 1790.41
646.86743 1547.09
654.29883 906.538
654.80725 710.428
656.37494 781.807
661.40442 586.409
666.30737 1303.83
678.39337 694.197
678.89185 903.621
679.41315 8707.71
680.41687 3336.31
681.41687 705.276
688.33215 1539.75
689.33551 635.376
700.38916 2434.65
701.39117 982.963
703.40100 771.778
706.33887 1999.06
719.89667 996.518
720.40540 1398.67
720.90106 661.796
731.29584 790.978
732.28497 780.241
737.34924 1578.9
742.92767 1613.24
743.42462 1350.52
749.30707 2007.14
750.31055 865.402
751.43475 21088.5
751.93536 20330.2
752.43719 10131.1
752.93842 2756.89
785.35199 583.545
800.96991 1950.51
801.47357 1589.62
801.96973 584.557
802.37885 754.418
803.35431 627.833
820.38330 904.033
823.45892 1758.44
824.36316 1263.04
824.48120 596.397
824.96814 2592.25
825.47119 2410.16
825.97369 1980.24
833.97516 4614.03
834.47736 3467.73
834.97211 2228.47
835.51038 3532.12
836.50928 1441.58
849.49451 5485.72
849.99640 5484.85
850.49744 3109.74
851.00366 787.217
889.02698 858.689
889.51093 5339.4
890.00989 4167.94
890.50891 2607.12
891.01379 855.83
898.02203 91260
898.21411 737.179
898.32318 615.646
898.52167 99204.5
898.72791 596.191
899.02197 52278.8
899.52515 17720.4
900.02600 4789.61
900.51532 1186.92
914.37396 938.72
915.49799 3134.26
916.48871 2249.94
917.49866 1074
931.41742 1413.28
932.40979 994.945
935.00092 860.399
935.49646 906.158
936.49902 597.567
949.42383 4050.34
950.42822 2367.26
951.42694 782.57
953.53821 3372.29
954.03784 3856.92
954.54529 1874.28
955.03809 922.093
962.54828 1708.49
963.04187 2232.45
963.54340 1116.66
990.03259 584.58
990.52985 803.591
999.56781 624.369
1002.57373 566.068
1011.56708 582.374
1013.47113 752.709
1019.56757 3436.72
1020.06482 3868.96
1020.56403 2619.88
1021.06238 719.027
1021.59229 3163.66
1022.60736 1852.31
1023.60156 662.228
1031.48950 875.623
1046.55615 832.78
1047.56836 585.817
1064.56641 678.18
1075.07800 887.233
1075.57813 2136.87
1076.08032 1844.74
1076.57007 935.052
1084.08887 2792.13
1084.58997 3645.86
1085.08679 1975.67
1085.60242 963.01
1111.08911 1085.6
1116.64099 1683.02
1117.63855 1558.97
1118.63354 993.207
1119.60437 2733.83
1120.10303 3449.38
1120.61267 2380.43
1121.09436 870.619
1135.64380 1986.83
1136.64697 1258.47
1145.62122 2295.04
1146.62585 1497.49
1154.61755 1319.43
1155.11877 1123.11
1155.62451 1217.63
1160.53516 720.876
1163.11707 2890.89
1163.62341 4185.7
1164.12036 3076.86
1164.62854 1693.72
1170.60120 585.345
1175.63586 1062.31
1190.11902 814.822
1190.62427 727.72
1192.65771 15170.8
1193.65869 10414.8
1194.66028 3351.28
1198.64209 1672.91
1199.14221 2285.31
1199.64038 1769.99
1209.70728 1556.05
1210.73584 757.632
1230.53101 830.171
1248.61963 724.023
1272.68884 758.686
1289.59290 753.491
1291.72717 5249.84
1292.72925 4403.97
1293.73669 1709.4
1307.59875 1456.84
1308.60364 1149.8
1355.76611 794.008
1356.76514 1028.34
1373.78552 1313.43
1374.77612 1287.2
1404.80786 1558.1
1405.81421 1364.8
1438.81360 961.509
1439.78760 667.41
1484.84692 1813.88
1485.84668 1927.44
1501.86353 34202.8
1502.86536 30506.2
1503.87219 14123.9
1504.87976 3937.72
1505.93066 747.032
1600.94299 1326.67
1601.94543 1524.42
1602.95142 822.588
1697.98047 4869.03
1698.98743 4375.14
1699.98877 2139.98
1701.01660 705.16
1795.03333 3287.46
1796.04004 3976.92
1797.03760 2120.18
1798.02917 629.368
