2861.47011 4
120.08038 992.38
129.10181 980.599
136.06155 332.58
136.07538 1814.34
147.11259 286.977
173.12840 339.258
186.12323 629.308
201.12297 293.537
216.09784 311.267
218.14977 379.863
247.10803 247.308
313.27414 254.482
317.21735 226.481
385.20355 426.996
388.25330 366.154
403.21381 250.233
409.22424 225.153
415.18466 301.081
465.76669 233.061
501.34192 214.426
508.26205 210.405
508.59720 223.25
514.24738 383.098
552.28394 236.688
603.33020 212.685
603.82275 235.265
613.31781 345.401
616.36914 444.028
623.42859 247.222
635.83722 341.858
636.33881 355.086
638.98663 206.79
639.32263 313.695
644.84137 1000.32
645.34290 815.638
645.84552 335.725
653.85126 633.141
654.35089 696.761
654.84741 240.873
713.38275 220.625
713.89166 210.587
715.34430 381.251
715.45813 449.907
715.57068 273.624
715.84717 507.472
716.09924 271.474
716.33331 615.588
716.45538 310.703
717.31616 409.948
717.42871 288.098
718.37762 498.949
718.88037 339.028
719.37695 248.547
727.38013 1210.6
727.88226 796.671
731.39191 1652.93
732.39435 642.587
761.89514 589.088
762.39081 510.215
762.90161 261.796
770.89874 822.831
771.39319 545.205
771.90271 236.182
779.40417 229.088
779.91675 325.617
825.92029 824.323
826.42328 843.671
826.92114 302.32
830.45990 3090
831.46106 1386.69
832.46710 248.838
834.92590 1953.26
835.42865 1908.54
835.92877 946.011
915.45502 237.471
916.45801 437.565
916.95868 477.026
923.96368 228.593
929.52716 1323.17
930.53040 857.519
931.52551 294.957
957.97650 763.735
958.47650 956.833
958.97864 357.793
966.97479 360.667
967.47723 374.407
973.49164 285.676
1007.51013 228.33
1016.51538 213.84
1030.57739 1272.77
1031.57764 642.978
1193.63281 495.001
1194.65674 419.98
