2053.98501 4
110.07114 8189.97
129.06589 872.685
129.10205 1917.21
136.06123 1723.41
147.11266 1074.78
171.11255 569.605
175.11873 982.046
239.11317 528.567
244.09413 580.325
244.14111 945.612
244.16530 1143.97
255.14474 1536.02
262.15039 991.225
272.17111 1291.6
313.21024 866.856
348.19452 633.555
349.20239 1445.53
355.18939 3438.74
355.69107 943.396
359.16739 6425.95
360.17087 814.19
360.69229 1164.48
369.18781 8410.67
369.68896 2985.76
373.20801 1739.6
373.70898 873.517
379.69464 1169.13
392.54700 951.858
392.88098 857.091
396.70938 1963.28
397.21164 629.924
397.70151 548.144
400.19608 607.014
415.21356 662.714
416.18817 3373.81
417.18936 646.511
419.71133 3628.03
420.21442 1196.53
421.21915 1009.81
426.24615 1043.11
429.56192 1108.04
429.89563 755.109
432.20798 1871.38
432.71072 826.378
438.23517 675.895
438.57059 589.559
439.20160 1050.28
445.21625 7754.16
445.71991 3219.74
446.21924 931
446.90607 1329.76
447.23941 1142.1
447.57693 615.313
447.87250 1978.39
448.20694 1464.17
452.90930 5155.23
453.24289 3791.43
453.57858 1078.66
453.87515 3758.19
454.21927 7828.98
454.54602 818.638
454.72357 2594.31
456.72318 569.686
458.91336 785.213
459.24841 892.677
459.90939 1380.73
464.72336 1266.31
465.23697 5130.09
465.74039 3231.08
466.24142 896.327
474.24985 859.081
474.49695 864.728
474.75125 747.901
475.23514 642.017
476.56241 675.276
478.75308 5270.71
479.00348 5475.76
479.25449 2844.66
479.56262 2216.31
479.89929 2329.98
480.24963 571.473
480.75354 1509.87
481.00287 1415.6
481.27740 6993.04
481.55667 1744.84
481.61273 5475.74
481.89523 1671.95
481.94940 2105.32
482.23370 1485.01
482.29315 569.98
482.57141 1400.15
483.25537 597.802
485.25656 18161
485.50931 16858.9
485.75729 9757.1
485.90216 6244.72
486.00818 3551.71
486.22803 1635.17
486.55823 628.323
489.21362 606.679
489.53094 758.054
489.75909 17230.8
490.00952 18118.6
490.26068 10160.2
490.51117 4686.96
490.76309 1080.38
492.56772 937.351
494.26141 13462
494.51233 12488
494.76300 6938.02
495.01590 3101.42
497.28381 3295.25
498.28757 856.003
498.74274 1227.09
498.99487 654.885
499.24930 748.495
499.49237 1543.83
499.74551 1529.13
501.27945 1536.47
502.99152 677.515
503.19794 1539.89
503.25232 2316.85
503.49704 2656.84
503.57590 748.175
503.74869 1163.72
504.00070 1038.85
505.24985 1854.85
505.49738 3408.27
505.74719 1801.94
506.00067 662.267
506.24445 587.733
508.22693 1013.38
509.24747 2648.91
509.57974 1041.55
509.75107 22538.8
510.00107 22486.3
510.25174 16725.8
510.50201 6780.79
510.75131 2228.11
512.91010 1130.54
513.24542 1612.53
513.56311 978.309
513.75818 1988.12
513.86932 1067.57
513.94135 6024.95
514.01471 2036.21
514.25354 100610
514.37360 1075.96
514.41608 740.006
514.50305 97135.4
514.61993 2436.08
514.75354 58702
514.88611 1385.72
515.00421 24839.3
515.25348 9551.94
515.50446 1184.76
516.28717 574.476
516.78778 918.133
519.91278 742.441
525.29535 28745.1
525.79626 16302.5
526.29797 5827.07
526.79993 1640.4
527.28589 752.779
529.27240 5880.94
530.27197 1770.72
533.29169 1086.24
533.62329 706.327
542.73560 764.296
547.81122 825.597
551.74457 1230.89
559.80603 6905.63
559.94385 977.574
560.30920 4174.05
560.80725 1416.25
565.94873 3509.37
566.28180 2769.29
566.61841 1354.78
568.81226 1933.5
569.31293 795.653
572.31494 3948.61
573.25916 604.743
573.32813 822.018
575.28546 1639.94
575.78625 1056.6
585.61987 595.501
585.94574 675.103
587.26868 1694.91
587.76660 961.9
588.31702 9352.58
588.81781 5255.05
589.32660 1672.97
593.25696 611.923
594.94635 1642.21
595.27637 1410.53
595.61652 757.672
599.78296 814.151
600.30988 19192
601.31818 10085.3
601.82654 4457.94
602.31927 3622.84
602.82263 1487.79
604.28424 719.647
608.79578 1321.31
609.29144 634.505
610.32983 14535.2
610.83063 9895.85
611.33374 3421.25
611.83734 747.34
619.33551 4277.21
619.83478 2352.31
620.34033 850.457
624.32611 782.046
633.29700 693.576
633.63837 860.764
642.34546 605.278
646.96387 890.023
647.30035 802.645
647.77972 707.637
648.80377 849.306
650.31128 927.35
650.80951 631.178
656.84192 791.743
657.33929 1074.88
657.84369 976.358
659.31781 4196.24
659.81720 2305.1
660.31793 926.823
661.39978 674.368
665.65240 592.666
669.86261 876.104
670.35571 843.921
671.79681 613.405
672.36621 691.193
672.86066 1749.9
673.36841 716.979
678.86176 3516.56
679.36157 2447.78
679.86481 952.357
685.84021 1476.13
686.34009 1471.35
687.86713 1245.76
688.37482 590.498
692.37299 637.882
695.38214 8375.69
696.38519 3258.55
697.40143 1910.47
698.39868 655.216
702.82825 593.731
706.31110 882.631
714.38062 1500.29
714.87830 943.398
721.34705 697.859
721.85229 1066.98
727.84906 2992.57
728.34814 2453.2
728.85095 988.242
734.82587 2266.8
735.33228 1778.39
737.36841 1014.95
763.36969 968.32
763.86578 676.617
