2861.47538 3
110.07104 2426.49
120.08058 4501.21
129.10210 14193.2
130.06488 2397.48
130.08632 1216.46
130.10538 998.278
136.07558 3724.8
141.10176 755.771
147.11263 3653.64
159.09140 5410.76
160.09497 703.139
169.09715 926.037
169.13261 752.237
171.07651 726.41
171.11275 736.708
173.12794 1531.91
175.08665 656.496
183.14937 1601.57
185.09024 765.91
185.12799 767.465
186.12337 6617.47
189.08676 1447.79
197.12816 867.442
200.13921 1291.08
201.12323 2135.46
211.14366 1234.31
213.08684 716.724
216.09760 5246.84
218.14970 7012.83
221.12863 1532.45
227.10089 728.355
229.11804 1306.37
233.16322 685.814
235.10767 1069.3
237.12311 792.366
247.10632 1063.09
249.12257 1396.93
256.12915 883.835
264.13309 888.302
265.11676 1189.51
275.12375 1058.51
285.13361 1363.46
292.12949 922.614
294.18201 888.266
300.15552 896.353
310.17648 1369.43
314.13593 676.697
317.21759 4777.32
318.14496 1563.79
330.12955 1836.31
336.15625 903.899
341.14380 772.698
344.14532 2337.01
345.15414 810.695
346.17685 1275.25
348.20258 1372.12
359.15472 1585.73
363.16605 1361.96
379.16074 877.393
379.23373 690.419
388.25504 8876.79
389.25717 1465.26
395.22958 672.987
396.25690 719.476
398.21750 858.544
399.22543 1367.13
401.16510 1166.06
409.22849 1435.34
415.18307 3499.14
422.19431 805.247
429.19766 1097.17
443.21179 762.009
445.16815 960.784
447.22195 677.737
451.76962 678.306
457.21024 738.643
457.25702 676.12
462.19611 1406.36
465.76794 2074.83
466.26785 1283.4
480.20462 891.125
485.26169 2107.54
486.25760 1793.45
500.23166 682.076
501.33850 5495.41
502.34015 1520.31
505.32953 766.416
506.22049 841.551
509.28403 752.309
509.78641 818.9
514.24847 5606.86
515.25500 1639.47
529.26031 1300.49
530.24652 1360.84
533.32068 3764.91
534.32678 891.72
535.27838 767.416
535.32220 706.972
536.27356 1708.72
541.79626 928.774
542.28992 1041.66
543.27924 2453.42
543.78033 1229.84
544.29712 1167.63
544.79242 920.334
550.80554 1845.03
551.30121 1053.28
552.27960 1354.04
552.78192 984.515
559.80896 2034.36
560.31262 1624.97
561.26147 1259.08
562.26849 718.217
563.26959 723.144
574.28461 930.624
579.28070 783.93
585.31732 1608.07
585.81494 954.966
588.31049 835.826
592.81903 7145.03
593.32086 5941.59
593.82184 2573.49
594.31970 3625.84
594.82202 1951.09
595.31641 820.225
597.27759 946.464
603.32452 2475.82
603.82477 1577.63
604.34137 975.036
613.31909 3803.55
614.32361 1169.44
616.36597 5096.38
617.37036 1638.11
622.83179 972.735
625.32507 1290.98
625.81622 1142.27
626.32043 1584.02
627.34186 717.407
631.34436 1199.68
631.83777 1119.29
632.33185 4046.48
633.33929 1662.04
634.81824 786.508
635.83679 6529.71
636.33832 4559.38
636.84015 2155.52
639.84900 1258.52
640.34747 985.014
643.32788 1808.41
644.84296 7597.08
645.34338 6424.12
645.84387 2942.59
649.36853 1561.82
650.30487 1055.59
652.35138 1824.98
652.84766 1068.45
653.35492 797.017
653.84766 4986.8
654.34912 2646.8
654.84857 868.203
669.33911 1341.93
669.83746 805.141
670.38171 3629.13
671.38971 1094.73
678.34442 1809.3
684.35376 760.242
686.85687 776.752
687.35095 1085.56
695.37091 740.396
695.86768 1179.02
696.35779 3331.44
697.36060 1157.14
704.37262 1082.04
704.87775 789.152
705.37256 917.15
709.87268 1401.54
712.39630 925.886
713.38354 2941.27
713.88800 1937.16
714.37390 3269.26
715.36707 1367.25
718.37610 4509.29
718.88019 3218.78
719.38055 1838.16
727.38208 5637.12
727.88367 4419.83
728.38678 2844.94
731.39325 10561.2
732.39624 4067.69
733.39233 932.045
733.86243 823.981
742.36981 1920.99
742.87097 1040.16
743.37531 815.268
744.38519 719.272
745.41400 4495.56
746.41516 2047.1
752.88367 1249.03
753.38824 1237.53
757.40887 764.07
761.89386 3270.5
762.39667 3627.71
762.89594 1692.59
770.40247 1262.88
770.89850 5756.02
771.40271 4533.09
771.90167 2143.92
772.40826 923.063
778.37634 1836.94
779.40967 2841.74
779.91290 1921.66
780.41962 870.755
788.38910 764.739
795.43048 1132.72
808.40289 830.317
811.91602 742.416
813.44055 927.351
814.43848 1077.11
816.91907 846.07
817.44629 4525.09
817.91949 743.69
818.45190 1978.8
820.92676 1190.91
821.43719 1132.85
824.39899 889.916
825.92139 4281.09
826.42621 4189.86
826.92505 1936.56
827.42725 894.448
830.46124 19629.2
831.46387 8826.19
832.46161 2859.47
833.46143 738.275
834.92889 6333.15
835.42902 7377.71
835.92755 2478.01
836.43079 773.893
859.42255 1363.22
860.41815 1020.05
865.42322 1060.95
865.91895 1604.04
875.44922 1255.96
877.42316 1387.12
888.41431 933.24
891.44897 1048.17
892.46326 754.892
893.95868 1033.89
894.45203 1143.85
899.45789 1024.59
902.43286 849.675
902.57404 906.221
902.96210 1630.46
905.43744 913.26
907.45422 1342.02
907.95953 1734.39
908.45471 844.793
915.47955 1527.36
916.45789 4328.74
916.96057 3826.94
917.46277 2523.37
917.96814 734.615
929.53119 13427.9
930.53204 14968.2
931.53461 5932.58
932.55316 1417.95
933.50238 1199.51
934.50903 820.398
949.46912 1279.76
954.52856 1103.52
955.48151 745.627
957.97803 3180.5
958.48480 4671.9
958.98114 2253.4
959.48810 1525.25
966.97754 1796.16
967.47845 2589.4
967.98407 1463.86
990.51984 757.05
999.54889 830.066
1002.52625 1365.31
1003.52429 840.583
1007.50647 1893.47
1008.01404 1731.5
1008.50726 1487.74
1016.52576 1252.26
1017.03137 994.168
1017.55560 2295.95
1018.57178 1270.42
1020.53461 955.567
1021.51324 1034.88
1030.57825 22654.2
1031.57959 12363.2
1032.58496 4161.25
1033.58801 939.714
1085.55481 1848.6
1086.54761 1135.74
1087.58264 2361.65
1088.58020 1643.84
1100.60278 1512.75
1101.60596 976.615
1103.56604 2333.78
1104.56335 1289.43
1118.61523 1891.6
1119.62268 1475.83
1121.57678 905.125
1122.56799 844.193
1172.59338 798.764
1175.62622 1510.14
1176.65100 769.265
1181.57129 1457.14
1182.07800 793.292
1184.63416 3372.78
1185.63391 2492.37
1186.64978 1021.67
1187.63721 1723.02
1188.65356 1031.15
1193.64197 14951.7
1194.64209 10300.6
1195.64551 3095.01
1205.64490 2063.09
1206.64221 1426.1
1247.56372 779.433
1250.62988 954.295
1251.61841 913.963
1268.64343 1090.59
1269.66052 1054.03
1270.66821 1455.14
1271.66858 976.168
1273.63147 965.284
1288.68164 3022.68
1289.68433 1734.25
1304.67383 2338.2
1305.68799 1990.2
1306.68921 3367.31
1307.69519 1902.27
1321.70081 2997.09
1322.69800 2595.76
1323.68677 986.206
1337.66040 1298.71
1338.67920 1386.13
1339.68213 796.151
1355.67358 1219.98
1356.68591 1118.01
1373.70605 942.225
1390.72510 748.835
1391.71277 1508.93
1392.70813 837.249
1408.73340 6421.21
1409.73438 5299.57
1410.72644 2290.89
1435.72925 915.562
1436.75305 1000.8
1453.76794 2997.46
1454.75171 2594.93
1455.76196 1296.48
1522.78406 2003.44
1523.78857 1658.62
1524.79810 855.271
1540.79651 2067.29
1541.79797 1177.86
1542.79614 784.698
1555.80664 1131.9
1556.80383 996.685
1668.84985 1740.98
1669.86560 1623.66
