1609.78655 2
110.07094 878.139
120.08047 5527.08
121.08400 229.229
127.08627 189.608
129.10204 1107.48
130.08548 208.975
133.04289 367.633
136.07536 1300.85
147.11243 320.274
158.09225 396.051
159.07629 222.173
159.09074 254.461
171.11261 267.043
175.11873 1586.24
187.10735 3492.55
201.12373 471.097
215.10214 2971.74
221.12886 229.553
226.11940 186.919
229.11728 219.237
233.16434 1252.68
244.16612 186.336
245.12344 403.784
249.12233 450.59
254.14915 186.959
261.15967 502.79
262.08487 352.583
262.14972 196.109
265.11728 284.867
277.15295 281.736
288.13434 700.891
290.07953 369.026
293.11218 508.648
306.14371 301.299
317.14752 495.889
362.17114 704.87
401.21561 235.418
406.19669 243.31
408.18802 347.303
419.22766 266.463
425.21381 1049.38
511.13943 243.109
554.25256 533.52
700.28479 243.319
717.31580 1073.65
830.40289 854.103
977.47247 844.42
978.44861 202.802
1078.51697 626.119
1117.52820 660.271
1118.52551 324.405
1135.53870 2767.06
1136.53943 980.167
1230.60669 244.411
1248.62122 1006.68
