2301.16129 3
110.07102 2662.76
120.08051 3693.58
125.07084 781.54
129.10210 3820.44
130.06451 435.166
130.08612 1328.64
131.08118 1362.22
131.11746 957.558
133.08586 730.843
136.07552 17605
137.07870 1221.04
143.11774 1116.89
147.11270 3439.98
155.08139 452.359
157.09688 538.131
157.13329 1113.65
159.07626 2099.61
159.09140 3525.91
167.09142 795.285
169.09744 411.21
169.13376 440.084
171.11267 975.676
173.12805 507.582
175.11897 1672.76
183.11171 532.873
183.14883 8967.85
184.15247 2296.07
185.09164 2248.92
185.12811 1735.27
186.08690 1157.48
187.10699 450.137
187.14372 7704.71
188.14780 1284.83
195.08749 1309.02
197.12909 708.027
199.07214 476.824
199.18034 1306.51
200.13914 913.585
201.12329 997.716
210.02487 422.536
211.14378 3330.68
212.10304 463.489
212.14816 771.588
213.08705 1247.69
213.16026 411.11
214.11847 805.525
215.10210 791.296
215.13853 2287.97
223.10759 840.621
225.09778 733.08
225.12309 613.486
226.11720 518.236
227.17545 1040.59
228.13377 984.537
229.09268 1560.03
229.11810 793.504
230.14914 798.804
231.09796 426.122
233.16342 647.151
235.14352 3111.92
237.13673 488.542
240.13309 735.623
242.14949 1804.15
244.16454 926.167
248.15996 4319.81
251.10231 897.753
256.14432 2718.6
258.10760 512.533
263.13837 1248.79
272.17236 702.873
282.12247 619.17
284.13913 2798.44
285.15726 1658.88
298.17554 1758.78
304.12872 8924.64
305.13083 1415.93
314.16898 660.605
322.13922 4295.39
323.14450 576.93
326.17038 2385.2
327.17331 1004.95
328.16217 433.069
334.17392 518.368
341.16034 696.852
342.17749 411.61
348.15625 698.733
350.17081 576.703
358.18369 643.773
361.24384 2970.67
365.15540 550.207
369.17899 451.537
371.19321 989.921
372.16528 553.765
375.17252 513.403
378.69348 613.66
381.16537 1109.94
383.26328 454.275
393.21179 2216.48
398.23651 548.196
403.19583 1015.79
407.72687 962.572
411.26025 840.299
416.23672 563.342
421.20776 2264.09
422.20767 791.018
424.21173 781.116
425.20978 440.72
442.70566 514.53
447.22519 453.055
452.20325 1520.09
460.31238 3046.53
461.31372 489.766
464.26410 570.362
464.76520 12829.2
465.26636 6931.51
465.76752 1400.05
468.20209 584.566
469.21844 3385.35
470.22052 631.988
471.23026 487.571
473.20740 540.508
474.23251 693.894
482.23416 862.187
492.24606 1288.56
498.21707 801.118
499.22171 476.227
499.28601 421.119
512.73309 439.335
521.73907 558.15
522.28564 874.436
522.78137 429.847
523.27991 842.295
524.28784 830.889
526.26050 955.819
527.26105 785.652
539.23950 957.444
540.29419 910.237
551.27380 913.633
568.28809 3075.05
569.29889 967.399
581.30005 610.067
584.24286 1153.96
585.24359 515.352
588.37067 1057.51
619.32074 907.623
622.26642 1164.15
638.29907 431.797
639.30878 1891.84
640.33032 896.239
645.39117 12537.2
646.39624 3814.63
647.39502 480.508
650.30225 719.17
650.80804 622.123
651.31659 655.365
653.37854 671.853
659.30743 1388.8
659.80908 6525.9
660.31042 5296.29
660.81067 1655.45
661.29950 628.502
668.31720 1093.14
669.31866 468.759
669.40308 456.683
673.32892 1337.8
674.33313 1460.85
678.32050 1109.06
681.37036 2418.05
682.37366 592.762
683.31165 2303.18
684.31250 527.755
696.32849 2765.74
697.33710 1155.82
711.35791 1191.9
721.34357 2061.02
722.34204 773.319
735.35010 460.396
739.35052 2475.39
740.35590 1035.44
743.36993 511.544
756.38116 1234.22
757.37665 639.057
759.88782 541.992
764.41571 538.704
766.39417 1286.39
767.35052 1484.85
767.46448 2366.53
768.37573 748.558
768.46814 1288.06
774.39587 469.336
774.89117 450.349
782.40143 904.116
783.91486 588.412
784.42657 855.143
796.39783 1167.43
797.39355 445.103
812.42719 459.069
814.46851 451.099
820.39844 2624.36
821.40088 2982.2
822.40430 1104.65
823.41602 448.922
831.47253 7287.78
832.47351 3466.1
833.47986 993.015
838.41949 2014.03
839.42279 811.755
844.41394 874.263
854.40332 455.253
866.34668 1032.88
869.44971 616.138
872.40277 1675.47
873.38226 684.556
882.40692 2951.16
883.41211 1464.8
884.40558 674.312
885.40936 451.453
897.44720 771.178
902.41077 637.225
905.47272 643.183
905.96906 655.245
910.51398 1010.56
911.51428 604.169
928.52356 19779.9
929.52698 10671
930.52948 2665.55
931.98529 502.28
932.47131 657.144
935.42889 1225.85
936.43146 1207.48
937.49847 656.249
938.48706 625.06
940.98798 1080.86
941.49005 1693.07
941.98370 622.139
953.44666 4694.73
954.44800 2382.17
955.43805 583.705
959.43500 1443
960.44263 684.86
971.47583 497.86
975.52618 887.003
976.53033 856.607
977.50134 875.01
978.52075 590.391
979.48975 545.192
990.53088 781.014
991.02173 644.366
991.52795 889.444
992.44128 1972.79
993.44739 4483.42
994.44873 1981.84
995.46851 587.776
1001.48096 742.412
1002.47205 581.902
1013.42145 1714.93
1014.48358 869.753
1015.47589 568.232
1016.45905 604.679
1020.53845 512.615
1024.46619 738.719
1029.01721 454.255
1036.50793 727.19
1042.47375 3973.81
1043.56555 4547.09
1044.56128 2828.65
1045.57190 555.387
1052.51550 2073.59
1053.51550 1569.38
1054.52905 499.436
1060.48096 3444.95
1061.48145 1887.75
1074.50146 532.485
1088.50403 622.205
1100.55408 834.071
1101.04126 829.058
1101.54761 655.349
1107.47583 5610.38
1108.47327 14485.8
1109.47510 7352.15
1110.47498 1873.15
1114.52649 1258.26
1115.53613 1796.2
1116.53101 951.846
1126.49780 2413.46
1131.56226 645.367
1141.54089 2496.82
1142.62756 2149.42
1143.64111 1165.91
1159.55151 3617.6
1160.55774 2095.18
1161.55408 663.405
1185.58679 596.606
1186.10132 479.578
1213.57727 475.541
1215.57971 1230.64
1216.57776 767.602
1220.55725 1304.05
1221.56323 4911.43
1222.56299 2702.53
1223.56750 858.881
1228.61316 633.507
1238.60095 791.784
1239.58838 1059.64
1240.58875 634.086
1241.67957 926.397
1242.68372 822.928
1258.62805 1557.92
1259.62341 1123.14
1260.63782 555.235
1302.60364 553.928
1303.59070 542.545
1317.61230 1758.25
1318.61230 6983.68
1319.61584 4789.48
1320.61951 1233.93
1342.76550 593.367
1343.62085 721.721
1355.64258 745.567
1356.64893 1030.33
1373.64722 3606.59
1374.64771 2532.99
1375.65417 996.275
1429.77246 1250.23
1430.76953 1125.18
1456.72205 598.23
1484.75537 508.554
1485.75061 538.812
