1464.75373 3
110.07116 3160.05
112.08698 485.148
115.08653 471.973
120.08064 10228.6
121.08405 754.93
129.06743 743.952
129.10220 36750.8
130.04985 3122.24
130.08617 5163.03
130.10522 2307.34
136.06168 3529.78
136.07567 2718.17
141.06572 1107.73
141.10170 747.669
147.11273 9655.44
148.11604 599.552
155.08150 479.334
157.10751 438.12
159.07631 2094.65
169.06082 551.281
169.09669 653.731
170.04497 1090.25
173.12767 445.642
175.11890 3327.38
183.11278 2797.87
183.14879 400.225
186.12350 505.16
187.07129 5785.08
195.07623 1342.4
195.11296 1166.9
197.12915 508.821
197.16476 3135.58
201.08798 379.492
201.12323 2179.68
204.13416 1860.28
211.10796 757.93
212.13965 1047.48
213.08673 1890.66
213.12306 2436.39
214.19127 649.703
215.13892 4076.89
216.14301 358.046
217.08234 470.754
219.14917 3085.99
224.17560 1233.27
225.15993 1538.97
226.11757 386.36
228.17033 5190.96
229.11568 544.478
229.17429 538.561
231.09808 3095.69
240.13335 362.4
240.17107 407.669
241.08170 5274.35
242.08601 609.687
242.18608 2779.7
243.13388 4323.59
244.13774 507.893
246.12663 1220.74
246.18210 496.03
247.14388 1382.06
249.12309 1439.15
252.06247 377.17
255.14546 969.567
255.64923 488.31
257.19690 3371.53
258.14340 404.324
258.18155 1755
259.09167 4810.89
260.09360 393.509
261.17560 3904.74
261.67743 1098.76
270.10846 502.538
272.17178 2377.34
275.20752 16738.4
276.21121 2124.38
277.11804 3491.97
278.12247 361.328
284.17142 442.959
285.16644 610.251
293.15665 433.497
297.15109 390.378
298.10281 2348.35
298.13840 376.185
299.10757 395.895
301.16486 482.201
303.20093 645.977
308.19907 583.43
312.04922 722.179
315.16003 658.372
316.11353 3105.49
316.69171 8507.99
317.11923 392.175
317.19324 3630.24
317.69550 597.299
323.17017 409.307
325.22260 788.534
325.69797 1207.54
326.19666 412.089
330.17957 478.845
335.17090 379.72
340.14996 395.643
343.23270 631.593
352.11490 1154.13
353.21823 2682.3
354.19989 1405.87
356.26343 620.315
358.10568 387.27
358.17783 523.956
359.86768 435.073
366.20151 537.067
370.12415 1257.3
371.22867 4069.25
372.17868 1942.92
372.23618 828.159
372.70755 690.302
373.18115 387.319
374.27530 8957.24
375.27686 1859.57
376.18454 1256.04
381.21277 4135.26
381.71432 1902.3
382.21579 483.598
385.25360 410.25
386.52448 401.5
388.13098 1225.35
390.21487 757.711
391.18665 449.208
391.70816 386.301
393.24396 515.754
400.71820 530.472
406.16071 1050.21
409.13708 1523.55
409.72284 926.068
410.23032 436.227
418.72809 3179.89
419.23108 1353.58
423.57269 985.651
423.90369 651.392
424.23080 387.958
425.22995 708.431
427.14551 2259.51
427.25360 1020.59
427.75562 660.845
428.14819 534.684
428.25293 656.831
429.14740 491.186
429.90433 384.907
434.74344 601.805
434.98959 952.795
435.23422 888.495
437.23846 779.348
439.24561 2125.81
439.49557 2479.65
439.74689 1468.3
439.99365 641.587
441.22061 441.693
441.27289 487.007
443.74942 827.948
443.99768 695.891
444.24658 653.344
445.15637 1759.57
446.15747 392.333
450.27969 396.809
451.23553 536.617
452.24884 381.474
453.25729 1307.78
454.26727 1282.94
455.25046 471.071
456.22675 595.329
456.67880 587.011
457.25513 944.805
457.58148 613.331
459.22290 528.483
461.76398 1232.95
462.27109 560.133
463.18350 1315.65
463.73926 449.444
463.98816 700.499
464.24350 812.86
465.23724 1510.44
465.74390 610.037
472.28397 2226.18
473.28827 515.53
474.24261 2179.87
474.74664 1090.8
477.24637 1499.78
477.57916 908.926
477.91296 432.229
482.26117 3441.58
482.92062 855.941
483.24783 7146.71
483.58270 2014.61
483.91815 1387.31
484.24881 1305.63
487.29764 2310.66
488.30276 4945.04
488.92520 2939.22
489.27649 10503.1
489.59201 974.925
489.79257 1056.94
490.22522 542.165
490.28464 1594.67
500.27054 9736.22
501.27167 2422.42
504.28229 1195.58
505.26883 414.095
511.28857 413.522
516.24402 457.201
521.34375 16893.7
522.34631 4937.99
523.34814 939.197
528.28711 394.209
529.28839 689.66
529.75848 778.905
530.30566 834.154
530.79834 669.651
534.26038 930.338
538.17645 437.909
538.76611 2954.15
539.27570 1662.86
544.23663 404.368
547.77209 1104.85
548.27045 984.683
556.18805 1294.24
557.29272 615.106
558.29486 502.568
562.25079 712.906
566.28174 476.26
574.20270 1664.27
575.20953 418.44
576.27185 464.728
582.29669 1363.1
583.30652 1132.76
584.29205 412.622
585.32495 1083.79
586.35236 955.208
587.28064 667.614
592.22150 535.252
593.29102 451.337
594.28107 2156.01
594.78577 860.737
595.28888 430.002
600.35144 811.315
601.31482 1316.91
602.31885 387.442
603.28638 4121.68
603.78961 2235.82
604.28729 677.976
611.30347 2415.77
612.29059 3547.11
612.79242 1096.23
613.30627 712.85
618.32111 970.178
620.30408 1308.54
621.30591 408.592
629.31372 4641.5
630.32324 1186.99
632.37567 5752.91
633.38367 1923.95
640.33014 971.638
641.33179 459.994
647.35956 559.109
650.38635 15522.9
651.39069 5590.64
652.39404 1232.9
658.33929 1364.66
659.35052 412.878
659.82721 793.708
660.32782 685.753
667.22168 405.062
667.38995 465.599
668.32458 4289.97
668.83496 3972.77
669.32776 4236.37
669.83582 1228.61
670.32123 899.235
680.27301 519.936
684.30121 647.864
685.22748 679.531
686.33514 10832.6
687.33966 3627
688.34491 817.651
691.28967 394.621
695.38068 779.545
697.40247 785.892
701.31738 922.941
702.32123 523.397
703.24359 508.489
704.34534 1059.26
708.35944 590.395
731.31097 544.149
731.41193 2487.52
732.41309 769.24
743.40692 1114.57
744.41724 503.143
749.34900 1902.31
750.34943 739.55
761.42126 1909.39
762.42242 893.145
769.37366 620.022
770.35260 578.308
776.40009 409.74
779.43329 3548.36
780.43427 1567.05
781.43005 380.251
787.38281 1416.83
788.38666 725.216
797.36664 3046.35
798.35956 2706.28
799.35699 747.122
800.44238 751.415
801.43848 553.676
815.37628 8306.92
816.38373 3378.23
817.38159 1095.37
818.44147 2540.42
819.44946 979.603
836.45056 9729.72
837.45496 3560.32
838.46411 930.102
909.39386 503.393
916.42676 572.289
926.40814 1304.79
927.39893 1475.06
928.40131 664.122
929.49146 488.536
944.41943 4489.58
945.42261 2285.72
946.42865 626.065
947.48273 1764.13
948.48438 612.999
965.49207 3391.99
966.49817 1515.43
1058.51465 666.054
1073.48083 554.404
1074.45886 490.171
1076.52124 1240.91
1077.52161 610.903
1091.48401 1208.39
1092.49707 840.862
1094.53369 3745.43
1095.53345 1876.86
1096.53748 648.751
1190.56567 608.509
1205.56970 553.644
1223.57886 903.353
1224.58191 712.403
