2384.16387 2
110.07090 347.587
129.10181 2346.71
136.07495 222.996
141.10181 203.381
159.11224 178.147
169.09702 201.877
169.13272 336.204
175.11842 523.074
195.11293 287.743
196.14345 184.313
197.12782 634.472
199.10735 197.553
201.12331 223.798
205.09634 382.435
212.13818 202.671
214.15472 614.131
222.12314 501.634
224.14008 247.84
225.12225 215.648
226.11790 194.385
242.14922 1011.61
242.18571 1221.75
255.14449 1312.95
256.16367 194.018
267.14407 440.285
272.17093 1242.64
282.18024 184.028
285.15457 633.905
293.15863 222.572
311.17035 928.784
325.18530 203.282
329.18069 513.048
352.23386 473.563
353.14413 250.359
365.24835 377.705
370.24359 1858.2
371.24698 290.782
380.22690 291.57
392.22879 308.759
393.24777 1266.61
394.24985 186.636
398.23911 746.699
410.24225 482.358
422.23468 241.456
424.28723 188.171
439.26685 270.451
451.26389 254.682
457.27545 321.057
467.25757 262.031
468.29175 1765.9
469.29233 276.813
482.19180 203.583
483.32791 260.094
485.27164 213.464
521.30542 654.338
538.33246 1035.83
556.34320 770.01
566.32825 321.799
570.35748 363.843
611.22754 214.247
641.43170 222.876
647.38580 191.82
664.41156 2774.99
665.41516 851.907
669.42993 549.504
680.24866 211.94
726.25256 439.97
763.47852 1734.35
764.48291 627.322
809.37793 207.372
837.28857 262.129
855.29504 750.195
856.30658 199.538
874.49664 281.261
892.52240 2848.98
893.52686 1040.55
894.52332 208.762
926.36731 323.841
936.35651 208.751
954.36273 766.726
955.37152 328.308
1007.54926 744.714
1008.54889 426.94
1136.59424 464.115
1137.59570 308.698
1150.48718 243.9
1247.63049 316.681
1265.63477 1390.53
1266.63586 863.521
1380.66479 469.921
1381.65381 263.95
1449.68091 482.164
1450.68591 429.342
1451.66919 211.195
1520.71753 557.379
1521.71533 371.026
1587.75586 363.153
1588.76550 355.449
1599.75806 547.32
1600.75391 382.859
1617.77344 6728.67
1618.77307 5156.7
1619.77051 1990.4
1635.78052 845.138
1636.78711 620.814
1637.78162 241.261
1716.84338 427.4
1717.84412 337.32
1803.87646 738.366
1804.87048 918.524
1805.87878 341.855
1916.94629 300.562
1917.95618 247.058
