1609.78728 2
110.07087 1827.97
112.08673 1174.33
113.07110 433.905
115.08616 546.928
116.07030 688.869
120.08043 44597.2
121.08365 2570.96
127.08646 1097.05
129.10196 3727.7
130.06624 552.323
130.08575 541.171
133.04288 834.736
136.07538 6885.71
137.07848 569.423
141.10188 1226.98
142.08609 1016.25
143.11734 626.425
147.11226 1036.03
155.08072 701.628
157.09882 457.685
157.10756 498.582
158.09204 2924.69
159.07617 1138.02
159.09122 3403.85
169.09676 3106.68
171.07645 607.081
171.11227 1022.77
173.12796 1186.07
175.11855 11237.6
183.11180 439.533
187.06776 542.101
187.07820 515.785
187.10736 30308.9
188.11118 1868.48
199.07143 765.78
199.10760 421.527
199.17905 421.791
201.12305 1527.74
202.11694 490.993
203.11673 570.564
211.14325 409.617
215.10222 24701.8
216.10693 1532.36
216.13353 490.803
219.14885 1185.12
221.12762 1557.64
223.10757 829.451
226.15501 618.31
227.09988 471.005
228.09778 630.467
228.13423 524.232
229.11848 1704.33
231.11264 1567.31
233.16426 11421.1
234.16809 1250.81
240.13316 813.853
241.08076 574.18
243.13214 514.064
245.12378 3985.35
246.12332 603.769
247.14375 1344.12
249.12279 4462.15
249.15895 1796.15
251.10278 1152.63
254.14900 1435.21
259.09027 920.92
260.13898 1516.38
261.15903 5386.82
262.08423 897.263
262.14893 2766.52
265.11743 2436.24
268.16519 715.519
272.15787 1334.36
273.15970 631.156
277.11761 1794.09
277.15402 2350.95
286.13831 1065.94
288.13403 7366.77
289.13666 565.647
289.15552 874.347
290.07996 1023.06
290.14377 906.14
293.11246 5148.71
294.11548 502.457
306.14410 3367.99
317.14908 4128.19
318.17856 1495.59
335.14899 826.571
344.16910 583.173
344.18973 596.5
347.20499 529.503
355.17752 434.661
357.21408 483.183
358.18448 550.52
362.17056 7417.55
363.17502 1065.04
373.22311 1876
374.19556 502.937
375.19864 489.927
376.18369 1018.19
379.20071 573.82
388.15344 680.459
390.17285 613.543
390.20963 504.208
391.23306 1719.64
396.22693 443.611
401.21719 2763.8
402.22000 486.589
406.19778 1569.43
407.20099 837.187
408.18646 4235.78
409.19104 597.772
419.22745 2876.16
420.22910 438.052
421.12405 463.11
424.19550 723.567
424.22028 846.134
425.21338 9126.54
426.21661 1219.61
433.20728 678.83
445.24832 584.472
456.17273 1072.2
475.26059 533.783
536.23932 615.713
536.30011 462.526
537.21741 961.841
553.26410 677.22
554.25195 4381.79
555.25641 1019.61
564.28418 1044.79
582.23584 754.687
582.30865 597.203
662.36774 496.358
682.28223 598.45
693.32281 1262.29
694.32123 457.299
695.33276 932.698
700.29022 1248.85
717.31799 10984.8
718.32202 3307.16
719.31915 676.872
742.34576 485.738
766.36530 489.588
813.38190 739.608
830.40112 8889.27
831.40588 3461.55
832.40686 566.189
853.39789 893.497
866.45111 558.571
940.43671 1774.83
941.42725 764.985
977.46948 8373.58
978.47205 3837.25
979.47485 620.712
1034.48865 747.918
1051.45923 549.632
1056.46643 768.051
1060.50806 749.246
1068.48499 1075.27
1069.49207 567.448
1078.51697 4806.3
1079.52197 2040.86
1080.52148 508.688
1091.51428 1285.52
1092.52100 490.322
1117.52869 5095.82
1118.52808 3108.96
1119.52747 729.629
1135.53833 23992.1
1136.54041 12030.1
1137.54553 3056.8
1167.56262 950.884
1230.61328 1831.34
1231.61292 954.614
1238.58984 473.883
1248.62134 6800.6
1249.62402 4185.8
1250.62854 1053.46
1335.64001 754.73
1336.66943 465.761
1377.68201 816.971
1378.67932 459.758
1395.69189 1965.51
1396.69995 1540.24
1397.67712 496.762
