1739.74248 2
110.07105 489548
111.07442 24609.4
116.01636 11982.8
120.08051 107035
131.11792 18005.9
133.04277 221063
138.06567 15907.7
155.11746 13599
156.07657 17563
157.06059 15358.2
166.06053 13706.5
166.08604 140766
169.09689 17722.1
173.12814 139639
179.09264 47685.5
185.05542 89499.2
186.12302 12643.8
197.10274 18476.8
197.12827 44155.3
199.07019 10987.9
201.12314 84490
204.08067 12142.2
207.08734 95979
211.11885 277909
212.12289 24085.1
215.13893 80494.4
217.08202 35511.9
225.09796 207978
225.12186 15479.9
226.10091 16531.3
228.14513 196686
229.14824 21745.6
230.05917 61143.8
231.04395 15172.8
237.13382 19038.2
243.13275 39650.6
245.07643 122930
246.12727 16734.4
246.15689 11283.4
248.06975 46875.7
253.09264 11205.4
257.09464 13636.6
258.05453 25951.8
259.03778 56072.8
265.12900 30541.1
270.14490 16754.1
274.12210 59033.7
276.06433 615393
277.06775 54883.1
278.05838 14072.2
278.11273 11619.3
279.16953 90873.5
280.17358 11472
290.16037 41641.3
292.17664 30862.6
293.09000 17211.6
297.67062 21848.1
298.13928 34300.3
302.16068 29242.5
306.19162 11749.8
308.17236 11080.4
310.18744 22491.6
312.15372 18137.3
314.09753 19105
320.17096 48090.1
329.19272 114144
330.19534 22929.6
334.18597 60581.9
338.18192 63117.6
339.17932 19798.2
340.15646 13860.1
343.14340 17095
346.65970 17617.5
352.16141 54950.3
357.18747 168372
358.16125 41607.5
358.67621 15942.8
361.15396 57722.6
366.20078 138556
366.70160 52064.5
367.19788 18745.1
370.06906 19244.7
371.19452 17428
375.20352 32073.1
376.19714 13844.4
377.11218 71378.8
378.11511 11326.5
380.19812 323642
380.69919 115418
381.20117 14806.7
383.16522 25274.4
385.17422 19404.9
387.09671 79229.3
388.07697 28034
389.14832 83307.5
389.20319 109639
389.70490 43738.2
390.15027 19433.6
390.20328 15475.4
391.17517 11686.8
393.18738 16737.9
398.21280 20743.2
400.71176 43906.6
401.20511 57344.2
401.70645 19035.1
402.19116 15876
402.69296 14761.8
403.20853 46820.5
405.10669 576801
405.70166 25021.2
406.10959 86300.9
406.17871 13385.8
407.10648 29204.2
407.19800 21762.7
408.19785 24732.1
408.70782 18750.1
409.17899 28663.3
409.71661 77388.8
410.21817 48915.5
410.71738 12266.1
414.70865 403401
415.18277 266896
415.22372 92942.2
415.68570 103892
416.18716 27097.8
416.22943 16048
418.72095 29789.2
419.21851 14976.6
420.18359 23750.9
421.21866 58151.3
423.71405 643786
424.21570 273868
424.71732 67855.2
426.20865 1.20443E+06
427.21255 234034
428.21622 26850.1
429.18597 536645
429.68710 231821
430.18832 50349
430.69238 14471.1
432.71896 159923
433.21970 71934.3
433.71915 19413.5
438.19479 15966.7
442.17285 14592.6
444.22009 60662.3
445.22391 12350.8
449.69836 78775.6
450.19376 131606
450.69412 42738.5
451.18234 14430.3
454.17236 11738.6
454.69193 27876.7
455.19498 28729.5
457.25305 108345
457.75232 60432.1
458.16382 10998.5
458.25455 18589.2
458.70410 124194
459.20532 53566.8
459.70514 13838.2
463.69696 781872
464.19855 347479
464.69965 90799.5
465.20044 15927.4
466.25854 163531
466.75885 65697.1
467.26065 15490.7
470.21820 12937
471.25101 145439
471.75256 83405.8
472.18359 36894.4
472.25766 14723.8
472.70239 523899
473.20389 220459
473.70471 39394.1
474.12775 26099.2
475.26181 27181.7
475.76505 11266.8
476.17868 77018.7
477.18158 16427.6
479.27362 16364.9
480.25528 123797
480.75650 76162.8
481.25540 15046.4
488.76917 15531.8
489.25775 21332.2
490.19403 30495.7
495.26462 15507.8
496.19135 25775.7
498.21051 30395.1
500.18103 22933.8
505.75714 15512.2
506.23944 136095
506.74094 59034.1
507.23627 23464.2
514.24194 15125.5
514.76709 44772.9
515.24506 173226
515.74829 85012.2
516.29626 44672.2
517.29071 16584.6
518.19031 97171.9
519.19257 21404.8
520.23895 107296
520.74146 69897.1
521.24146 19933.4
522.22437 13373.1
523.26392 52085.8
523.77045 15308.7
524.18561 232569
524.25885 18317.7
525.18842 50709.9
529.24268 61714.3
529.74646 34357.9
530.24652 14393.8
532.24927 22266.9
534.30768 20567.8
537.27148 21503.9
537.75891 18312.3
546.27484 59464.7
546.77570 27916.4
551.27600 12107.3
551.76453 16161.4
554.74786 12010.6
555.28149 19187.6
560.27155 67539.9
560.77338 50231
561.27496 21567
563.27368 17537.4
563.75647 48829
564.25574 31967.4
569.27753 47564.5
569.78271 13949.4
572.27997 75380.7
572.78339 31171.5
573.29016 16463.1
576.32172 23077
577.30023 20081.4
579.28778 13903.8
581.28668 19194
581.78485 16304
586.25317 15921.8
587.20386 30365.4
587.26910 13090.2
587.75885 17573.4
594.33478 508587
595.21796 58974.2
595.33624 163033
595.76123 20104.8
596.28851 36589.5
596.76483 31348.8
600.26056 22054.2
600.76129 24809
601.26996 31360.3
604.32904 21953
605.23315 29763.2
605.29254 28285.3
608.77899 102984
609.27209 104908
609.77234 60061.1
610.26630 20257.9
612.34515 126183
613.23846 243765
613.34937 41808.2
614.24237 67088.7
615.23950 24070.2
617.78400 513618
618.28522 324806
618.78516 154376
619.28503 51922.6
621.27222 31116.9
621.77417 25504.6
622.32990 533418
623.33246 164564
624.33795 31584
626.78961 179208
627.29114 104266
627.79126 54417.8
628.29388 12358
636.24329 11762.1
640.34003 181810
641.34271 52898.3
649.25659 15466.8
657.76654 76974.1
658.26685 40922.6
658.76971 19102.6
659.31329 14405.6
659.80164 33275.5
660.79218 12552.9
666.77271 241571
667.27301 196968
667.77429 50657.9
668.31000 73369.2
668.81006 54532.7
669.30615 27174.3
673.29877 45648.3
673.80151 35262.1
674.29980 35071.4
677.32068 24137.7
677.81000 15920.4
682.30530 138672
682.80591 77268.1
683.30658 32911
688.35156 15522.3
691.31049 44835.3
691.81604 40737.1
692.31122 388069
693.31549 104413
694.32556 33761.6
696.27277 26447.6
702.29596 30619.7
714.29120 54212.4
715.39807 44952.6
716.34198 27576.1
717.28394 13975.7
717.79694 17895.8
720.30658 525483
721.30994 171635
722.31061 40110.9
724.26965 44180.8
725.27136 21919.7
731.39203 281117
731.79608 19724.4
732.39392 102103
733.40186 37294.7
738.84619 11567.7
741.38043 25204.1
742.28107 104218
743.28088 41484.5
749.40363 98907.9
750.40961 36858.5
759.38806 402555
760.39056 165315
761.39264 35269.9
777.39880 169917
778.40356 70731.8
783.38293 11738.7
791.34912 19462.7
800.41248 15049.9
801.39771 26141.4
802.42542 15997.8
809.36035 110023
810.36414 45665.9
811.37518 40103.8
816.40637 19606.7
818.42377 82980.7
819.42804 31657.9
820.42657 12073.2
827.36560 13807
828.41071 150921
829.39471 100021
830.38141 44960.8
836.43225 24474.7
837.45691 13369.1
839.36133 14216.6
846.42078 193843
847.42389 84370.5
848.41895 22052.7
855.36676 30269.4
856.37109 17701.3
857.36517 176034
858.36755 69580.4
859.37012 21029
864.42883 51633.7
865.43408 28061.1
875.38837 13222.8
878.37738 12965.8
901.50537 13326.1
910.40619 18484.7
913.49945 52976.2
914.49628 39796.7
915.49860 16090.2
916.38275 11732.4
926.38580 149419
927.38953 59577.5
928.38971 15072.5
931.51062 244172
932.51135 160134
933.51538 38001.5
938.40173 37188.7
939.40540 23467.9
941.49860 34911.2
942.49127 39109.9
944.38898 33042
949.52094 103597
950.52740 38141
951.52258 12396
958.52002 23169.7
959.50610 108182
960.50708 61732.7
961.51636 17506.8
976.52618 19394.1
977.51746 53676.7
978.52771 17838.1
989.40912 19630
1002.43005 13510.5
1007.42316 27891.7
1008.41998 12682.4
1011.47632 19983.5
1012.47717 14303.8
1020.44537 20446.9
1021.45294 12730
1028.52991 21469.3
1029.48962 41758.8
1030.48865 21041.9
1039.47253 39955.4
1040.47253 25692.7
1046.54102 16010.8
1057.48889 20645.3
1091.54431 25816
1092.53882 14097.6
1109.54370 12466.7
1120.53369 13334.3
1154.57629 12614.3
1162.58325 22548.8
1163.56067 14708.1
1216.55737 13303.8
1217.55151 33754.4
1218.54370 13601.6
1234.56299 134091
1235.56567 85097.3
1236.56714 42121.3
1252.57214 80402.4
1253.57336 44605.1
1254.58337 20021.9
1335.60706 41589.4
1336.61353 37788.2
1337.59875 17021.8
1353.61890 15270.7
1354.62952 12789
1363.60522 42367
1364.60266 38362.4
1381.61633 26984.4
1382.61316 19450.2
1448.65222 12019.9
