1935.02121 3
117.09055 1229.58
120.08034 2035.89
129.10188 458.023
130.08572 303.441
133.08549 1713.06
136.07547 297.739
147.11224 795.049
157.13309 355.006
171.11226 266.433
173.05496 395.406
173.12717 369.619
175.13199 689.317
177.11169 771.47
183.11148 242.14
185.12810 521.405
185.16417 392.552
186.08702 268.721
187.14352 187.62
199.18007 1174.51
201.12286 349.823
211.10622 290.195
213.15903 253.544
219.11127 285.149
219.14832 328.757
227.17494 470.933
228.13336 787.419
229.11662 228.876
230.07738 264.118
233.17377 361.115
234.14429 291.121
240.13394 314.591
247.14310 292.077
258.10751 413.056
258.14392 731.162
262.11780 215.94
269.08765 247.717
276.15408 733.72
281.24744 333.544
286.13846 824.727
298.21390 217.22
299.17041 189.572
318.17978 506.062
327.20105 275.049
332.19672 228.15
339.16519 266.371
355.12186 273.051
357.17465 543.891
372.15097 673.403
385.20868 291.665
388.15747 233.666
389.23813 772.876
436.17801 206.14
440.21469 252.834
454.19193 490.98
456.24396 368.905
460.27512 1353.4
461.23737 234.274
461.27719 212.139
467.22342 193.674
468.20773 583.06
471.21863 670.974
472.22031 213.572
485.23376 680.341
515.22095 194.89
522.25861 202.959
539.28027 718.721
540.28467 197.95
553.25812 405.51
556.31360 345.141
567.27533 1181.9
568.28473 332.511
570.28467 533.608
584.30023 1299.83
585.30432 328.102
607.34332 2841.8
608.34576 964.75
614.32312 234.626
638.34949 321.893
643.91296 502.546
644.40845 734.647
644.91351 229.012
645.33929 776.463
645.43829 413.209
645.50415 455.772
645.67920 260.457
646.31213 314.45
646.38068 580.495
646.88495 273.032
647.42462 449.321
647.99255 244.405
655.37036 217.905
665.36456 198.864
666.34393 1079.01
667.34674 299.699
683.36853 1087.93
684.37158 201.817
706.41040 1864.31
707.41406 786.365
775.37512 244.501
853.48065 522.353
854.48529 237.824
910.50323 493.248
911.49811 215.648
967.51892 953.404
968.51520 451.298
1019.45062 208.082
1082.54956 682.82
1083.54834 389.145
1121.55896 343.318
1139.57007 2187.88
1140.57239 1391.26
1141.58154 196.382
1252.65759 340.019
1320.58484 226.804
1321.60718 220.422
