1429.61148 3
110.07114 3893.38
112.08674 2291.78
113.07105 444.419
115.08660 982.964
116.07026 886.163
120.08070 1032.44
127.05018 475.305
127.08665 755.061
129.10214 5706.74
130.08604 1033.4
136.06155 980.209
136.07558 14896.1
137.07912 982.759
140.08200 634.815
141.06581 1162.54
141.10222 1868.35
147.11255 1707.68
156.07635 1163.82
157.10823 3056.84
157.13350 817.497
158.05568 561.62
158.09222 2556.63
159.07602 1809.02
166.11322 983.911
167.08160 879.956
169.09738 697.268
173.05559 4521.95
173.12828 1183.17
175.09003 730.654
175.11876 26266.3
176.12292 1447.17
185.09186 5071.45
187.07088 1157.68
189.06915 557.031
198.08713 3252.19
201.12302 906.6
203.08340 510.978
207.11253 5811.68
208.11551 752.664
213.08679 9253.73
214.08977 542.603
223.62822 497.674
226.11574 502.038
226.60957 734.007
230.11339 481.19
233.12857 742.976
235.10725 2588.92
240.60709 1611.78
244.09273 707.739
251.10190 2679.81
255.10812 806.561
255.14493 1639.06
255.64867 699.926
256.14874 494.749
261.12408 838.945
261.62793 728.893
272.17169 1961.23
273.11905 4149.61
274.12222 610.683
274.65692 1425.6
275.14954 2327.96
279.09714 2310.74
283.66058 1899.4
284.12305 633.747
284.15958 753.018
288.20218 540.987
290.14487 3497.78
292.17709 582.407
294.18161 729.75
301.19003 694.975
303.14447 1547.53
304.09592 3264.07
305.15839 2151.83
305.65942 593.698
313.20917 813.379
315.13171 544.358
320.17087 2309.81
323.64481 8227.27
324.14392 3724.74
331.22000 2119.03
332.16309 549.787
333.14758 47284.7
333.64908 14900.7
334.15027 3054.27
336.16391 768.012
337.18530 694.036
338.82730 2271.06
339.16138 1020.01
339.49432 634.481
343.16687 580.63
346.18509 511.201
348.15805 1407.08
360.17004 555.25
363.21313 3842.3
364.21823 672.615
368.66537 655.046
369.70474 685.802
371.16473 1334.68
371.48611 542.169
371.81927 775.388
374.18494 1326.87
375.13297 1111.73
376.14975 1847.98
376.84036 1365.15
377.17896 691.421
382.23053 1238.1
391.20853 20256.2
392.21115 3689.35
394.12366 1077.8
402.68668 610.639
404.52353 743.286
405.87082 703.598
411.19794 1990.68
411.54514 2285.71
411.88025 2307.59
412.21509 696.728
413.85181 1000.58
417.54941 2588.37
417.88477 2186.69
418.21976 898.567
424.45779 640.987
424.98413 891.585
425.21069 936.379
428.46179 1399.14
428.70883 791.988
428.95490 631.438
429.24039 1050.03
429.48819 1215.36
433.74127 1089.03
434.25214 941.149
435.20001 572.849
436.18195 2348.44
437.18488 819.976
438.20200 817.823
444.20563 3420.82
444.54144 3132.61
444.87711 1202.56
446.71729 7817.29
447.21841 4271.59
447.72018 897.208
450.20966 2029.54
450.54504 1468.59
453.20868 42459.4
454.21118 9553.76
455.21307 963.565
472.28778 4014.04
473.28589 1002.57
476.21463 1058.64
476.27194 1044.71
476.76147 979.216
476.86212 567.059
477.17310 693.509
477.22018 594.076
477.27118 882.631
478.22864 1312.09
491.17566 4230.86
492.18188 1034.38
494.25330 5205.82
495.05515 634.918
495.25491 1754.75
496.27509 550.292
505.21707 744.888
508.19803 723.419
522.24860 15662.5
523.25116 4827.93
524.24890 954.072
529.34003 623.137
532.74054 2762.99
533.24365 1278.07
533.74530 615.959
534.24316 559.788
539.82727 1294.29
540.32520 846.249
550.22333 1711.99
551.21429 3324.32
552.21509 758.616
552.27374 767.666
562.25348 738.17
568.23560 60023.1
569.23834 16234.1
570.23792 2718.1
574.33685 986.51
574.83673 553.326
578.21979 1643.89
579.27032 14198.6
580.27136 3992
581.26904 745.938
588.27765 845.812
596.29657 3406.71
597.29810 864.097
598.25781 4381.61
598.76123 2640.95
599.25952 722.907
600.34583 1217.59
605.29041 2524.92
606.29028 832.902
609.30481 626.051
622.31195 12838
623.31641 3872.33
624.31207 1009.73
631.23920 591.03
633.77832 2492.29
634.28351 1497.76
634.78619 633.507
647.27844 2153.9
648.26239 4607.37
649.26367 1274.36
652.36517 794.223
653.36908 528.553
665.28821 67867.2
666.29138 22355.8
667.29303 4340.32
668.30859 724.269
669.37024 1662.48
670.36456 651.52
676.28796 1098.73
677.27136 9728.17
678.27307 3748.96
679.27124 1008.3
685.32959 5964.39
686.33441 2156.98
687.34180 535.26
693.27899 535.542
694.04956 759.28
694.10144 1061.68
694.29626 136480
695.29919 47954.6
696.29938 13113.5
697.30768 1947.43
720.31561 737.826
736.32501 6641.04
737.33698 6986.78
738.33905 2136.44
739.33203 584.925
747.32172 4859.07
748.32507 2125.32
749.31982 700.388
765.33405 17240.2
766.33588 6875.09
767.33618 1856.62
768.32690 530.437
782.34216 1238.9
804.36127 1633.29
851.34296 865.331
908.37415 2107.77
909.37030 797.426
946.38922 989.298
