976.44463 2
110.07108 7143.75
112.08678 2589.19
113.07053 615.309
114.10250 379.555
115.08649 2582.48
116.07048 930.229
120.04636 458.009
120.05013 431.005
120.05848 1075.11
120.06601 737.848
120.08056 121417
120.09890 847.997
120.10609 795.793
120.11388 399.025
121.08376 9614.14
127.08612 559.13
129.06567 5852.47
129.10208 6958.65
129.11288 535.088
130.08601 3001.78
130.09789 567.557
136.06161 8087.47
136.07549 1483.34
139.08667 622.862
140.08163 3594.23
141.06577 797.594
141.10187 1184.9
143.08107 598.983
145.06015 406.583
147.11275 3872.05
155.08125 2895.67
155.11755 380.565
157.10818 1543.78
158.09224 4400.97
159.07643 705.446
165.10228 663.982
167.08162 1358.26
169.09706 1106.2
172.10689 436.584
173.05536 1531.81
173.12758 506.457
175.11880 19362.8
176.12286 1081.25
177.10204 15877.4
178.10556 1422.1
183.11205 450.035
185.10286 1018.66
186.08672 698.99
187.07077 679.145
191.11766 11829.5
192.12231 1164.32
195.11269 713.035
197.12955 412.394
200.10211 495.29
201.12325 1630.91
203.11758 1244.23
205.09688 7377.57
206.10201 572.716
212.10315 558.862
212.13931 4361.82
213.08757 675.672
213.12192 650.294
213.14317 399.281
215.08206 474.88
217.09593 617.844
217.13585 599.65
218.14992 447.811
219.11247 4525.95
220.16028 573.279
226.08311 397.456
226.11789 582.2
229.12990 1341.45
230.14966 2103.66
231.06116 875.27
231.11229 5469.74
232.11795 534.446
235.08345 434.33
237.13495 624.971
238.11942 497.022
244.09264 2575.46
246.15578 464.598
248.13882 752.507
249.09964 411.86
250.11819 1497.9
252.11040 803.33
254.16249 907.123
255.14487 38540.3
256.14801 4710.49
258.12347 1467.04
260.19601 1749.76
268.14020 1274.44
270.10828 574.457
272.17142 14150.9
273.17377 1638.67
276.13376 14304
277.13742 2046.14
283.13974 394.296
283.17612 453.566
285.16559 447.867
285.20398 641.663
288.08212 7445.08
288.12900 469.337
289.08560 557.581
293.69461 1784.24
294.19870 630.733
302.09677 529.264
302.14819 1377.25
302.69913 406.307
304.12811 681.526
305.15771 566.872
307.18790 1760.19
308.16809 543.86
309.15436 712.962
312.04892 1850.69
313.11395 1251.62
314.09738 428.118
319.17639 1142.31
323.16858 594.094
325.19897 1278.93
326.18149 4946.89
327.18616 757.996
331.12299 1264.57
333.15350 481.332
337.16101 1152.85
341.10873 1755.56
343.20847 56150.8
344.21133 8828.24
345.21313 683.286
347.17319 466.795
353.19434 574.37
354.22269 873.456
359.11917 4297.69
359.23730 536.877
360.11938 510.893
363.17117 459.21
363.44962 423.182
365.19254 438.811
371.69638 617.682
384.14987 1079.15
385.13394 1749.14
391.16776 609.072
397.22076 548.324
402.16177 1115.32
402.77542 511.304
408.19772 2907.19
409.20358 444.657
412.14676 555.952
420.70737 578.816
423.19739 553.503
430.15665 1573.63
430.74091 524.14
439.31470 570.076
440.22458 1158.33
441.20801 2145.84
442.21317 432.898
453.25659 578.742
456.17517 456.803
458.23492 36163
459.23767 7871.53
460.24100 794.924
467.31253 724.145
472.28864 539.115
474.22812 540.803
486.30258 663.636
488.28403 1135.64
489.28564 851.474
524.71136 788.962
527.33032 1192.66
528.33051 507.204
538.22235 520.149
542.72174 517.638
548.28284 1417.23
551.25659 1748.94
552.25647 522.159
554.30194 513.607
555.24768 567.384
556.23517 1233.79
566.30261 442.396
573.26245 8227.35
574.26349 2115.96
582.29926 626.555
583.36359 673.187
584.35120 1603.06
586.32727 726.135
586.40503 439.554
587.34052 535.69
588.25549 420.191
612.27441 1413.87
613.25769 1857.02
614.37628 445.917
620.27771 3286.07
621.27631 667.67
628.31311 523.064
630.28333 57261.4
631.28680 16421.6
632.29083 2751.87
638.28827 3122.57
639.28754 1093.36
645.33185 2934.91
646.33069 668.214
652.38391 438.645
681.40253 924.202
683.30896 1303.05
684.29309 1402.84
685.28827 428.397
701.31989 55394.7
702.32379 18316.3
703.32300 3310.03
711.30554 827.357
718.25403 1728.91
719.25195 574.107
725.35242 850.944
742.38489 3809.65
743.38873 1233.36
841.50018 424.613
848.38916 3300.65
849.39105 1251.58
905.40741 4095.3
906.41425 1869.16
907.41620 483.796
950.57556 433.82
