2626.31577 3
120.08039 1065.73
129.10176 355.194
130.08585 388.806
133.04256 270.365
133.08562 218.913
136.07521 1898.41
141.10222 322.43
143.11726 337.757
147.11230 1031.76
157.13242 297.114
159.09189 225.946
169.09641 487.379
171.11229 266.49
173.12820 415.375
175.12032 186.382
183.11145 234.271
185.12790 424.872
186.12234 241.54
187.10736 1281.06
197.12787 553.749
201.12267 679.046
215.10170 1022.11
215.13895 259.715
227.17587 242.728
229.11745 416.054
231.09674 208.493
235.14403 335.038
242.14812 268.249
243.13358 649.442
251.10130 217.282
254.14937 248.521
260.19589 486.504
263.13806 253.261
272.12332 1946.57
279.09714 351.252
282.17892 189.744
284.19467 317.948
297.15475 1340.51
298.20929 199.376
310.21201 538.653
313.18643 230.719
314.16974 369.23
331.23242 1156.44
342.20203 358.322
347.10278 230.952
355.23444 255.121
357.21155 607.489
383.22910 253.437
385.20816 1086.43
389.23730 326.805
413.23651 378.09
427.25519 219.345
430.30246 601.475
432.22256 225.7
439.12952 299.49
444.21960 202.424
456.24246 327.029
460.20313 347.542
476.14560 310.232
490.70477 380.015
498.29053 316.304
501.33990 407.838
502.21167 196.843
504.26672 396.664
541.33173 200.66
559.28711 238.197
569.32874 579.075
572.37500 546.244
573.24640 200.482
588.76373 1307.18
589.27246 819.933
589.76636 273.05
597.76587 324.916
598.26862 422.77
601.27600 199.069
605.31287 501.796
610.78955 291.367
611.29279 212.381
625.19489 259.608
625.28149 216.809
638.29816 773.855
638.80237 388.845
672.31622 292.396
682.41278 296.278
695.32745 210.959
701.41730 491.371
702.29535 224.111
702.42145 243.18
703.84302 808.533
704.34583 487.952
716.33911 272.916
733.37146 622.504
734.37152 240.664
754.23090 700.038
777.38068 287.614
785.35962 205.302
803.35931 354.902
811.45251 515.843
812.45892 332.391
817.33160 300.486
822.29108 209.072
830.46533 702.717
831.47089 275.246
839.32440 233.965
848.39587 1904.08
849.39978 742.927
867.31555 1896.84
868.32007 809.943
875.00140 284.701
875.22009 210.643
875.41254 249.5
875.53174 647.87
876.44568 538.906
876.58789 346.622
877.00812 264.294
877.42120 693.515
877.58887 217.406
910.52429 561.643
931.50922 1420.52
932.51898 578.389
947.46405 1439.65
948.46851 678.428
980.39697 1647.53
981.39679 916.383
982.40271 228.427
1012.50543 210.625
1062.54443 1251.63
1063.56226 583.058
1083.54187 336.053
1093.49146 635.814
1094.48962 230.633
1110.52747 1688.56
1111.52917 892.548
1112.53516 347.001
1133.57751 536.99
1134.58752 433.867
1176.52417 930.598
1177.51794 439.373
1194.51038 243.761
1202.62341 244.364
1220.61426 1386.52
1221.60132 906.069
1222.56799 278.844
1238.57666 510.64
1239.58826 339.334
1309.62683 558.738
1310.61292 306.715
1333.69165 587.959
1334.69751 262.644
1389.66101 231.59
1406.67932 2173.81
1407.67212 1551.97
1408.68530 588.517
1553.74524 395.709
1554.77026 280.101
1717.82190 228.582
