1857.92705 2
112.08678 1690.57
116.07000 1454.07
120.08051 17428.4
121.08418 1355.12
129.10179 3415.19
136.07547 17524.1
141.10179 1672.04
147.11284 1406.83
156.11340 1732.59
157.09702 3833.84
158.09212 3692.65
159.09163 1039.88
169.09674 4258.01
173.12749 1219.76
175.11867 32229.8
176.12396 1701.9
183.11325 1543.45
187.07101 1289.8
187.10745 8832.68
199.18073 2087.74
201.12303 21179.9
202.12650 1547.27
211.10722 2727.64
215.10228 29176.4
215.13890 8161.37
216.10612 1942.54
227.17508 1932.78
228.13216 970.283
229.11792 21162.8
230.12238 1658.23
233.16472 2737.56
235.14345 1933.73
240.13348 1913.32
241.08165 2509.46
242.14934 1064.61
243.13359 19279.7
244.13751 2087.55
247.10728 3539.85
249.12291 4793.14
255.16949 1029
258.10797 1508.26
258.14542 1290.09
259.09033 3253.14
261.15967 4272.53
263.13745 1037.57
265.11780 8265.23
266.12164 1526.94
268.12808 1607.98
271.17599 7914.58
272.17719 1468.97
275.10175 1963.16
277.11780 14621.4
278.12216 1806.34
282.18033 3240.28
283.14377 11448.8
284.14627 1661.08
286.13928 7756.7
288.20230 7317.15
293.11282 7857.24
294.11563 1399.07
298.10034 1470.41
299.12289 1304.06
300.19144 2999.71
303.16946 1003.27
305.14789 1376.53
311.13846 6367.13
316.11334 3604.33
317.14990 1889.25
326.13577 1368.43
328.18594 15211.6
329.18878 2210.81
331.16602 1777.67
333.14426 5758.01
334.14645 1005.54
340.14938 2036.59
344.14526 2837.63
351.16443 1126.25
358.16013 17711.2
359.16348 2334.17
361.17474 1230.86
362.17062 2680.59
369.17587 4622.28
372.19409 1950.52
374.17133 1611.39
376.18597 2581.53
378.16599 4011.68
379.16891 1277.29
384.25916 3853.09
387.18555 1378.87
388.18213 1467.8
390.20218 3632.04
397.17102 8242.73
398.17453 1104.41
401.28629 7347.75
405.21402 1529.33
406.16486 4694.63
411.22305 2477.98
412.20932 1727
415.18259 4599.46
417.24384 1225.19
422.16888 2498.48
429.23541 2756.47
430.23471 1576.36
433.20670 3810.81
440.18109 4540.69
445.16989 1339.46
446.22845 2081.14
447.22745 1134.97
457.22910 4870.2
458.22906 1906.46
460.20605 1189.55
463.18158 2824.9
508.19724 1196.09
517.23230 1289.45
518.29846 1270.78
521.22528 3040.6
526.21381 2707.75
531.32758 2739.69
534.25262 3487.06
544.23163 3599.09
545.23541 1160.03
546.28955 2115.31
548.35449 22206.8
549.35760 6808.43
559.27563 1167.24
562.25037 3852.63
563.25171 1353.53
569.22955 1529.5
575.27258 1973.67
659.38501 1825.87
660.37097 1727.39
673.28265 2060.15
675.33691 1757.09
677.39716 10068.6
678.40082 3064.67
691.29108 3093.85
776.46313 4491.35
777.46991 1993.25
833.48645 37148.3
834.48950 15668.2
835.48627 3065.87
838.36072 1323.58
854.37122 1202.78
944.51758 4637.63
945.52216 2507.23
962.52930 26303.6
963.53082 12076.2
964.54071 2859.25
1020.14130 1255.95
1056.54565 1129.66
1073.56885 5365.95
1074.56409 4396.57
1091.57117 28503.9
1092.57300 16127.7
1093.57202 4140.22
1220.63940 1779.13
1221.63013 1537.42
1238.63989 34387.2
1239.64392 23735.4
1240.64795 7828.12
1401.70325 21628.8
1402.70752 18890.9
1403.70081 5863.4
1512.72864 1431.96
1513.72424 1997.44
1530.74829 6258.36
1531.75000 5062.91
1532.74634 2002.39
