2045.98769 4
110.07104 6688.8
111.07444 474.287
119.04894 432.855
120.08044 2175.65
129.10214 1505.93
130.08592 632.977
133.04295 469.981
136.06041 788.607
136.07553 29734.8
137.07877 2344.87
138.06543 478.874
147.11266 1556.25
166.06082 510.78
173.12822 510.731
175.08624 962.362
175.11877 3866.96
203.10219 584.271
207.11244 1202.76
213.13417 3443.65
213.63649 577.82
227.10118 480.793
231.09744 1311.44
235.11966 2855.48
236.12383 356.939
239.11325 1355.03
249.09813 820.222
249.15865 396.303
251.15082 539.137
252.65616 722.248
258.08972 361.905
261.66061 23380.5
262.16205 6607.15
262.66324 957.445
265.11755 940.73
267.10812 4762.49
268.11157 538.68
272.17084 712.702
288.20248 4449.89
289.20508 428.476
343.19205 2831.18
343.69354 1083.87
348.82025 1151.29
349.15182 533.703
357.68887 756.237
366.69095 350.458
378.14059 1166.07
378.71082 409.312
388.51254 1218.34
388.84689 720.159
396.15070 1243.82
397.84378 2805.54
398.17841 2043.4
398.51135 1084.54
402.24567 740.246
408.23486 897.297
409.68069 925.33
410.18747 564.002
421.53677 709.51
421.86804 674.314
425.26157 11533.4
426.26440 2390.67
430.86612 1527.92
431.20001 916.236
431.53665 369.657
442.27386 1029.77
442.77139 2196.62
443.27371 1183.19
446.55490 793.979
446.89151 674.326
449.24719 666.113
449.74542 379.786
454.20389 381.317
454.54565 1223.91
454.87930 1056.27
457.89313 692.089
458.22952 812.04
459.75888 361.925
463.25360 363.52
463.51242 639.912
463.75922 670.863
464.01025 1806.25
464.26175 1064.71
472.29163 482.626
473.23724 751.74
473.57373 410.518
477.17313 424.312
478.88632 1245.5
479.25955 544.654
479.52069 457.044
479.92114 413.413
480.61026 1398.53
488.03345 1028.48
488.24600 654.899
488.50235 1114.68
488.75308 849.791
489.00272 367.745
493.28601 878.403
493.78275 1698.97
494.28363 579.371
501.79523 3135.56
502.29709 7254.48
502.79831 3619.62
503.30161 844.323
503.49832 378.865
503.74283 401.988
504.25616 377.545
505.28922 1661.18
505.56451 842.685
506.29526 554.926
507.99939 907.367
508.24826 635.544
508.49603 589.069
508.72986 397.519
510.80231 1807.48
511.30600 6027.97
511.56464 2011.82
511.80624 4398.58
511.90247 1232.16
512.25275 23026.2
512.50378 22061.8
512.75403 13859.3
513.00311 5524.26
513.26581 2638.67
513.32983 1019.63
514.21082 387.167
522.31335 48463.3
522.72754 7002.3
523.22870 3890.28
523.31659 13373.9
523.72968 1135.94
524.31891 2331.35
527.73071 880.019
528.23175 408.666
530.30414 1368.37
533.21198 418.395
548.26532 540.605
550.95331 1678.78
551.28778 1673.1
551.62262 846.138
554.30933 767.086
554.81146 785.39
565.31683 420.775
568.26294 694.619
577.26508 848.87
578.25391 385.635
580.21069 394.237
580.71625 390.845
581.29614 577.203
582.26276 5198.34
582.76367 3918.62
583.26447 1359.32
587.26349 659.729
587.60034 396.566
587.74786 950.093
587.96826 494.325
588.31482 644.358
588.82324 679.213
589.32202 835.276
593.96735 1171.61
594.30389 929.633
596.26141 28313.8
596.76300 20069.4
597.26459 6853.75
597.76685 1355.33
602.81653 761.824
603.32446 836.931
603.77222 714.379
608.79608 452.051
609.30048 533.74
612.78461 1284.4
613.28351 473.01
622.75452 412.391
629.76874 437.49
630.97717 1804.68
631.31396 2073.6
631.64716 867.579
631.79840 7131.88
631.98608 428.74
632.29425 3646.89
632.80139 1859.2
636.79449 588.466
636.98193 1541.99
637.31854 1441.71
637.65002 1105.26
637.78479 471.977
645.30804 1059.01
645.79572 32492.9
646.29700 21361.5
646.79816 8682.39
647.29877 2254.09
658.41730 755.167
659.31866 819.837
659.41864 698.21
662.25238 696.974
663.80005 692.98
667.31561 3890.32
667.81750 2748.6
668.31439 938.492
672.30774 1429.62
672.80743 1022.8
673.30664 516.035
677.22809 463.868
677.37701 639.161
680.36682 729.86
681.31415 53472.9
681.81482 38434.8
682.31616 15430.5
682.81696 4593.98
683.31586 852.429
685.37610 6502.01
686.38080 2463.42
687.38770 710.175
697.40167 532.024
700.38092 494.109
701.83008 493.947
705.32501 423.437
706.33490 793.409
707.33093 622.448
709.83386 450.994
710.33130 693.959
731.40472 780.573
732.37793 1488.25
748.84869 2695.87
749.34943 2663.84
749.84955 852.23
754.34772 473.925
756.41388 7382.38
757.41382 3720.45
757.90076 947.063
758.41150 1098.67
762.84479 6717.46
763.34631 4690.46
763.84924 2241.34
764.34692 889.192
778.34747 393.996
786.48566 1087.27
787.48730 1204.65
788.49261 392.603
790.30609 482.308
793.44379 1559.84
794.45929 675.739
806.42584 419.563
818.35352 802.439
825.93262 436.963
826.42346 668.727
829.41449 533.755
855.47839 649.333
883.53650 1091.17
884.53961 1726.4
885.54321 698.558
895.43384 558.378
897.48206 763.52
907.38977 384.174
925.40967 595.918
966.47717 828.889
967.49176 428.891
1024.47815 643.289
1079.50977 428.135
1095.51953 2297.75
1096.52014 1166.88
1153.52393 388.462
1191.52148 649.157
1192.53174 521.98
1224.55908 1106.47
1225.57129 517.409
1258.58972 457.601
1361.62036 1436.98
1362.62329 936.186
1657.41284 526.611
