1287.69060 2
110.07106 41939.8
111.07423 2051.85
112.08665 852.909
115.08631 708.532
116.07039 564.903
120.08056 5447.2
121.08410 446.117
129.06561 1539.46
129.10210 13625.8
130.06451 836.15
130.08607 7833.6
130.10493 1065.28
131.08920 519.09
133.04274 3988.61
136.06227 792.899
136.07553 13580.9
136.08672 4719.16
138.06587 2318.77
140.08128 528.866
141.06601 607.328
143.11766 2579.68
147.11261 10862
148.11598 702.493
153.06570 517.347
153.10147 535.915
155.08170 737.193
155.11745 572.921
157.09700 958.234
157.13321 2443.73
158.09216 1572.2
159.09117 1015.32
164.08148 4107.45
166.06088 1674.88
167.08180 746.673
169.13353 578.238
171.07616 2060.35
171.11264 2015.1
173.05521 723.921
173.09134 823.721
173.12790 1484.9
175.11871 5598.49
177.10188 1344.18
181.10815 24792.5
182.11206 1732.49
183.07524 442.612
183.11263 1325.71
183.14876 891.327
185.12811 5058.98
185.16548 489.148
187.08615 459.799
189.08688 1980.41
192.07677 1620.43
193.09698 702.365
197.12802 676.312
198.12421 973.899
199.07268 541.257
199.10754 1876.06
199.18016 7158.73
200.10310 961.965
200.18449 673.51
201.08693 1992.27
201.12308 3756.68
204.07974 1472.19
205.09685 890.998
207.08759 1030.09
209.10313 44856.9
210.02539 611.968
210.10696 3612.09
211.10751 462.416
211.14392 458.454
213.08556 448.475
215.13870 466.735
216.13393 4527.79
217.08186 3335.32
217.11955 824.7
218.14969 921.116
225.09810 1937.61
226.11761 1200.95
227.10287 561.02
227.17520 10200.4
228.13342 1085.26
228.17873 1190.78
229.11748 1705.13
231.06175 1019.66
232.07474 2141.15
234.14447 17644.8
235.10567 809.408
235.14787 1330.61
238.08337 457.825
240.13380 3354.55
242.14879 536.881
244.12820 677.574
244.16559 1010.41
249.15921 4378.23
251.10164 892.753
251.15025 1281.46
253.19086 1523.57
254.14832 640.753
255.14462 2431.42
256.09140 672.717
270.12714 643.097
272.12384 1252.06
272.17255 1804.77
274.10156 1712.74
276.18271 1043.82
277.15323 3360.64
279.09717 2843.44
280.16446 622.298
286.16537 507.17
288.20163 576.359
294.19589 494.219
295.23810 775.318
298.13693 767.49
298.21219 8570.96
299.21515 980.971
304.17633 24651.2
305.06519 480.099
305.17963 3906.52
311.17017 1304.36
316.14975 1453.47
317.22165 480.79
320.17303 578.936
322.18683 17240.4
323.19046 2441.44
329.21829 1036.47
331.14136 1941.53
340.25925 2094.01
342.20038 744.255
344.14444 2511.23
345.15909 1158.11
347.22818 5399.75
348.19003 806.502
348.23135 649.703
375.16351 729.431
375.23358 1280.33
383.30225 475.11
390.24393 869.034
392.18164 2668.72
393.18030 627.849
394.12393 14995.2
395.12656 2972.1
402.18155 639.919
407.27563 4239.57
408.27994 841.224
411.29642 1360.58
413.16397 835.831
417.26474 650.974
428.25720 1440.96
431.17828 801.398
435.27066 14281.7
436.27338 3322.06
444.24451 710.087
457.22952 1479.37
458.29980 869.419
461.20358 621.733
462.18527 501.616
462.25504 5197.61
463.14255 485.591
463.26215 995.43
479.21359 2082.31
480.21231 548.466
489.19449 680.287
499.29871 2697.32
503.33060 612.856
504.28152 984.128
507.20712 8413.75
508.20987 2064.19
515.28247 2291.42
515.78442 1586.57
520.35895 1707.41
521.35822 536.307
522.22845 2624.32
523.22772 593.296
530.34229 488.547
548.35486 7848.07
549.35736 2706.28
559.27667 810.541
563.28741 517.002
575.24420 513.855
575.32349 1194.69
576.23010 900.635
577.28113 3946.66
578.28821 718.066
592.29749 1735.94
594.23505 962.039
598.37781 893.195
620.29291 2467.78
621.29498 1696.49
622.30023 644.643
645.29053 618.103
686.35028 638.461
700.39984 1461.62
703.37329 1908.93
711.42377 687.834
712.42371 548.334
715.30145 604.067
722.33405 768.531
733.37256 926.001
740.34509 5416.83
741.35010 1790.53
758.38940 496.536
774.40894 7947.14
775.41461 1810.12
776.42010 497.976
823.47760 5123.45
824.48132 2409.99
826.44843 941.375
835.42413 663.434
853.42676 3168.22
854.43634 1395.02
887.49231 3338.3
888.50000 1071.51
892.50006 2030.3
893.49664 776.375
910.51428 960.572
920.49548 1331.38
921.48956 679.272
923.45306 1498.44
924.46423 535.526
941.46997 2493.22
942.47461 1556.02
958.53180 2587.26
959.53815 1016.54
966.51105 1089.86
967.51233 655.922
1029.56006 2447.41
1030.55139 1158.02
1047.57141 691.896
1079.59180 816.581
1118.57227 729.507
1150.65198 627.314
