2581.30327 2
120.08034 7878.67
153.10208 1932.04
158.09196 1404.41
175.11833 5832.91
183.11186 3801.98
186.08684 5387.17
200.13942 1563.38
201.10548 3836.82
201.12206 2987.64
203.11755 1291.08
205.09653 5220.38
211.10728 1118.16
221.12737 2702.51
222.12279 4676.15
229.10052 4675.96
231.11263 1325.06
240.13408 1833.24
249.12227 2498.62
255.14436 4903.42
261.08975 1249.34
271.10687 4158.98
272.17099 29357.3
273.17395 1943.87
276.13336 2050.01
285.15741 1379.61
288.13248 1152.79
300.15463 1252.88
305.15982 2611.9
311.17114 1070.28
330.14893 1398.43
333.15491 14177.5
334.16037 1579.78
342.20081 1151.76
344.14505 1216.48
351.16602 1271.4
358.14197 8865.33
359.14352 1269.06
360.15720 1716.54
366.17941 1221.91
368.19196 1056.28
387.20285 2071.73
389.18741 2101.64
389.20416 2018.68
401.21359 1571.17
429.21503 1897.13
434.20322 1321.84
457.21030 3436.37
459.18771 2040.53
526.23840 1467.85
554.22522 1963.14
564.27423 2722.93
572.23730 9725.48
573.24011 2389.93
673.28247 2168.39
677.35901 19993.2
678.36395 5366.32
685.32068 2253.23
792.39178 2965.09
798.41302 1274.18
834.30853 1933.85
863.42310 2906.11
932.46533 4471.3
976.50751 3583.68
977.50427 1619.1
1087.54736 1233.02
1104.56384 2990.16
1105.57605 1372.85
1251.63135 5618.16
1252.63367 4302.32
1291.61487 12768.3
1292.61719 7093
1364.72021 4980.89
1365.73022 4229.85
1477.80334 5972.82
1478.80811 3909.11
1479.80029 1480.67
1592.82886 3263.13
1593.82410 2856.09
1691.89783 2192.45
1692.91235 2154.61
1820.94434 1425.23
