2287.10410 3
110.07099 1683.27
120.08054 3220.26
121.08402 300.093
127.08675 269.392
129.06598 513.138
129.10208 4259.89
130.06554 425.357
130.08615 1414.63
130.10529 313.343
133.04288 458.722
136.07552 3658.52
143.11775 877.863
147.11267 3764.98
155.08136 643.635
157.13327 21418.5
158.13712 1573.52
159.09142 2176.09
160.09479 305.063
169.13329 408.785
170.05927 712.567
171.11224 896.04
173.09196 290.492
173.12804 2103.55
174.13142 274.663
175.11861 1994.7
177.10162 823.747
181.09541 317.162
183.11253 364.526
183.14836 302.974
185.12816 5696.19
185.16507 744.108
186.08623 372.373
186.13348 404.063
187.10762 347.651
187.14359 404.152
197.12808 733.25
199.18025 1615.51
200.10223 471.447
200.13921 1598.45
201.12282 930.725
205.09645 894.355
206.10039 338.174
207.08711 453.029
210.02507 673.623
213.08696 471.191
213.15865 310.743
215.13835 533.142
217.13632 327.264
219.14854 351.054
225.09837 311.43
225.19594 807.644
226.11879 288.627
227.10233 301.234
227.17526 1934.76
228.13383 5500.53
229.12062 440.988
229.13690 602.974
233.12827 593.163
235.14366 299.075
240.13475 379.441
242.14973 1368.34
244.16522 462.561
245.07870 329.095
249.12384 617.904
252.10938 644.315
253.19090 862.213
255.14429 307.107
256.12808 936.989
258.14465 396.396
260.19647 963.017
270.10712 301.651
271.14066 573.663
271.17624 1366.12
272.17139 9256.35
273.17487 1459.37
276.13342 617.94
277.11755 887.812
278.12277 405.078
279.09784 605.717
284.12408 725.075
284.19717 585.183
294.17938 301.649
296.19672 649.908
298.15485 1267.84
299.17111 7313.58
300.17435 1091.61
310.21091 593.459
312.05270 333.578
313.22275 2604.09
317.21729 1955.59
321.13037 978.464
341.21799 3530.66
342.22220 761.897
367.23166 688.841
369.21524 323.123
377.14594 381.242
384.25964 3954.4
385.13419 420.781
385.26385 687.535
389.18344 550.3
392.16736 1160.17
393.13821 414.099
409.28006 588.72
410.16705 519.153
412.25525 3677.31
413.25818 619.454
424.17877 321.868
424.71075 1032.31
426.30704 859.359
442.26584 524.513
454.30157 886.345
461.15515 321.149
464.28699 6079.97
465.29065 1752.27
480.31552 625.551
488.24933 389.874
492.25821 458.566
493.21445 1751.47
494.21793 323.25
495.28903 481.692
497.34360 1086.19
525.34088 1210.4
530.25830 1400.87
530.75830 784.683
531.25995 373.689
553.17041 316.311
555.34509 378.846
573.26459 319.514
577.29626 406.646
579.31293 620.711
588.28265 306.525
589.28522 430.665
591.18848 425.748
596.23035 1101.54
599.33716 597.827
601.33624 688.283
605.35052 415.259
606.29529 1820.04
607.30273 505.176
608.34656 350.84
619.77478 721.51
620.28125 425.909
634.29883 323.414
636.33502 4547.89
637.33844 1641.6
655.80511 615.771
669.30719 582.294
669.80890 374.063
672.36884 2357.3
673.37158 1066.54
674.38318 373.547
676.32404 442.765
681.81061 320.634
690.32184 1610.75
690.82013 938.326
691.32227 413.424
691.39343 378.818
703.29437 466.19
704.26569 590.098
708.33392 362.832
717.33124 366.832
719.38275 1693.15
720.38776 485.011
725.84003 2354.34
726.34161 1531.32
726.84271 573.808
734.85712 321.559
735.36621 441.89
739.39771 320.939
746.33881 320.729
751.35638 1319.34
752.36407 496.424
759.34137 388.018
760.35706 565.233
762.36389 1393.74
762.87140 392.128
763.35077 1200.27
763.47217 1109.58
763.95764 361.34
764.44702 4572.17
767.35742 488.001
767.85730 1086.37
768.35449 698.734
769.34583 348.892
775.86707 748.405
776.36151 4197.79
776.86322 3290.94
777.36536 1588.22
777.86151 337.793
785.45624 1684.69
786.46222 817.899
804.48309 367.083
817.35828 1040.95
818.38226 495.416
823.37195 355.71
823.89923 1048.74
824.39917 1014.73
824.89624 935.181
825.34442 708.313
825.84711 435.01
830.42047 535.271
832.38647 553.467
832.49603 639.733
832.90411 5550.16
833.40277 4455.46
833.90601 1974.24
834.40643 572.549
837.37109 658.348
839.39996 465.391
847.43835 503.424
848.41425 3055.03
849.41583 1541.11
872.43860 412.059
873.43878 538.182
873.89215 345.881
874.44434 465.37
880.43988 921.057
880.94025 1075.77
881.44897 1066.07
881.89795 433.664
882.39642 856.956
882.88770 342.016
886.41687 525.854
887.43542 420.843
888.95581 989.214
889.44629 4701.63
889.94714 4639.01
890.44818 2121.73
890.95526 834.99
891.46417 336.713
898.45404 400.508
902.44165 632.545
904.44977 437.914
905.43683 2692.83
906.44080 1273.93
907.44324 510.448
909.41589 426.11
909.93005 485.779
910.40802 345.474
913.40643 785.96
914.40906 574.759
916.36658 568.222
918.52393 400.894
921.44611 344.387
930.46454 541.616
931.47614 527.774
932.43341 398.271
937.94696 389.458
938.43292 782.507
938.93427 747.135
939.43976 422.147
945.98773 503.4
946.50769 2715.75
947.00745 341.365
947.51080 1348.46
947.99048 379.027
948.51465 464.812
961.46985 523.787
962.45599 2635.29
963.47003 1126.94
965.51556 339.781
966.47839 354.959
971.54218 1171.86
972.54675 771.377
974.51709 795.392
975.00916 873.627
975.50360 633.793
985.46838 936.99
985.97107 1167.14
986.48138 812.734
986.98792 616.832
994.00610 1142.27
994.50464 1424.68
994.99603 1038.83
995.50189 630.508
1002.52356 1276.81
1003.01056 6978.77
1003.51196 6730.47
1004.01093 4037.67
1004.51868 1789.78
1005.02185 674.968
1012.01337 858.864
1012.51013 691.364
1016.48297 1061.47
1017.46954 399.677
1021.44189 488.922
1023.49237 478.736
1041.49927 996.083
1042.50671 995.231
1044.48181 1504.54
1045.48096 677.211
1051.99731 932.007
1052.49829 1255.07
1053.00549 529.47
1053.49487 516.424
1058.52515 2279.62
1059.51099 13972.2
1060.51343 7425.83
1061.51550 2052.6
1062.51709 488.686
1086.60071 544.161
1087.59656 336.193
1088.44519 413.745
1100.59729 370.273
1109.55737 333.759
1133.54822 357.083
1142.54907 402.852
1143.56250 407.35
1145.50269 516.039
1146.51709 495.976
1155.53638 453.389
1156.52942 409.743
1157.57751 411.91
1172.56519 409.384
1173.55054 2311.56
1174.56055 1448.66
1175.56921 416.682
1201.51794 428.982
1228.59802 457.076
1231.56116 475.935
1241.54504 349
1310.61963 867.42
1311.61487 413.748
1314.61975 522.188
1315.59729 344.497
1361.62024 366.183
1362.61304 645.29
1363.60901 396.287
1369.67065 503.445
1379.62842 672.348
1405.59753 437.424
1450.67822 1349.79
1451.67480 929.511
1452.66553 545.983
1518.70911 343.129
1541.74402 501.541
1551.72693 1023.08
1552.71948 1115.12
1553.72681 410.454
1664.80457 403.064
1665.80090 411.596
