2211.09665 3
110.07114 2075.88
120.08048 2637.66
127.05030 533.516
129.10202 5557.92
130.08598 1417.74
136.07544 1932.28
147.11249 4764.32
155.04507 570.369
157.13309 2530.68
159.09126 1224.68
169.06039 633.014
169.13329 759.795
172.07138 1312.46
175.11865 1566.93
185.09116 417.127
185.12799 1653.51
185.16478 1263.07
186.08710 1020.19
187.07114 605.351
187.10724 438.782
197.12790 1083.11
200.13918 1022.71
201.12317 638.026
209.10315 939.216
210.02507 632.334
213.08650 710.102
213.15916 972.29
215.13847 1444.57
216.09657 591.84
218.14958 3143.52
219.15047 500.433
226.08258 968.238
226.15471 1312.18
228.13419 1022.78
229.11574 479.414
233.16383 568.918
238.08183 461.96
240.09747 1040.78
243.13326 2289.58
244.09303 1311.96
244.16510 8245.04
245.07727 665.664
245.12686 391.086
245.16943 731.469
246.18134 593.785
252.10944 840.912
256.63287 488.081
257.12341 702.567
258.10779 723.43
261.15891 517.623
272.13583 836.511
274.12192 398.49
276.13400 432.585
283.10284 1541.7
284.08676 1326.51
284.12283 399.549
288.20255 567.645
289.18625 3282.04
299.17023 1028.03
300.15445 1030.98
301.11365 2219.05
328.18567 400.502
331.19760 455.196
369.18030 638.142
370.20865 433.115
372.15268 567.345
375.20233 946.545
386.20248 1543.28
387.16638 763.102
387.21872 473.986
390.18784 4550.99
390.68909 1534.97
394.13455 1182.93
403.22903 9217.02
404.23471 1408.19
405.17532 509.159
409.21829 994.631
412.14471 1807.07
414.19366 668.438
416.72452 435.326
417.21298 704.647
424.21814 829.188
425.72513 2547.8
426.22586 903.641
429.17310 493.07
430.15646 715.359
437.21478 1875.44
438.17410 571.199
439.72223 1570.79
440.22165 932.702
443.20081 498.094
446.23871 725.326
477.76575 911.563
480.21750 1165.25
482.26703 533.371
482.76724 580.472
496.26242 637.552
499.28815 537.183
500.25278 640.923
505.16650 565.1
506.22891 667.265
513.72961 514.419
516.31299 7152.14
517.31934 1499.1
520.75092 447.407
523.17572 728.323
523.25677 582.683
525.22772 501.392
534.22461 811.565
541.18903 506.38
543.23688 544.761
547.29626 426.635
551.25464 4464.25
552.25690 1095.63
557.27490 1009.55
558.27075 647.534
559.21289 595.817
569.28900 448.994
576.23651 674.433
577.77875 1363.95
578.28900 510.262
579.29175 782.953
581.29126 442.045
602.80054 1006.42
603.33362 827.711
619.33105 427.655
636.34607 1113.2
639.32623 706.919
642.80481 477.035
646.35284 527.008
647.31580 885.412
663.38135 9348
664.32275 3192.37
664.41095 2112.74
665.32953 1339.93
666.27924 2241.36
667.27460 621.363
670.24426 561.048
671.40552 623.164
672.29364 616.397
685.33185 525.332
687.27032 695.892
688.26270 483.471
688.85101 458.205
690.32544 464.74
692.37537 491.191
698.33582 869.852
698.84204 577.271
698.99713 444.302
704.00458 869.585
704.33588 3936.45
704.67163 2601.44
705.00525 1545.89
705.36566 2293.44
705.69916 3028.04
706.03308 2087.74
706.37750 480.586
710.35248 1014.93
710.83813 1403.14
711.34125 1016.29
716.42017 621.543
736.40094 1702.58
736.98364 922.528
737.30951 1464.6
737.41650 1587.29
738.00385 629.338
738.34442 1367
738.85577 502.49
739.33923 792.983
742.44629 453.917
748.32739 501.479
761.35486 1570.53
762.34607 1206.62
765.35065 3578.98
766.35077 2090.96
773.43549 704.966
774.41779 2381.1
775.42651 1004.79
779.36792 16164.2
780.36670 6366.27
781.37238 1727.2
791.44098 5710.96
792.44275 2166.85
797.39294 1211.26
797.88977 490.453
803.45251 2575.92
804.47333 547.975
804.88910 462.876
812.89948 2128.12
813.39722 1835.84
813.90216 828.411
832.40277 514.298
833.41486 591.314
839.91205 510.871
850.43781 3251.17
851.44043 1532.37
852.43958 796.753
860.42542 1685.97
861.41364 2563.83
862.40326 1314.37
866.48248 670.452
872.44391 477.932
872.93622 506.817
875.41254 552.227
878.43451 23934.1
879.43597 11365.4
880.43738 3199.59
881.45453 574.634
885.45917 583.308
886.43274 2899.25
886.93500 2514.89
887.43262 1537.53
892.44690 901.542
902.47253 1492.24
903.47467 1060.38
920.48499 3292.27
921.49017 1776.53
921.97015 1339.59
922.47412 1627.24
922.98260 736.8
926.96179 469.49
930.28003 2270.24
930.45154 742.962
931.28101 1016.41
931.47198 642.018
934.49207 1358.06
935.40833 488.218
935.96643 4585.34
936.46753 3454.48
936.96832 2334.59
937.46954 693.642
948.27753 638.272
953.50348 879.445
954.52655 2407.49
955.53076 1344.75
963.53528 806.488
973.51855 584.562
974.50110 947.54
985.45074 749.739
986.43707 737.774
991.51917 6374.83
992.51593 3957.33
993.52417 1239.39
1007.47601 1155.88
1008.49054 517.785
1017.51489 1197.17
1018.53473 837.335
1034.52576 2082
1035.52869 975.508
1046.43140 458.078
1048.54150 841.02
1049.51147 562.381
1057.50305 612.248
1073.54639 475.346
1074.51965 2916.23
1075.52454 1860.9
1076.51990 917.58
1091.54675 5828.24
1092.55017 3926.52
1093.55444 1835.05
1094.53687 524.449
1103.54236 581.096
1120.56421 2912.53
1121.56250 1737.25
1122.56323 737.425
1144.41211 987.747
1162.58801 519.067
1163.57727 919.288
1177.58472 1501.83
1178.58411 837.905
1185.54297 789.748
1186.54724 758.463
1202.57495 811.046
1203.56616 2867.84
1204.57117 1683.51
1205.58606 521.098
1220.58862 2984.85
1221.59241 2175.32
1222.59790 2371.86
1223.59607 485.519
1274.59509 510.829
1291.62488 1213.23
1292.61243 1167.84
1293.62427 447.63
1333.68616 464.377
1334.69128 448.446
1408.70972 587.169
