2099.95464 2
110.07109 1675.03
120.08060 9522.5
121.08390 792.662
126.05531 219.811
127.08694 260.039
129.06569 434.234
129.10214 3098.68
130.06487 640.359
130.08611 1199.65
133.04280 1110.85
136.07559 3084.77
137.07878 240.172
139.08612 210.437
141.10199 479.272
142.12337 190.985
143.11786 869.228
147.11267 2247.9
155.08098 405.953
155.11769 445.035
157.06085 195.005
157.09695 390.734
159.07616 258.102
159.09146 3033.85
160.09473 323.441
165.10214 388.006
167.08165 613.651
169.09706 491.061
169.13351 636.433
170.06029 288.202
171.07611 564.255
171.11243 776.51
173.12840 1781.6
175.09009 402.038
175.11874 1696.72
177.10225 264.251
181.05930 208.493
181.09776 211.57
183.11241 738.485
183.14836 340.697
185.05423 248.784
185.09212 903.257
185.12799 187.506
185.16484 395.86
186.08774 213.153
186.12300 493.413
187.07166 444.503
187.10690 313.48
187.14424 288.367
188.10220 450.89
189.08664 292.661
191.11725 406.225
193.09682 320.232
195.07635 872.34
197.12779 749.281
198.08739 885.28
199.07210 560.128
199.10695 447.176
199.18030 7205.31
200.13895 354.066
200.18422 843.944
201.08719 479.683
201.12311 2548.25
203.06711 207.433
203.08533 469.434
203.10439 317.423
204.13408 2053.57
205.09634 279.526
205.13885 212.608
207.11261 208.753
211.14311 370.119
212.10316 748.177
213.08667 2046.06
213.15935 667.968
214.11853 318.919
215.10201 518.726
215.13911 642.255
216.09772 1717.84
216.13313 295.86
217.08270 875.342
217.13451 327.061
219.11238 447.645
221.09172 1399.3
223.15517 256.818
224.10312 264.479
225.12375 293.328
226.08179 485.575
226.11829 392.857
227.10324 687.517
227.17529 6195.24
228.13373 933.027
228.17931 853.132
229.11800 1365.28
230.11201 602.875
231.09837 740.918
233.09389 439.737
233.16461 2007.39
234.16701 259.994
235.10515 411.372
235.14413 381.761
237.11996 222.023
238.11742 213.163
240.09752 512.527
240.13397 1155.7
241.08180 814.517
242.14961 224.956
243.10907 546.648
243.13310 679.82
244.09218 481.596
245.07832 237.665
245.12895 406.021
246.12642 234.266
246.17987 256.727
247.10738 232.854
249.12312 2371.09
250.12761 245.033
251.15039 568.173
252.13638 206.078
253.16495 269.833
253.22606 200.831
254.14871 284.766
258.10852 521.467
258.14395 1818.79
259.10977 477.025
260.13867 390.317
261.08914 498.832
261.15933 1986.61
262.11896 407.063
262.16388 272.481
263.10120 266.887
263.13666 291.81
264.13339 508.88
265.11728 288.656
266.14929 558.99
268.12802 204.607
270.10550 196.159
270.14044 307.199
272.12375 200.32
272.17810 223.431
274.12183 553.25
275.12338 393.02
276.06448 1383.44
276.14908 1575.52
277.11786 4997.29
277.15442 355.143
278.12134 606.273
280.10983 369.433
280.16473 222.824
281.12720 289.676
281.22165 205.681
282.10788 658.592
283.20239 241.9
284.12170 202.487
284.16046 467.732
285.15674 509.93
286.13904 421.851
287.10086 198.268
288.13431 1297.89
289.15393 331.81
290.11734 220.552
292.12881 286.168
293.18329 209.85
294.14444 778.342
295.14709 230.768
296.19574 518.393
298.13876 996.123
298.17493 199.929
299.10181 427.954
299.13898 304.327
300.11902 811.43
300.14685 250.156
300.17456 539.276
304.13217 203.051
310.17645 523.83
310.21088 296.552
311.17056 578.836
312.15469 1358.12
313.15790 227.361
314.20621 203.089
315.16583 1738.59
316.14917 2285.31
316.18045 239.511
317.13138 216.625
317.15350 292.478
318.12814 462.73
323.16998 212.877
326.16995 582.326
327.13086 206.253
327.19699 197.144
328.18665 571.316
329.15079 250.46
329.18176 378.363
329.22076 504.01
330.16376 624.712
332.12991 446.136
333.17648 1159.07
334.14069 552.082
334.17566 564.337
337.11310 380.515
340.14920 242.296
341.17850 243.954
342.14798 317.35
342.20279 297.244
349.12094 243.075
354.14087 435.585
355.12454 1012.16
355.19714 517.318
356.13214 236.993
359.10114 1198.84
359.17142 546.564
360.10855 257.523
360.15509 3426.66
361.15793 790.92
367.19827 227.44
368.19397 322.576
370.14136 366.79
370.20395 242.324
371.17389 218.095
372.15094 711.335
373.15085 366.164
374.16537 336.672
374.24377 955.485
375.25113 224.806
377.11136 2174.25
377.18317 458.969
378.11377 380.38
378.16501 1866.04
379.16827 472.971
381.17923 373.89
385.15054 377.806
385.20935 275.452
386.20566 259.718
387.16617 1104.59
389.14761 993.48
389.21689 276.717
390.15021 310.981
390.20142 661.283
391.19965 478.658
395.13565 210.388
395.19122 419.995
396.15909 261.203
397.12915 297.042
397.24982 214.55
401.24103 321.458
403.17789 267.709
407.19568 2137.45
408.19037 355.383
409.16681 461.156
411.22565 422.634
413.20016 215.888
414.16125 672.83
415.14655 305.858
415.19778 378.302
417.17612 622.808
418.17401 216.767
419.15063 224.028
425.24255 317.929
426.19672 550.402
427.18188 1183.29
428.17746 368.169
428.21930 212.072
429.15823 473.844
429.23471 576.75
431.23123 446.715
432.17197 684.747
440.21402 241.262
444.21408 436.471
445.19498 502.56
448.21857 262.789
449.24463 201.805
459.22305 623.47
460.22113 262.169
466.15369 357.069
468.29074 279.356
472.28064 623.586
473.23703 1306.42
474.23825 436.733
475.29276 265.529
478.23309 3487.2
479.23376 982.459
480.22562 239.843
483.17941 428.068
488.21249 601
490.19595 369.56
491.24985 310.56
494.26517 219.369
500.23596 256.541
501.24976 350.802
502.22852 212.299
503.28836 269.136
504.17007 461.269
504.24515 278.829
508.27036 276.665
512.27509 399.9
517.18127 273.874
518.19110 277.322
519.25555 2063.22
520.25928 702.046
522.25861 247.357
527.24023 217.138
528.22809 381.245
532.19702 338.764
535.19403 304.967
539.28821 231.288
540.26617 404.468
541.27350 306.382
542.24817 212.804
545.18176 543.635
556.23578 438.311
558.28198 388.299
563.19135 414.824
567.30170 438.125
571.25195 232.401
573.25446 343.017
573.32233 262.906
574.24774 605.721
575.25299 227.878
585.22552 252.546
586.32458 367.988
587.22705 592.828
588.20972 207.784
588.26685 261.866
589.26587 1045.32
591.27209 487.882
592.26257 422.368
595.19818 237.578
603.24750 547.891
605.22601 1017.09
606.22278 223.968
607.27466 2054.54
608.27515 588.134
609.27094 316.875
611.23627 310.359
612.22644 404.565
614.34058 240.279
632.34100 1323.78
633.34552 470.043
642.32397 325.185
656.28168 231.887
671.33142 275.504
674.21973 437.609
675.22791 314.936
682.27655 409.892
686.27557 217.471
686.34967 309.789
687.35138 263.933
688.33624 285.257
692.23511 600.792
693.24176 252.977
702.42712 217.547
726.34558 243.349
730.42505 629.28
731.43066 209.349
732.42737 427.325
740.39893 253.555
741.39001 276.482
745.25354 274.085
746.25940 242.71
747.36694 987.163
748.38403 307.765
763.26855 421.486
764.27264 235.03
773.28601 542.403
774.27722 242.58
781.35272 239.758
791.30835 236.489
793.35406 1165.02
794.35602 652.681
795.34680 246.447
798.41766 236.254
817.43689 470.489
818.43915 307.123
846.44025 639.294
847.45203 216.503
861.44299 389.707
876.27875 216.712
887.46405 781.04
888.47430 372.44
894.40680 817.995
895.39746 636.333
896.40076 375.429
904.49347 213.228
907.48486 258.387
920.32690 270.373
932.48492 328.855
935.47107 246.119
942.50189 447.165
947.48694 508.654
948.48730 292.092
954.49670 473.121
973.36401 292.647
991.37830 254.125
1001.50421 751.696
1002.49628 787.939
1003.50287 244.555
1009.41962 462.5
1010.43677 377.507
1019.51135 641.734
1020.52997 221.748
1048.55981 251.957
1051.51025 484.462
1052.52319 468.44
1058.51831 239.885
1075.54456 218.526
1086.60364 241.922
1104.60608 393.431
1114.59827 321.261
1115.59009 300.111
1132.58447 314.587
1158.57593 2154.76
1159.58142 1099.26
1160.58606 391.518
1169.45264 792.44
1170.45398 529.64
1172.59863 620.099
1173.61584 322.257
1174.61121 220.72
1222.61072 359.747
1223.60840 242.51
1233.66113 284.358
1234.65857 213.995
1257.64465 490.925
1258.67175 250.039
1261.64575 681.863
1262.64270 290.193
1282.55273 368.808
1301.64063 271.707
1342.73853 261.621
1397.57129 556.971
1398.56897 262.604
1399.59375 214.908
1464.69336 357.075
