1314.58940 2
110.07098 1475.29
112.08675 1119.97
115.08665 338.643
116.07053 294.26
118.03187 371.995
128.07034 320.195
128.08224 208.708
129.06691 450.498
129.10201 12604.4
130.05032 311.436
130.08597 5057.02
130.10504 734.479
131.08907 368.477
136.06152 2526.82
136.07538 470.432
139.08647 325.733
140.08116 267.262
141.06567 325.883
141.10135 211.98
147.11256 6901.08
148.11588 406.546
155.08095 276.304
157.06055 266.12
157.10768 1017.21
158.09190 440.674
167.08133 494.793
167.11694 402.242
169.09645 332.64
170.09239 200.93
173.09250 213.687
173.12790 246.953
175.11850 2723.61
176.12224 197.223
181.06110 201.488
183.11205 271.131
183.14914 329.67
185.05499 251.588
185.09172 190.156
186.08662 398.468
186.12328 529.479
187.10742 612.105
192.04175 319.49
195.07619 556.524
195.11240 697.904
199.07103 325.781
199.10739 339.023
201.12314 981.494
209.09042 357.185
211.10616 189.938
211.14384 212.306
212.13890 298.754
213.08656 486.787
213.12300 619.36
215.13828 755.955
217.08209 400.182
222.12296 611.858
223.10812 241.873
225.17097 702.266
226.11795 872.985
226.15501 398.317
227.10210 454.096
229.11632 189.298
229.63002 235.854
231.09741 653.215
235.14743 407.795
240.13370 4095.82
241.08110 1120.58
241.11816 540.034
241.15225 417.608
242.07547 375.541
242.19719 236.521
243.13254 860.2
244.12750 430.936
244.16389 322.272
245.07585 398.086
249.14479 200.268
250.09297 264.838
253.16562 484.005
255.14456 259.223
258.14426 8377.58
259.09128 720.306
259.14706 895.786
264.06268 436.931
269.14447 256.822
270.19220 848.701
272.17169 387.83
274.18637 378.526
274.64966 286.738
275.15024 417.686
275.20767 362.627
276.15436 3983.53
277.15805 321.516
286.13492 306.249
292.17566 231.504
301.18512 345.865
304.10986 225.575
304.16144 356.002
306.14368 236.948
312.04874 1946.81
318.14676 320.66
320.17191 417.24
324.15323 401.021
327.21399 623.526
330.05914 1195.49
332.16071 191.694
341.16748 602.624
345.22650 200.619
350.17319 810.453
351.16489 456.57
355.16153 248.426
369.17526 1381.57
373.16791 210.613
384.17520 742.27
387.18643 4223.16
388.19089 804.343
389.19263 1803.04
396.23422 2109.45
397.24084 291.812
398.11380 247.062
405.19757 1215.77
407.20563 283.465
414.24673 291.158
415.18155 228.98
430.15564 248.393
436.00128 258.815
451.02548 1004.3
452.03183 653.507
453.24893 218.396
463.94067 216.9
469.28696 387.61
479.27478 294.706
480.20285 221.162
480.94711 231.166
482.26129 212.703
491.26733 490.364
491.77594 205.806
497.28210 1018.06
498.22836 276.301
498.28448 311.348
499.77811 2738.4
500.27628 1456.27
500.77695 207.636
508.78363 1968.73
509.28619 842.341
516.22742 216.165
518.28125 1258.32
519.28082 312.579
531.99762 228.407
543.24152 288.826
543.29041 307.169
544.27887 247.424
548.76801 365.218
556.31586 401.566
560.80219 283.71
560.91553 275.111
561.91516 218.597
566.30078 732.368
567.30078 242.135
569.31238 545.308
584.31622 953.118
585.32153 287.28
593.33954 425.688
599.80359 605.185
600.30273 584.205
600.80273 338.867
601.34570 448.092
602.32782 446.195
608.81024 2519.83
609.30627 1904.44
609.80859 706.999
610.37280 1677.44
611.37891 332.273
617.81628 833.981
618.31329 719.745
627.35760 2197.86
628.35999 486.826
633.31403 246.513
645.36792 230.713
655.31384 443.176
657.32294 224.592
657.83710 456.839
658.31421 707.45
662.98328 231.128
664.29834 443.018
669.32196 338.086
679.38959 267.781
681.32941 2214.25
682.31396 4011.28
683.31641 1177.85
684.32239 211.624
697.40259 402.029
699.33948 25133.8
700.34259 8382.44
701.34528 1450.03
704.36493 245.353
717.35077 3917.27
718.35571 1107.6
762.07556 269.277
767.40253 226.66
777.40778 219.112
779.30542 332.109
780.29108 375.248
784.43140 1699.98
785.43463 658.32
794.41821 404.657
795.40082 357.032
797.31665 4335.96
798.32037 1477.26
799.32190 209.674
811.44171 420.17
812.42377 3896.17
813.42957 1529.8
814.43536 261.402
829.45221 314.375
830.43652 902.052
831.44226 232.349
842.44751 357.034
879.45758 225.688
882.40796 447.488
895.46436 554.365
896.44812 1501.16
897.45477 1029.85
898.47076 358.872
910.40118 1028.37
913.47253 5444.24
914.47418 2695.88
915.47961 696.211
923.45819 534.055
924.44635 1064.18
925.45172 432.367
930.45007 373.04
931.48145 981.821
932.48828 575.625
941.46649 6557.95
942.46887 3341.16
943.47473 620.874
947.41913 242.655
959.47675 1588.07
960.48077 852.694
1024.50732 538.445
1025.49097 711.974
1026.49878 513.841
1039.44690 387.071
1042.51465 3189.71
1043.51221 1943.18
1044.51147 568.004
1052.50842 298.778
1053.49109 356.926
1060.52307 831.96
1061.52209 470.397
1070.50696 1973.82
1071.50671 1276.62
1072.52051 243.44
1087.53491 261.692
1088.51807 1122.91
1089.52295 502.855
