2216.03189 3
110.07103 19208
111.07410 872.393
120.08035 1804.98
129.10208 5336.38
130.08601 1831.9
131.08138 2929.31
136.07564 1480.72
136.08708 904.857
138.06606 1408.7
141.06587 2319.14
141.10204 2430.38
147.11261 3992.11
157.09679 1402.45
159.07613 3409.83
159.09100 980.99
164.08142 1147.68
169.09700 2526.29
169.13307 2968
175.11861 2186.89
181.10805 13175.6
182.11150 899.45
187.07056 968.733
197.12816 2611.72
199.07137 2209.75
201.12280 1493.87
209.10306 32561
210.02513 1053.58
210.10675 2580.3
212.13913 12459.6
213.14357 1235.55
225.09793 5454.57
226.15445 2096.42
228.09688 923.272
229.11754 1986.78
240.13379 4232.86
244.16516 12967.3
245.16954 1179.61
246.10741 1138.65
251.15060 1397.6
256.63422 6507.56
257.13577 1520.18
261.62674 2289.5
268.16489 1752.95
270.10800 1368.49
270.63147 11035.8
271.13260 2732.31
274.10211 2543.57
284.15820 1199.91
286.13818 950.248
298.13889 2121.35
306.16827 1246.65
314.14902 1252.55
320.16644 4530.81
320.66592 1050.23
331.19705 18436.4
332.19968 2557.45
337.18747 1754.02
338.15851 8281.34
339.16278 1711.52
340.70300 1089.68
341.18112 2112.72
354.67850 1019.61
355.68246 1831.29
356.17023 6852.27
357.17270 1461.67
367.15967 1063.84
369.17566 6105.77
373.16870 1304.22
376.19662 1038.84
385.17383 980.043
390.19464 15397.8
390.69574 7125.86
391.19751 1733.23
405.22388 962.33
408.25900 1718.28
414.16187 1552.31
416.72656 2403.58
425.19278 8686.62
425.73120 68713.1
426.23288 35491.1
426.73477 9273.27
427.23782 1543.88
431.22778 2080.62
432.17014 1092.76
433.73846 3615.13
434.24231 1811.74
436.25836 1506.7
437.25079 1809.25
438.19852 3253.77
439.72836 25855.9
440.23010 12733.4
440.73282 4095.4
441.23291 1118.48
443.20294 17741.8
444.20584 4443.1
450.24353 5967.63
451.24924 1307.52
456.20801 1920.97
459.25546 3561.82
468.25491 16962.7
469.25867 4274.94
477.25516 8810.35
477.75665 4429.16
478.26331 1520.5
490.25372 1483.95
502.26514 1626.62
504.24966 18266.2
504.75101 10201.9
505.25546 2683.4
512.77271 4421.3
513.27643 2085.94
522.24432 1593.55
523.29486 941.797
525.30298 1109.35
529.75360 1617.2
530.25970 1088.27
536.28021 2314.98
538.76062 18756.3
539.26215 10682.6
539.76337 3575.32
540.25665 2513.63
547.28113 1677.09
547.76544 7295.47
548.26831 3909.6
548.77002 1473.5
556.28949 7409.33
556.79083 3785.04
557.29529 1358.45
563.33429 1182.61
565.30048 2118.51
566.29321 1461.83
571.28992 1106.9
574.28027 4157.44
574.78162 2135.42
581.33990 11848.3
582.34424 3568.32
583.28082 1045.59
595.32123 2332.29
603.29578 1377.18
605.30280 1413.08
611.33276 4449.76
611.80554 2471.6
612.31885 1853.33
617.79596 1422.88
620.81091 2961.45
621.31384 5179.57
622.31647 1182.01
623.31635 10214.6
624.31799 4454.34
626.31750 975.961
626.80090 1298.2
639.32385 35407.6
640.32727 12224.1
641.32764 2961.12
644.31537 1032.71
646.31262 975.791
652.33215 2124.55
653.33588 1128.87
662.39917 1199.52
670.35217 2271.77
680.40717 9185.52
681.40948 4009.07
682.35809 2014.23
690.81451 1266.98
691.32257 1360.5
692.34192 2345.24
694.35406 2097.08
695.36127 1186.66
700.68835 2695.75
701.02179 1528.06
701.35443 1531.65
704.85474 1629.24
705.35498 1566.71
706.36261 1137.88
706.68848 4419.25
707.02490 5617.71
707.36066 4214.02
707.69244 1595.89
710.35461 17447.3
711.35718 6070.27
712.36298 1480.6
716.86194 1043.75
717.35223 1186.57
718.84772 1437.73
719.83105 1073.69
720.34174 1337.18
731.34955 3995.31
731.85144 2917.95
732.35889 1917.92
738.34045 7455.2
739.33881 3848.08
739.85828 28890.9
740.36139 31351.8
740.86713 11704.6
741.37598 3126.4
753.38867 1423.76
761.37726 1826.95
763.37201 1544.09
779.38141 33551.2
780.38538 14446.7
781.38385 11687.9
782.38861 3311.8
799.39252 1244.53
809.45166 5038.75
810.47461 1259.24
824.37799 1509.76
829.42816 2457.43
829.93250 4090.13
830.44189 1348.28
838.43555 14487.2
838.93518 14810.2
839.43762 7741.16
839.93713 2075.03
840.42926 1430.13
848.45795 2991.68
849.46423 1183.41
850.47180 2253.05
851.45868 1251.25
860.44611 998.067
866.47131 23273.5
867.47449 10691.9
868.40118 6269.18
869.41803 2928.79
870.41888 1658.76
872.94415 1471.39
873.44696 1431.57
878.45197 14629.9
879.45288 7732.63
880.45752 1916.76
881.95276 4806.48
882.45111 5016.67
882.94348 1827.5
887.42993 1733.52
888.42633 1007
892.41711 1332.42
894.43402 1042.31
894.94196 1043.86
910.43256 2390.02
934.46466 1069.45
935.49432 5164.22
936.49408 2382.46
937.96021 1165.15
953.50378 38032.7
954.50568 18580.7
955.49969 8567.62
955.97913 3089.93
956.49939 2874.66
979.44635 2130.33
989.48175 1169.9
991.50598 1868.32
997.45703 3510.21
998.45734 1900.08
1006.53387 3109.98
1007.49615 7540.05
1008.49548 4274.97
1009.50464 2177.57
1010.48279 1584.86
1024.54211 17062.9
1025.54260 9166.98
1026.54749 2495.24
1076.52283 3307.25
1077.52112 1976.57
1078.51599 1626.73
1093.56018 5063.03
1094.54651 4076.58
1095.54382 2459.21
1096.52869 1155.83
1105.46899 2032.72
1106.47314 1087.34
1111.57202 31483.2
1112.57471 16248.9
1113.57776 5580.66
1147.54993 1389.24
1149.54907 1121.2
1165.55115 2390.66
1166.56226 1154.27
1174.48621 1174.62
1175.51440 1021.25
1204.60889 1377.9
1222.60364 8518.33
1223.60828 5703.64
1224.60986 1520.56
1240.61584 18177.4
1241.61755 11215.7
1242.62048 4597.09
1251.57080 1096.17
1252.58557 1334.82
1304.60547 1214.23
1339.71619 1007.49
1340.67493 1088.1
1408.71021 2190.76
1409.71265 1758.21
1438.66003 978.605
1461.73743 1176.19
1479.74438 6116.04
1480.74451 4644.83
1481.73938 1843.48
1650.85413 1105.84
1651.83777 1436.15
