2871.31821 3
110.07105 2228.93
120.08054 4143.52
127.04968 1565.98
129.06558 744.32
129.10199 2600.37
130.08604 1906.51
132.07639 1599.55
133.04268 1024.98
136.07547 7334.88
147.11256 3504.15
154.09714 1035.52
155.08119 5119.28
159.09096 1468
172.07132 4726.25
172.10774 6983.59
182.09200 1966.48
183.07605 3505.51
187.10768 1519.3
187.14389 2116.37
198.08679 1320.11
200.10275 5943.43
211.08287 1623.51
212.06567 1370.1
212.10304 1579.62
215.10205 1383.79
215.13844 2669.19
217.13330 7405.35
221.12805 1295.79
226.08200 1868.23
228.13359 2205.11
229.09215 1691.38
231.06065 830.067
239.11278 2293.65
240.09802 1717.93
243.10826 4000.55
245.12811 7804.65
246.13397 1024.3
249.12314 1879.89
257.12311 2400.29
264.13358 1470.9
267.11603 1014.95
268.10397 988.016
269.08762 7413.12
270.09192 867.366
285.13382 2196.69
286.11472 3333.67
289.13260 1711.74
290.11545 773.673
292.12823 1835.87
303.14099 2221.43
307.14294 14862.9
308.14493 1416.94
309.11850 4737.81
318.18167 766.646
323.09857 2514.85
326.14490 3094.23
328.16495 5954.34
330.13077 2061.88
330.16174 2004.96
340.12439 3097.81
343.16013 972.134
344.14429 4518.1
344.19547 879.741
346.17551 10270.8
347.18033 2120.11
353.15652 5001.2
354.13867 4348.14
355.66418 807.223
357.15186 3444.96
371.16678 2966.29
379.13861 935.033
380.11938 8620.18
381.12106 1244.34
386.18225 3712.28
395.18768 1273.26
397.14648 2670.79
405.15582 5124.37
406.12943 1378.74
408.19153 947.274
414.17377 2201.14
415.22443 834.03
423.16415 5808.5
424.16632 1102.45
427.18283 1093.79
434.12555 1076.38
439.19769 2232.45
440.18774 2729.03
441.24802 1379.98
443.21738 999.131
445.19284 5153.42
446.19351 840.747
450.17239 3484.02
451.15604 14396.9
452.15735 2919.39
454.21072 3854.94
457.20712 2200.78
458.18185 1668.66
459.26086 1697.79
459.71838 1102.83
462.20197 1227.6
467.19846 4769.82
468.18265 20115
468.72086 1046.16
469.18524 3363.08
470.18402 902.416
470.71768 1559.42
471.21606 1210.27
477.22855 895.887
483.23044 821.699
484.22354 1746.06
485.20898 7984.95
486.21201 1817.98
499.26907 1656.72
502.23590 3678.05
506.21420 815.594
516.26709 1317.42
525.76587 931.819
526.25214 1579.54
527.25482 1575.49
533.25647 1401.8
534.19263 798.343
544.26349 1378.37
551.26410 45378.2
552.26733 13066
553.26428 3877.28
556.27679 1829.51
561.20544 2126.95
562.18817 6563.1
563.19043 1303.59
567.25983 977.369
570.29718 1292.34
571.27362 1278.48
574.28784 7709.51
575.29193 2574.93
578.23157 3603.71
579.21429 13258.7
580.21674 3464.44
590.78271 1276.75
591.29083 807.3
595.25702 10939.6
596.24170 19263.4
597.24384 4624.47
598.24567 1289
608.28827 941.687
613.26813 6164.68
614.27374 2199.33
621.24976 1863.81
630.30621 4002.26
631.30591 1347.79
634.30029 2585.49
635.31567 1042.46
642.28174 940.139
642.77710 916.776
643.31940 1832.82
652.31116 18832.5
653.31378 6058.52
654.31146 2379.23
655.31464 972.575
671.30280 4405.04
672.31445 4010.32
672.81647 1667.33
673.31995 2108.68
689.31305 13855.1
690.31610 5086.6
691.32379 1729.43
692.31458 2219.11
693.29150 1012.75
727.33942 2046.08
727.83405 2150.43
728.33545 2139.58
736.34430 1659.48
736.84546 1886.94
750.34583 957.528
752.28192 964.426
754.36206 882.351
760.39276 2106.95
761.39423 863.844
770.37134 2782.9
771.36102 5182.67
772.36389 1919.27
775.35266 1066.35
785.87866 1333.45
786.37433 1141.8
788.38361 3819.26
789.37146 14292.7
790.37524 6211.28
791.37244 2024.39
793.37006 5844.65
794.36969 2585
795.35101 974.044
799.35846 1085.82
800.36121 1112.85
805.41418 1129.06
817.36603 1546.99
820.37256 1075.67
822.35223 946.452
823.34204 1046.18
835.37860 1058.15
837.38422 2256.65
837.88458 1548.7
839.37524 3395.42
840.36823 2669.97
843.38977 1228.56
843.89575 1749.1
857.38892 2029.22
858.39771 906.091
859.37061 966.815
865.36023 1085.76
892.40881 1565.07
898.43365 1775.06
899.42462 931.478
900.90472 3013.7
901.40765 3722.3
901.90839 1660.34
902.40588 1065.92
903.41919 1266.57
904.40192 2702.38
916.43799 4899.67
917.43896 2455.64
918.43079 4203.47
919.43481 2618.03
920.43518 1117.29
921.42798 3118.65
922.42358 2805.04
923.40863 2380.63
924.39014 1172.18
936.43805 20338.6
937.44086 10384.6
938.44000 3268.74
939.43365 967.45
940.42810 3452.88
941.41553 2440.34
948.41925 1064.82
948.94409 1101.37
952.77521 968.485
957.43604 3870.36
957.94476 2935.61
958.45044 2753.89
958.61414 973.584
998.96942 978.743
999.44830 893.146
1006.45758 1053.63
1007.97516 2940.71
1008.47290 4135.23
1008.96973 2536.68
1009.47290 1845.54
1020.48615 1551.4
1031.50781 2523.37
1032.51392 1518.11
1034.46497 1622.7
1035.48962 980.645
1036.48303 1402.28
1037.50305 972.89
1049.52356 12657.4
1050.52295 7166.82
1051.51917 3473.85
1052.51990 1184.58
1053.50891 1139.2
1054.50769 1378.2
1061.49207 862.855
1062.48645 1322.84
1072.50806 1263.58
1073.49731 1160.57
1079.50366 3873.21
1080.50220 1946.23
1081.50696 2594.95
1082.01440 1676.3
1082.49036 1617.57
1113.01733 1286.05
1117.52869 924.562
1121.03137 3506.26
1121.52258 4707.54
1122.02759 4045.25
1122.52515 2553.24
1123.02600 1180.58
1130.03381 13643.3
1130.53125 15971.8
1131.03406 11079.1
1131.53247 6175.82
1132.03088 2534.56
1135.51709 1979.08
1136.52271 2098.75
1149.49194 1131.12
1162.55481 2708.67
1163.55688 1485.53
1168.54102 1483.93
1169.53748 1624.91
1176.54834 938.411
1180.56177 12411.1
1181.56299 9351.15
1182.56396 4694.69
1183.55969 1499.38
1185.06604 967.247
1185.54993 3236.72
1186.05212 2393.69
1186.55444 2660.61
1187.05383 886.667
1190.53418 1175.55
1192.53125 1137.58
1210.53857 1971.9
1211.56067 1412.84
1250.54382 2033.59
1251.54846 1090.4
1266.54468 1291.53
1283.56580 5923.54
1284.56042 5143.43
1285.55615 1887.4
1301.57715 2289.14
1302.57690 1843.29
1323.62683 1859.06
1324.63293 1427.75
1325.61938 3914.24
1326.60376 2582.03
1327.60547 1445.86
1343.62451 14662.1
1344.62402 12450.2
1345.62585 6385.13
1346.62488 3012.18
1363.62610 1606.93
1364.61523 1734.03
1365.65210 1140.77
1382.62476 1644.2
1383.63110 2727.88
1436.66650 973.506
1437.66772 869.823
1453.67969 2233.9
1454.66528 5429.82
1455.66260 4413.15
1456.66211 1560.96
1471.68982 8528.02
1472.68555 7113.37
1473.69470 3949.32
1474.69946 1554.17
1510.68896 1437.66
1511.69348 1671.49
1512.68958 1125.91
1570.74890 3353.6
1571.75745 2862.92
1572.75854 1722.66
1580.75623 974.776
1607.75061 1567.6
1608.76013 1497.99
1664.77734 982.445
1685.78149 2856.38
1686.78198 2752.39
1687.76599 1350
1708.80347 2191.77
1709.79810 2757.29
1710.80542 1471.33
1783.79248 1003.25
1800.80823 4186.96
1801.80872 4075.74
1802.81055 2661.82
1803.80933 1114.64
1913.90491 1212.24
1914.88831 1859.24
1915.89233 875.484
