2658.25248 3
110.07115 1562.1
120.08063 12298.4
121.08381 760.811
129.10216 3516.43
130.06487 1013.84
130.08655 616.126
133.04305 684.061
133.06039 382.584
136.07565 3494.39
141.10182 385.114
143.11771 432.913
147.11264 1604.91
155.08185 407.066
157.09692 1447.61
157.13327 1052.82
159.09154 4425.64
159.11285 314.716
160.09531 519.49
165.10208 6388.98
169.09715 500.608
171.11327 379.139
173.12830 447.542
175.11873 1097.13
183.11253 328.025
183.14912 1087.6
185.09212 963.353
185.12822 1220.26
185.16560 395.556
187.10765 1689.49
191.11772 1090.94
197.12907 472.153
198.08755 490.578
199.18037 747.322
201.12321 548.965
203.08452 434.844
203.12000 313.558
204.07875 309.036
204.13441 499.424
211.14360 588.771
213.08716 325.777
213.15829 336.052
215.10211 989.221
215.13899 667.08
217.09671 3989.98
218.10080 357.31
219.14879 362.142
221.12827 694.651
223.15456 310.884
226.11835 1686.1
226.15453 333.711
227.06633 353.568
227.17532 946.982
228.13397 1087.28
229.11728 639.553
231.10910 405.393
232.07518 993.919
233.16469 1816.98
240.13354 349.486
241.08125 315.386
242.15146 439.307
243.13162 885.382
244.09296 1447.15
244.12810 731.5
244.16490 1399.06
245.07729 695.574
247.14323 478.473
249.12318 1033.55
251.14934 390.28
256.14590 316.546
257.19556 333.202
258.10797 503.551
261.15927 1278.27
263.13916 310.585
268.16547 394.99
270.18021 358.839
272.12277 873.135
273.13464 1458.91
275.17062 551.74
275.20743 3445.93
276.21051 349.043
280.11127 1705.72
281.11426 400.531
284.10443 519.763
284.14246 376.592
284.19785 351.287
288.13412 7040.2
289.13638 924.332
291.08005 1605.46
292.12921 531.324
297.15588 893.119
298.13852 409.056
298.21207 595.477
299.17142 1239.37
301.13010 1937.03
308.10602 7115.98
309.10919 1191.07
313.11426 1230.81
315.16864 381.736
316.13101 436.815
316.16980 650.286
334.17734 376.269
345.15881 1239.19
346.13980 519.003
348.19000 452.771
354.17673 1299.43
355.12357 540.005
357.18219 385.778
358.20703 858.192
360.10263 1113.01
364.16544 465.049
371.17163 589.201
373.13455 580.518
374.24185 400.459
379.14328 8417.14
380.14600 1608.74
381.13797 457.469
385.14771 334.856
385.20865 378.904
390.23459 1586.25
404.21652 326.908
412.18365 687.446
415.23959 350.924
424.14694 641.242
427.15643 325.659
429.25198 354.513
430.16666 773.159
431.14996 430.054
442.15671 1099.24
445.27133 512.107
457.25623 375.922
459.16196 618.519
459.21246 396.091
460.16714 696.462
464.23218 771.641
468.22983 450.304
485.25018 364.987
488.19623 427.665
492.22778 1277.22
493.23453 451.758
501.26410 693.311
519.27686 2828.82
520.28168 651.728
523.21027 366.69
524.77271 405.406
526.18359 815.736
541.22119 886.881
544.21228 347.316
545.19629 870.109
559.21698 513.724
561.24591 901.307
577.25317 344.748
588.26196 348.844
589.28589 1319.28
590.20032 557.902
600.33105 502.971
606.26917 1645.12
607.27441 415.969
608.73987 591.909
609.23218 370.893
610.26886 386.803
610.35864 349.147
617.25085 2336.26
617.75403 1890.15
618.24640 658.009
625.26086 745.404
626.25757 1669
626.76154 813.226
627.25635 478.451
628.23175 533.257
628.34680 513.838
632.37408 345.09
634.30341 4512.32
634.79858 704.396
635.30469 2001.8
636.31049 602.341
638.76831 428.147
645.27228 383.255
646.25525 345.842
648.79700 805.652
649.29730 429.248
655.35742 406.115
658.28333 451.139
661.24072 548.14
666.78595 1257.62
667.28296 595.68
673.24878 682.127
675.79071 429.723
676.30914 739.483
688.29645 545.364
694.37354 392.272
705.33588 396.684
705.83069 343.502
706.29462 443.009
712.30035 723.429
715.36426 450.497
718.29688 483.347
727.47156 676.21
729.31470 546.997
733.37311 4436.76
734.37665 1715.74
735.38220 425.672
737.40253 346.828
742.27045 550.296
743.26239 358.097
747.31757 732.546
749.33191 393.427
760.28137 539.855
764.34418 366.072
766.71362 370.044
767.04407 399.638
767.37207 538.951
770.43671 573.495
774.33087 1120.21
775.32446 1420.06
776.32135 542.401
792.33752 1385.83
793.34088 708.43
794.34528 400.405
802.36206 463.754
803.42719 507.337
823.37683 959.963
833.38361 461.217
838.32703 581.25
841.47839 515.562
846.38940 446.533
856.34015 624.856
857.35846 370.594
858.34265 380.297
864.41345 7847.91
865.41772 3395.12
866.41449 1111.27
867.41364 380.737
869.43799 717.454
869.94153 385.799
870.44421 434.594
878.44269 487.576
880.45007 423.459
885.46289 425.579
886.48151 655.512
886.52972 636.314
886.78284 511.6
887.06476 802.432
887.43842 1544.41
888.43475 915.862
889.45825 798.954
903.46539 407.516
904.34052 547.262
904.48724 399.088
917.42694 778.211
919.51440 429.694
921.38666 817.64
922.39441 508.895
933.95410 674.371
934.46216 1052.5
935.44916 12018.1
936.45068 6091.99
937.45331 2192.89
938.45789 571.172
944.40601 554.882
951.41376 532.329
957.42206 920.282
958.35352 382.357
968.45612 384.656
969.03296 391.345
969.39459 440.624
969.56824 655.77
970.53351 396.709
985.51892 382.037
989.36267 387.264
1002.54626 498.244
1003.52814 415.321
1010.53772 568.091
1012.44592 545.655
1013.44843 419.017
1014.44501 429.151
1015.50745 405.909
1018.50934 407.13
1026.08630 476.329
1027.50513 724.464
1028.00208 578.61
1028.48816 367.071
1030.52478 706.128
1031.51917 577.648
1032.51868 443.317
1033.51697 2810.48
1034.50891 1799.18
1035.50952 706.967
1036.40601 562.363
1037.39172 416.083
1043.48584 452.28
1048.53369 11968.7
1049.53625 6460.41
1050.53308 2236.2
1051.52722 587.557
1056.48975 470.474
1075.51221 427.417
1084.01392 511.948
1084.51440 939.626
1085.03174 542.145
1086.01685 364.186
1102.50977 797.546
1119.53076 389.697
1120.54065 437.761
1121.55298 361.543
1122.54907 362.568
1133.58826 606.228
1141.07373 387.318
1141.58618 365.21
1144.61035 457.743
1146.01660 438.75
1146.55945 940.231
1147.02954 486.807
1147.43359 472.229
1150.58582 520.353
1161.61829 5038.69
1162.62085 3053.81
1163.62305 1395.04
1171.52673 1066.86
1172.53027 407.261
1176.58679 382.612
1177.08337 431.707
1190.58899 680.511
1207.11145 400.972
1208.58911 515.882
1209.60559 549.042
1210.58789 401.91
1216.46484 516.396
1220.61182 1430.72
1221.61096 754.483
1227.55054 436.79
1228.55737 519.247
1233.48511 1626.96
1234.49121 1445.18
1235.49036 832.52
1237.12634 413.375
1239.08667 403.462
1239.57556 610.132
1251.49548 753.669
1252.49622 412.759
1276.56274 394.903
1290.68115 539.199
1299.67676 434.816
1300.54419 815.043
1308.68628 8793.26
1309.68835 6490.6
1310.69202 2826.1
1311.69373 820.428
1332.57373 633.774
1333.50891 691.683
1333.78137 424.273
1334.50867 391.473
1350.56787 626.734
1351.57874 797.326
1407.75708 1758
1408.76575 1238.54
1409.76392 578.505
1428.63562 373.614
1470.75464 574.341
1480.61865 431.178
1494.78198 2331.04
1495.79211 1631.07
1496.80164 831.227
1605.82483 521.889
1622.86182 592.71
1737.88452 1123.55
1738.88416 956.452
1739.87524 564.18
1866.92407 657.082
1867.89612 623.765
1868.90417 419.868
