4004.00478 4
120.08064 2665.89
129.10202 870.743
133.04280 483.631
133.07617 575.834
136.07564 2351.75
147.11279 870.373
169.13345 859.884
171.11241 436.705
175.11867 701.81
184.10785 1067.05
187.14412 332.618
195.07635 735.556
197.12816 1287.95
212.10287 2417.23
215.13843 502.96
217.13376 414.742
227.10219 473.819
232.14026 2169.32
258.10791 431.505
262.08456 418.209
270.18158 491.423
275.20743 1797.93
300.11420 846
302.15128 590.323
310.21182 709.167
318.12845 411.21
318.18063 1734.88
319.18442 372.846
341.16107 1571.22
342.14380 2046.71
343.14764 395.394
345.22519 336.938
355.19788 1226.77
359.17126 4092.59
360.17450 594.292
387.23944 559.588
389.25424 669.22
391.12802 663.905
399.16556 3180.01
400.16977 844.053
402.24542 2808.19
403.25098 467.59
415.23337 1531
416.19360 2872.54
417.19675 634.832
417.24915 637.599
439.25537 765.367
453.21268 646.549
484.25546 885.819
486.31503 421.163
486.72708 380.745
488.21359 357.727
501.30405 8075.25
502.30637 2258.1
512.24921 4477.15
513.25415 1243.06
514.30261 1624.32
515.34027 499.634
529.27612 6112.29
530.27930 1865
531.28748 484.63
536.25989 1071.36
536.76099 345.726
538.26147 626.945
545.28284 489.592
572.35114 3463.84
573.35468 738.95
583.32770 784.48
600.35040 2216.09
601.35779 707.485
602.33966 417.233
611.31689 2777.8
612.32324 1128.72
628.34576 8262.15
628.81750 400.065
629.34985 2779.9
630.35358 567.073
652.35590 448.93
653.29144 527.135
664.36542 2217.41
665.37195 873.044
685.43463 2342.54
686.43921 671.365
716.87225 897.006
717.37732 649.797
735.40173 1241.93
736.40674 655.602
739.33972 390.464
743.39478 589.506
743.72131 603.678
751.38477 1918.28
751.88477 1773.3
752.38446 645.443
754.33655 494.43
760.39197 1203.68
760.89258 1267.65
761.39508 544.165
772.84857 912.005
773.35022 967.796
773.84875 514.213
787.43024 511.491
791.91046 377.757
792.41589 431.118
795.93384 621.353
796.42676 394.72
800.46252 1817.24
800.92010 2599.34
801.41901 2412.67
801.92462 1308.86
802.42188 491.042
807.36163 820.465
809.92511 889.723
810.42444 839.973
810.95001 404.431
823.37482 2282.17
823.87384 1666.62
824.37274 788.826
825.37378 2338.32
826.37378 788.201
828.92291 550.141
833.33643 463.223
837.85718 402.092
845.16919 878.032
845.41559 641.362
845.67200 455.381
846.87469 437.512
850.45636 723.374
850.96393 540.125
857.48297 11176.1
858.48474 4539.14
858.95313 415.631
859.48523 829.01
864.44653 2073.61
865.44641 876.345
866.46985 979.538
866.97192 557.909
870.42133 403.053
879.91748 981.433
880.41687 1143.61
880.93274 374.431
881.43054 499.033
902.40735 410.558
906.98792 540.07
907.50964 400.556
907.99139 571.196
908.49512 506.791
909.00354 450.176
915.50781 1193.32
916.00458 809.421
916.51160 626.431
916.99945 939.954
917.49976 716.108
923.00543 406.001
923.49829 1835.78
923.99847 1925.94
924.51379 541.269
942.46570 404.484
943.91412 492.379
944.42267 707.49
952.42865 1072.04
952.91669 1224.78
953.41870 950.109
954.42645 447.657
961.92883 430.39
962.43762 407.274
967.51733 917.217
968.00824 444.044
968.52441 576.531
968.79358 742.98
969.11041 1261.67
969.43530 1483.64
969.77948 1101.4
970.10217 423.603
970.56879 8530.06
971.57336 4415.05
972.44128 3645.33
972.96405 492.922
973.26636 402.765
973.45441 1876.08
973.75183 1032.22
973.99915 923.624
974.25342 659.759
974.44775 512.639
976.48468 714.388
979.47418 3742.21
980.47522 2908.82
980.80603 441.545
981.47198 905.652
987.24060 417.305
990.50195 651.93
993.26074 547.089
993.50006 1848.28
993.74481 1691.33
993.99091 1112.75
994.24036 652.04
994.49500 670.487
996.16321 409.063
996.48389 482.03
996.85168 523.849
997.51227 1342.47
997.75531 1639.75
997.99615 1133.46
998.24817 860.365
998.49243 510.806
1000.44763 677.654
1000.95587 440.701
1001.46295 2225.77
1001.70856 1577.24
1001.98798 3580.7
1002.49536 5315.53
1002.72705 1642.62
1002.98267 3409.99
1003.47266 2700.36
1003.94403 1054.67
1004.47449 502.184
1009.44666 695.737
1009.97443 585.224
1023.48077 653.136
1024.15759 563.867
1030.56934 456.132
1031.04932 510.226
1031.53662 389.615
1038.48865 514.895
1053.50037 623.4
1056.56360 426.526
1059.47253 415.111
1060.84814 1388.27
1061.18872 1305.28
1061.51721 2123.22
1061.88611 1235.67
1062.52551 1075.65
1065.05188 1261.9
1065.55518 1512.41
1066.06177 1118.24
1066.57886 838.813
1071.50989 6236.57
1072.51453 3262.97
1073.52332 1014.12
1074.05811 691.074
1074.55652 1233.71
1075.04333 413.075
1075.57605 386.05
1083.65393 2482.7
1084.66162 1113.45
1088.01929 767.821
1088.51697 762.68
1089.02173 552.212
1089.57520 687.093
1090.57886 449.714
1091.57373 969.998
1092.55762 3026.2
1093.56177 1976.23
1093.86572 654.841
1094.20801 549.683
1094.55493 1254.39
1094.86218 532.565
1100.06958 484.893
1100.54858 502.191
1106.08069 495.378
1111.56519 399.602
1114.59143 1607.96
1115.08325 1684.29
1115.56946 1099.13
1116.07300 495.195
1120.21326 1023.93
1120.55164 2158.82
1120.88647 3085.35
1121.22156 2840.05
1121.55347 1572.81
1121.88733 849.118
1123.61499 396.994
1124.59058 497.554
1125.58228 420.549
1126.22400 13550.8
1126.55847 25555.4
1126.89307 24904.5
1127.22668 16999.2
1127.55884 9817.55
1127.88977 3985.16
1128.22388 1479.5
1128.55908 984.707
1129.54822 538.786
1135.54749 407.494
1143.06738 517.802
1143.55640 927.411
1144.04919 414.729
1144.55603 1278.07
1145.05627 1042.6
1145.57727 609.378
1153.57312 539.393
1153.90100 425.422
1156.62561 529.761
1159.24353 2875.4
1159.58240 5536.3
1159.91748 5577.9
1160.24719 3144.99
1160.58167 2266.43
1160.90625 949.143
1161.53894 433.338
1178.59338 978.847
1179.07922 785.678
1180.13123 723.846
1180.64758 1122.85
1181.65796 457.749
1184.70557 2771.67
1185.72278 1340.45
1192.11487 417.139
1192.60620 445.635
1197.26318 726.293
1197.59045 1104.23
1201.10645 491.36
1201.60242 747.89
1202.10315 439.691
1202.64661 1456.25
1203.65564 864.331
1204.65552 603.788
1210.57654 491.32
1215.95605 841.282
1216.28821 2265.26
1216.61963 2830.7
1216.94641 1993.51
1217.27893 1501.46
1217.62622 797.156
1234.57104 2073.27
1235.57813 1721.93
1236.59460 665.306
1255.62183 2996.48
1256.62610 2107.15
1257.62561 1364.72
1264.96338 450.79
1265.30530 679.568
1265.65222 670.636
1265.96655 504.251
1269.63794 500.249
1270.14392 433.869
1270.63550 443.634
1295.73877 545.569
1298.13708 812.182
1298.63635 1484.56
1299.14441 996.059
1299.64734 480.994
1303.71484 455.724
1305.60205 1433.09
1306.61304 1115.72
1307.65503 474.783
1313.75769 1122.32
1314.75781 666.393
1317.64282 494.297
1318.16235 444.892
1321.62402 504.99
1322.13000 457.543
1322.62781 575.49
1349.62817 401.276
1357.14551 662.266
1357.65942 942.018
1362.67981 567.096
1363.17346 587.322
1375.69666 677.595
1384.65649 1545.76
1385.66626 1339.48
1400.77356 2529.29
1401.77966 1392.89
1402.80334 704.023
1412.70093 505.195
1413.20935 757.087
1413.68567 822.564
1419.67358 481.993
1420.65161 487.534
1432.74573 612.724
1433.77063 532.489
1438.69226 648.402
1439.19067 571.219
1439.67810 656.889
1469.72131 853.816
1470.20935 1648.95
1470.71899 1139.46
1471.21118 599.945
1507.78259 411.196
1515.85388 705.307
1516.85388 416.991
1525.72827 409.007
1534.25049 457.255
1534.73621 1675.51
1535.22620 1230.64
1535.72241 691.622
1544.69128 1957.7
1545.69507 1629.86
1546.68494 803.146
1547.68140 474.674
1585.83679 560.135
1586.88000 462.236
1590.77734 633.8
1591.28320 1317.63
1591.76501 876.367
1592.27429 558.466
1592.79883 631.91
1600.83972 583.131
1601.85266 464.677
1618.86328 755.24
1619.86169 748.485
1620.86926 568.463
1645.74487 3373.49
1646.74353 3069.41
1647.74414 1566.76
1648.74915 742.518
1688.83850 1603.37
1689.33618 3383.27
1689.83716 3084.26
1690.33630 1951.79
1690.83569 1349.67
1691.32959 610.319
1699.88391 552.865
1700.87988 695.078
1701.91626 456.912
1731.93176 1107.3
1732.93176 1007.85
1758.82227 1135.06
1759.81848 1542.44
1760.82581 684.259
