2626.30991 3
120.08035 1111.51
129.10162 501.708
130.08592 427.411
133.04259 317.079
136.07536 2164.98
141.10184 392.271
143.11743 402.24
147.11247 1046.49
157.13310 246.15
159.09149 183.533
169.09662 514.154
171.11169 197.64
173.12788 331.697
175.11919 229.832
183.11208 218.003
185.12794 363.542
185.16425 206.567
186.12245 285.78
187.10727 1276.13
197.12814 522.318
201.12282 755.784
215.10214 996.21
215.13870 375.307
227.17552 196.548
229.11824 209.119
235.14389 328.073
242.14960 306.572
243.13327 841.915
244.09236 242.232
251.10139 227.611
258.14359 331.313
260.19513 355.24
263.13934 245.388
270.18204 295.432
272.12332 2193.55
276.15466 272.539
279.09705 322.726
282.18054 214.119
284.19577 306.916
297.15485 1311.2
310.21207 600.173
314.17050 448.056
331.23254 1026.9
342.20279 277.381
355.23199 324.413
357.21112 595.856
383.22772 309.326
385.20813 1072.08
389.23862 395.56
392.17886 283.181
413.23788 450.868
427.24982 208.495
430.30087 638.833
439.12744 277.03
444.22369 236.362
456.24307 490.268
460.20908 335.454
473.14423 202.577
476.14157 254.051
490.70309 307.614
498.28836 424.945
501.33936 492.511
504.26355 370.825
526.32178 230.246
547.23969 226.967
559.28723 276.794
569.32745 951.127
572.37671 535.518
588.76501 1398.19
589.27393 518.011
589.76343 261.65
597.36652 224.419
597.77106 411.057
605.31061 523.356
610.78723 306.91
611.28979 229.205
625.19275 370.269
633.24683 202.473
638.29730 750.989
638.79254 301.415
674.30951 224.671
682.40918 446.561
696.42413 230.549
701.41858 543.781
702.30194 255.292
703.84015 774.226
704.25885 287.823
704.34406 528.937
716.34448 319.675
733.36963 709.839
734.37427 243.208
754.23083 854.549
777.37372 244.25
777.87634 357.981
791.31805 225.469
797.44232 249.11
811.45392 654.72
812.45892 339.009
817.34357 292.14
830.46625 748.342
831.46765 202.345
839.31793 220.574
848.39764 1999.07
849.40308 817.021
867.31677 2041.28
868.31506 642.057
869.31171 227.29
874.51477 3512.72
875.01660 5317.46
875.26080 303.804
875.52661 4163.52
876.01874 1105.61
876.42670 747.995
876.54620 812.918
877.50574 616.262
890.39172 236.297
910.52057 587.536
911.52283 309.101
930.42108 242.478
931.51050 1286.67
932.51208 546.703
947.46204 1377.5
948.46857 651.96
949.47778 215.116
960.50818 248.253
980.39728 1862.07
981.40436 751.484
982.40363 300.534
1018.43964 221.943
1062.54858 1336.24
1063.55945 499.331
1064.56299 216.29
1083.54407 312.115
1093.48010 455.105
1094.48401 370.336
1110.52576 1615.93
1111.52893 1067.2
1112.51990 218.505
1133.58350 803.592
1134.59497 427.391
1176.51868 948.749
1177.51843 593.449
1194.51501 206.629
1202.60400 262.995
1203.60596 209.296
1220.61389 1406.31
1221.61377 969.971
1222.58728 360.006
1238.59363 540.779
1239.59619 284.27
1275.57068 228.091
1309.61853 467.471
1310.61841 367.914
1333.70435 537.231
1334.71216 389.826
1388.66101 229.214
1389.65466 326.931
1406.67786 1943.25
1407.67810 1652.72
1408.67712 760.015
1553.74084 418.919
1554.74280 317.618
