1817.69048 2
129.10188 87153.5
130.08585 11722.3
130.10510 3637.69
136.06117 4645.85
147.11226 20207.1
157.09706 4100.29
169.09697 6110.33
170.09160 7825.35
185.05521 5110.99
186.12325 27409.2
187.10730 96710.6
188.11090 6620.71
197.12784 3940.7
199.07106 8958.66
209.09132 3335.85
215.10168 19217.1
215.13837 127723
216.14262 9928.47
217.08153 9941.66
226.11859 13200.7
227.06584 22590.4
241.08147 4202.92
242.07664 29313
243.07515 3452.15
243.13336 121802
244.12798 7782.35
245.07619 66627.7
245.11414 5939.49
246.08041 3545.89
259.08942 4908.18
262.13910 62904
263.14386 6843.33
272.12308 6773.59
273.15475 11985.5
280.12808 4856.35
286.17410 4982.53
297.18130 3503.33
298.13873 13078.5
301.15012 6995.32
312.04977 4744.99
314.09717 10020.4
319.15979 3323.4
322.13742 5233.65
325.11368 3731.01
326.13376 12260.4
340.14908 6597.94
341.14438 11543.3
342.09100 5426.47
343.12430 5975.58
344.14569 6813.87
353.10773 8227.48
356.10565 3378.75
357.10349 3526.51
358.15970 230602
359.16278 33857.1
360.10495 4609.9
369.18701 6286.15
370.16989 8613.86
371.11893 29151.7
372.22437 9270.35
374.11969 5060.63
383.15247 3387.96
388.18109 31122.9
389.18289 5594.34
390.23370 26747.9
406.19223 4988.04
429.12131 3497.61
429.23529 21259.2
430.23920 4173.92
443.14096 5214.49
447.25449 55751.9
448.25787 8579.9
452.17865 5402.64
456.17474 5155.25
468.13553 4974.54
470.18686 7142.61
471.13467 5896.54
472.17188 3368.5
482.14853 6962.95
485.19717 7776.15
489.14539 3763.07
499.25186 4486.3
500.16122 20326.4
501.16559 4134.27
502.71008 5498.82
503.20886 19269.3
504.20578 4098.25
516.27563 16273.7
521.21991 4576.69
534.28644 129067
535.28906 25507.8
536.29401 4006.82
558.16431 6876.66
567.20172 10680.7
569.17194 3834.19
579.16760 7057.21
585.21460 8999.26
597.17303 14124.9
599.23279 4147.21
600.22534 4043.03
603.73798 10867.4
604.23877 7048.44
614.23602 5449.48
615.18732 21466.1
616.19061 5155.86
618.23553 11308
619.23584 3378.97
623.24463 14272.5
623.74414 8687.26
631.30127 11623.8
632.24780 45100.3
632.75183 21721.3
633.25391 7437.99
649.31415 71314.2
650.31866 20471
664.27295 3439.19
673.19580 4019.46
681.78162 11580.4
682.28857 8200.99
686.78156 4716.99
694.19489 6066.49
696.24359 7131.97
712.20337 11385.7
714.25751 8417.91
729.25885 5532.68
730.21143 16201.5
731.20898 5097.46
746.33099 13627.8
747.25623 6234.9
764.33942 56624.8
765.34644 16245
781.22742 5081.22
794.81500 4141.02
799.23792 8508.22
811.26239 3407.79
817.24683 8886.02
829.28052 5714.29
856.25610 9427.12
857.36475 3854.31
858.31012 7400.64
874.26740 7267.11
875.37213 21050.4
876.39294 6190.91
893.38165 47974.9
894.38690 16248.1
984.34918 5925.66
986.40894 6815.26
1002.36060 8222.68
1003.36200 3591.64
1004.41632 22623.6
1005.41730 12311
1022.42468 45867
1023.42584 18241.7
1024.43274 4699.63
1060.37109 6256.44
1099.37781 10627.2
1100.38013 7033.84
1101.43616 3561.91
1117.38818 24826
1118.39038 14607.9
1119.42676 6109.94
1120.43506 4731.15
1135.39832 10202.4
1136.40759 3766.34
1137.44727 15788.2
1138.45496 7585.06
1188.45471 5833.87
1189.44775 16593
1190.44482 5907.01
1198.45337 4423.55
1206.47461 17496.5
1207.47620 10651.9
1216.45691 14435.6
1217.45142 7054.66
1227.47156 8026.48
1228.45044 3857.68
1234.46472 6062.97
1245.48157 34078.9
1246.48291 25448.5
1247.48499 4869.56
1263.49329 140587
1264.49500 82223.1
1265.49426 27460.7
1281.51160 5529.12
1331.49280 4744.32
1344.56384 6108.25
1362.56299 19323.4
1363.56226 15993.1
1364.57263 4101.43
1459.58521 4721.76
1460.58118 7108.09
1461.54041 4360.87
1477.59534 18890.5
1478.58606 13721.7
1479.58044 5066.5
1606.62085 3793.14
1607.64587 4634.37
