2220.10270 3
110.07133 1118.98
120.08073 509.156
129.06819 283.23
129.10229 17749.8
130.08624 1460.93
130.10530 1114.02
136.06186 850.831
136.07576 1503.42
139.08658 864.188
143.11824 327.879
147.11288 3700.43
155.08128 297.575
157.09723 798.47
167.08150 1152.4
169.13362 1275.48
171.07625 248.823
171.11301 776.589
171.14934 324.761
175.11911 1364.08
181.09772 590.549
183.11255 446.549
183.14943 344.55
185.09210 1260.76
185.16544 552.986
187.14404 1396.65
197.12823 945.008
198.12347 2134.48
199.10788 1081.6
200.13942 2324.01
201.12288 343.953
210.02563 337.292
211.14482 241.271
213.08693 1304.99
213.15996 219.914
215.13904 456.625
216.09775 370.877
216.13426 2793.67
218.14995 3142.6
219.15318 360.838
224.10272 364.878
226.11882 619.044
226.15404 272.815
227.10246 508.115
240.13348 390.705
241.08282 352.172
242.11371 444.785
242.14893 234.862
244.09428 330.06
244.12720 321.714
244.16599 420.485
246.18077 434.956
251.14912 222.526
254.14702 250.779
258.14438 300.278
264.13440 1317.57
270.18060 544.638
272.12479 246.871
272.17160 1559.33
284.12308 851.957
292.12897 689.35
295.21161 356.285
296.12213 275.492
312.04929 324.048
313.14932 266.214
313.18652 507.251
313.22391 685.213
314.13504 712.746
323.17099 249.962
325.22269 795.426
330.06107 295.72
333.17609 235.619
339.17200 247.565
341.18518 328.608
342.12836 392.51
343.23367 4272.83
344.14282 270.391
344.23846 767.687
355.19629 238.214
364.16190 281.449
366.70526 234.848
377.21814 780.015
382.24438 489.92
399.73965 1103.38
400.24704 248.953
401.16605 475.224
402.23553 301.692
410.24472 388.637
412.21802 433.752
416.73889 344.972
417.24390 298.716
420.18909 753.51
422.23849 671.906
422.74051 296.129
425.16406 684.097
425.74356 279.013
428.25241 440.368
430.22958 5716.68
431.23294 1258.38
434.25156 933.861
434.75345 331.041
438.23499 1620
439.23489 449.519
444.28214 1018.17
445.28204 256.076
446.23941 491.287
451.26495 343.15
456.24649 352.488
457.24396 384.588
471.77808 329.086
472.28540 576.9
474.26935 577.217
474.76923 401.805
477.24396 537.234
506.28348 640.656
507.25299 322.869
511.24982 292.358
518.27026 800.329
525.26843 636.357
529.26038 1079.48
530.25928 524.289
538.29816 318.095
538.80029 252.403
539.32251 349.362
543.27917 1120.74
544.28485 314.713
545.32971 325.06
557.31049 242.36
565.83820 303.217
566.33051 2636.71
567.33374 816.884
579.34064 901.547
579.83960 563.046
580.28430 249.678
587.84528 4063.17
588.27032 280.415
588.35321 2264.5
588.85419 794.226
589.30139 1831.15
590.31036 332.775
596.84979 303.801
602.35095 2913.4
603.35767 1081.37
603.68091 2097.66
604.01624 1989.3
604.35498 748.01
604.69153 258.608
605.34637 647.079
609.34863 383.369
613.84912 1676.62
614.34326 989.503
614.83966 363.223
615.33588 277.148
617.34363 1121.69
618.35028 439.946
622.35565 2708.46
622.85663 1875.86
623.36237 958.859
624.34558 263.376
625.37085 327.509
628.33179 517.288
632.69061 415.045
633.02802 344.253
633.36798 346.017
635.36218 1109.88
636.34119 3305.27
636.67462 3181.4
636.83331 4888.76
637.00824 1385.6
637.33600 3789.87
637.83569 1191.16
638.34235 418.648
642.30707 3238.44
643.28851 826.154
644.29150 289.936
653.36243 2394.74
654.37634 918.757
662.83661 1307.12
663.33954 1221.58
663.84644 339.323
665.34839 692.86
665.69348 337.466
666.01636 257.552
668.99811 292.879
669.32281 554.103
670.39081 464.662
671.34424 1129.55
671.84692 775.211
675.39075 1786.47
675.72375 1920.07
676.05890 1033.3
676.39856 405.032
681.39728 257.722
681.72546 332.79
686.42828 371.973
689.31891 379.311
691.30530 543.632
691.81775 734.906
692.33948 668.231
692.87177 858.302
693.37830 533.066
696.70648 267.026
697.41522 261.046
701.42371 836.886
702.04736 528.873
702.38507 1843.9
702.71832 795.881
703.38739 514.174
704.37225 642.793
705.37537 368.042
707.65808 306.884
708.04901 4318.92
708.38495 5016.12
708.71906 2868.55
709.04932 1586.76
709.38818 648.004
714.04987 282.568
714.39648 445.996
715.37097 319.88
721.39362 676.608
722.39465 431.913
723.37891 286.202
733.32947 296.273
734.32684 561.893
734.70435 383.844
735.04456 346.885
735.39496 707.133
735.89642 256.554
739.91132 635.884
740.32623 560.168
740.43152 794.36
740.70966 1709.45
741.04181 1941.96
741.37317 1509.39
741.71124 562.248
741.84937 645.973
742.00378 845.339
742.34283 869.516
743.44849 325.13
746.42120 632.259
747.41302 495.176
752.40601 1324.21
755.39850 446.604
757.41034 415.988
760.90442 597.326
761.39368 414.169
763.44855 580.841
764.45972 274.091
771.32672 446.621
772.34088 267.733
773.87775 269.824
774.37622 378.771
775.37872 278.566
780.46729 432.583
781.45667 5017.52
782.46234 2092.64
783.46960 531.05
784.47693 361.762
798.47156 7597.56
799.47595 3312.38
800.48254 776.591
806.47913 878.855
806.71082 299.728
807.04785 329.851
807.40070 272.819
807.48016 275.123
813.47369 364.227
815.46948 429.552
817.40570 464.925
830.44073 457.764
830.93488 739.027
831.43457 261.548
831.85724 279.969
832.47076 2501.82
832.96674 323.711
833.46747 1603.43
833.95959 499.745
834.45435 392.998
838.41064 283.757
839.44220 620.416
839.94861 877.43
840.44592 433.319
841.43085 349.129
841.97852 333.803
843.47400 367.594
845.38281 286.058
849.49493 271.292
850.48297 1909.32
851.48383 745.282
853.45575 1083.78
855.96594 305.316
856.38892 574.021
856.99713 340.559
857.38464 271.022
859.44757 330.374
861.96985 891.966
862.47076 657.824
866.40717 285.456
867.49823 1967.12
868.50964 863.806
869.52100 267.798
872.44482 487.825
872.95532 603.035
873.45551 361.597
874.41833 365.211
874.91589 334.878
875.40173 317.059
879.43848 290.866
880.42401 324.346
881.45331 793.668
881.95087 761.13
882.45123 464.901
888.41718 742.477
888.91486 509.419
889.39551 444.283
890.96503 488.315
892.46893 355.027
896.52417 364.187
899.41675 269.231
905.02100 1360.3
905.51135 1656.5
905.99951 1145
906.51404 423.692
907.43372 279.427
907.92999 289.979
908.40558 334.147
910.96863 312.702
911.46429 310.223
912.42084 383.347
914.03088 384.125
914.53284 503.729
921.43213 526.518
921.91461 352.658
923.46246 645.444
930.42786 392.499
939.53296 482.069
940.04657 324.973
944.92883 1034.41
945.43292 965.083
945.93451 716.258
946.43823 506.893
946.92261 295.338
947.42029 358.627
948.55432 802.954
949.03033 966.165
949.55219 616.42
951.42712 420.409
954.00610 2436.98
954.50726 2741.49
955.00958 1175.83
955.50964 474.819
965.47571 697.787
966.55316 375.427
980.58917 998.339
981.58374 543.566
988.51721 575.05
989.02094 619.799
989.53668 402.173
990.57703 328.25
994.45264 797.535
994.95776 632.935
995.45642 501.428
997.53088 870.872
998.02832 1164.6
998.54248 440.613
1002.99652 639.874
1003.50385 753.248
1003.99353 486.197
1010.48962 270.337
1011.57306 328.53
1012.58661 277.06
1021.47064 268.53
1046.49231 348.18
1052.50818 274.92
1060.48120 315.682
1064.50525 291.299
1071.53589 349.937
1077.63330 1530.5
1078.65820 557.893
1094.62378 496.72
1100.99902 267.159
1101.48682 347.131
1109.04541 355.471
1109.54688 1059.41
1110.02075 350.165
1110.53040 579.895
1118.53967 932.937
1119.55432 610.142
1134.47241 543.529
1135.48425 409.801
1156.49097 276.273
1158.50854 338.337
1174.68750 1832.95
1175.71106 1109.71
1176.70386 450.014
1192.71802 290.469
1219.57751 266.164
1243.70239 1147.54
1244.71155 891.258
1247.57166 906.821
1248.56873 690.293
1254.65820 352.358
1255.65625 278.646
1272.66980 1334.37
1273.66699 783.247
1274.67371 283.77
1324.66980 410.117
1341.67761 873.769
1342.67834 619.093
1459.65320 749.853
1460.64490 445.199
