1907.01926 3
110.07107 8877.29
112.08678 2805.64
115.08654 968.683
120.08073 4585.7
129.10210 10750.6
130.06490 10523.5
130.08618 3669.76
131.06795 1136.24
132.08041 2968.27
136.07559 10410.8
137.07881 1428.7
147.11261 6229.85
153.06555 917.444
157.06078 2114.14
157.10838 2783.46
158.05992 1078.38
158.09230 2219.39
159.07568 951.455
159.09142 19189.6
160.09496 1776.6
167.08067 873.892
170.05981 1449.05
171.07637 1272.07
171.11241 1009.28
175.08580 2681.57
175.11877 14678.7
183.14893 4260.82
185.07077 987.787
185.16469 60070.4
186.16800 6013.07
187.08554 2803.6
193.09685 5092.29
199.18008 1702.95
200.13893 3014.52
201.12253 1262.49
207.11226 985.473
211.14381 2785.52
213.15962 26032.5
214.16330 2980.47
218.14961 7707.88
219.07976 933.68
219.15312 1057.16
221.09169 2637.02
225.09856 2044.57
228.13344 1217.57
244.16537 955.872
249.12285 2881.46
252.11124 875.261
253.16589 1211.23
258.10794 1125.02
267.10831 1015.74
270.12347 6186
270.19293 1938.32
271.12646 1387.65
272.13638 2959.33
277.11807 2280.73
278.12378 994.895
280.10812 1084.34
280.16486 5325.4
282.18051 1731.49
284.10367 1362.39
286.11847 2571.28
288.13522 2104.5
289.16159 16500
290.16406 1891.52
298.11829 2067.44
301.12885 1442.96
305.15930 1873.82
314.11304 1980.51
322.18802 2049.37
326.24310 4155.34
327.24652 984.304
337.16104 2519.79
339.70557 953.149
352.74933 1038.77
353.70242 2194.13
371.13181 1024.35
371.19504 1638.98
373.25574 1068.88
383.27621 4195.38
385.21902 12739.8
386.22153 1986.78
388.21506 1325.59
395.26022 1550.02
397.21762 2872.35
397.72000 1773.09
399.18350 1122.72
400.19418 1264.33
403.23871 1124.65
407.69608 2978.04
408.19629 1414.8
416.21054 1340.11
418.20377 10304.7
419.20792 1848.62
423.23306 1235.3
423.73087 1725.25
428.28662 8062.37
429.28757 2143.61
432.73712 2040.67
433.23962 1169.92
435.13806 2218.12
437.74661 1939.68
445.78149 1227.53
446.75107 1607.03
447.24976 930.136
448.20737 1457.73
449.27899 2872.64
457.21555 1666.56
459.77948 6850.5
460.27866 2689.33
473.26666 1181.79
482.27295 1781.49
482.34476 1141.48
483.78900 4998.27
484.29129 2541.86
485.76962 1029.56
486.27231 1466.42
487.26279 3022.94
489.29947 1635.89
494.29037 5359.95
494.79178 3213.16
498.30258 2903.96
503.29504 9783.03
503.79736 5425.17
504.29727 1835.62
514.25775 1321.22
516.31012 1308.8
520.33679 1727.95
524.81543 2899.64
525.31647 1603.77
525.75574 1013.69
529.80969 4702.23
530.31073 2903.32
531.28754 15936.4
532.29053 3834.75
533.29822 1093.14
538.81421 5663.5
539.31671 2920.44
539.81848 1153.39
541.27405 1666.17
543.25134 1234.15
548.28516 1750.45
550.29462 1300.37
559.35529 6185.3
559.95367 1436.03
560.30133 2108.53
565.31055 2494.3
565.81335 1102.45
565.95734 1008.45
566.31311 1221.68
567.32410 22982.3
568.32672 6530.54
569.31189 2846.35
569.80927 3216.11
570.31018 1239.64
570.98566 1069.92
571.30542 1110.23
572.31573 1316.08
577.35382 1572.08
577.67340 1236.51
578.31708 12563.4
578.81079 15881.5
579.31232 9131.12
579.81342 3601.35
582.80017 3772.39
583.29840 2633.38
586.81921 1167.21
587.32141 146469
587.59827 1209.38
587.82227 101796
588.32391 31813.2
588.82349 3623.53
589.30847 1266.56
591.35541 1362.75
592.97888 984.18
593.31183 2780.95
595.42816 4566.65
596.32660 25320.3
596.43597 1928.4
596.82831 17396.5
597.33191 6070.77
598.65063 1853.71
600.34613 1360.94
603.22498 2237.66
603.63776 1293.44
603.99554 3508.97
604.32935 3180.75
604.67035 1312.87
607.31909 23934.7
608.32190 7805.43
609.85950 1650.89
610.00208 1488.71
610.35931 1429.14
617.85773 2430.97
618.36200 2489.82
618.79895 1569.1
627.30646 4283.7
627.80444 3605.07
628.30481 6850.02
629.30664 1598.17
630.67188 3209.74
631.00665 3450.82
631.33850 2443.66
631.85364 2145.45
632.34143 1749.58
632.84827 965.665
635.29077 1114.27
635.38074 1889.56
636.30884 35140.8
636.69287 2111.03
636.81085 22068.9
637.01074 1209.91
637.30908 9350.71
638.29010 2051.87
645.33075 38124
646.33276 11020.3
647.33459 2874.76
656.29913 3622.69
656.80347 4682.03
657.30341 3689.07
657.80243 1232.67
670.38757 1220.39
673.39569 1280.1
676.34180 1787.56
678.41095 2141.21
680.35211 1210.69
687.41364 12821.7
688.41449 5466.77
688.87036 4352
689.37469 5231.8
689.87689 1917.22
697.39856 1259.84
701.39673 2373.1
704.37262 1023.15
706.39771 6341.94
707.40143 2931.79
716.30927 5042.83
717.31750 2243.1
719.35663 1163.76
726.34167 3758.97
726.84143 2980.3
727.34509 1507.26
732.48981 2528.31
733.47772 1269.24
734.85529 11027.7
735.35583 9246.69
735.85809 2517.3
736.35748 1460.85
745.41431 1080.36
746.42645 3667.96
747.43335 2019.47
751.39941 1741.66
752.30713 1448.18
752.81439 1435.99
759.81061 1213.14
760.30347 1678.67
764.44189 2491.15
765.44055 1594.37
772.42841 5522.55
775.42322 1788.65
776.42737 1144.74
780.33820 1371.47
782.40259 1258.27
782.88336 5815.14
783.38782 4447.9
783.88611 1713.82
786.48163 1211.59
789.42352 9423.18
790.42334 3426.41
791.39636 32280.9
791.89764 23440.4
792.39777 11169.6
792.90002 3597.85
793.43396 3091.83
794.44244 1113.65
797.38507 1102.83
797.90173 1013.1
800.49561 2471.79
805.46674 1747.08
807.43835 1036.11
808.34906 1048.73
808.85583 1061.83
810.48834 1033.91
814.37970 1890.3
816.33246 1242.19
816.85339 2016.7
817.34540 1126.58
828.48944 1156.09
830.42902 2139.26
830.92102 2990.43
831.41199 25471.8
832.41455 9775.35
833.40009 2723.88
834.47241 1454.46
836.47607 2194.55
838.93365 5756.14
839.42816 21124.1
839.92780 18317.8
840.43036 8585.26
840.93048 2414.31
844.40887 6631.13
845.41235 2266.85
846.42865 1586.23
847.42816 1159.69
847.66357 1042.3
847.93805 137166
848.17926 1121.59
848.26941 1099.84
848.43945 129315
848.94080 61291.5
849.44452 23033
849.94867 4056.9
852.45935 1773.22
853.45947 1259.06
864.46967 4967.02
865.47174 2731.97
885.51532 4016.07
887.40436 1375.09
888.48480 1152.61
888.96356 6932.65
889.46667 5193.74
889.97247 2479.96
890.35303 1166.3
890.87616 1371.61
897.46594 32166.7
897.62421 2717.59
897.97473 33692.5
898.47119 16568.1
898.98059 7512.5
902.44855 7479.5
903.45630 3471.19
904.45026 3183.94
905.45551 1297.48
913.39270 1065.06
914.41138 1443.4
918.55194 3804.95
919.55292 1637.4
963.54681 1837.03
966.57068 3510.54
967.57983 1410.42
970.53363 1865.05
971.54578 2522.12
987.56903 1899.75
989.47656 12048.5
990.48187 6437.62
991.47229 1312.79
995.46387 2523.38
996.46649 1323.4
999.52631 1754.8
1005.58325 2306.33
1006.57666 1192.03
1017.54877 2124.67
1018.53192 1051.26
1022.57971 1049.37
1045.52698 1133.44
1046.51770 1064.96
1048.62476 6975.7
1049.63330 4076.14
1076.62024 11041.7
1077.62329 6839.48
1078.62585 1900.45
1085.63611 1013.17
1103.63110 1196.8
1114.58179 1202.29
1118.52039 2265.61
1119.53137 1317.65
1164.58972 1803.4
1165.60840 1104.68
1175.54395 6430.78
1176.54175 3772.24
1312.60352 6293.74
1313.59961 3949.3
1314.59192 1484.9
1406.71765 2647.72
1407.71887 2333.58
1520.78088 1060.72
