2614.30718 2
115.08625 297.243
126.05441 1544.55
129.10196 931.49
130.08621 251.975
143.11751 505.983
147.11224 931.553
155.08133 445.241
167.08105 344.783
167.11751 554.655
171.11235 812.3
183.14859 2816.5
184.15269 247.814
195.11223 2111.36
199.10698 1038.36
211.14351 2309.01
213.12318 341.071
226.15463 875.419
227.10187 1282.92
238.11790 340.476
244.16470 5070.1
245.16840 396.506
256.12949 343.866
268.16486 1799
269.16827 289.309
270.10727 2334.67
271.11169 254.356
296.12341 257.765
308.19632 357.37
310.17535 738.457
323.20651 897.267
324.15488 215.032
325.14917 212.91
340.18509 1754.63
341.21707 12020.3
342.22021 1829.92
353.14417 288.685
367.16016 1304.07
368.16382 273.597
371.15454 3318.72
372.15628 443.748
379.15915 551.768
383.19217 352.298
409.24164 214.656
420.25931 841.242
423.14865 400.579
425.27164 483.286
429.21347 253.112
438.26923 20147.2
439.27249 4587.12
440.27658 378.54
452.25018 1142.62
453.19583 373.281
453.26999 944.02
454.19119 641.147
454.27206 244.08
472.20175 485.249
480.24362 1577.38
481.24414 341.635
497.20004 236.536
505.20383 251.637
506.18747 329.773
523.21265 831.145
524.20569 263.107
541.22174 731.674
550.31793 246.97
566.27972 471.811
577.29919 319.711
581.28748 591.062
582.30499 243.645
593.32867 393.874
605.25677 293.018
620.26526 332.857
635.30219 224.453
648.40515 2925.52
649.41046 898.117
651.37231 341.12
679.36273 674.045
680.37012 238.245
705.28748 372.341
718.33154 425.016
722.37518 538.434
723.29254 909.725
724.30194 242.144
731.29022 400.911
733.35699 284.444
749.30585 1633.64
750.30920 597.951
767.31525 335.826
805.40314 255.126
831.41614 695.477
832.42151 345.274
865.28827 308.535
917.50598 2671.86
918.50995 1316.86
919.51483 306.386
932.50928 416.817
941.43121 264.251
949.35248 241.647
959.44598 451.307
960.44788 373.332
976.40833 263.206
977.45410 315.891
1030.58997 429.067
1031.58630 243.359
1062.46399 402.451
1070.47388 234.871
1075.40125 241.926
1088.47974 589.889
1157.54395 347.872
1158.57019 230.141
1173.56799 279.91
1175.55774 397.824
1183.56763 346.401
1184.55505 261.932
1201.56421 627.448
1202.57336 378.167
1317.55566 271.842
1369.77112 812.379
1370.78174 553.199
1411.72632 252.882
