2686.37456 2
120.07975 487.975
128.08159 393.901
129.06532 973.71
129.10182 948.238
146.09184 1703.09
147.11253 950.747
169.13290 1772.8
183.11212 309.573
185.16487 366.574
197.12785 1633.27
200.13864 674.812
212.10274 404.543
213.15881 376.671
215.13809 1601.21
226.08141 353.525
228.13338 715.916
230.14841 364.24
239.11276 1556.63
240.09731 4205.03
241.09743 347.381
243.10803 1778.76
243.13293 2344.9
244.09235 277.929
245.07562 407.041
248.15947 2111.05
257.12350 4401.89
258.10831 955.921
270.17862 435.179
297.17490 503.026
301.11157 292.333
311.16986 3037.71
312.17526 374.531
325.14957 618.32
328.19806 1255.76
333.15451 377.244
338.18103 569.901
339.16376 1193.12
342.17569 1410.64
347.22757 367.109
351.12875 449.444
353.18246 344.111
356.19131 835.621
360.15765 282.504
368.15579 1326.37
369.13181 321.864
371.19168 3110.55
372.19562 539.235
376.11502 870.138
385.20514 574.35
386.16693 959.263
388.21701 1959.32
396.15057 412.231
404.24915 2788.9
405.25189 418.33
411.23367 417.396
414.16214 380.27
422.20090 940.673
425.23767 544.772
430.15790 347.348
439.22769 4072.21
440.23508 604.553
448.18237 544.885
451.26529 328.79
467.22360 334.833
481.24014 397.915
482.22107 297.832
489.19958 507.448
493.27414 563.959
499.24945 2190.5
500.25214 433.933
510.29904 692.873
517.33295 1759.27
518.33002 285.62
520.28760 294.8
521.26904 870.953
538.29688 2353.72
539.29742 363.809
553.29474 693.885
561.19873 501.536
570.32312 304.341
577.22223 515.369
580.30640 427.185
598.31665 739.528
604.22589 331.258
616.40009 1157.48
668.34082 327.354
685.36121 775.171
686.36462 337.625
703.29395 283.121
708.26062 564.323
731.42657 1181.01
732.43121 330.927
844.51520 502.402
888.37939 368.151
918.36700 286.219
936.37347 517.364
1035.43335 373.275
1036.44482 421.852
1097.47925 357.233
1104.60571 331.359
1114.51892 501.181
1219.62158 316.422
1245.53381 357.359
1404.69836 400.948
1552.78894 316.706
