2142.99150 2
110.07093 1748.99
113.10695 735.1
115.08634 567.497
120.07999 765.231
126.05426 387.432
129.06566 1225.62
129.10194 2770.49
136.07605 596.899
140.08157 380.132
141.06546 858.427
141.10193 4029.98
155.08127 499.824
158.09224 726.167
159.09065 407.443
159.11247 2043.8
167.08127 701.359
169.09674 2567.38
169.13316 2796.21
175.11850 3367.67
185.09273 371.579
187.10709 527.655
195.11324 516.556
196.14410 4644.93
197.12813 9352.99
198.13339 705.92
201.12321 850.62
212.13898 1041.94
214.15460 9954.23
215.15863 711.233
217.08105 364.824
224.13895 4294.58
225.12292 5314.31
226.11578 727.398
226.15649 397.106
227.10146 376.369
230.15076 452.481
231.09726 367.609
238.11794 1672.79
240.13377 711.741
241.08109 737.899
242.14937 10796.5
243.15286 1146.95
245.07588 972.285
255.14467 8882.25
256.09085 411.634
256.14661 717.11
259.09079 676.337
266.14944 517.554
272.17126 9089.57
273.17456 1015.85
281.16101 877.989
282.18250 366.209
293.16006 6814.43
294.14392 4170.37
294.18378 1080.94
295.14774 633.508
296.19626 399.671
311.17068 16618.5
312.15192 3045.34
312.17584 1592.44
314.09833 904.095
329.18137 7769.43
330.18494 1224
335.13593 514.329
336.09457 1410.11
353.14505 5836.55
354.14798 610.456
356.10803 627.89
363.19919 385.754
364.23309 1268.47
365.21661 2451.12
366.22302 377.058
371.24026 1004.38
374.11725 807.464
382.24481 2123.2
383.22433 722.061
385.13443 608.657
392.22833 4329.78
393.20786 490.062
393.25217 1575.76
410.23880 3321.88
411.24652 393.432
428.25616 495.287
435.23306 636.739
436.18146 594.176
443.14087 811.74
451.12143 2003.06
451.26566 2676.84
452.27063 530.224
454.19177 753.892
464.17749 1356.42
468.29208 17564.4
469.29453 3790.57
482.18674 3424.61
483.19193 582.873
514.17670 498.763
552.16803 582.169
558.16675 1008.02
567.36023 1600.93
580.16241 1304.69
586.15863 441.95
593.22375 941.978
611.23303 3301.79
612.23193 1044.76
629.20428 418.263
647.38947 1244.41
664.41229 30528.2
665.41583 10621.6
666.41907 1677.72
669.19458 440.662
680.24768 1241.72
681.26282 481.066
687.21002 1307.99
708.24615 1990.47
709.19226 709.708
725.39624 388.857
726.25604 5600.48
727.25647 1713.75
758.23999 435.753
761.35895 635.44
763.48004 10933.5
764.48334 4164.99
765.48541 815.4
786.27191 528.139
800.38660 505.369
809.38934 3325.12
809.88770 2568.19
810.38794 1240.45
824.23212 1847.8
825.23029 475.512
827.30127 1330.33
837.28784 2298.45
838.28870 997.08
839.29926 509.622
855.29858 6498.9
856.30139 2534.05
857.30548 1034.46
873.31049 469.574
874.51343 1734.69
875.51202 926.842
892.52307 13149.7
893.52679 6378.58
894.53577 1112.39
902.50256 469.493
908.35773 665.659
919.49054 583.406
926.37274 1768.98
927.37830 813.593
936.35724 1187.31
937.36304 445.366
953.27490 1203.2
954.36951 4694.31
955.36804 2037.39
956.37311 523.911
972.50854 611.166
990.52350 503.665
1007.55048 5821.93
1008.55066 3378.59
1009.56226 705.544
1051.42737 737.331
1070.57678 578.868
1071.57178 728.707
1118.59277 813.778
1119.59033 406.01
1122.47400 414.751
1136.59290 4465.54
1137.59875 2435.94
1138.59668 685.571
1150.48779 1247.83
1151.48352 601.05
1247.62988 1627.05
1248.63196 1188.22
1265.63672 6160.39
1266.63806 4253.27
1267.64014 1359.84
1345.62854 624.2
1346.62708 567.513
1363.63257 649.974
1364.62231 442.975
1380.66614 2533.5
1381.66675 1828.73
1382.66614 574.335
1449.68591 4254.06
1450.68457 3300.17
1451.69385 1005.94
1467.68774 644.177
1520.72095 3770.08
1521.72693 3164.94
1522.73096 1114.1
1530.69971 457.503
1548.71179 614.235
1549.71362 473.403
1587.76465 1338.72
1588.75415 949.148
1589.76416 523.125
1599.76538 1883.19
1600.75696 1407.68
1601.77405 770.576
1617.77576 20451.7
1618.77576 18757.1
1619.77405 6961.37
1620.77649 1344.49
1635.78271 2699.79
1636.78149 2483.4
1637.79150 861.732
1716.83655 891.302
1717.85852 619.198
1803.87891 1569.71
1804.87463 1405.28
1805.87268 723.996
