2779.39267 3
110.07132 969.327
120.08070 3435.16
129.06613 702.047
129.10214 2414.08
131.11774 601.698
132.10165 518.795
136.06183 349.057
136.07576 1123.06
147.11292 588.728
155.08171 370.036
157.06067 474.906
159.07680 566.579
159.09166 496.655
171.07631 1094.33
173.09224 388.563
173.12837 1850.95
175.11894 2645.17
185.09224 612.734
186.08672 599.448
187.14326 345.706
189.08653 350.805
191.11801 1289.31
195.07616 495.922
196.14380 330.08
197.12859 1060.21
198.08719 1022.36
199.07257 432.065
199.10745 346.204
200.13910 1025.74
201.08717 436.774
201.12347 1966.12
202.08211 1167.06
204.13420 327.02
210.02615 349.437
213.08777 422.528
214.15518 1393.37
216.09781 3650.35
217.08192 550.78
219.11304 2295.89
224.13828 353.696
225.12292 726.96
226.11887 603.137
227.06749 326.057
228.13356 461.158
231.09734 685.02
239.11418 661.457
240.09854 955.397
241.08058 1154.4
242.14999 4166.71
243.13472 766.06
244.09366 339.343
244.16634 626.248
245.07697 941.608
257.12488 826.075
258.10864 1217.12
259.09149 917.332
259.14008 489.184
261.16071 329.107
267.11069 601.276
268.09494 339.285
270.14502 1130
272.17215 360.022
273.11911 347.367
274.12134 347.618
276.16666 2148.05
285.11902 1411.12
287.13562 453.575
288.13599 369.927
290.15027 876.363
299.17029 375.658
303.12961 1136.78
306.14313 390.392
307.17587 480.006
311.17200 847.82
313.15179 330.612
325.18677 895.095
326.16949 551.395
327.16760 452.727
329.18192 2951.57
330.18652 484.387
331.19730 371.816
337.11151 460.547
343.19946 519.45
354.14096 939.905
355.19577 370.294
356.15765 427.852
360.18732 375.216
370.12582 427.906
371.19437 456.134
372.15164 989.571
374.16605 807.014
377.21432 4304.86
378.21768 692.421
398.20239 545.043
416.21411 767.543
419.19162 575.974
420.19034 527.441
423.15768 391.33
425.18079 349.833
431.22540 412.352
439.19031 371.01
440.21600 567.621
441.17603 686.852
442.26639 584.262
445.23532 366.523
448.25095 4210.31
449.25418 856.51
457.24301 441.182
459.21362 378.618
481.24500 516.907
494.74658 895.096
500.24762 393.815
503.22040 504.097
504.26938 675.795
510.23395 375.171
517.26691 411.662
521.23541 673.534
525.30145 372.185
528.25555 1762.84
529.25049 759.786
530.21008 427.277
538.27008 354.798
545.27100 896.718
552.27161 392.012
553.30157 832.464
556.25104 3023.52
557.24945 727.261
562.29431 9284
563.29803 2518.69
570.31104 448.821
572.27618 838.577
572.77802 668.184
573.28070 403.611
575.30756 832.549
581.28741 362.547
584.31726 612.265
584.80884 557.647
585.30219 714.935
586.27863 1680.82
586.78033 1100.68
587.28223 413.513
587.78436 372.896
592.82312 1731.91
593.32275 1158.34
593.82526 476.968
595.28516 1315.69
595.78571 1219.59
597.76819 368.68
598.29169 364.884
601.29211 568.267
613.27643 359.134
614.29578 796.534
614.79236 678.69
615.31598 543.858
616.30579 1206.56
622.80560 978.162
623.30554 1667.02
623.79834 1312.29
624.31335 494.882
627.79633 698.18
628.29633 779.633
629.30139 820.005
631.81567 552.194
632.32086 408.406
633.33179 23497
634.33435 7069.82
635.34143 1204.83
636.80341 3497.46
637.30377 2847.19
637.80450 1077.97
639.28644 1739.9
640.28931 616.752
643.31769 1072.13
644.30835 834.102
645.31036 380.361
645.80920 7364.48
646.31000 5671.18
646.81012 2415.39
647.31433 625.13
649.79822 356.299
650.29285 736.182
657.29865 5429.37
657.80621 631.522
658.30200 2885.19
658.80420 705.567
659.29578 846.999
662.31158 599.727
662.80438 827.243
663.30389 625.178
666.32532 534.991
666.81873 606.793
667.31207 394.57
671.31512 2669.61
671.81549 2763.03
672.31378 1384.3
680.31995 2245.33
680.81940 2354.23
681.31830 924.173
682.31799 356.804
686.34387 388.709
692.82050 620.683
693.31458 581.054
697.31665 667.666
697.81757 456.692
699.34491 773.16
700.33502 577.362
700.83099 369.704
701.32495 1012.99
701.82477 653.71
702.33344 515.167
705.82635 2570.96
706.32172 3859.94
706.82092 2981.68
707.32166 1358.89
710.34039 506.286
714.82965 4393.59
715.33020 4993.08
715.83130 2843.7
716.32996 693.178
718.33575 640.903
723.83533 2813.47
724.33374 2415.41
724.83984 1420.94
725.35065 849.917
726.36151 1005.45
727.35614 556.139
732.84027 785.284
733.33746 400.178
736.40118 418.548
742.39124 1299.28
743.39545 716.115
746.41595 7748.56
747.41888 2989.62
748.43201 562.655
748.86853 522.577
749.35797 463.913
749.85889 469.936
752.37329 5087.42
753.37549 2325.75
754.37177 603.113
756.40173 756.773
757.35101 561.669
757.87231 910.646
758.37354 560.677
760.38898 1274.08
761.40179 435.019
762.38025 486.82
762.86218 370.456
763.35510 518.893
766.38751 384.585
766.88177 512.331
770.38184 9315.93
771.38275 4622.65
771.87219 1163.78
772.37701 1627.08
773.37036 464.434
775.38477 449.422
780.37823 1308.21
780.87921 1221.24
781.38129 575.209
789.37891 1234.49
790.37848 653.658
791.37244 454.208
792.38837 361.865
798.38306 424.254
823.39752 442.126
826.40686 622.833
827.42529 376.132
831.42566 454.735
835.40649 777.271
835.89783 658.676
836.38824 485.472
839.41205 564.011
841.41876 809.714
842.43713 553.749
843.43262 1713.24
844.42224 1378.7
844.90906 873.634
845.42065 867.125
845.90460 496.908
846.41412 519.346
853.41028 980.555
853.91235 772.857
854.41138 878.789
857.38544 417.464
860.45740 16112.1
861.46045 7485.42
862.46112 1577.68
871.43091 775.957
872.42188 722.119
873.42828 402.636
875.31067 375.938
889.45502 1077.61
890.46967 384.573
899.44342 981.626
900.44629 1135.95
901.45392 775.971
909.95996 723.183
910.45197 1148.79
910.96075 454.004
911.44788 438.594
917.45587 8336.56
918.45496 4874.74
919.45941 1396
920.45319 380.416
923.44977 401.709
926.47284 638.579
927.33026 387.91
927.48407 977.17
928.46368 1369.87
928.79999 919.991
929.12793 1358.32
929.46143 1120.54
930.97534 411.102
936.43933 425.191
940.45728 438.264
943.49371 1055.42
944.48169 3393.1
945.48737 1502.81
946.49194 436.321
954.44696 471.533
955.46545 472.809
960.49268 983.712
961.50482 41529.3
962.50763 20163.3
963.51099 5884.65
964.51758 1992.32
965.52576 648.307
970.48352 1064.7
971.47717 1289.93
972.48724 816.58
973.48346 667.237
975.97998 392.853
976.48224 406.857
985.50952 426.128
986.48700 573.6
987.47974 416.628
988.48950 9753.4
989.49139 6013.01
990.49384 1751.51
991.49054 532.313
1004.49066 434.032
1030.57446 571.411
1040.51392 380.202
1047.52576 508.66
1049.52014 1085.34
1050.01331 417.85
1050.53223 406.785
1054.51794 437.121
1056.58105 840.694
1057.53381 3253.9
1058.53687 2217.69
1059.52588 943.234
1072.53674 427.821
1074.59045 22175.5
1075.60193 10391
1076.60901 2772.45
1077.60547 1114.29
1094.56262 882.913
1109.73608 405.554
1143.54443 589.179
1144.55566 711.258
1145.54150 418.908
1152.88916 464.569
1153.39954 549.518
1161.57104 648.86
1161.91602 394.968
1162.41028 604.239
1168.58997 1301.47
1169.60437 579.993
1171.54199 1563.73
1172.55823 1040.94
1173.57886 392.466
1178.66553 618.305
1184.64941 1234.37
1185.62537 5065.01
1186.62622 2877.93
1187.62646 1158.3
1189.56152 3214.18
1190.56140 2333.18
1191.56763 914.153
1202.64844 15057.2
1203.64893 10473
1204.64941 3636.24
1205.66077 589.855
1226.41248 540.566
1229.59558 553.173
1234.11121 474.401
1241.64099 440.902
1242.66138 396.337
1246.61304 797.088
1272.60022 1369.54
1273.60706 801.66
1290.61121 2281.47
1291.61108 1353.37
1292.61047 676.272
1298.71350 570.684
1315.74207 2680.61
1316.74316 1977.35
1317.75928 654.763
1341.63623 933.707
1342.62305 743.15
1348.97131 422.345
1349.45068 429.487
1359.63416 1133.84
1360.63416 1163
1361.64575 392.697
1377.65906 1166.83
1378.65125 775.619
1379.65039 424.872
1385.73694 1127.59
1386.73291 704.187
1402.77002 2513.6
1403.77283 1793.75
1404.78625 750.129
1428.65710 1296.2
1429.65295 1482.51
1430.66113 606.192
1446.67029 3364.91
1447.66785 2810.8
1448.67310 1211.51
1449.68896 585.531
1464.67493 1437.37
1465.67725 1057.62
1466.67712 527.155
1472.76428 708.18
1473.78528 528.732
1489.80029 1343.03
1490.79858 1109.75
1549.75195 412.447
1550.81702 393.608
1559.75354 1789.42
1560.74365 1726.54
1561.75610 680.944
1577.76367 1451.92
1578.76880 1408.78
1579.76367 847.307
1705.82239 1061.09
1706.83069 1446.05
1707.81970 706.387
