2071.86509 3
129.06551 78699.7
129.10181 39108.8
130.04967 3515.34
130.06873 5547.77
130.08589 14453.2
130.10493 1550.6
147.07603 8384.91
147.11243 33161
169.05968 1518.11
173.09175 9334.94
186.08701 2987.13
187.07027 2457.97
195.07588 3159.85
201.08665 8841.69
212.10284 5040.61
213.08632 1824.67
215.13857 5038.69
223.07077 3351.38
228.09639 2191.83
228.17000 5031.27
230.11281 5019.82
240.09744 32407.4
240.13358 7253.68
241.08228 5663.36
243.13286 2569.41
246.18048 57209.6
247.18433 6129.28
255.10864 1569.64
256.09161 3812.04
257.12241 2004.45
258.10779 44480.6
258.14334 2412.87
259.10715 4306.5
275.13437 19051.9
276.13776 1715.62
297.11798 5537.63
310.09988 1777.07
316.11356 3255.72
324.11880 2442.08
328.11325 2314.17
329.14267 1598.61
339.13049 1955.3
345.19583 2873.96
351.16489 2008.47
357.13965 2273.93
357.20990 2153.15
358.15897 3097.19
366.13956 5542.25
367.12210 7385.48
368.15408 2668.44
369.17719 2402.09
384.15042 2854.01
385.13348 6307.98
386.16586 4748.37
387.18918 2407.98
400.70987 5714.66
401.20859 2486.67
409.71579 5375.45
432.24408 21510.1
433.24655 4379.89
443.18759 1849.6
444.20731 4893.06
450.15945 1954.57
465.23053 4102.96
465.73080 2329.35
467.18701 2704.99
474.23697 2465.17
478.15610 6930.91
495.18246 7797.94
496.16531 7041.1
511.23630 2777.59
513.18854 2002.92
514.17566 6259.57
515.18109 1702.09
516.23096 2210.84
524.24792 1746.93
524.57599 2292.33
529.77332 1852.83
530.24695 8334.45
530.58276 5669.55
530.91614 2452.62
538.28302 14357.7
538.78625 7766.16
539.28339 2839.22
543.27545 8691.09
544.27887 2982.06
561.28967 20277.2
561.58600 2743.27
561.92334 2404.19
562.29193 3874.15
566.93085 7280.32
567.26038 26279.7
567.59375 20900.5
567.92780 9831.42
568.25995 3098.98
571.27844 2090.83
572.93304 4914.31
573.26563 4746.65
593.79944 6090.98
594.30261 5809.38
598.26831 6765.78
598.59705 5840.16
598.93164 4909.65
599.26935 2212.34
599.59015 7332.46
599.92218 9128.42
600.25488 8476.75
600.58801 3052.6
600.92169 2683.91
602.80481 11616.2
603.30658 6315.67
603.81012 2197.37
603.94073 5614.88
604.26910 39418.4
604.60394 32177.2
604.93799 15576.4
605.27142 7612.83
607.19861 4401.58
609.94427 46353
610.27869 47081.3
610.61078 23790
610.94525 8073
615.94556 3235.83
616.27734 4564.26
622.27594 1847.05
622.61786 1996.14
624.22125 6104.25
625.21033 4189.68
627.95203 2635.37
628.28333 2123.71
631.25269 2654.62
633.95618 2024.7
636.92682 13821
637.26080 13009.5
637.59668 6133.08
637.92786 3017.36
639.96722 1884.58
640.95300 1739.64
641.27136 2195.25
641.61603 1733.55
642.32568 3389.26
642.60321 7917.37
642.93683 6036.33
643.26648 4043.38
644.32581 1738.73
646.95520 4326.1
647.28766 5441.26
647.61694 2453.65
652.62396 1998.32
652.95941 4392.9
653.29462 3615.53
653.62347 2584.81
657.29431 2511.89
657.97620 1871.36
658.32349 9112.36
658.63190 3456.41
658.82349 7478.96
658.96747 4038.72
659.31561 2936.22
667.32532 13470.9
667.82941 8926.76
668.32678 3537.64
672.27844 6664.45
672.78082 2085.61
673.27087 1796.35
684.29474 2534.11
685.29657 2454.51
689.37958 18031.8
690.38501 5901.82
691.29443 4727.07
691.62738 4093.38
693.30603 2477.12
698.80463 2736.32
699.29413 2238.41
702.29633 2415.66
707.81738 5967.28
708.32642 2033.12
712.80695 1815.1
713.30927 3030.56
713.81067 1796.72
721.81561 9796.36
722.31982 7032.3
722.83392 8379.56
723.34241 6789.82
723.84772 1872.95
727.30676 3661.72
727.80090 5840.37
728.30090 5000.97
728.79950 1898.64
730.81549 2567.66
731.84460 10189.3
732.34814 6822.01
732.85394 2934.12
736.22803 1888.23
736.81989 2201.25
748.83557 1915.05
749.34369 1900.65
753.27502 3870.3
757.35571 3347.92
757.84583 12745.1
758.34875 8795.02
758.84937 4957.63
760.34363 7975.34
760.84595 5839.33
762.84753 1870.51
763.33398 4594.29
763.83282 3195.59
766.35712 27187.8
766.85956 20968.4
767.36206 9473.63
767.86084 3845.71
770.30975 1906.8
771.31787 4723.32
771.84808 4281.96
772.34869 3498.27
773.36365 1776.57
774.81110 1782.55
776.85596 5152.03
777.34680 6899.6
777.84320 5249.96
778.34283 2515.26
783.31433 6398.74
783.81750 3498.52
785.86108 25069.3
786.36139 22331.6
786.86206 12315.4
787.35791 4273.92
791.82733 5561.56
792.32489 6030.56
792.83301 2436.61
794.86780 194495
795.36938 155185
795.87048 74514.2
796.37018 22969.4
796.86859 3499.26
800.42285 3457.48
800.83484 3282.91
801.34180 2484.5
803.87610 3432.45
809.88037 3389.22
810.39026 2172.71
815.34125 3817.6
815.84430 2871.76
816.34174 1798.36
818.42401 18338.9
818.84772 1794.83
819.43506 6904.95
820.42737 2048.01
823.85059 1853.2
827.36334 2358.94
827.86896 2963.81
830.38812 3107.66
832.38574 1938.51
832.86328 3316.6
833.34845 4340.92
833.85315 2592.87
840.89630 3542.67
841.38190 20678.5
841.87885 15037.8
842.37744 9201.58
842.87427 2105.55
843.85199 3765.65
844.35370 3645.06
849.89227 28979.1
850.38562 109328
850.88593 77834
851.38831 41312.9
851.89026 12144.5
856.35181 2359.78
858.89557 26278.5
859.39789 26952.8
859.89874 13397.3
860.40076 4984.8
863.88684 2086.09
864.39832 2143.32
864.87708 5557.25
865.37103 3768.7
865.86334 2025.71
867.38831 6369.65
867.89514 7178.54
881.34705 2199.25
882.34326 3898.13
883.34454 2046.28
890.36548 2343.46
890.86847 2661.38
896.89478 3825.41
897.39325 3626.59
897.89551 1850.26
898.88068 6868.42
899.37463 23618.1
899.87506 15106.5
900.36560 12018.4
900.87903 2752.37
905.40881 6291.73
905.90210 32691.9
906.39972 26618.1
906.90387 13879.8
907.40039 5451.9
907.90234 2763.85
908.37213 1866.72
914.41260 52852.2
914.91315 48126.5
915.41400 26899.3
915.91534 12013.2
916.40356 2602.06
922.92346 3610.46
923.41748 35519.6
923.92010 32015.5
924.42047 17539.5
924.91925 6778.27
925.41077 1853.73
929.45752 8944.6
930.46051 4245.94
931.92487 1967.9
932.41534 4613.03
947.46539 26575
948.46875 12756.2
949.47601 3615.57
954.89215 3224.12
955.39209 3447.93
959.43231 3497.09
963.40344 4949.22
963.90411 5839.48
964.40479 3271.83
964.89545 2025.89
972.40552 2918.51
972.91272 2616.86
993.38116 1890.17
1010.40662 5450.08
1011.38904 4846.03
1028.43420 4535.12
1029.41821 2427.23
1058.49792 2401.74
1075.55957 15931.1
1076.56360 7679.8
1122.42664 2627.75
1139.46533 7100.96
1140.46741 4785.39
1157.48340 4276.12
1158.49011 3085.97
1186.59277 2882.51
1187.55835 2400.19
1204.59998 8941.88
1205.60583 4581.97
1206.61206 1816.3
1250.52893 2503.68
1268.52991 2519.75
1269.53271 1889.98
1286.54187 2490.76
1325.53015 1759.84
1333.64990 3721.6
1334.64392 3269.59
1343.55823 9117.21
1344.55933 5202.08
1345.53601 2320.36
1442.62329 4159.69
1443.64221 2995.07
1444.65100 1798.71
1454.58984 4027.39
1455.60315 2303.92
1588.73828 1741.43
