1935.93985 3
110.07134 1706.95
112.08670 314.469
115.08674 833.324
120.08038 249.236
126.05438 265.012
129.06744 323.115
129.10240 13912.6
130.08633 1526.23
130.10561 809.117
133.04372 384.024
136.06186 1766.06
136.07597 1123.37
141.10236 6172.74
142.10603 284.517
147.11304 3592.22
157.10545 310.381
169.09732 5735.8
169.13362 3115.18
170.10132 456.219
171.07639 259.349
175.11914 1621.91
183.07668 730.654
186.12389 596.997
187.10754 329.158
195.07741 285.527
195.11308 286.531
197.12869 2293.36
199.07161 371.522
199.10793 5095.68
200.10153 790.375
200.13913 303.172
201.12524 278.744
209.09177 354.943
210.02618 303.979
213.08762 332.296
215.13844 263.837
217.08217 440.654
226.11823 784.006
226.15529 14664.5
227.10292 12062.8
227.15854 1479.32
228.10660 1225.87
228.13345 726.713
231.09848 258.089
240.13435 595.931
241.08218 392.798
244.12804 485.107
244.16566 834.011
245.07632 429.693
255.14531 617.91
255.64777 291.42
258.14508 594.29
259.09293 436.123
261.15558 361.699
262.15039 274.206
264.06345 539.517
272.17206 969.187
275.15509 1154.94
275.20767 365.011
275.65646 370.622
276.15482 518.058
279.18134 1410.91
286.13937 272.408
296.12424 272.185
296.67593 567.31
297.19247 4761.23
298.19598 628.182
310.67352 7028.05
311.17548 2175.55
311.67734 339.136
312.04904 1222.69
318.14844 436.241
324.15576 3128.14
324.68921 438.584
325.15945 572.654
326.16754 259.698
330.06015 408.299
337.18561 1091.18
346.21078 2678.96
346.71152 699.191
348.18738 1090.92
349.19315 326.438
351.24115 349.046
355.19788 2642.67
356.20020 691.323
359.20013 1255.21
359.70129 438.336
360.20862 1194.9
360.71002 439.339
369.70569 326.609
373.20840 4536
374.21286 699.206
383.19379 457.251
393.18201 274.184
394.24680 446.187
394.73639 300.309
395.22873 1774.24
396.22861 281.324
398.11429 385.676
408.73633 594.906
409.23947 278.177
412.25507 301.846
416.21420 378.111
423.22437 6452.36
424.22589 1299.55
429.68686 290.16
437.73822 277.776
438.23764 525.901
440.26193 1721.43
441.26752 414.322
442.23074 683.887
447.24002 8068.91
447.74142 4003.98
448.24423 1136.5
452.25259 1325.37
452.75046 356.08
453.25284 632.937
459.25888 401.605
461.27573 557.039
463.94791 546.053
466.22736 333.372
470.22540 2550.09
471.22974 694.901
475.30304 340.372
479.74982 507.634
482.25235 355.167
491.15262 351.427
493.31577 1161.46
494.77335 397.145
496.22879 4040.78
496.73038 2231.59
497.23264 673.209
502.75720 563.545
503.25952 503.995
505.27753 521.455
514.59857 404.126
514.93555 370.108
520.27417 407.754
521.27118 1977.36
522.27869 503.622
522.80103 398.406
523.28760 5898.53
524.29010 1761.36
528.74078 319.712
529.28894 1022.12
529.78650 697.154
530.29877 318.826
539.28278 8128.4
540.28632 2013.37
541.29529 335.957
542.27643 1059.62
542.78168 839.685
548.00842 296.396
549.30566 480.754
551.24713 534.025
551.32770 1866.92
551.62054 392.822
551.72766 454.628
551.78693 556.298
551.95599 358.271
552.33844 425.053
553.35132 483.655
557.29694 2808.24
557.63226 1924.96
557.96729 1405.18
558.30444 494.118
560.28784 9732.72
560.78943 5722.16
561.29156 2139.27
561.79395 449.062
563.28143 789.785
571.83130 561.562
572.32990 356.88
573.64160 322.155
574.31354 295.778
575.64160 832.173
575.97565 541.046
577.33240 921.683
578.33881 314.397
579.32532 740.949
579.64783 2164.96
579.98090 1994.59
580.31818 731.942
580.66077 780.953
580.99542 579.275
581.31360 2886.46
581.64606 2402.15
581.81873 408.474
581.98175 2346.26
582.31171 1132.06
583.30951 919.305
583.81299 302.999
585.32434 6544.36
585.65784 6489.38
585.99084 3787.4
586.32886 1247.68
586.66156 603.667
587.31891 1248.15
587.65533 823.065
587.98932 622.318
589.64825 688.654
589.98114 650.61
590.30267 463.231
591.32581 1196.35
591.65814 1031.71
591.99866 668.684
592.33099 344.817
596.28680 416.519
596.80444 1651.61
597.32092 1935.82
597.82349 1227.44
598.33179 475.63
606.31067 333.413
608.02228 394.749
608.35559 404.801
609.27649 4703.07
609.77460 2041.1
610.27399 823.855
611.97180 500
612.30493 1429.02
612.64008 1653.7
612.97418 591.173
613.32831 5505.62
613.67096 4925.37
613.95288 1092
614.02814 3523.69
614.28613 1187.91
614.36926 1584.15
614.62378 614.069
614.70734 664.39
617.98267 1452.05
618.31714 2173.29
618.65222 984.319
619.24469 470.054
619.69183 604.087
620.03015 745.32
620.34125 1840.78
621.29340 999.045
622.29962 861.187
637.25940 4347.4
638.26520 1481.94
638.77350 311.921
639.26215 312.559
639.96790 322.832
644.99988 456.726
645.32227 1076.68
645.79535 541.512
645.98132 1403.81
646.34369 3395.18
646.68170 2305.07
646.79596 399.862
646.93127 305.664
647.02148 1424.35
647.30017 783.672
647.36371 1000.85
647.81763 294.572
648.38690 737.222
649.31604 1254.9
649.83954 417.256
650.31012 1119.46
650.84735 451.801
658.34833 4674.48
658.85144 3264.16
659.35596 1329.31
659.85956 350.39
665.28400 331.475
668.32526 2148.95
669.33209 656.99
681.45953 361.146
691.41461 1161.56
692.42206 497.059
697.39990 3301.47
698.40521 1701.87
699.41125 395.795
701.40271 752.106
707.33838 1942.51
707.83771 1920.52
708.33960 724.402
713.86548 1531.46
714.36920 1076.89
714.87488 404.099
719.40930 10203.3
720.41534 4264.4
721.42261 692.406
722.87946 1800.98
723.38092 1390.19
723.88232 503.647
728.38635 342.469
728.86829 315.006
733.29248 315.994
733.39471 640.572
733.89075 819.852
734.39337 629.758
747.36810 2033.83
748.28967 1171.76
749.37457 466.015
753.39166 474.694
753.88086 353.578
754.40277 349.886
759.40118 524.632
762.38898 1009.04
762.89258 1360.66
763.38202 780.593
765.38788 526.333
766.30432 616.821
766.40283 709.67
771.39642 7727.84
771.89703 7624.81
772.39758 4001.54
772.89856 1508.11
773.40308 305.596
777.41724 2010.43
778.42377 1060.73
780.90198 333.94
781.41895 321.771
784.43384 944.62
785.44360 335.877
793.44824 400.507
793.95221 331.107
796.42401 1415.69
797.43097 525.133
812.38092 388.145
818.49664 321.955
820.38568 2782.08
820.88367 3434.74
821.38220 1684.62
821.88629 601.257
824.41620 466.969
826.43878 401.598
826.94226 432.195
827.43347 348.4
833.45166 640.832
834.46094 336.466
835.44580 3534.44
835.94635 2974.68
836.45239 1202.99
836.95148 453.829
841.96765 682.603
842.47589 437.765
845.34131 455.36
846.43970 772.113
846.93463 526.989
847.44379 297.128
849.41522 602.385
850.48285 1759.39
850.97369 1553.9
851.48169 740.47
854.46661 667.508
854.96130 527.483
857.36438 395.62
862.48956 416.732
862.96906 3644.74
863.47040 3398.21
863.97186 1671.12
864.48126 450.014
871.48242 9360.98
871.98248 8824.76
872.48358 4754.91
872.98431 1346.42
874.47253 598.707
875.47028 1311.37
876.48297 590.069
877.44568 484.096
880.49207 784.265
880.99030 823.375
881.49438 390.531
884.43457 918.917
884.93164 830.351
885.44196 477.544
893.47418 10081.5
894.48175 4598.42
895.49365 1272.06
903.46149 359.13
908.38745 306.513
911.47467 680.33
911.96234 1055.91
912.46460 1243.37
917.52441 492.278
920.47186 6524.55
920.97205 6613.71
921.47357 3172
921.96967 953.845
931.35773 342.34
943.49261 319.273
945.50531 4152.01
946.50824 2196.61
947.52283 616.417
948.38275 373.472
949.38000 929.735
950.37976 468.31
973.45160 1033.85
974.45203 738.571
978.45276 443.026
985.50909 565.049
986.52032 304.682
991.45056 6428.13
992.45410 3045.6
993.45355 948.122
1003.50983 929.507
1004.50909 976.509
1005.51373 380.92
1022.51923 935.704
1023.52173 461.15
1062.46606 404.463
1063.44946 401.684
1101.56921 1170.1
1102.59180 474.916
1119.56873 11077
1120.57349 6774.27
1121.57568 2272.7
1122.57715 443.129
1131.60168 560.299
1132.60693 379.554
1137.57629 355.543
1169.58850 836.617
1170.59009 551.098
1199.55640 433.972
1217.54688 5561.3
1218.54468 3381.19
1219.54443 1191.34
1220.53992 311.038
1297.68738 322.025
1299.69946 379.106
1315.68970 1683.54
1316.69263 1345.58
1317.69714 442.931
1413.67468 742.936
1414.68640 478.063
