1700.83110 2
110.07101 2759.92
112.08650 378.291
115.08605 341.752
120.08044 577.454
126.09114 548.539
127.08633 545.466
129.06595 317.892
129.10204 5311.28
130.06406 260.819
130.08606 2179.32
130.10548 259.989
131.08127 212.522
136.06136 699.772
136.07544 1027.19
139.08699 202.521
141.10207 508.784
145.06160 183.855
147.11252 3700.65
148.11618 188.071
155.08176 392.024
155.11761 1596.99
157.09700 718.569
157.13289 665.508
158.09225 436.175
159.07593 399.808
159.09114 499.367
167.09081 554.267
169.09682 1078.27
169.13312 303.183
171.07617 228.001
173.12820 621.643
175.11861 1680.95
181.06038 207.02
181.09702 333.96
183.07616 188.372
183.11250 677.232
183.14870 518.743
185.05487 245.583
185.09099 428.134
185.12808 648.566
186.12242 487.545
187.07068 187.109
195.08731 1272.58
195.11237 220.543
196.10730 238.262
197.12839 446.95
198.08704 386.995
198.12273 191.114
199.07051 281.409
199.10732 269.311
199.17931 258.407
200.10211 261.998
200.13939 203.629
201.12303 668.691
207.11189 341.312
209.09128 355.238
209.13983 254.387
210.02486 241.589
211.14258 450.242
212.10181 345.06
212.13904 1733.28
213.08650 1014.62
214.11766 325.595
215.13956 385.234
216.09711 652.591
217.08174 423.598
223.10733 190.588
223.15506 897.553
224.10292 226.54
225.09911 263.909
226.11821 3155.79
226.15486 457.409
227.07240 217.976
227.09946 293.627
227.12315 270.637
228.16858 353.45
229.11732 517
230.07695 683.8
230.10883 233.027
231.09700 209.283
238.11644 222.344
240.09689 381.909
240.13356 1267.51
241.08090 225.62
243.14735 257.481
244.12791 443.426
244.16493 194.395
245.07620 855.929
246.18068 1645.35
251.15024 1024
252.13406 275.805
253.09236 329.132
254.14842 259.098
255.14415 354.524
258.10703 364.378
258.14215 343.923
259.09067 259.054
269.12430 617.466
269.15976 510.61
272.17361 530.065
276.16666 657.87
280.12863 606.351
283.13943 1154.1
284.12335 1151.52
287.13272 226.049
294.15802 675.173
297.15466 592.587
298.13876 1080.44
300.15402 294.163
301.14767 285.116
308.17154 1542.28
311.20709 2193.65
312.04974 569.19
312.21326 345.372
315.16452 448.217
318.15082 207.797
323.20706 205.098
324.09418 519.535
328.11252 559.559
329.14474 408.294
330.05859 394.158
338.18027 248.922
339.20282 652.631
340.16486 453.152
343.15909 324.907
347.22876 652.353
355.16162 1730.05
356.19040 459.113
365.25275 376.406
366.17621 2922.87
367.18173 319.231
368.19424 330.488
380.19879 397.187
383.19217 482.043
384.18695 1890.66
386.23672 266.342
394.17276 207.284
397.20847 212.684
399.15173 381.781
404.25241 679.383
407.23828 303.36
408.19147 594.471
408.23257 322.614
409.20682 237.276
411.23325 292.91
412.18222 883.833
414.20914 563.246
415.21548 228.801
424.18201 533.607
426.23242 577.216
431.21310 306.669
436.22031 489.677
437.25150 583.3
439.22922 371.618
443.26089 399.811
452.17743 464.479
454.22910 1522.87
455.26462 705.915
461.27090 2520.46
462.27628 363.25
465.24466 2242.43
466.24509 472.096
469.20270 632.417
476.26074 351.108
479.26276 416.253
483.25574 1370.37
484.25851 403.129
493.28299 287.783
495.22272 313.509
497.27695 238.655
501.26746 408.153
505.24246 285.877
506.18442 202.167
508.27292 260.966
511.24979 682.878
514.29944 207.302
521.28314 700.042
522.27020 324.702
523.25201 1078.55
532.30817 1155.31
533.26880 269.619
540.27539 844.626
541.28357 216.942
542.29968 295.097
550.25867 523.57
551.24420 1711.96
552.25726 374.767
568.27216 2253.94
569.26788 541.224
590.30444 325.265
596.34424 304.679
608.31915 685.778
609.32440 237.829
611.35095 2428.77
612.35663 728.424
622.32056 956.753
625.28888 241.779
629.20996 369.418
629.36011 15214.7
630.36389 4525.53
631.36536 658.197
636.30920 1249.71
637.31482 278.517
639.34552 646.493
649.33667 273.83
650.30896 382.452
655.34692 389.808
660.31140 301.407
667.33917 827.874
668.34924 219.599
673.34113 369.701
677.33319 629.422
678.34363 268.912
679.33228 264.446
689.38751 220.028
691.35028 374.649
705.32861 1100.58
706.32452 364.783
707.33368 466.241
721.39441 231.309
724.35712 729.361
724.44781 463.436
725.36511 222.034
734.35284 559.659
742.44464 3220.83
743.44891 1301.45
749.39777 359.976
752.40942 442.827
753.31958 209.826
757.31201 281.288
759.38092 314.072
762.34528 712.212
763.34656 321.488
772.40979 446.06
790.41833 771.091
791.41785 401.844
792.41571 334.6
792.89825 217.719
800.91406 680.891
801.41473 1043.24
801.92773 405.08
808.42377 436.684
809.92181 210.514
810.42212 449.578
815.42047 326.791
816.40131 590.784
817.41473 219.903
818.41040 761.218
819.41943 365.63
833.42584 1823.42
834.43103 927.639
843.40710 473.049
844.39069 655.865
845.39752 226.445
847.44250 299.172
857.43335 210.713
861.41626 2731.06
862.42029 1210.53
863.41675 299.205
875.43658 839.538
876.43329 428.732
879.50885 975.942
880.52020 390.307
901.48889 346.439
918.52747 342.619
929.47626 273.132
936.52557 3337.71
937.52673 1316.19
938.53558 264.414
946.50873 1517.29
947.51459 590.683
956.49017 340.461
957.48322 597.769
974.50385 1596.76
975.50616 903.556
1035.59985 591.746
1036.59509 328.248
1082.45203 228.461
1100.55212 288.038
1149.64441 479.732
1189.57825 212.72
1264.66528 405.582
1265.67200 230.651
1326.64563 211.791
