2903.21665 3
110.07103 2459.54
118.03208 218.224
129.10202 9988.8
130.10515 637.133
136.06168 911.599
167.08105 591.857
173.09184 566.628
175.11871 1565.4
185.09178 1046.51
209.10323 376.547
213.08653 341.51
215.12149 715.255
217.08156 336.1
226.11768 274.402
231.09689 652.72
235.11772 445.506
240.13356 461.554
241.08154 837.07
242.13181 920.519
243.11760 675.573
244.16423 444.648
245.07727 543.82
259.09232 1033.53
260.14221 6031.06
261.14542 739.311
264.06198 382.705
266.14944 876.937
272.17093 381.85
284.16089 652.162
288.11911 648.777
311.15366 471.531
312.04993 447.484
313.14874 447.54
318.14764 665.111
329.16324 1595.31
330.05923 891.637
356.10938 344.348
370.12589 272.161
374.11908 256.702
398.11386 482.807
412.18301 310.178
416.19601 464.735
417.24420 2324.42
418.24829 609.99
427.13998 390.863
428.03568 319.356
498.23187 243.927
503.22473 344.94
526.22247 274.497
590.26178 485.023
592.77399 233.675
599.27765 448.874
604.25555 1865.65
604.75787 1115.34
605.25775 316.466
619.30298 2703.92
620.30438 749.658
627.27240 663.851
628.27472 237.1
644.30182 705.743
644.80200 475.435
653.78705 455.677
654.29218 376.193
658.29938 1330.03
658.80133 1074.4
659.29602 457.854
671.31891 372.623
672.32227 261.022
689.32855 857.248
690.32617 474.755
693.29211 699.513
693.78851 387.028
707.28448 910.235
707.78851 640.746
734.33051 1718.59
735.33875 529.246
741.34351 486.945
741.83539 394.112
745.83185 2153.65
746.33502 1528.19
746.83887 552.589
750.34100 465.218
750.84546 578.139
785.88586 372.768
786.38031 481.608
787.29883 416.319
790.31671 429.66
790.87512 879.552
791.37671 1054.11
791.86835 401.824
799.33215 282.44
799.87561 679.717
800.38300 586.345
805.35883 994.13
805.85358 706.254
806.35748 390.634
813.36975 289.992
814.36249 1395.49
814.86426 761.189
815.36383 389.839
825.86932 268.409
834.86664 559.502
835.37006 424.071
839.85687 823.202
840.36023 739.368
840.85974 283.753
849.36169 734.732
849.87439 810.275
850.37891 866.646
870.44354 291.063
871.45313 726.576
886.40143 289.832
892.07239 1249.74
892.40765 1643.45
892.74121 680.071
893.07263 256.483
901.40552 517.348
910.43219 306.607
919.40674 630.272
920.39923 344.519
924.07581 336.896
924.41290 276.29
924.73853 609.993
925.06256 710.172
925.40857 434.392
929.75458 472.218
930.08490 972.201
930.41992 795.782
930.74811 400.891
935.75079 3778.98
936.08722 4983.98
936.42065 3980.29
936.75488 2439.03
937.09351 737.75
937.39429 271.743
957.07068 334.061
957.92010 703.264
958.42883 711.57
959.45166 396.275
962.40094 412.825
962.74890 506.861
963.07538 462.521
968.41577 2711.86
968.74292 3220.74
969.07721 2821.98
969.41956 2551.04
969.74701 604.326
987.44489 341.059
988.45313 291.572
1008.44458 947.623
1008.93665 937.316
1009.44470 430.215
1023.41345 655.884
1024.42908 257.229
1026.85791 281.094
1028.46692 577.212
1029.47278 366.418
1047.50598 256.631
1050.48303 297.392
1056.46277 1068.86
1057.45923 556.427
1058.45911 319.1
1058.96204 2443.19
1059.46619 3082.6
1059.97009 1786.7
1060.46899 656.902
1082.38196 250.668
1107.50366 276.012
1108.50293 1143.76
1108.99756 1005.22
1109.50037 719.094
1110.44739 989.398
1111.45056 535.204
1143.51038 344.181
1152.01733 1706.06
1152.51575 1849.02
1153.02515 1207.59
1153.33069 285.455
1153.54895 583.314
1154.42603 336.07
1178.53027 1327.83
1179.53088 889.463
1180.54260 358.993
1189.48706 570.47
1190.48071 516.254
1195.53174 1535.89
1196.03125 1763.53
1196.53235 1108.19
1197.04431 327.514
1205.45325 268.238
1207.50415 16029.6
1208.50635 8924.49
1209.50916 3038.81
1210.52112 589.945
1222.52649 260.463
1230.04211 343.376
1230.54553 331.963
1231.04871 306.743
1239.04541 2529.3
1239.55017 2703.9
1240.05396 1599.09
1240.55444 1134.68
1241.56738 315.461
1255.55469 416.548
1256.03589 289.05
1257.04663 262.973
1258.54797 411.551
1264.55261 1249.36
1265.05408 1873.09
1265.56079 1184.58
1266.06750 600.12
1273.55859 6979.59
1274.05823 8767.7
1274.55908 5533.78
1275.06055 2572.57
1275.55322 612.477
1276.52527 505.223
1277.48523 286.684
1278.52979 260.846
1282.56580 668.127
1283.07642 636.801
1283.58923 345.716
1288.05933 253.7
1288.58105 283.355
1297.57935 392.38
1306.57703 1127.69
1307.57458 828.635
1308.56677 294.059
1311.59778 252.884
1314.03857 270.681
1315.59961 1532.36
1316.59009 1294.71
1317.60168 345.63
1321.60278 386.443
1322.55798 967.598
1323.04907 937.408
1323.55286 692.877
1339.62341 620.713
1340.62878 471.589
1393.61072 1316.62
1394.60303 932.223
1395.59753 340.564
1413.57056 705.901
1414.55566 359.223
1472.64148 504.952
1473.63928 493.911
1490.65991 10654.1
1491.66138 7529.74
1492.67078 2863
1493.68433 963.948
1627.72864 498.893
1628.71924 458.801
1698.75183 266.528
1699.78186 259.384
