2140.06157 2
110.07134 447.645
112.08691 809.632
116.07017 548.167
120.08059 2518.18
129.10188 1622.21
130.06483 3324.13
132.08052 949.322
136.07547 1173.18
143.11775 495.594
144.08124 982.206
145.09662 575.96
155.08107 825.967
157.09740 906.134
157.13330 1294.68
158.09187 1483.66
159.09140 10047.7
160.09494 961.984
168.08107 452.675
170.05978 1121.44
171.11247 445.477
171.14900 446.491
173.09207 1639.54
175.11861 7044.2
185.12810 1824.76
187.08607 3298.7
197.12936 633.379
198.12729 1458.6
199.14339 445.718
199.18025 1580.55
200.14301 4635.17
201.12306 505.438
201.14754 462.363
210.12691 590.873
212.10312 667.711
215.11496 753.116
215.13814 653.073
226.11870 909.537
227.15460 3028.84
227.17458 2582.65
228.13310 702.124
228.15787 481.54
229.11784 922.991
230.11319 1597.18
231.10971 646.98
232.14018 1150.66
233.16370 623.377
234.14465 738.238
235.10640 1066.63
241.08223 965.725
242.14815 542.676
243.13295 824.618
244.12465 526.737
249.12306 1208.87
254.14911 428.236
255.14890 10971.3
256.15085 1271.64
258.12375 2138.22
258.15961 495.947
259.09116 1944.56
259.14087 1440.08
261.08997 501.802
261.15982 841.763
268.16528 2717.77
272.17520 26126.6
273.17868 3636.21
276.16599 10605.1
277.11765 3639.26
277.16968 800.993
283.14294 2281.2
286.13858 1183.74
286.17511 1298.52
288.13327 944.17
294.17975 455.022
298.21082 819.303
300.17017 16329.1
301.17059 2156.8
311.17010 542.077
315.14429 608.375
326.18857 887.031
328.19919 538.433
329.18051 674.185
339.20096 1092.5
340.19925 655.635
341.16077 1190.2
350.13382 1148.07
359.17050 875.4
364.14801 898.058
368.23169 1170.83
370.12415 732.2
370.17032 519.368
381.24930 882.551
382.20923 539.524
383.20737 627.126
388.15546 1539.09
390.20233 871.405
396.22522 851.535
399.22498 799.607
405.20923 2058.59
406.16016 2868.46
407.16531 592.195
413.25369 3181.85
439.26816 901.455
444.29504 1153.72
454.24271 1296.95
479.18875 1042.36
484.28778 692.649
493.74963 819.667
495.29169 567.348
501.27731 467.576
517.19305 1330.04
518.18744 528.76
518.29230 1902.73
519.25793 561.113
519.29059 583.42
529.27203 726.359
535.20093 2149.86
536.20746 695.662
608.23486 524.836
626.24481 1128.76
627.24408 633.781
646.23096 544.785
648.34894 504.13
664.24432 1011.44
665.36127 5757.35
666.36401 1772.27
717.40039 559.623
794.40137 4114.43
795.40747 1510.25
905.43207 810.74
906.42548 536.615
923.44623 4593
924.44958 2287.17
947.49530 1075.8
954.50409 1827.97
955.50494 1961.2
1034.47241 603.323
1035.47754 512.792
1052.48792 3108.48
1053.49182 1554.61
1062.51929 478.621
1069.52747 6516.46
1070.53003 6174.53
1071.53101 2419.68
1199.55542 5905.1
1200.55652 3946.88
1201.56482 781.072
1222.88684 511.777
1310.58740 1657.93
1311.59583 1150.5
1328.60083 6195.81
1329.60400 4148.59
1330.59863 1178.07
1427.66870 2354.93
1428.67505 1825.72
1467.68787 628.853
1484.68909 6948.39
1485.69153 5399.76
1486.68835 2027.28
1555.72412 4535.01
1556.73230 3544.03
1557.74023 1589.36
1612.74390 791.776
1613.72058 569.969
1656.77490 3710.64
1657.77563 3692.38
1658.77917 1273.33
1709.83984 521.343
1727.80493 3129.68
1728.81873 2402.24
1729.83105 1548.97
1840.90002 1657.08
1841.89197 1861.14
1842.90845 938.107
