2439.19059 3
110.07110 2695.75
119.08108 569.232
120.06532 1420.4
120.08051 2555.26
129.06598 780.828
129.10211 5300.9
131.08128 772.78
133.04292 565.208
136.07555 7919.59
137.07947 752.772
141.06586 615.338
143.11771 2270.7
147.11269 1158.17
157.09717 827.353
158.09186 835.955
159.07632 3846.01
159.09128 871.582
161.09190 763.125
169.05998 839.052
171.07628 2612.13
171.11298 1173.19
173.12825 2346.48
175.07101 583.482
175.11876 7688.09
183.11301 701.346
185.09201 1037.09
186.08690 3429.74
187.10815 922.688
189.08678 3136.95
195.07658 628.829
198.08699 1497.83
199.07118 2245.72
200.13866 811.666
201.08670 621.208
201.12302 2139.13
203.06569 757.298
212.10297 799.743
213.08688 1299.55
215.10190 807.455
215.13852 1697.78
216.09798 712.365
217.08150 4009.75
221.09125 1537.12
226.11703 699.777
227.10294 760.825
227.13795 1009.14
228.13406 2253.82
229.11761 927.585
231.09709 1196.82
233.15030 947.624
238.08243 992.144
238.11815 1664.15
242.11282 873.324
244.09224 855.105
244.16470 1048.31
251.14941 627.826
252.06059 597.05
254.15048 934.427
255.10855 2567.98
256.09183 1210.97
258.14474 1384.91
262.08618 1091.69
267.10861 2272.45
270.10724 689.054
270.14499 1243.73
272.15909 3984.01
273.11716 793.129
282.10919 730.079
288.12012 632.667
288.15564 607.324
289.16263 836.328
298.13794 1209.52
300.11826 4566.13
301.12543 614.951
302.17090 1029.19
305.15997 1975.85
315.13123 1070.17
318.12927 2918.9
322.18695 7824.42
323.19208 1349.45
329.18369 682.901
333.12259 1957.51
333.67407 762.725
338.18344 1115.66
339.13214 737.885
341.18155 3223.55
348.16599 832.71
349.14868 2615.42
355.19772 1249.94
357.17523 2819.9
359.19162 1761.4
366.17578 2232.79
367.12366 916.446
369.69135 806.156
373.20670 1389.7
379.18121 934.288
380.19104 1041.77
383.19720 768.734
384.19553 2178.9
384.69791 674.368
405.22952 957.62
411.18811 1221.34
417.22244 1984.28
418.18036 815.679
419.22580 978.517
428.21371 2585.73
428.71552 1249.07
429.21646 706.304
435.27051 4193.07
436.18454 757.184
436.27725 880.843
446.20755 1420.97
454.26465 1073.28
460.24118 934.623
466.18677 628.681
467.22568 2040.64
468.17535 614.017
468.22263 677.537
472.30930 722.855
485.19360 707.178
486.76245 865.775
487.26083 1040.88
491.24136 679.401
491.74603 793.293
500.75824 1058.07
502.25433 690.962
505.24426 933.35
506.30801 8143.06
507.30908 2107.3
510.76889 1105.99
520.25964 704.195
529.23248 1304.6
537.78192 3237.76
538.28625 1844.1
546.26227 3955.63
547.26709 1159.4
556.31458 1040.1
561.78503 897.698
562.28491 705.235
566.29370 3487.36
567.29608 685.26
571.39105 641.454
575.31122 688.382
579.26685 1151.86
580.31488 637.379
581.34137 1647.37
584.30408 682.863
586.26013 941.677
591.32538 1730.38
593.29938 1629.73
593.80017 1187.58
596.30127 856.439
596.79297 769.404
605.30096 822.946
609.33508 4988.11
610.34601 1081.47
617.29895 4061.49
618.30450 935.092
618.80457 1688.09
619.29773 1142.81
627.81006 2635.19
628.30603 2345.24
628.80505 1271.87
629.30890 656.873
630.80298 1226.78
631.30878 696.989
636.81287 1673.49
637.32159 1798.62
638.33069 1559.6
639.81335 1097.01
640.32043 762.818
649.31879 995.147
666.33826 15377.4
667.34204 6304.59
668.34277 1874.95
674.31384 731.729
677.31982 645.253
678.34338 644.75
683.33466 711.168
683.82593 1066.62
692.35156 2415.9
692.83301 883.097
693.35638 1039.61
696.35858 636.027
701.32770 736.831
705.36505 2647.17
705.86523 1394.74
706.36578 816.371
710.38660 1790.69
714.31927 2009.25
715.31848 760.903
715.85693 876.023
718.34705 5356.97
719.35077 2004.59
720.36694 2909.99
721.37054 859.071
723.36108 1271.01
724.36865 1091.63
724.86359 773.054
725.36255 1643.08
729.35956 1693.02
730.35236 1034.88
731.34796 753.315
733.86224 1536.73
734.43738 1352.76
734.85333 945.977
736.40308 951.318
738.37762 12021.8
739.38068 4484.77
740.39124 1129.16
742.84979 772.868
743.35284 960.11
749.37952 989.059
750.36133 1118.15
757.35980 3001.56
758.35071 2112.38
759.34229 696.36
762.36212 753.67
763.36255 780.327
767.38556 44849.6
768.38837 18299.9
769.38757 5822.98
770.38574 1216.56
771.36517 1273.16
771.86316 928.489
772.37152 752.056
775.36877 26670.7
776.37036 9770.69
777.37549 2152.62
780.37213 707.637
780.87073 647.412
783.30975 1275.19
784.31891 735.161
786.37109 748.093
803.39386 1452.57
805.43268 2144.96
806.44348 1252.24
808.40723 990.882
809.04370 705.555
809.45740 2503.56
810.45837 1125.2
813.43359 853.187
814.39423 1345.96
815.34583 850.692
815.47070 1482.67
819.44049 2622.55
820.43353 1005.53
837.44611 20773.2
838.44873 9486.2
839.45508 2453.09
841.44348 1399.39
842.91620 2645.06
843.42328 1565.69
856.42932 1917.2
857.42035 1207.94
858.42169 2493.04
874.43695 13997.4
875.43982 5979.67
876.45038 1843.66
877.45367 806.063
880.47144 10809
881.47437 5737.88
882.47565 1427.58
885.46558 1095.63
887.43939 838.372
890.96448 783.222
894.48163 768.613
896.39044 2876.81
897.39270 1145.42
899.46234 7302.51
899.96057 4087.66
900.45978 1439.97
914.43488 1705.56
915.43951 833.812
919.54291 1068.58
920.45526 772.363
922.43945 654.353
930.38147 673.298
937.49084 34538.8
938.49432 17743.4
939.49622 6042.66
940.50238 1135.11
943.48132 1006.51
944.46130 1436.61
954.52148 796.028
956.00629 1170.98
956.50903 1293.17
957.49646 944.288
961.49316 661.312
972.52789 1592.37
973.51129 3940.56
974.50916 1749.34
975.47363 753.144
976.46313 769.377
981.49585 823.337
982.49768 1905.82
983.48090 1353
984.48773 1128.82
990.99652 806.676
991.49329 965.18
994.51050 1143.37
995.51862 980.217
996.50830 691.416
1000.50732 14512.8
1001.50946 7650.25
1002.51233 1941.23
1004.99280 1021.92
1005.49982 1090.74
1009.47607 4087.1
1010.47937 3200.25
1011.48053 963.012
1012.51105 1995.19
1013.52155 2440.47
1014.01611 1016.63
1014.53278 746.079
1020.54205 1467.92
1021.52289 1079.86
1022.52130 1056.94
1030.52722 11509.5
1031.53235 6526.42
1032.53455 2030.61
1033.54590 838.142
1038.53833 28434.2
1039.53809 16629.4
1040.54272 5950.62
1041.54541 1699.75
1048.03088 2001.05
1048.53125 1849.82
1049.03015 734.768
1050.58997 793.92
1053.50061 858.926
1057.03162 1112.27
1057.53186 8959.06
1058.53455 4211.22
1059.53967 1445.76
1060.50928 714.594
1062.50488 1541.66
1063.01013 792.764
1066.51404 846.032
1072.51794 939.139
1074.56213 3257.74
1075.56128 2157.93
1076.56812 769.967
1084.53613 690.801
1087.55408 1154.95
1088.51489 777.7
1097.01453 2714.55
1097.51831 2747.25
1106.01257 1160.09
1106.52820 929.278
1122.56421 4380.34
1123.56775 2489.47
1124.56226 1112.2
1129.53918 662.847
1144.60620 903.399
1149.58142 2652.51
1150.58191 2394.77
1151.57397 1029.89
1157.59766 1003.79
1162.60254 962.279
1163.58521 905.397
1167.58069 8147.54
1168.58521 5151.8
1169.58594 1971.01
1179.61060 1452.82
1180.61938 852.598
1185.59192 7824.81
1186.59509 5223.44
1187.59521 2191.41
1188.60364 724.652
1191.57385 1016.87
1192.56897 1032.56
1209.58643 733.423
1210.59705 1042.8
1211.59143 952.526
1236.60754 2444.65
1237.60364 1995.36
1238.61047 841.67
1242.61328 1136.91
1244.61194 668.566
1245.68384 903.153
1254.61340 10860
1255.61792 8085.04
1256.61694 3697.51
1257.62292 1001.83
1260.60437 1444.28
1261.61267 1068.27
1262.60522 706.026
1272.62207 2385.07
1273.62415 1670.42
1278.61963 2348.71
1279.61902 1769.35
1280.62158 940.412
1296.61951 1301.58
1297.62280 792.152
1317.67004 906.797
1318.67944 777.318
1355.67261 842.43
1356.68420 673.595
1383.65039 1149.47
1384.65454 1122.6
1391.68738 944.472
1392.68677 776.19
1401.66431 1523.46
1402.68359 1242.76
1403.65820 1001.96
1439.69495 985.156
1440.69031 894.218
1453.68628 817.523
1466.73279 2509.8
1467.73376 2566.91
1468.72095 1266.19
1470.73828 877.61
1471.72412 784.55
1539.75146 887.401
1540.75122 795.244
1541.72620 1037.42
1542.72437 669.301
1557.75232 917.774
1559.72925 1575.96
1560.75073 1356.13
1561.76245 736.418
1565.82617 682.667
1637.72925 790.465
