1251.56926 2
110.07088 901.176
112.08698 178.239
115.08614 185.136
129.10201 10836.7
130.05070 185.218
130.08598 4027.01
130.10466 590.831
136.07555 339.95
139.08629 290.682
141.06563 196.271
141.10204 660.476
147.11253 6287.36
148.11589 357.565
153.10199 1541.27
159.07585 500.721
167.08125 674.931
167.11697 187.907
168.11292 746.999
169.09695 852.245
175.11858 852.072
181.06082 345.093
183.11263 253.83
183.14864 189.953
184.10741 340.551
185.09081 183.608
186.12325 1061.57
187.07059 681.239
196.10724 534.709
198.08694 312.304
198.12289 313.916
199.10732 320.645
200.13890 1088.53
209.09335 182.871
212.10269 1180.76
213.12215 306.67
216.13368 620.876
224.10219 637.463
225.09695 399.549
226.08173 706.811
226.11804 245.597
226.15535 240.521
228.13258 243.546
229.12920 308.038
234.14461 768.712
238.11821 279.421
240.13365 354.349
242.18648 376.693
243.10832 1431.11
244.09193 345.808
244.16464 425.175
247.12335 626.919
255.10814 247.87
255.14391 366.898
255.63660 1583.06
256.09256 223.416
256.13919 386.99
260.19617 2067.92
264.09586 246.761
269.16046 220.322
275.20642 226.134
281.12354 541.67
286.15308 200.339
287.16937 251.608
295.10397 281.656
297.15182 597.523
298.13724 422.452
304.14493 904.339
307.13901 251.617
312.65961 257.785
313.11386 554.431
315.16544 1131.83
318.14124 458.19
323.10178 257.12
323.13315 372.03
326.65491 2695.4
327.15646 782.605
329.21732 234.644
335.16711 935.255
335.66464 278.075
338.18103 1190.48
338.68332 283.606
340.16016 1363.53
353.13443 429.505
354.17661 533.752
355.17160 363.393
356.19495 561.577
357.15048 372.793
357.21582 588.128
359.20187 197.934
372.18735 648.071
373.65897 235.683
374.23914 1868.93
375.24292 279.211
375.64380 652.522
376.14548 194.014
382.17130 1387.79
382.67398 368.805
384.15515 236.556
384.18790 292.698
390.68475 793.947
391.18866 213.151
391.71381 232.882
392.15540 624.924
393.69342 262.843
396.18900 501.152
407.67783 225.997
408.16772 878.456
408.67072 475.745
409.18149 375.518
410.16132 258.955
413.21634 255.809
416.68146 431.845
417.18604 247.24
420.15186 439.533
420.22232 373.424
422.16888 382.417
422.66592 198.208
423.19739 636.112
424.18018 1102.04
425.18738 379.467
426.20947 377.916
430.18399 232.552
430.67941 778.376
431.18073 383.434
432.24832 300.42
437.17657 847.93
439.19043 585.645
439.67142 656.669
441.20789 3758.92
442.21149 646.847
447.70477 375.263
448.19751 288.48
449.17664 744.835
453.20853 195.921
454.20352 1973.97
455.19958 225.034
456.24707 243.521
459.22015 790.867
463.24136 308.997
465.66971 237.197
466.20367 761.332
467.18021 204.335
467.26236 268.683
468.25327 523.65
470.24078 262.381
481.25558 268.326
484.28635 647.382
485.27112 1124.24
486.27472 360.507
489.17044 317.901
502.29953 903.934
506.19492 455.781
507.18509 208.981
510.26892 242.239
510.76331 222.925
513.27252 211.06
519.27075 1118.37
519.77069 603.748
522.26672 362.72
523.21753 392.602
524.20905 728.133
528.27869 560.181
528.80969 1049.69
529.30884 498.56
537.28143 318.705
537.81384 783.862
538.26007 640.565
538.30554 391.622
539.18237 468.142
539.30048 466.025
541.23059 326.326
550.26318 339.71
551.27228 205.717
555.28870 321.418
561.21484 209.559
563.22009 786.974
567.28717 980.461
568.29730 477.549
568.78894 503.904
569.29230 271.564
577.29993 1071.86
577.79993 927.975
578.30481 286.498
580.24640 837.042
581.25165 279.972
582.29230 283.263
586.30707 706.772
586.80591 452.109
587.30945 199.563
594.37006 967.567
599.31567 448.138
606.30487 253.675
616.33856 793.58
617.33264 227.802
624.30743 854.505
625.31360 376.181
626.28967 208.488
627.30780 318.234
634.30035 221.571
635.28625 594.429
648.31696 211.474
652.30933 1952.91
653.31067 653.696
669.32880 698.518
670.32477 470.631
676.30310 446.027
693.33051 567.213
694.34021 235.308
695.38110 308.986
696.36890 917.55
697.37372 335.864
713.39301 3639.47
714.39490 1247.61
731.26947 342.057
732.26080 440.929
733.25818 233.387
749.28113 698.287
750.28156 1456.27
751.27893 476.498
760.45172 250.849
762.34644 429.476
763.33649 1061.7
764.31824 248.721
765.39325 356.924
766.30530 606.673
767.30493 722.76
780.36139 2477.7
781.36115 1001.8
782.42407 502.565
783.42328 261.717
786.38593 203.892
798.37286 540.864
804.39874 324.255
805.39703 352.428
822.41125 831.316
823.40637 383.78
832.35675 281.36
834.37073 226.425
839.43549 1917.1
840.43671 1075.09
849.38037 411.154
857.45172 482.2
859.36469 444.284
860.35028 724.373
861.31512 325.466
862.37640 406.203
876.38959 457.683
877.37872 1780.22
878.35144 1179.06
879.39966 519.997
880.40454 233.722
891.43201 205.57
894.40460 3073.83
895.40210 1607.33
896.40393 631.723
912.41284 743.289
913.41528 252.674
962.47064 345.459
968.47473 569.267
969.47974 240.934
973.44067 206.726
975.35156 395.159
979.49609 611.881
980.48853 315.8
986.49493 214.296
990.46625 549.061
991.45374 380.206
992.37219 776.454
993.37170 380.624
1007.48755 858.511
1008.47833 1356.51
1009.47083 576.211
1025.49841 3183.83
1026.49841 1489.79
1027.49561 468.35
1035.48877 221.548
1043.50732 758.439
1044.51208 335.468
