1345.68181 2
110.07100 7301.09
111.07430 414.406
112.08670 836.911
115.08633 531.998
116.07034 465.579
120.08056 2934.18
129.06726 380.415
129.10204 19003.2
130.06453 859.241
130.08604 1993.52
130.10478 1001.74
136.06116 764.509
136.07542 7037.52
137.07816 571.117
138.06592 384.442
141.10185 1977.06
143.08154 312.348
145.09679 1024.44
147.11264 2649.61
152.14284 426.249
153.10205 1661.02
155.08160 559.677
155.11742 302.069
157.06053 471.692
157.09740 532.619
157.10747 506.948
157.13297 935.687
158.09207 2085.29
159.07605 510.698
159.09134 2278
159.11244 1554.6
166.06113 445.87
167.08154 668.597
169.09654 979.667
169.13330 410.086
170.05910 416.784
171.07675 377.676
171.11230 544.885
171.14848 672.559
173.09184 2918.71
173.12802 5172.91
174.13158 436.888
175.11861 10847.3
176.12331 545.876
179.15364 476.869
181.09767 576.276
183.11276 513.079
183.14880 1175.01
185.09215 703.398
185.12698 341.782
185.16443 793.463
186.08940 374.163
186.12331 396.184
187.10707 1342.34
192.11232 455.496
193.09727 699.648
195.08594 477.883
195.14923 334.691
197.12885 432.799
197.16435 3723.82
198.16829 388.06
199.10799 313.154
199.14397 479.644
199.18024 1685.72
200.13921 459.686
201.12299 3719.61
203.08409 331.904
204.13400 440.057
207.11194 430.001
207.14879 399.33
208.10652 333.548
209.09070 709.214
210.02438 454.522
211.14397 689.666
212.10303 840.404
212.13933 326.48
213.08728 491.038
213.15860 426.298
214.19121 1029.76
215.13861 902.171
217.08380 392.928
218.14948 957.239
222.16130 362.132
223.15536 749.675
224.17520 2314.41
225.09869 345.824
225.15952 4912.99
226.11812 2163.9
226.15050 313.901
226.16634 364.508
227.09996 385.485
227.13847 691.306
227.17421 512.408
228.13383 697.01
229.11552 550.521
231.09865 309.154
234.12103 308.114
235.10603 676.277
235.14378 775.357
237.13689 335.385
240.09911 391.274
240.13379 608.798
242.18604 7724.15
243.13161 498.245
243.18887 730.143
244.09451 341.324
244.16498 1800.2
245.07608 396.502
249.09798 346.289
249.15826 490.085
251.15004 1189.58
253.09357 393.115
254.11282 652.098
254.14671 593.074
254.18538 1051.84
255.14571 532.304
257.15945 1547.86
258.14392 455.295
263.13873 565.856
264.16980 1172.52
266.18573 475.112
267.10779 648.586
272.15735 1956.07
274.13101 380.733
274.18677 4161.15
275.19034 405.477
276.17038 2023.63
281.19650 3334.17
282.14236 329.981
282.18097 915.312
283.21231 728.495
285.13504 410.186
286.11905 368.834
292.12833 2259.75
293.19653 3130
294.17999 1111.02
297.15494 2736.94
304.16052 531.25
311.20679 1962.31
314.20697 392.682
315.16797 478.751
322.18753 324.429
325.15115 914.918
331.19604 544.41
334.17313 353.863
339.20071 476.801
344.19318 1168.58
350.16837 352.006
353.11285 579.9
355.19647 470.574
361.22125 1002.21
363.20190 937.752
365.25467 1875.42
366.25565 366.507
370.20920 403.794
371.22574 366.777
380.19073 358.93
382.28015 3040.44
383.28647 483.89
388.22040 547.679
389.21384 542.173
391.19751 1147.85
410.27045 901.882
415.19934 548.566
428.28900 388.272
431.22495 1648.08
432.22653 707
443.19589 665.244
448.25104 3139.25
449.25287 786.514
460.21829 2211.96
461.22021 594.509
478.23108 454.506
488.21347 687.35
504.19235 551.127
529.30353 336.175
530.29572 540.343
531.29785 386.232
538.33478 455.09
545.31061 416.205
547.31873 3030.95
548.32544 796.447
551.24866 328.451
559.28888 800.542
573.29993 744.433
574.30304 582.932
587.28693 383.483
603.26068 331.884
607.33289 338.118
615.35663 655.096
615.84839 1187.12
616.35077 556.036
624.35980 1722.25
624.85687 1198.17
625.37000 469.308
631.28003 405.57
642.33453 500.614
646.32678 424.701
661.32483 588.832
662.32739 338.167
672.40967 451.895
673.41394 565.254
697.40466 594.554
701.40137 575.422
709.34875 520.245
710.38226 4742.5
711.38550 1625.92
772.35461 363.547
781.41956 3185.42
782.42261 1484.21
783.42303 348.399
789.40839 493.989
808.44489 364.811
820.43384 1074.46
821.41748 767.502
822.43103 341.798
838.44043 18136.5
839.44263 7340.03
840.44617 1698.05
848.43921 531.004
876.43988 1765.36
877.45026 588.815
904.42749 524.286
918.43231 471.511
919.51904 603.055
920.50055 614.908
937.50897 12768.7
938.51166 6503.76
939.52063 1320.82
947.49689 1061.42
948.49847 543.749
975.51141 1688.44
976.52063 850.73
977.52216 366.596
988.52014 1264.72
989.51703 1157.22
990.51605 635.889
1005.50537 402.798
1006.52942 19569.7
1007.53156 9789.48
1008.53796 2640.11
1024.53979 3501.16
1025.53979 1790
1026.53162 506.839
1031.51306 374.178
1034.52441 3234.08
1035.52527 1979.64
1036.53699 424.047
1064.54150 777.099
1074.58069 738.253
1075.59363 352.843
1101.61487 712.99
1102.60364 540.976
1119.61414 10201.2
1120.61475 5794.92
1121.61511 1729.89
1129.60461 1195.67
1130.60474 1062.53
1137.62634 988.834
1138.62964 499.925
1147.60852 1565.19
1148.61487 723.8
