2560.24363 3
120.08101 230.027
129.06595 238.429
129.10213 1980.99
130.08630 234.843
136.06160 665.492
136.07565 475.664
145.09676 186.63
147.11253 598.924
153.06654 187.081
155.08177 411.025
157.10428 202.182
159.07693 240.792
167.08104 248.568
169.09656 230.946
171.07639 192.893
171.11238 319.036
173.09209 767.654
173.12843 190.988
175.11871 2272
181.06155 184.688
181.09776 251.434
183.14861 197.517
185.09215 390.772
185.16470 2688.94
186.08690 207.46
186.16801 272.145
195.07599 185.142
197.12709 206.568
198.08771 234.882
199.07220 263.709
199.10684 438.688
201.08667 419.311
201.12341 269.85
203.10268 205.611
210.02574 215.626
212.10291 241.045
213.08676 360.522
213.15953 1622.67
215.10167 214.806
216.09756 888.013
226.08211 513.667
226.11790 310.305
226.15509 564.507
227.06664 436.367
227.10078 272.446
228.13297 529.618
230.07700 286.541
231.09746 227.025
240.13399 650.839
241.08150 801.273
242.11333 195.466
244.09245 2830.37
244.16542 571.937
245.07886 338.412
246.15591 1165.04
256.12921 478.351
258.14328 417.048
259.09210 855.265
264.06384 218.239
272.17218 601.61
275.20624 330.493
295.10342 201.553
301.11520 251.908
304.16101 309.781
312.04941 372.365
312.11826 210.384
313.11319 406.686
315.16516 351.749
318.14679 293.317
325.14908 263.207
326.13333 306.831
328.11316 271.936
328.18539 239.868
330.05911 590.226
330.14139 371.074
337.18585 285.447
341.21774 1295.77
342.21722 331.219
343.16061 1855.01
344.16690 197.016
345.14130 240.501
355.12485 349.27
355.19504 270.958
356.15149 256.046
357.17407 194.592
359.23950 1991.46
360.24435 408.208
369.17429 295.751
373.13495 536.737
384.14868 303.61
397.17358 243.403
399.22546 207.102
401.17645 310.386
403.22815 261.807
407.74390 202.901
414.19876 562.681
426.16754 223.883
427.24808 301.077
438.23581 293.095
439.21802 248.32
442.15274 198.814
442.23032 413.676
444.17776 216.901
449.26028 206.486
456.24515 3320.01
457.24948 834.287
458.30804 1190.51
459.18469 396.085
459.31058 362.907
467.18619 205.909
474.18509 270.743
485.20132 329.136
493.70886 201.901
497.19421 229.042
498.30341 201.777
504.27878 243.118
513.26312 292.277
517.28778 459.588
527.26068 242.82
527.32648 806.515
528.32843 300.775
537.30731 274.68
542.25500 218.642
555.31366 1888.99
556.18683 247.07
556.31616 632.1
559.35565 2940.15
560.35956 865.647
563.79480 372.752
573.22314 359.191
583.28021 261.24
588.22241 221.151
599.78839 230.42
610.20850 227.117
622.35541 476.096
626.35144 1105
627.24194 494.352
627.35040 363.222
630.39233 3715.82
631.39508 1236.45
632.39771 238.089
642.29449 267.299
644.26276 582.127
647.27557 254.947
670.32611 310.688
671.34467 580.765
671.84656 292.773
681.25598 243.281
685.24762 306.653
690.32629 254.716
690.81573 230.217
697.41052 265.291
706.40393 410.696
713.35455 250.046
726.30444 402.652
731.44128 5100.7
732.44098 1929.31
733.44714 367.799
736.00476 288.689
736.33813 731.321
737.35394 249.18
739.25195 300.05
739.34125 275.124
740.41089 297.306
755.28735 209.443
755.39282 287.396
755.91034 564.468
756.27960 628.722
756.41608 719.678
756.91711 461.784
757.32440 257.067
765.42456 338.339
773.30096 313.212
773.69751 242.332
774.02972 333.017
774.28021 220.083
789.67065 230.602
791.35840 552.016
791.86188 507.618
793.36444 234.085
796.38861 223.561
804.89661 1377.84
805.39874 1163.02
805.89563 679.936
806.37421 512.796
807.38208 237.777
811.39288 397.152
817.41345 273.917
821.38452 250.802
821.71271 275.17
822.02417 212.891
822.34973 261.747
822.66193 260.483
823.37445 308.988
825.37921 234.39
829.36676 284.086
829.62036 419.745
829.87201 657.839
830.11304 290.744
830.37585 308.452
832.48865 6415.1
833.31171 338.315
833.49005 2800.97
834.50128 595.676
837.40839 677.689
837.72101 571.556
837.89795 612.197
838.05615 463.089
838.22833 313.756
838.40326 310.482
846.40021 708.867
846.89563 1020.91
847.39606 485.592
849.73578 1437.42
850.06891 1488.86
850.39868 687.642
853.39319 449.202
853.89124 717.431
854.40033 6584.25
854.83228 317.237
854.98792 304.618
855.40503 9088
855.75598 1646.21
855.90186 2325.55
856.07623 1122.31
856.40790 1099.3
858.35852 257.968
875.42157 287.017
881.42206 442.41
882.39215 597.703
882.89056 399.194
883.42084 291.224
899.41840 670.719
900.41925 354.727
906.45032 253.009
910.43445 340.661
929.47479 492.195
929.97363 336.376
930.45001 239.992
933.53540 2005.13
934.53802 830.496
937.47003 371.839
938.47076 444.755
938.92963 259.157
939.44080 372.7
944.42181 240.64
952.36230 253.815
953.37817 289.327
955.49829 341.468
958.50116 287.788
964.55078 663.165
969.39655 473.634
970.36627 282.369
972.54688 854.623
973.55164 297.824
975.42426 234.367
978.45563 372.413
979.37439 444.375
986.43738 268.604
987.40747 306.189
990.55817 5255.22
991.55994 2517.54
992.56274 527.33
994.47253 250.531
996.46002 295.755
996.95990 243.426
997.38202 376.497
998.38470 216.462
1004.97101 238.877
1012.46582 405.365
1015.49286 259.455
1024.51672 330.121
1035.47754 331.951
1039.48840 300.728
1039.97021 324.569
1040.49402 251.321
1044.94666 225.075
1049.45337 1934.13
1050.45728 1085.62
1051.45557 280.34
1052.50256 281.12
1053.96631 828.245
1054.46680 783.081
1054.97473 356.862
1063.44495 217.947
1069.54016 266.909
1070.54956 262.755
1087.58142 488.653
1088.03210 230.838
1088.58691 291.031
1094.99988 362.729
1095.52405 285.187
1096.00525 256.858
1098.42273 233.838
1103.51074 356.101
1104.50928 245.776
1105.58606 1934.62
1106.58801 1195.43
1107.60181 325.834
1110.49878 326.385
1111.00342 337.41
1111.52222 225.444
1121.49377 307.425
1126.59399 451.077
1127.47986 417.803
1137.55652 227.621
1144.59680 2017
1145.59827 1135.12
1146.59631 472.951
1161.02832 295.361
1161.55347 307.876
1162.60608 5703.02
1163.60815 3490.66
1164.61450 1031.81
1177.53687 335.259
1178.54785 241.368
1181.54602 382.342
1197.62537 286.698
1198.57336 548.139
1199.57227 383.054
1200.54456 243.343
1209.56091 423.609
1210.05469 695.519
1210.55566 397.501
1215.63538 1240.09
1216.63306 695.481
1217.67017 265.452
1226.57324 375.696
1233.64404 2849.59
1234.64441 1989.37
1235.64832 552.888
1247.55566 240.709
1326.67395 272.616
1327.64941 237.443
1344.68091 727.635
1345.68542 392.951
1355.60913 357.771
1362.68640 1021.37
1363.68713 673.607
1364.68384 284.326
1455.71179 235.068
1473.74683 265.327
1474.73633 259.54
1484.65906 362.933
1491.72241 292.341
1492.73718 424.362
1581.70923 579.506
