1397.64678 2
110.07102 3538.98
112.08665 814.004
115.08634 4643.24
116.07020 588.624
120.08051 19413.3
121.08392 1317.17
129.06604 1167.73
129.10199 10269.8
130.05025 464.673
130.08603 4444.94
130.10498 607.609
133.04277 3707.7
136.06123 923.51
136.07547 4231.55
139.08643 526.593
143.08113 652.113
147.11258 6523.45
153.10190 1214.56
155.08128 635.61
158.09183 698.441
165.10191 2364.99
167.08115 2066.98
169.09729 575.564
171.07602 470.191
171.11253 2184.49
173.12816 591.82
175.11859 4438.02
176.10645 633.233
181.09676 2284.96
183.07579 457.392
183.11203 557.714
183.14926 865.87
185.07399 497.563
185.09161 858.631
186.09106 4572.09
186.12230 515.432
187.05402 441.152
189.08678 576.552
191.11778 1410.16
195.07602 490.178
195.11246 599.7
199.07143 493.035
199.10757 1400
200.10254 3376.37
201.12320 621.49
202.10756 1173.72
203.11803 739.506
204.07970 1607.92
204.10150 1841.72
209.09108 762.839
210.02507 417.478
211.14339 639.198
212.10229 500.359
213.08675 1317.16
213.12317 719.662
215.13861 415.836
216.12120 407.925
217.08185 709.678
219.11241 1211.33
221.12814 913.297
222.12216 481.437
224.10158 559.108
226.11809 1030.77
226.15483 764.805
227.10019 438.011
229.11659 549.065
230.09540 9217.73
231.11252 16548.5
232.07500 2057.64
232.11617 1834.17
235.12105 507.2
238.11829 3584.54
239.14995 1880.43
240.13394 3476.87
245.07892 442.052
245.13010 530.632
249.12300 45977.4
250.12701 5122.72
251.10185 773.408
251.13071 521.67
254.11372 845.515
256.09235 720.419
257.16031 6404.9
258.09024 14826.8
258.14435 9787.55
259.10803 9124.84
259.14844 865.849
260.11063 1187.27
267.10843 621.664
268.13068 413.819
271.13953 5614.52
272.14804 591.116
272.17090 1335.01
275.11642 1214.46
275.17087 4856.32
276.13361 5537.57
277.11761 11103.5
278.12134 1390.55
283.13785 427.544
285.12277 498.266
290.14795 1065.61
297.11938 891.484
297.15421 719.446
299.13489 941.702
301.13297 652.634
303.11212 670.079
307.17542 939.687
314.14966 4369.09
315.15353 544.907
316.13083 425.514
325.15045 862.964
329.12720 11576.3
330.12997 1590.82
332.16144 972.916
339.16464 634.603
340.16257 534.951
341.12640 742.669
342.17578 3107.91
343.18219 425.654
346.15350 5639.27
347.17477 936.972
349.14963 832.857
357.24753 472.297
359.13846 494.325
360.12628 3531.92
360.16116 3895.04
361.13110 566.22
361.17175 654.117
366.17554 486.811
368.18518 929.232
369.12347 994.123
370.17014 631.02
373.18640 1348.53
374.15051 516.511
378.16595 649.581
385.22122 654.462
386.14920 926.473
387.20157 2311.68
390.21204 718.424
400.16354 1439.43
400.22632 430.599
401.18149 1405.89
405.21295 1118.53
411.20270 1661.08
412.16629 1078.81
414.14328 893.404
415.14453 464.527
417.18747 1145.13
418.20752 2089.89
419.20544 527.962
420.18771 1335.46
422.23920 9033.8
423.24301 1916.72
429.19009 2228.25
429.27814 424.124
430.16830 618.099
431.16953 2617.81
432.17334 452.854
437.21521 498.159
439.19836 971.147
440.15762 1283.37
441.16299 513.169
444.22354 910.181
447.20377 533.709
457.18539 12882.7
458.18869 2715.86
461.25302 603.32
465.70648 660.483
471.19855 893.646
472.22171 630.37
474.20987 803.493
476.24860 1259.04
483.19855 1046.1
485.17853 912.39
485.28159 445.554
488.22903 443.319
489.24332 1212.9
491.22186 925.828
493.27606 7745.16
494.27924 2066.46
500.22675 2705.21
501.23016 697.546
502.20273 2403.53
503.20404 469.833
508.26208 531.976
510.21451 651.838
510.74899 2991.12
511.20374 2128.42
514.21252 443.826
522.26086 590.123
528.22180 8520.69
529.22614 2010.41
540.22668 431.144
546.26587 611.766
547.28833 1121.57
554.23700 1528.45
558.22876 892.143
559.23407 628.282
563.29352 1380.72
564.31299 8084.97
565.31641 2082.87
568.21338 509.007
571.26318 3145.1
572.26288 689.778
582.23309 1359.2
587.32367 876.869
587.81683 494.268
599.26038 7606.64
600.26501 2931.14
601.26385 716.724
604.25342 1073.26
611.25928 999.051
619.30176 1349.55
629.26624 962.645
630.27148 1128.83
631.26636 545.29
634.97021 952.183
635.30530 970.79
639.25543 455.589
649.27704 1170.16
649.35962 549.378
650.27722 535.024
651.36865 757.277
651.87701 490.42
658.32654 464.067
658.38251 527.86
658.88666 909.199
674.36890 997.943
675.34894 3467.92
676.36945 1645.08
682.30005 1606.97
683.30969 895.696
687.28729 481.129
692.37103 3408.89
693.37341 1146.78
696.28998 868.485
697.39355 1094.93
698.40283 1582.33
699.41742 609.663
700.30835 612.773
701.30359 1399.2
718.33319 1769.26
719.33362 665.184
729.29047 586.339
746.30682 1422.63
746.41614 967.75
747.30737 485.187
763.41193 7652.64
764.41608 2599.15
765.42383 495.505
775.44446 1480.72
798.31726 762.483
860.38495 525.216
869.36041 556.076
874.38361 887.079
904.49152 537.316
906.41315 1732.89
907.42163 689.159
923.43915 6996.5
924.44055 3670.98
925.44080 980.35
930.39978 1696.36
1003.46851 888.528
1020.49164 6155.84
1021.49457 3310.28
1022.48773 879.498
1140.51331 516.02
1189.59143 988.958
