2454.36930 3
120.08034 1265.34
129.10214 3575.73
130.08595 1505.72
145.09688 6998.13
147.11258 3733.99
157.09692 649.677
157.13344 708.047
171.11288 803.672
173.09180 19363.1
173.12596 862.315
174.09528 1195.71
175.11667 1036.4
183.11272 804.684
185.09212 2115.29
185.12802 1125.5
197.12767 1137.65
199.14400 718.434
199.18022 2343.05
201.08693 2576.13
201.12332 1816.52
211.14342 825.654
215.13885 1343.19
226.11757 855.491
226.15471 3951.35
227.17502 2223.6
228.13274 1330.8
229.11792 927.574
231.09804 1798.22
241.15417 3295.33
244.16507 33227
245.16898 3546.17
254.14955 1742.83
256.12793 1985.65
258.10791 835.354
268.16455 1074.28
270.18143 660.139
272.12369 1740.97
272.15988 1332.6
280.16635 673.095
286.17566 20221.6
287.17914 2636.87
297.15543 1098.1
298.17578 884.301
299.17056 1305.09
300.15442 2199.77
302.13379 1984.57
310.21039 812.801
312.15427 2017.93
314.20700 800.538
315.12967 2334.67
315.16412 885.101
325.19113 694.674
328.22055 689.936
330.16321 1580.19
341.14590 948.442
342.20132 3269.17
343.20047 919.304
344.17810 1275.91
355.19623 1331.39
357.24832 6230.14
358.25247 993.815
359.15631 1191.91
370.20673 688.631
371.19342 2327.86
371.26001 1700.44
373.17151 1182.81
382.21167 917.499
383.19281 1525.7
385.24335 1560.76
386.20163 1316.87
397.24536 1309.05
399.25864 3959.3
400.22513 1187.42
401.20004 1163.39
403.18378 1132.6
406.72867 2123.55
407.22998 917.069
410.23959 1720.17
411.22110 806.913
412.18539 977.557
413.23792 2065.4
414.19940 2212.94
415.25201 1010.15
428.24820 1714.91
429.23315 2433.23
430.20316 782.391
438.23862 747.162
442.24542 1428.41
443.24832 2178.5
444.24478 1273.89
454.22601 2244.73
456.21130 851.308
468.28159 2685.09
470.25848 1117.51
472.23853 4377.1
473.24261 811.905
474.21826 1048.99
476.75684 3226.51
477.25845 1935.47
481.27747 917.405
482.26007 3418.82
483.25635 770.164
484.27762 1242.68
485.23160 1246.88
485.76483 983.223
486.29327 3795.82
487.29483 1269.91
496.27502 2725.78
499.29355 1182.12
500.26968 3070.48
501.27570 764.321
512.23029 902.127
514.28558 4186.2
515.28918 1243.53
523.32306 1224.46
525.26147 1029.44
527.27588 1036.93
533.29938 3430.83
533.80133 1096.27
537.26038 814.595
539.32031 807.245
541.34479 779.269
542.31982 1342.28
543.27429 2461.19
544.27075 691.933
551.31317 856.905
552.31494 1001.25
553.29144 1478.75
554.24359 844.324
555.26453 1226.59
567.30859 2329.07
568.32220 1006.85
569.33276 1325.56
570.32831 1187.02
571.30389 1384.18
572.25452 704.07
573.28632 2713.87
585.32294 2647.05
587.34045 9715.9
588.34363 2303.19
595.34198 807.346
595.84357 912.915
598.32092 777.293
598.84479 1263.03
600.29004 1040.49
603.30713 2800.08
611.29791 1941
612.29602 987.453
613.35968 1463.24
629.31085 2815.11
630.31610 973.779
636.33667 906.216
638.34949 2879.38
639.35559 1198.64
640.36792 3315.04
641.36096 729.039
643.32654 1047.91
654.34515 1882.57
656.35974 5280.33
657.36279 1583.95
667.33612 2708.58
668.34369 916.255
672.35492 1815.08
681.35455 883.125
681.88989 1858.69
682.32727 824.374
682.88324 716.75
683.41901 954.101
685.34296 1184.78
686.40924 10707.3
687.41107 4204.49
688.41699 725.908
690.88483 888.14
691.38788 983.284
695.36530 2412.49
696.38397 1317.4
699.36914 2276.66
700.36096 1689.45
709.38971 718.755
711.40430 1518.92
713.37976 5949.87
714.38348 2699.39
715.39099 832.622
716.39130 2523.97
717.40167 791.119
724.38654 890.421
725.41077 1045.38
726.40662 2249.42
726.90564 1799.64
741.41425 958.305
742.39490 1658.97
743.39130 715.208
755.39642 964.243
767.42908 1125.19
769.40643 925.51
770.40948 1126.58
778.44928 1095.74
780.42444 3143.35
781.43622 939.545
782.43390 704.548
783.37744 917.549
784.46246 1115.18
785.47412 9342.19
786.47711 3759.48
787.40216 983.225
794.43585 2230.51
795.44159 1364.43
796.45148 773.502
798.43646 3199.5
799.44708 1277.35
801.39771 831.604
812.45068 10017.4
813.44965 4891.37
814.44720 1639.15
818.34564 3414.78
819.34113 1379.71
819.47394 703.787
829.47583 830.264
838.48450 1325.94
856.51245 8926.57
857.52118 3695.37
865.47754 1463.58
867.50391 831.824
868.48322 1055.83
881.46490 1186.03
883.48816 4279.7
884.50507 1464.84
893.50854 931.088
896.46478 836.965
899.46362 920.718
902.44592 1297.58
911.52051 1286.07
914.47589 844.448
925.49377 839.855
934.49017 835.045
952.50769 6000.67
953.50861 2883.16
954.51355 748.021
967.55304 867.607
968.53571 793.057
970.51868 3051.92
971.52002 1590.12
976.54279 988.92
979.50977 956.286
985.55408 11893.2
986.55725 5585.23
987.56323 1356.48
994.55249 831.597
996.54675 843.541
997.51581 1144.9
998.52344 842.275
1015.55072 944.229
1016.52563 861.665
1056.59351 8708.5
1057.59521 5543.51
1058.59827 1221.26
1065.59241 3247.5
1066.59204 1669.25
1067.60474 967.314
1083.59924 1485.53
1084.61499 945.287
1091.56946 1861.45
1092.57471 1208.78
1157.63867 6928.35
1158.64063 4270.59
1159.64673 1545.09
1196.69214 1332.55
1222.66431 2113.63
1223.66187 1195.62
1240.69214 729.728
1258.68884 9113.16
1259.68945 5939.49
1260.68640 2444.9
1319.64209 770.903
1353.76147 901.538
1354.78992 748.837
1371.77905 3106.82
1372.78320 2613.5
1390.73145 731.711
1571.90662 856.2
1643.94080 773.16
