2802.43105 4
113.07079 1675.21
120.08036 2123.7
129.10187 1971.87
136.07539 2406.1
141.06615 627.744
147.11259 648.033
159.07590 2311.27
161.07401 2460.84
171.11243 2443.37
175.11856 4214.42
181.09660 753.812
186.08615 773.823
187.07094 2526
189.06882 2614.85
199.10757 1708.07
199.17984 1580.22
227.17535 1028.48
243.10789 1702.16
244.09221 7717.39
245.09595 1242.06
269.12497 628.729
270.10892 707.844
284.19705 859.658
287.09641 1325
287.13422 838.536
303.21307 2575.51
315.12857 1804.47
328.16492 861.527
340.16354 790.068
344.15509 1384.38
346.17642 958.908
356.19241 5614.32
356.69455 2049.66
357.18729 1382.79
358.17139 1036.18
359.17520 728.827
370.19049 3140.64
370.68829 1173.07
374.14560 780.602
386.17123 758.671
397.18198 1190.08
412.73367 4385.41
413.23605 1797.19
415.19269 1534.64
426.73160 5767.04
427.23227 2509.14
431.16959 967.996
441.24503 1340.82
441.74475 679.981
450.28110 3800.76
451.28098 939.177
455.24088 1437.19
455.74448 1198.52
469.27744 1528.95
470.31039 683.634
483.27432 3012.74
483.77399 1236.75
497.78625 1489.76
498.28818 789.993
502.78165 661.879
504.76541 1411.32
505.26837 825.209
506.60034 736.214
506.93146 668.895
510.27249 727.813
511.78357 5518.76
512.28577 2678.25
512.78510 686.924
528.27576 828.93
544.61292 1309.8
544.94739 972.119
545.28204 806.384
561.78870 3498.51
562.28827 2436.42
562.78955 725.552
563.36444 3180.66
564.36859 1117.29
569.26611 3624.52
570.26550 739.708
588.62756 968.063
588.95850 689.684
594.29822 2083.79
594.63348 1650.11
594.96783 1197.02
603.25500 933.549
607.63477 1064.19
618.33160 4810.27
618.83124 3358.79
619.33319 1088.76
626.28680 3351.55
627.28467 1366.11
645.33368 1075.65
650.99872 1166.89
651.33435 1526.53
651.66864 1417.7
653.84943 7057.24
654.35205 5097.92
654.85181 2020.59
655.37103 926.092
683.30573 738.485
689.37164 1135.13
690.38733 858.704
691.31586 1319.52
692.40875 5652.73
693.41516 2251.01
695.37231 697.905
695.86176 838.28
696.86133 1272.6
697.11597 1007.36
697.36890 719.3
698.32965 1372.91
700.36267 1393
700.71069 692.28
701.30231 848.829
701.38153 2633.62
701.87976 1649.44
702.38428 3624.89
703.40686 1355.9
704.37183 13946.3
704.87366 9742.74
705.37494 4365.94
705.87384 1208.46
711.37781 3955.09
712.37891 1555.38
716.33655 1260.06
720.38849 1494.28
720.88519 1782.53
721.36377 701.133
739.37225 40256.9
740.37482 16600.9
741.37860 3353.83
759.40363 1199.26
759.89233 3113.49
760.39307 2505.97
760.88959 857.623
767.51263 804.18
768.40430 3160.44
768.90375 3178.56
769.41003 1353.47
784.90631 704.11
788.40265 1643.35
788.90088 1375.89
791.48376 1169.21
796.39783 1791.99
796.91217 11522.6
797.41309 9669.23
797.91418 4735.94
798.41168 1990.71
802.46307 1613.07
803.47791 819.649
804.39661 3258.04
805.40619 911.081
807.90796 989.464
808.40375 1089.52
816.41705 3506.73
816.91333 6036.02
817.41565 4564.08
817.91394 2414.56
818.41150 1284.24
824.46112 8204.1
825.42224 39266.7
825.92395 33360.8
826.42371 16914.1
826.92566 7145.68
827.42999 971.318
828.73395 4848.61
829.06580 8841.63
829.40173 6854.95
829.73596 4302.56
830.06921 1392.24
848.49768 6247.18
849.50311 2713.35
850.51184 710.664
852.45471 53246.5
853.45898 24341.9
854.46143 5584.52
857.92889 708.374
858.44025 2440.74
858.93610 3127.53
859.44482 1903.96
871.74597 720.111
881.94080 941.816
882.43555 1319.53
882.92969 1357.56
890.94403 12351.9
891.44427 10039.8
891.94513 7122.15
892.44543 3570.93
892.93878 946.286
901.94269 1313.3
902.43134 1262.72
903.46875 3640.56
904.47418 1421.04
909.47925 5137.39
910.46185 4343.55
910.94470 5934.34
911.44415 5164.29
911.94324 2456.51
912.44055 995.591
919.45361 43150.4
919.95392 46867.7
920.45416 28953.7
920.95496 11073.8
921.45886 2705.23
922.45819 752.103
922.95959 2449.56
923.46008 2997.3
923.96222 1921.41
937.54596 2269
938.57709 758.971
941.45227 840.669
965.54089 9653.06
966.54333 4821.87
967.00354 927.883
967.48108 1306.48
967.98242 1482.65
968.48602 1157.95
975.99561 14535
976.49561 15358.9
976.99542 9346.76
977.49945 4242.21
977.99341 927.181
994.58630 712.286
1003.98621 1099.96
1004.48828 3492.02
1004.99475 4836.83
1005.49414 4349.45
1005.99243 2383.93
1006.48517 913.01
1008.52936 6851.12
1009.52771 3582.97
1010.53461 1359.23
1016.55475 3051.31
1017.56116 1541.47
1022.56165 20200.3
1023.56378 10316
1024.56384 3219.36
1032.54858 794.745
1033.04004 982.56
1040.51917 950.17
1041.50305 884.187
1069.51807 1079.39
1070.01489 2412.49
1070.51184 4447.83
1071.01636 3213.97
1071.51343 1916.56
1072.01892 784.83
1097.54150 767.062
1105.54626 1145.56
1106.54407 818.6
1122.56970 13683
1123.57239 7748.09
1124.57288 2858.61
1125.58167 1312.65
1143.54761 3154.35
1144.04675 4910.46
1144.54688 5779.75
1145.04626 3229.47
1153.59558 2120.42
1154.60461 890.147
1194.08032 886.209
1194.56824 2325.95
1195.06995 3227.05
1195.57178 1911.22
1199.55566 1118.4
1200.55298 834.388
1210.62195 910.6
1235.65295 9548.84
1236.66016 5985.97
1237.65820 2420.27
1306.69287 5862.29
1307.69495 4087.89
1308.69177 2077.69
1407.73816 4473.15
1408.73950 3292.64
1409.74377 1175.06
