3325.70962 4
110.07102 1122.31
120.08041 1052.03
129.10210 3945.44
136.07565 621.335
141.10204 596.457
147.11278 451.263
159.09148 478.489
169.09695 825.531
169.13309 390.169
172.07108 425.196
175.11884 801.672
185.16531 539.842
187.14369 1958.38
197.12825 724.41
199.18027 4927.01
200.18427 496.75
201.12308 763.558
203.06679 391.061
210.02516 426.709
211.11774 406.884
215.13885 1015.11
216.09767 846.132
227.17545 2886.24
229.11792 675.67
231.06166 643.09
239.11372 1086.78
240.13327 393.971
242.18614 600.096
255.10857 432.673
261.12595 828.292
273.11774 557.752
301.12894 1535.28
311.20917 460.118
328.22128 555.402
330.16574 462.503
343.16415 404.25
345.10455 831.758
370.70642 951.88
371.20792 436.981
374.21118 1089.52
376.19342 1493.99
379.71048 9157.34
380.21234 3452.29
380.71384 771.824
398.23471 546.905
416.25388 434.888
423.22745 1493.82
423.73059 452.248
437.28638 1279.08
446.73581 409.859
447.27371 658.574
458.18790 1015.18
461.11523 1739.06
465.28143 3697.24
466.28549 657.87
469.24774 698.822
469.75238 503.944
483.21609 468.84
489.22720 515.443
489.28293 1630.5
490.19571 525.688
497.75732 1465.37
498.25946 575.272
526.25189 481.482
532.26855 668.119
532.77325 661.386
539.75708 716.655
540.25116 438.21
545.77460 855.642
546.26788 1828.94
546.76880 596.259
548.76556 611.901
554.77911 2509.37
555.27917 1518.37
573.78662 911.325
574.28479 1587.77
574.78375 1319.26
575.29004 807.88
582.30145 1415.69
582.79584 2658.41
583.29407 2069.02
583.79535 845.156
587.33997 2646.71
587.77777 2572.21
587.85095 1203.6
588.28387 2070.3
590.32501 4477.77
591.32538 1084.18
596.29877 8047.78
596.79614 7921.83
597.29803 2829.53
597.79889 1354.84
602.31702 1500.76
603.26471 506.648
605.30310 9941.01
605.80389 7059.1
606.30878 2414.24
606.80316 451.456
617.32245 818.258
621.81592 459.455
630.32892 1662.26
630.82678 2190.55
631.32550 1296.96
638.84424 2685.57
639.33740 4657.26
639.83868 2935.46
640.34052 1124.63
643.88159 874.516
644.26965 500.524
652.84509 708.806
653.34106 1476.67
653.84082 632.549
661.36200 3208.01
662.36487 766.188
676.37793 1273.57
681.31036 510.369
690.31030 457.683
700.41638 1317.76
700.91736 664.244
701.27271 511.783
701.83844 638.773
702.34705 934.655
702.83527 689.313
710.35974 1106.49
710.84875 2048.08
711.35016 1238.74
715.40680 449.573
718.30505 1469.78
719.28076 453.461
724.78705 1533.47
725.28467 1088.1
740.41150 515.124
741.39703 440.224
741.93732 874.206
742.44495 604.654
745.32770 778.76
758.41534 17871.5
759.41779 6663.53
760.41968 1522.24
767.38324 882.325
767.87189 473.706
768.34930 812.26
772.73376 439.419
773.93414 6413.88
774.43512 4159.31
774.94043 2159.54
775.44427 813.88
778.90320 988.995
779.40692 805.75
791.41876 490.685
795.46307 516.725
798.32520 1402.46
798.48224 1057.49
798.81958 1089.87
798.98291 655.85
799.40985 1059.67
799.75116 495.299
800.39862 957.211
800.72778 859.949
801.06372 459.799
803.17169 442.26
803.39716 538.59
807.41370 578.98
808.64661 603.218
810.39746 505.576
812.02850 707.868
813.38678 492.311
814.35162 491.858
815.36383 529.164
816.37872 1106.55
816.84949 957.204
817.18408 779.388
817.36847 932.112
819.42920 1042.2
819.67657 1217.47
819.91296 646.186
823.44379 4132
823.67523 1990.71
823.93414 1732.74
824.18097 1484.76
824.45013 1436.76
824.70337 436.152
824.89313 1648.56
825.37915 2207.9
825.88501 1472.22
826.37994 1051.13
827.41010 544.569
827.67889 706.811
827.93329 1974.12
828.18335 3118.36
828.42578 1933.52
828.68439 1164.88
830.47900 4904.25
830.97791 4622.54
831.37012 2258.29
831.51276 1336.11
831.85095 2400.27
832.05463 1730.34
832.38574 3789.27
832.77338 1334.49
833.02368 3311.39
833.37085 5850.6
833.72778 1390.09
833.89050 2052.12
834.38940 1611.15
834.90118 495.527
837.38733 996.404
837.89734 493.221
840.47827 717.165
845.44714 7194.86
846.45337 2916.72
847.32019 736.112
847.44360 702.109
847.80737 809.705
848.44940 541.695
854.85767 624.304
855.98993 698.551
856.50055 589.134
865.34827 706.944
867.92334 695.766
881.43268 705.226
881.93042 984.788
882.38831 1094.49
883.38025 444.445
887.98956 3077.9
888.49146 2791.29
888.98816 1564.76
889.49536 632.118
896.46350 478.304
898.89532 533.88
903.87463 621.782
904.35840 586.767
907.42566 620.083
912.38086 1577.22
912.98212 1826.21
913.51343 1792.04
914.01233 1120.4
914.46893 466.614
927.48364 876.987
932.47845 10356.1
933.48419 4627.81
934.48627 863.096
935.48029 907.529
936.00555 546.618
936.49780 1143.85
937.00043 607.111
937.48816 5106.94
938.49951 2121.23
939.50726 665.079
942.81097 523.07
943.13702 758.385
943.48822 910.972
943.81793 587.256
944.48767 525.99
945.01025 8795.53
945.51196 8399.11
946.01611 4286.21
946.53351 1820.67
946.91827 886.772
947.41473 820.005
948.49304 1270.29
948.81226 2254.41
949.14752 1877.43
949.48438 1703.72
949.80511 555.422
950.49182 551.044
954.49207 804.789
954.93439 1164.74
955.44305 2265.31
955.94843 1846.18
956.44745 1249.27
961.37579 1065.42
961.87799 1048.76
962.37341 842.179
963.95605 956.569
964.45428 1434.13
964.95831 987.434
965.43018 575.535
970.52545 6478.29
971.02649 5929.53
971.52661 3715.61
972.02258 1045.08
972.51099 813.726
973.51239 509.461
975.52173 672.722
976.50366 1242.47
977.48181 750.453
978.46002 481.797
983.42725 703.898
984.51215 1050.7
985.00269 1000.89
985.53864 727.793
988.48962 666.967
988.97644 654.742
989.48071 488.111
990.99811 541.095
991.47003 534.978
993.51984 1888.91
994.01752 3729.81
994.51245 8499.06
995.00873 2373.6
995.51337 4112.06
996.52045 962.693
1002.52399 28078.8
1003.02539 30729.2
1003.52472 17795.6
1004.02704 8099.26
1004.52997 2362.2
1005.03815 490.728
1007.51868 852.061
1008.00781 1324.89
1008.50848 1192.48
1009.00562 732.928
1009.51416 531.26
1011.50323 671.366
1011.98761 1089.18
1012.48749 1065.37
1012.98822 720.708
1013.48517 481.329
1020.49298 826.992
1021.00018 991.523
1021.50433 804.498
1022.18115 511.994
1022.50702 1203.41
1027.06970 2947.07
1027.57129 3006.54
1027.83801 564.37
1028.05042 1812.41
1028.21729 682.554
1028.53394 1274.07
1028.84473 1120.06
1033.83618 503.644
1034.18616 698.56
1034.52271 844.972
1034.85278 636.193
1042.08716 444.762
1045.56299 7088.32
1046.56482 3665.6
1047.56335 1371.25
1050.07336 729.916
1050.55127 1889.82
1051.05994 1603.81
1051.54761 957.305
1054.54285 458.349
1055.54370 740.789
1056.55933 615.489
1059.06506 11619
1059.56799 13386.6
1060.06714 8138.98
1060.57068 4068.57
1061.07849 1392.03
1063.56567 532.575
1065.55884 546.576
1065.86267 480.387
1066.19495 520.302
1068.51819 976.781
1069.02563 724.017
1069.56567 553.849
1071.88293 578.52
1072.57043 1714.17
1073.56580 805.388
1074.57983 632.399
1077.59375 897.59
1078.07886 1279.54
1078.61890 500.835
1091.52502 1139.41
1092.51465 1084.26
1093.49072 681.057
1096.51648 474.866
1100.58411 748.891
1101.08521 1229.45
1101.59802 918.048
1102.04773 466.145
1108.55396 6915.22
1109.56970 7421.34
1110.09216 4870.93
1110.58313 3901.21
1111.09656 1626.81
1111.58032 692.891
1117.05957 561.982
1117.57471 476.716
1141.08374 459.429
1142.55212 547.557
1148.58923 732.117
1149.57861 578.378
1158.12244 457.382
1158.60962 561.208
1159.58411 446.08
1160.59912 517.577
1164.60071 929.052
1165.58960 1240.25
1166.59851 1137.03
1167.11340 926.697
1167.61304 888.603
1173.65808 6270.85
1174.66614 3858.24
1175.69177 999.485
1186.62341 1147.16
1187.11157 741.511
1187.61646 573.715
1191.59436 3703.05
1192.59058 3930.83
1193.58313 1681.7
1194.58044 662.1
1195.12170 785.383
1195.62146 1226.44
1196.12134 752.72
1198.14551 616.932
1207.52820 497.112
1209.59729 5271.72
1210.60449 3517.65
1211.60706 1604.76
1223.61780 477.712
1228.65234 463.344
1229.61108 475.126
1232.63013 763.649
1233.16150 483.955
1241.64124 664.768
1266.66638 493.795
1267.13855 580.552
1267.65845 498.521
1275.67737 533.331
1276.15845 960.32
1276.65100 927.756
1285.15161 637.754
1286.74170 1709.42
1287.75684 1028.06
1305.66504 567.96
1322.68054 1009.36
1323.69849 779.801
1361.59131 868.569
1362.60266 2159.17
1363.60156 1097.31
1364.60596 515.825
1399.83716 739.372
1420.70923 538.109
1437.71301 654.846
1438.71802 496.999
