2455.32529 3
120.08044 43244.2
121.08370 2974.73
133.08621 2440.8
158.09973 6165.56
171.11240 3297.6
172.10745 3642.66
175.11855 39373.1
183.07570 2424.18
183.14891 11277.1
185.16406 4424.51
186.08661 3317.43
187.07053 6734.59
199.18010 2544.49
200.10275 6691.02
201.12274 6535.5
203.12077 45541.2
204.12431 3953.33
211.14362 13380.2
213.15897 5797.43
227.17502 2252.15
228.13376 21718.5
229.11803 8669.56
231.11555 52014.7
232.11940 4749.2
233.16389 5522.29
235.10689 4957.2
243.13403 3463.47
261.15994 4098.32
263.10251 5662.68
269.12500 3746.88
270.17911 2758.92
283.11053 6085.19
283.13589 3805.21
285.15506 14986.9
287.13455 4099
297.11826 6303.78
298.10217 5057.64
299.17172 4469.81
300.15475 10323.3
304.16071 14307
306.66107 4662.8
315.12930 21980.2
316.13348 3085.94
324.22748 20154.2
325.18591 10769.9
330.18384 26487.8
331.18573 4256.11
341.21945 7074.75
344.14441 7759.73
349.20657 13311.8
349.70688 5464.12
363.20343 10235.6
363.70453 4593.83
368.22766 2373.07
373.22504 3663.49
376.18579 10506
382.20844 4647.52
383.18900 4179.77
384.22574 3579.82
395.29944 4607.54
396.22195 7011.39
399.16977 3318.11
400.21674 5820.99
401.22211 12807.3
411.18744 3484.6
414.19727 11186.8
415.18051 10936
416.19571 9924.2
417.24426 28656.7
418.24765 5943.16
419.74594 17215.8
420.24716 7174.25
421.24573 2470.6
423.29532 11462.5
424.29538 2350.97
428.21292 2542.02
438.26968 8171.62
439.26987 2940.08
455.26828 3351.09
467.29770 2923.2
469.28085 10042.2
469.78162 5483.48
470.23972 6184.42
487.26611 4913.36
491.21277 2823.78
492.27939 3494.74
495.28983 5031.51
498.23563 10849.9
499.24094 3275.21
509.31009 5374.77
515.26300 36806.7
516.26733 9659.33
525.22784 6589.22
526.21405 5265.97
527.28058 9008.33
528.27802 4961.52
533.30591 2739.77
537.33862 6152.67
543.23822 15430.1
544.23932 5599.21
546.28766 25231.7
547.29016 6376.39
551.35242 8035.65
554.33521 7611.99
555.33948 2745.68
562.24518 3271.02
583.32727 3439.21
584.32306 2711.66
585.29388 2943.26
586.28113 5019.73
591.34857 7229.28
594.35168 3120.22
595.29163 7068.42
603.30774 198725
604.31061 57781.1
605.31403 8350.62
608.37427 16131.4
609.37799 4667.21
612.31421 15960
613.31836 4232.44
614.32288 2482.14
622.38812 2800.8
626.33575 4219.6
640.35602 2498.59
642.30621 9872.84
643.30841 3029.17
653.40448 8016.69
654.41028 2524.09
668.37793 3718.66
675.33026 4186.52
680.37689 8040.9
690.30457 3131.92
697.40411 3898.31
699.36536 3910.01
707.44427 10358.9
708.36896 16250.6
709.37323 5934.74
716.39148 125551
717.39471 46397.3
718.39722 7229.96
719.40546 2934.98
722.38208 3161.26
724.44482 5458.42
725.39630 24290.8
726.40076 9542.44
727.41022 3765.49
737.41724 13333
738.42285 4367.81
739.41803 11798
740.42328 4261.4
750.88971 3482.5
751.38000 3071.08
755.39429 5656.98
756.38708 2630.51
767.44214 3910.48
793.46619 2935.6
806.51801 3448.13
810.49451 4175.25
811.49304 2624.22
821.45947 9405.74
822.45398 4671.88
823.52118 3500.26
829.47687 54074.4
830.47693 23295.5
831.47552 4998.64
838.48358 42107.3
839.48553 20745.7
840.48199 5916.41
851.45758 3201.55
909.56134 2782.08
920.52582 5014.92
921.53363 3462.64
937.55304 24274.6
938.55878 13545.5
939.54498 3733.68
965.52704 12048.4
966.53101 8141.34
976.54346 61809
977.54675 37043.1
978.54944 9566.11
1065.62207 6137.9
1066.60693 3330.61
1073.57153 3480.03
1074.55237 3164.87
1091.57007 95712.8
1092.57141 55167
1093.57458 14909
1094.57251 2791.45
1136.64465 4819.56
1204.65369 29480.8
1205.65991 17529.7
1206.65955 6412.54
1251.67725 8215.9
1252.67981 5663.95
1253.66260 3103.37
1319.68298 37901.3
1320.68066 26959.2
1321.68750 10726.1
1372.73254 3194.17
1390.71960 41080.1
1391.72107 28802.5
1392.72180 9363.95
1479.78369 4186.52
1500.77002 3500.3
1501.76050 10456.9
1502.76672 7821.22
1518.77795 16479
1519.77905 13566
1520.78088 4470.31
1617.84534 9748.28
1618.84204 8963.58
1619.85791 4674.88
1730.94910 5517.31
1731.93372 6279.88
