3171.67153 4
129.06589 13568.3
131.11775 17061.9
133.04288 48191.3
143.11766 8250.55
166.11359 49819.6
169.13365 7955.38
171.11241 12268.3
171.14922 15448
175.11891 15166.8
183.11288 7140.69
185.16492 12596.4
196.14433 14242.5
197.12843 48809.4
199.14421 16102.7
201.12283 6543.41
213.15984 12580.2
214.15479 180963
215.15883 21121.4
224.13882 18052.8
225.12373 12784.2
225.15935 8350.09
228.13292 6070.69
229.11879 8140.71
232.11130 48332.9
242.14969 86989.3
243.15346 12484.7
246.12698 13242.4
257.09470 9185.71
260.10648 27046.5
270.18100 75914
271.18433 12258.4
274.12198 61875.3
275.12534 7254.35
282.18097 17747.7
310.21295 5797.59
312.22763 6003.1
317.12766 38806.2
328.18634 34018.3
329.19070 4435.14
331.22009 51573.4
337.22382 13045.9
338.20712 42438.8
339.20599 10758.8
341.25443 19288.4
342.20319 8135.12
355.23380 54437.6
356.23804 6013.14
369.24924 48311.2
370.25244 9642.39
373.19110 14734.6
383.26620 8939.26
383.71661 8449.41
387.20804 6160.62
396.18478 11641.3
402.21655 15636.9
407.22845 56839.3
408.23029 10858.9
413.27771 4841.71
424.25357 4874.38
427.25586 12422.4
428.25681 5068.01
430.21179 39331.7
431.21487 10272.5
433.25089 20218.9
433.75406 10329.2
436.87802 8288.79
437.20926 5403.68
438.27075 8631.21
441.27667 6369.27
442.25665 16946.8
442.75714 5479.46
452.28583 6605.02
454.34106 4853.74
468.31702 7511.09
470.24274 16184.4
478.29941 5791.26
482.33344 13106.7
482.78625 26869.5
483.28848 17560.9
491.79120 15490.8
492.29260 10173.5
497.25208 10951
498.23694 38732.7
499.24524 6930.48
501.29034 6522.46
506.29608 26269.4
507.30032 7538.78
509.23251 23884.8
509.73633 6455.45
515.25452 9523.93
515.31287 6558.4
523.32245 4840.28
529.28052 28723
530.28656 7120.16
539.32806 9694.54
539.82666 7335.37
540.34088 6165.78
541.26068 4719.91
543.29529 18246.8
544.29669 5749.09
547.29388 17420.2
554.35950 5005.46
569.30591 4643.15
579.27930 19236.7
579.61365 11589
579.95020 5852.08
590.76270 9081.4
591.26514 7351.93
596.32043 9337.69
596.83362 6152.81
597.28906 6776.14
597.37054 11886.5
598.36578 5793.72
614.32550 6598.63
616.97382 25968.4
617.30841 25461.7
617.64117 12638.2
628.34680 8016.29
642.36554 16382
643.36877 6467.54
653.33313 14907.3
654.32452 25213.4
654.66858 18170.1
654.81189 101169
655.00671 19309
655.31488 74586.5
655.81433 23861.5
656.30920 9032.77
662.32440 5654.43
668.39142 5992.92
671.35242 17249.7
693.01141 17034.1
693.34735 21691.9
693.68268 12934.9
696.42688 6338.26
705.11639 7955.9
705.36743 5475.88
705.62628 6305.73
710.44696 8952.35
712.32581 31418
712.82684 28691
713.32385 9620.31
730.70508 56037.5
731.04010 56517.2
731.37335 37653.1
731.70557 17117.3
732.04449 4861.22
733.64429 6362.39
734.14063 5922.84
741.43146 10030
753.35284 5233.94
761.85889 108749
762.36060 79754.3
762.86243 37230.9
763.36914 8851.04
763.72919 70227.1
764.06195 87210.3
764.39716 54340.3
764.72980 17075.3
765.06665 9257.18
766.42676 54935.4
767.42383 28867.5
768.42480 8363.94
770.41913 7133.15
784.43921 32830.8
784.91223 7608.38
785.16309 6717.96
785.44110 14509.8
789.16943 102493
789.42096 187757
789.67188 169383
789.92151 113331
790.17407 58201.4
790.42621 17440.9
793.48059 8009.09
796.75140 61695.3
797.08478 80616.4
797.41827 58051.7
797.75104 24766.9
798.07410 8206.63
811.39307 57413.4
811.89508 44563.9
812.39575 27829
816.98932 5020.14
834.44849 16451.1
834.78107 27091
835.11401 17546.1
853.45447 114324
853.78729 166467
854.12054 102016
854.45129 49851.8
854.79211 26252.2
855.13068 6577.25
859.41541 9018.37
859.90723 32205.6
860.40576 23045.2
860.91144 7797.02
861.41187 4964.48
865.49634 72011.9
866.49622 46577.9
867.49731 14482.8
868.41461 218523
868.91571 201039
869.41595 92600.2
869.91718 32238.6
870.41034 7589.99
873.89941 7462.2
874.40033 8664.8
882.49304 6268.76
883.50537 41154.6
884.50928 21244.9
885.51392 6868.11
886.47571 50774.9
886.81097 72861.4
887.14520 51533.9
887.47729 26691.7
887.80823 10172.1
915.94904 5345.16
916.44440 21826.5
916.95166 21996.3
917.44623 11662.1
924.95734 209372
925.45795 207829
925.95984 109051
926.46033 35284.7
926.94794 7454.48
930.44489 7899.64
934.14978 9292.84
939.82074 30959.9
940.15381 49637.4
940.49042 32651.5
940.82025 27804.2
941.16724 10237
964.56409 40311.2
965.56171 27403.2
966.56647 9550.22
969.53784 6903.85
972.48779 5349.32
972.99524 15304.9
973.49139 5782.27
973.97742 7416.63
977.51007 20256.9
977.84705 33140.5
978.18372 27330.8
978.51129 19330.8
978.84595 9396.3
981.49774 105518
982.00134 110459
982.48737 50087.9
983.00555 16687.5
983.47412 4996.58
983.61499 6180.93
1000.42340 6343.29
1017.46051 11647.3
1018.45880 5551.77
1030.00977 13848.3
1030.50415 36455.2
1031.00476 43397
1031.49951 19472.1
1032.00793 7754.84
1039.01379 272506
1039.51501 293029
1040.01465 184297
1040.51257 71459.9
1041.01257 21721.8
1077.64697 5527.82
1086.54968 15113.9
1087.04956 39097.7
1087.54224 34302
1088.04675 19609.6
1088.55737 8827.18
1095.55457 282128
1096.05542 309587
1096.55493 212668
1097.05444 81376.3
1097.55078 27326.5
1098.08411 5660.4
1136.08374 14612.8
1136.57813 27058.7
1137.08093 19449.4
1137.57434 16497.8
1138.09460 5703.44
1145.08899 262504
1145.59094 305710
1146.08984 195731
1146.59229 89708.5
1147.09338 28365.9
1186.11658 9878.54
1186.62280 14503.2
1187.11804 6073.92
1192.67810 46853.2
1193.67090 36036.9
1194.62390 135543
1195.12427 153698
1195.62451 116122
1196.12268 51431.3
1196.63220 16618.7
1210.67847 15297.3
1211.69287 11103.2
1251.16296 18836.2
1251.66492 30812.7
1252.17053 24453.4
1252.65918 11994.9
1271.16858 8949.58
1271.66772 8128.1
1279.67676 118886
1280.17883 173843
1280.67883 111309
1281.17419 59812.5
1281.67126 23675.6
1282.17676 7500.62
1291.58301 7227.54
1305.76196 13698.8
1306.76782 11824.2
1308.61353 28076.7
1309.61670 18476.8
1310.59009 6274.96
1320.71143 5433.17
1329.20972 53914.7
1329.71143 78286.7
1330.21057 54135.1
1330.71741 28211.5
1331.21985 13255.6
1409.73462 5975.03
1412.75513 6167.55
1413.23376 5846.36
