1912.93313 4
115.08624 2755.52
116.07073 1084.8
129.10210 68883
130.06490 8034.55
130.10512 4675.24
132.10204 992.205
136.06126 1426.45
142.12224 1964.99
147.11324 1161.39
152.10617 1028.81
159.09151 13333.2
160.09477 1233.84
169.13351 1521.16
170.05962 1283.8
175.11873 11333.8
176.12286 1039.94
185.09213 2804.86
187.07066 1259.48
187.14386 6556.66
195.11349 1061.32
197.12921 2320.81
197.16455 7785.2
198.65140 1993.28
199.10722 3302.2
200.13902 7852.16
213.08673 6710.85
215.13867 5661.53
221.12842 1214.03
224.17645 1289.85
225.15965 3917.98
225.63931 3564.29
226.11813 4660.31
226.14745 931.559
227.10303 4173.39
233.14940 1083.9
234.64406 17110.3
235.14557 3431.91
242.18596 7326.09
243.15732 6006.08
243.65895 1467.97
244.12904 4431.89
269.17160 1639.55
271.17648 1633.48
272.12280 3091.66
274.11877 1132.36
274.16583 1499.69
283.17041 4532.99
283.67206 1646.3
284.12369 4090.07
285.08597 1210.02
286.15002 1571.66
287.13434 1589.62
291.68378 2505.38
294.62357 5969.65
295.09006 2761.93
295.12314 1885.71
302.11362 1659.56
303.13843 1497
304.16116 69850.9
304.69189 4166.04
305.16443 9180.29
306.16632 964.482
313.20636 1565.8
317.68015 1189.09
327.16547 1014.66
328.11356 1758.25
331.67883 1943.36
339.20535 1232.43
340.68384 27410.6
341.18512 11730.6
341.68646 1544.29
342.12875 5895.33
349.19711 11146.7
349.69882 4290.28
350.19867 1961.83
353.25366 1343.8
355.16034 5663.16
357.21292 9540.01
358.21484 1803.76
362.20532 2522.45
367.19870 1932.29
370.28128 1240.61
370.71863 1131.75
375.88010 4483.17
376.20169 3642.06
376.70447 1790.43
383.54654 978.468
383.88626 1356.88
384.71524 2160.2
385.20862 4897.82
386.20810 1380.42
387.20932 1095.49
392.88123 1862.38
393.21432 1187.83
394.19681 2758.83
397.72418 1223.04
399.15475 1957.05
402.16217 1364.41
407.22870 1035.85
408.53915 16035.1
408.87198 2829.45
409.23041 8278.34
409.88712 1226.63
411.72025 2378.55
412.21997 1626.42
412.69073 1522.95
413.19141 1058.5
418.89441 2102.19
419.18823 25503.5
420.19382 4492.98
422.20819 1853.12
425.21933 1522.43
425.55124 1807.55
429.22360 1715.52
429.72678 1511.02
430.23431 1526.35
431.21481 25974.6
431.55649 5290.6
431.89114 1871.5
436.89691 3607.22
437.23398 1636.55
442.21469 1109.21
446.92853 1262.5
447.25970 7657.17
447.59323 3830.22
450.26938 5277.18
456.20731 3969.2
457.24957 1590.54
461.20810 1348.67
464.68973 1546.94
465.19186 1221.85
465.72693 1105.04
467.29782 7241.87
468.27997 10961.2
469.28387 2840.49
470.23114 10110.4
470.48047 11484.7
470.73001 5065.37
470.88010 1374.93
470.97964 3246.42
471.23392 1327.63
473.69864 18574.3
474.19913 9840.25
474.48770 4353.45
474.73389 81708.4
474.98370 86032.6
475.23450 48820.1
475.48480 18942.2
475.73257 7056.72
476.88342 29448.3
477.21753 23502.1
477.55148 8986.12
477.87845 2158.56
478.27600 1864.91
478.75952 1073.92
478.98959 27728.9
479.09137 10212.2
479.23929 33179.4
479.49051 21672.9
479.74210 6588.5
479.98981 2103.64
480.09274 2089.44
480.20288 2356.97
480.29596 1282.51
483.25739 4530.17
483.91644 5665.5
484.24899 4692.64
484.58377 1456.58
485.30725 7551.83
486.31027 2489.3
489.59210 4089.14
489.92758 3214.79
490.25955 1357.59
493.24997 2995.18
493.58316 2961.9
498.92105 1103.24
507.26620 2435.54
514.18182 1219.41
523.79865 1034.64
525.58215 1463.21
525.91693 1066.27
528.79089 1750.34
529.23724 1664.31
531.27551 1127.93
531.58997 10971
531.92407 8347.4
532.25647 4111.6
532.58887 1066.92
534.25244 1362.51
537.26031 4053.58
537.59924 4489.18
537.74585 11787.2
537.93304 1828.17
538.24658 6897.72
538.75067 1757.14
541.25439 1034.91
544.28564 2021.71
551.92322 1410.32
552.24731 2886.25
552.58484 1685.25
554.31830 1084.37
557.92438 15612.1
558.25806 14404.6
558.59241 6550.3
558.92725 2194.9
559.25964 1054.77
563.31561 25897.5
563.82477 5498.73
564.24628 1284.56
569.29022 6022.41
570.29181 2290.94
572.32135 30008.9
572.82324 9432.79
573.26434 8682.92
573.76471 5438.41
574.26361 1471.23
583.30756 1685.35
588.81573 1588.25
589.62177 1348.25
589.94891 1723.29
590.79419 1157.48
595.61914 16701.8
595.95325 14967.8
596.28699 8520.51
596.62268 3193.6
597.33429 1473.77
598.27893 2678.98
598.94916 1417.34
599.27783 3013.82
599.78333 1123.42
600.27325 1387.4
603.29681 1456.21
605.26709 24753.3
606.26923 6698.7
607.26813 1568.94
608.78259 33562.6
609.28333 21429.3
609.78320 8521.09
610.28406 1567.19
612.30414 37759.8
612.80487 6693.78
613.30212 1068.65
613.84027 12109.2
614.34393 3719.51
618.84094 1146.9
619.37231 3198.54
627.32703 1084.32
627.83777 19363.4
628.33972 7624.23
637.32489 2701.4
637.82288 2177.17
640.33167 1309.95
643.23456 4602.15
644.23645 1687.45
645.32483 1132.16
645.83313 1026.26
646.33032 7120.7
646.83209 4056.33
647.32935 2379.42
654.84344 6104.87
655.34473 4547.66
655.84369 1674.34
657.29187 1286.74
657.78693 1641.8
662.83081 2406.68
664.23138 1327.85
666.29596 21992.9
666.79730 13943.7
667.29681 5665.53
667.80164 2439.56
671.28284 1243.69
671.78888 1040.49
680.36102 2022.64
684.80487 2048.49
685.30933 1902.34
697.38916 1752.67
700.41986 2441.27
705.81421 2613.11
706.31744 1781.17
706.82227 1277.47
708.31378 1141.96
711.36517 2429.31
714.82147 36746.1
715.32306 26802.5
715.82483 11783.7
716.32428 4146.38
716.83105 1277.57
720.29321 18931.2
721.29437 6922.5
722.29431 1308.68
726.37738 2205.96
732.35767 2427.28
732.86334 1706.57
733.34888 1255.3
740.86670 3217.96
741.36035 3793.13
741.85236 3294
742.33606 1051.96
747.88190 1094.65
751.40295 1597.63
763.33319 1489.39
763.83136 1232.85
771.32623 2347.98
772.33545 21131.4
772.83643 17129.6
773.33630 7614.14
773.84363 2178.91
785.43597 1073.44
803.44476 1113.55
804.42706 1074.23
805.39655 1071.12
815.38025 1276.58
822.43939 2575.52
823.43652 1581.06
824.37408 3030.43
825.38104 1588.73
831.32208 1607.22
836.38336 4443.45
836.88898 3434.75
837.38556 2633.97
839.46161 5130.37
840.46722 2313.38
842.36774 2536.56
849.33563 7377.42
850.33978 3209.36
913.40338 3706.07
914.40527 1813.7
928.38550 2013.39
929.37183 1442.49
939.40356 1531.36
946.38873 75539.6
947.39215 37637.3
948.39508 10113
949.40503 2295.65
967.55164 1369.01
1028.43115 2418.21
1067.50305 1440.47
1074.47998 3896.02
1075.48132 1589.39
1125.48401 2495.36
1126.49194 1860.23
1145.52283 1498.96
1240.50500 1143.13
