1949.90383 4
110.07111 2983.25
112.08659 584.013
115.08642 418.491
120.08070 1797.94
127.05006 528.597
129.10223 4403.72
130.06583 403.345
136.06184 1013.69
136.07582 1858.68
145.06064 563.348
147.11266 1117.55
157.10811 874.968
159.09158 1161
167.08224 565.386
172.11563 915.64
173.05588 631.203
173.12878 415.741
175.11880 2878.36
188.07063 454.319
198.12367 463.442
201.12312 763.226
205.09811 432.041
207.08754 528.273
207.14018 803.933
217.13673 8738.21
218.13937 581.981
221.13722 900.673
226.11853 1688.23
230.14314 1075.18
244.16542 2161.44
245.13145 3033.68
251.14955 605.455
255.14523 2243.69
255.64830 6678.05
256.14987 1830.72
272.17151 4570.75
273.13751 2216.9
273.17401 441.489
273.63940 435.409
282.67126 1127.92
288.20212 607.117
290.63965 582.369
291.18478 1198.78
295.13947 853.97
299.13800 731.83
304.63626 1112.26
305.18201 2116.41
305.68317 539.334
316.16794 456.166
320.17145 710.965
320.85449 545.355
330.18668 940.298
330.51935 537.978
340.19769 1015.4
340.68967 3344.01
341.19049 1254.64
344.69189 779.264
349.20273 14902.9
349.70444 4907.46
350.20581 1109.31
353.19275 2785.07
353.51025 1980.81
353.84216 904.477
354.18515 1237.74
355.70706 516.359
362.84476 2304.52
363.17932 1385.69
369.70358 1935.66
370.20343 976.452
375.20270 701.355
376.21155 2898.56
376.54822 1688.71
379.71933 682.169
383.65927 507.09
383.71408 3730.85
384.21500 1669.59
385.25601 2627.84
385.54349 1003.22
385.85135 7302.9
386.18542 5025.6
386.25577 525.088
386.52072 1493.07
386.85223 431.679
390.20663 481.26
391.21838 1213.96
391.55237 1201.5
391.85300 512.027
393.71423 625.004
404.69547 900.706
408.87094 2605.34
409.20770 1876.16
409.54395 502.776
412.24811 491.307
417.24863 441.688
418.20422 1505.78
418.50916 2987.63
418.69244 4689.2
418.84067 1406.14
418.90146 1077.79
419.19516 1855.39
419.69791 522.537
421.23688 698.784
421.73904 590.028
422.92072 668.971
423.25882 528.639
423.87906 3550.39
424.21201 1579.92
424.54340 1051.12
424.73148 470.189
426.24548 2216.94
426.75162 636.407
428.23056 2502.37
428.56403 2304.06
428.73859 482.927
428.90012 566.158
430.48547 894.247
430.73550 1502.95
430.98566 1102.58
431.19943 1045.43
431.74075 494.635
431.99289 683.968
434.56464 1393.84
434.74258 7058.12
434.99008 14316.6
435.24030 11395.2
435.48953 5072.4
435.74036 1794.44
439.00446 541.844
439.24423 85566.6
439.32336 568.885
439.36609 938.12
439.38919 740.966
439.49429 78756.8
439.74454 41769.7
439.99518 16037.4
440.20346 6681.61
440.49591 905.869
443.74658 12431.9
443.99661 12408.8
444.24799 5888.41
444.49759 1785.76
444.56674 1242.3
444.74799 739.466
448.20734 651.989
451.23651 1320.95
451.55786 3164.2
451.89191 2496.86
452.24414 1283.6
452.74408 951.856
454.23969 1726.68
454.57269 2141.23
454.90799 940.104
454.97900 643.574
455.22751 1243.79
455.48181 462.395
455.91235 516.903
456.23654 482.27
456.53098 1657.1
456.87021 1570.18
457.24371 832.231
457.57693 572.714
459.23743 5256.31
459.48370 13100
459.73331 10232.4
459.98413 5836.6
460.23419 2220.6
460.47595 475.991
460.88977 3129.4
461.22534 2003.97
461.55496 1021.32
463.23831 491.716
463.47122 475.29
463.53995 526.272
463.73825 87545.6
463.82648 626.963
463.85556 752.22
463.89401 697.945
463.98849 81862.5
464.09592 578.627
464.12253 558.431
464.15793 553.63
464.23831 42793.2
464.48877 15747.6
464.73993 5691.51
464.98914 1074.93
465.23584 590.17
468.24054 3974.26
468.48990 2619.55
468.74130 747.243
468.99216 893.901
472.28696 17245.8
473.29013 4255.02
474.29391 492.518
475.23294 2982.44
475.73572 1537.75
480.23303 541.189
480.77936 1752
481.27472 1102.54
483.89581 1120.09
483.97690 2047.3
484.22662 5086.77
484.47516 702
484.55383 931.575
484.72803 549.976
484.89178 544.793
486.89954 1082.9
487.21957 1286.05
487.30957 2030.03
487.56268 666.013
487.81921 565.87
487.90680 757.63
488.23120 10131.6
488.31836 1244.61
488.48190 7521.2
488.73938 5632.51
488.98349 2061.78
489.17838 1938.63
489.26123 4857.18
489.54199 664.517
489.89783 1174.29
490.23291 1048.45
493.26120 476.123
493.54736 1269.57
493.88144 796.234
494.77448 4014.81
495.27460 1881.39
495.72559 2033.69
496.22409 881.535
499.29556 845.462
503.29453 925.91
508.78500 2459.22
509.28784 1255.95
510.28540 478.734
516.55640 830.59
516.88751 755.165
520.76794 806.079
521.27289 563.682
529.28558 11325
529.78583 5873.17
530.28137 2081.5
530.78497 608.42
532.27191 1534.48
538.29163 2525.8
538.79047 1462.04
542.62311 584.393
542.95465 673.137
543.76245 2774.23
544.26709 1812.01
544.76746 514.734
545.26758 6313.13
546.27008 1583.23
549.25543 489.894
556.27179 641.182
559.77911 553.949
561.30444 1404.93
564.30078 1376.33
564.80011 916.067
565.64130 1386.61
565.97510 1291.94
566.30811 721.639
569.26538 526.134
569.76721 660.774
573.30658 2216.58
573.80817 1419.44
578.27319 10151.4
578.77240 6008.92
579.27496 1880.06
579.64490 585.576
582.34314 534.008
583.31799 2398.17
584.32513 647.94
588.76215 3054.28
589.26099 1552.77
593.27814 1695.25
593.77887 1042.13
598.30365 893.87
598.63214 672.218
598.96490 603.123
600.34558 5983.22
601.34888 1478.19
610.32422 458.117
613.28204 459.275
616.38000 474.871
622.84308 2894.96
623.34119 1860.79
623.84924 483.585
630.28424 709.861
631.30225 856.11
631.80658 479.589
646.27563 4361.77
646.77728 2913.77
647.26019 477.684
657.35004 988.547
657.85754 587.064
661.31323 2829.81
662.29889 497.032
666.38348 486.177
666.87970 480.797
671.83118 657.29
672.40021 779.313
673.40167 673.405
674.33154 492.423
674.82587 2346.31
675.32599 2136.61
675.82520 871.546
680.38135 544.056
697.39893 9451.38
698.40210 3593.72
699.40729 813.311
701.30768 574.28
707.34296 534.395
725.33728 1166.64
725.83582 707.891
730.48639 529.584
731.40997 962.742
732.35089 18136.3
733.35382 5597.52
734.34570 514.565
764.39630 505.48
766.41931 1755.55
767.42566 657.739
772.35120 793.332
773.33331 683.902
774.32825 701.607
777.42023 778.019
786.42426 2662.21
787.43024 1276.64
830.39410 719.62
836.37970 829.809
845.43518 4522.83
846.44562 1467.65
889.47662 466.067
903.47339 627.473
917.46375 1285.17
918.46710 458.938
949.46185 1556.62
950.46698 542.403
