2096.93589 3
110.07093 1845.13
120.08045 4016.17
127.08651 1064.52
129.10199 8086.59
130.06456 573.199
130.08595 2511.96
130.10500 502.799
133.04254 2616.1
136.07536 2680.99
139.08611 533.773
141.10172 448.445
143.11751 603.283
147.11249 7386.26
148.11589 587.487
155.08112 1770.88
159.09135 1600.63
159.11302 494.357
167.08095 896.424
168.11238 441.374
169.09625 408.244
171.11122 442.075
173.12762 960.054
175.11847 1586.26
181.13300 566.644
183.14876 2582.28
185.09093 360.952
186.12325 1235.24
187.07251 389.69
187.10835 476.389
191.11713 370.594
195.07550 410.805
195.11209 1039.62
197.12863 443.12
201.12289 867.609
210.02522 466.457
211.14339 2017.08
212.13789 623.081
213.08684 1138.58
213.12277 915.661
219.11127 375.433
226.11713 477.117
226.15462 2689.31
227.15730 514.881
230.11223 531.557
233.12817 4125.71
233.16341 621.977
234.13171 704.457
238.15422 362.553
240.13477 393.335
244.16499 18396.1
245.16820 3524.64
246.16835 437.02
252.13440 1455.38
254.11397 674.449
261.12277 3202.48
261.15823 899.737
262.12469 406.746
269.15976 577.496
270.14355 901.036
272.13556 1285.79
276.06467 527.783
279.13168 636.335
280.12808 440.723
280.16440 1167.32
282.10709 424.629
283.17526 421.635
283.64938 1614.46
284.15158 404.853
287.17001 544.746
292.16498 573.427
297.15509 2716.14
298.13788 715.196
303.17349 377.468
310.13907 1554.32
310.17551 4992.49
311.17770 818.147
315.16556 12461.4
316.16867 1547.39
340.19568 791.609
341.15768 1222.94
345.08630 540.342
349.18262 453.822
357.24747 1709.93
358.21271 1295.98
359.21777 394.237
367.15955 876.192
372.18546 587.811
373.11292 531.689
374.20395 447.196
383.22910 522.823
389.21771 1463.41
389.69012 430.363
390.22488 390.008
394.21140 389.878
407.22803 27736.9
408.23068 5793.72
409.23346 617.353
412.22119 1054.42
418.21014 604.913
427.23273 430.615
439.13214 489.463
439.26193 2905.19
439.76355 1512.67
440.22470 1907.13
441.23508 512.887
451.22778 1565.48
464.21222 3856.98
465.21420 877.393
469.23953 13340.8
470.24219 2912.23
471.29538 538.168
473.28259 1903.79
473.77240 2061.13
474.27542 1292.2
479.22275 411.672
481.23956 534.444
488.14444 576.585
502.30026 597.184
508.28519 495.695
513.76898 468.548
520.31226 9017.26
521.31653 2381.08
522.31323 634.43
531.28662 1239.43
531.79034 590.669
540.31592 430.989
542.25464 622.08
553.23364 408.091
553.30359 724.652
557.16449 404.522
559.30994 663.807
561.72742 1912.99
562.22821 918.317
564.74658 544.202
566.29193 3688.42
567.29681 944.278
585.19769 1294.94
586.36475 764.473
587.24750 884.423
587.75281 739.623
596.25629 3616.32
596.75952 2303.45
597.25934 704.674
601.24097 490.441
610.25427 3532.22
610.75739 2416.55
611.25024 509.21
619.29932 1397.41
619.80438 704.551
623.28644 440.308
624.23596 523.927
634.97308 1617.69
635.30377 1074.65
640.34216 430.752
640.84882 756.455
649.34766 5166.38
649.84869 10843.8
650.34882 5411.21
650.84985 1869.62
651.28442 1631.79
651.85651 482.824
652.28351 1064.46
652.79913 2289.01
653.29956 1998.15
653.79034 441.962
654.21722 1526.32
655.21484 412.523
655.34686 1727.49
656.35406 484.229
657.78607 511.55
658.36261 756.701
658.85840 1244.33
659.35699 929.939
661.65149 471.034
666.79651 2397.78
666.98773 694.575
667.37958 8097.57
667.65002 477.554
667.79041 601.386
668.38281 2795.3
683.35950 751.167
698.32526 2524.58
698.42224 983.027
698.83496 7054.09
699.33490 3437.42
699.43878 845.755
699.83710 1318.9
700.30585 573.839
701.36847 739.745
701.48877 1193.41
717.34589 1010.57
717.84113 1437.01
718.34473 581.099
723.26990 446.946
726.33014 1069.79
726.82935 427.321
731.32172 607.807
731.81946 577.881
733.43567 644.453
739.26770 1589.97
740.33496 1295.57
740.83099 1417.1
741.33752 497.648
746.38458 597.828
765.86810 3916.45
766.37048 3714.08
766.87335 1982
778.37164 7943.51
779.37598 3148.21
780.46472 3780.6
781.46820 1437.02
782.47485 618.813
783.92615 608.699
784.42743 488.539
790.44763 812.097
794.37122 450.048
795.40063 576.111
796.87225 546.833
808.28888 1498.54
809.28424 679.048
814.85358 999.42
815.36633 1539.02
816.43567 482.722
837.36420 1104.53
838.36609 867.692
842.90302 2228.59
843.40472 2453.73
843.90192 1106.55
844.40216 429.041
847.48828 821.995
877.51636 4614.83
878.34583 593.898
878.52026 1886.28
879.51599 429.877
892.39801 496.104
905.34253 633.758
924.43585 569.133
930.38641 570.275
938.40314 1717.66
939.40466 921.837
941.44403 6016.31
942.44727 6547.43
943.44861 2261.79
944.44525 502.729
946.54590 1280.39
946.96545 624.455
947.55969 526.963
955.42010 645.003
958.55560 438.547
960.45416 510.852
962.49786 979.002
974.54932 532.403
990.42993 540.733
998.52979 435.852
1011.39771 524.707
1018.42664 869.786
1019.41064 522.294
1022.40656 468.619
1026.55359 654.757
1027.58240 670.052
1039.42188 5203.79
1040.42322 5983.28
1041.42407 2070.8
1053.42737 1919.19
1054.54285 3082.89
1055.53455 4804.1
1056.53589 2020.22
1061.56580 3184.91
1062.56702 2146.57
1063.58325 719.638
1072.54895 417.505
1073.55042 638.57
1088.41211 508.559
1102.57837 423.238
1104.42542 549.995
1105.43530 460.827
1122.44849 5614.68
1123.44910 3203.35
1124.49890 2088.03
1125.51318 1873.98
1126.51855 598.936
1127.51672 438.108
1137.51392 423.765
1152.50256 3233.51
1153.50903 4022.3
1154.51318 1256.85
1165.49951 848.034
1166.49524 444.298
1219.50342 539.995
1220.53662 470.754
1221.60339 1585.18
1222.61572 1091.04
1278.58716 670.731
1279.58289 940.954
1332.58789 1231.07
1333.59241 637.462
1336.62354 1280.36
1337.62817 1038.71
1433.67041 2063.78
1434.67749 1541.63
1435.67578 710.301
1479.64478 556.708
