1793.80478 3
110.07101 12851.9
111.07439 570.234
112.08657 1113.83
115.08614 509.047
120.08050 1676.95
129.10205 5743.58
130.08598 985.386
130.10432 411.445
133.04256 385.523
136.06090 483.923
136.07547 7033.44
137.07863 897.799
141.10167 596.729
143.11806 486.055
147.11253 1899.92
156.07579 363.712
157.10793 903.004
157.13321 2838.18
158.09195 392.947
159.09171 541.435
166.06065 543.774
167.08194 666.372
169.13326 1897.15
171.11221 415.431
173.09126 421.268
175.11852 3208.56
179.09248 954.721
183.14922 517.621
185.12790 1125.54
187.07095 367.93
187.14369 1435.34
195.08684 411.223
197.12700 697.829
199.10767 353.444
201.12257 463.16
207.08725 1683.64
211.14410 793.623
212.10240 1076.91
215.13901 1161.87
220.09276 365.755
223.15536 656.312
225.09872 589.98
226.11794 1322.9
226.15344 563.778
242.11230 364.795
242.18628 476.966
243.13416 444.631
244.16571 814.478
246.18015 826.094
249.16003 1139.36
251.14989 2014.89
253.16643 388.793
254.14728 773.289
255.14464 3253.48
272.17178 4355.82
273.17471 427.346
285.16693 2633.87
286.17126 443.367
295.13907 692.01
299.13831 803.276
300.17181 611.678
305.06409 1223.2
308.64911 393.98
313.15100 386.741
320.17108 1650.18
337.15942 593.812
340.68857 914.822
342.12518 433.994
343.14307 978.09
349.20218 5072.63
349.70352 2049.7
350.20331 367.504
354.18808 3453.93
355.19363 711.156
380.19922 603.254
383.19525 408.088
383.71280 2440.61
384.21561 714.599
385.25427 1544.21
393.71924 652.573
402.72708 3014.97
403.22815 986.906
408.18933 574.321
408.22281 566.22
416.72421 3625.03
417.22488 1673.74
423.19775 423.825
425.19452 448.965
425.26169 603.347
425.72751 567.315
426.23560 641.265
437.23416 588.711
438.24792 633.109
442.22958 611.855
442.73254 539.893
443.19830 890.12
443.72983 506.062
445.73166 436.034
451.23492 12470.2
451.74149 4769.64
452.17972 821.393
452.24374 9127
452.74582 3773.64
453.25607 3502.3
454.25623 791.992
457.23950 520.086
460.23975 2399.94
460.74258 1217.47
461.24753 1316.86
465.71265 2714.68
466.20816 1045.78
470.22153 414.213
472.28674 6911.13
473.28745 1658.96
475.72824 740.662
478.27209 647.741
479.22632 1138.79
482.21988 465.246
485.76303 610.975
486.22705 487.309
491.22647 642.934
491.25427 647.136
491.71463 803.989
494.26700 411.416
499.75980 1019.27
500.22308 10399.8
500.72406 5357.72
501.22925 6200.6
501.73172 2652.05
502.23041 672.035
504.19257 514.261
508.28052 403.037
508.78418 4629.24
509.28156 2529.4
509.73068 624.518
509.78247 565.458
510.20578 478.95
513.61377 391.237
514.27588 413.513
521.61163 1263.07
521.94519 716.344
523.62018 403.146
527.28632 4841.57
527.61658 8514.62
527.95032 6266.32
528.28448 2734.78
528.61505 792.236
533.28949 55529.2
533.49695 450.882
533.62292 53009.9
533.95673 23056.3
534.29108 7687.23
534.62463 1686
539.29279 13877.5
539.62579 12666
539.96021 6334.67
540.29431 1744.07
545.28851 491.227
545.63361 563.906
548.75787 480.578
549.20929 441.996
550.30225 641.268
550.80066 422.799
551.28107 742.962
551.77881 552.765
554.24951 548.931
554.31805 833.009
554.60327 1003.6
554.93341 468.745
557.26019 513.159
557.77203 1725.03
558.27411 993.096
559.94391 3488.81
560.27606 6785.73
560.60797 3978
560.94202 2111.03
561.27246 711.17
563.79193 1014.1
564.29193 1330.6
564.80322 475.14
565.27466 410.579
565.94830 34504.1
566.28149 28242.4
566.61572 14951.5
566.95050 4990.55
567.28412 1234.15
571.95068 3814.65
572.28351 4447.33
572.61926 2206.94
572.95923 881.148
573.30353 1167.08
573.80353 441.699
582.29755 9262.57
583.30292 2972.11
584.30945 632.462
592.60254 608.001
592.93420 768.607
593.25909 570.136
595.32050 1137.4
598.29907 1222.9
598.60449 4912.52
598.78815 910.492
598.94037 5086.02
599.26880 2489.91
599.33673 764.478
599.61029 1130.73
600.35260 3193.41
601.35895 961.309
603.26398 846.062
607.30603 745.527
607.80670 582.281
612.77826 1123.03
613.28046 1193.83
616.28558 595.956
622.84302 1352.14
623.33990 1056.36
629.32233 715.832
643.80219 432.162
647.28796 1523.87
647.78882 1306.55
648.28632 430.705
649.84845 585.68
652.28021 699.431
654.83929 1011.96
655.34467 907.882
656.29144 562.147
657.35547 655.073
657.85712 765.121
661.76233 408.886
663.24463 496.844
663.84735 950.524
664.35284 803.453
667.38849 2955.62
668.39856 1489.82
669.40668 425.103
671.82690 599.558
673.30292 1174.12
677.37518 523.635
678.37177 489.482
679.38995 1499.7
680.27588 6885.03
681.27679 1869.41
685.38190 684.677
686.39667 742.709
688.31482 1497.73
689.31354 596.834
690.33374 448.354
694.00909 479.299
695.38239 11484.6
696.38318 4568.29
697.39777 33335.5
698.40131 11932.9
699.41010 1818.55
700.40631 457.143
703.82666 512.551
704.32928 650.577
704.84613 410.786
706.33160 521.986
706.84119 731.222
712.36920 661.263
712.87122 1061.72
713.38806 1525.1
714.42444 434.45
721.38000 1069.89
721.88721 1004.81
726.37720 460.968
726.87451 611.972
744.34546 963.067
745.33728 525.553
748.41443 1244.72
749.39532 528.463
755.43610 607.441
765.36346 1952.55
766.42078 10817.4
767.42249 4566.42
768.42639 1280.15
769.91473 609.696
775.34979 570.539
784.43329 2006.06
785.44098 593.875
787.38251 984.801
793.35822 7818.83
794.34583 1952.94
794.45178 830.303
795.34064 582.852
798.32037 813.332
804.43860 651.808
821.47467 431.345
828.36456 1448.74
829.37109 515.297
832.43970 1751.39
833.44702 670.844
845.38837 1983.7
846.38843 2521.31
847.38947 1144.8
849.46814 633.761
850.46173 682.827
851.47888 445.101
864.39648 2749.88
865.39447 1130.62
868.43860 1339.02
869.44403 775.013
879.41742 636.531
897.38782 942.075
901.46228 2571.49
902.46570 1372.6
903.47748 3007.31
904.48029 1410.19
913.48633 557.188
918.43750 595.766
919.46503 778.89
920.47339 506.874
921.49548 443.869
927.43964 447.61
930.42291 834.652
944.45972 700.82
945.47528 571.156
950.45502 470.106
999.43884 1185.98
1000.44482 552.903
1001.44922 554.266
1016.56061 447.458
1062.49280 596.848
1063.49854 522.81
1075.50134 448.222
1286.59595 1267.45
1287.59290 1022.83
1288.59045 438.967
