1728.98783 3
110.07082 1233.72
120.08042 3029.73
129.10199 8539.09
130.06497 670.416
130.08604 2721.25
130.10515 591.774
133.08571 1196.95
136.07558 2894.08
147.11261 6512.75
159.09145 1052.5
166.06030 641.61
170.09247 820.052
171.11226 806.351
173.12756 420.703
175.11879 2232.74
183.11235 786.674
184.07079 923.326
185.05519 796.269
185.16455 5193.69
186.16864 550.929
187.14348 660.899
197.16451 2987.39
198.12331 542.647
199.10748 423.83
199.18021 1196.68
200.13809 562.907
201.12289 4489.05
202.08203 4127.6
202.12679 583.846
211.10741 818.454
213.05017 601.524
213.15952 3693.02
214.19058 654.933
215.13895 864.143
217.13669 1506.36
218.09526 2236.79
220.10524 450.713
227.17583 856.493
228.13376 13544
229.11845 3616.33
230.07678 3285.04
237.13419 2688.81
242.18605 2850.99
245.13277 591.278
246.09024 4900.83
247.09137 440.565
260.19632 9639.46
261.20013 1089.66
282.17975 510.71
289.13492 470.757
292.19379 483.664
297.15680 512.504
298.13828 539.843
299.09738 733.375
300.08191 3697.02
301.08572 439.684
306.16003 434.9
309.68527 742.053
311.20752 1132.38
314.15106 525.792
314.20438 483.696
315.16681 690.024
317.10861 6967.45
318.11139 581.988
318.17896 874.206
326.70496 602.964
327.20200 14459.5
327.27457 641.203
328.17621 624.654
328.20822 1929.65
331.17972 969.352
335.71008 635.009
338.18109 800.023
339.20172 2909.84
341.16537 606.975
342.14426 715.142
342.20084 3603.26
343.15918 1270.91
343.20291 732.678
355.26822 462.759
357.21255 5684.5
358.21555 1005.78
359.17401 16441.8
360.17630 2474.54
367.16037 1231.27
375.16992 510.147
377.19489 1551.04
382.24466 2870.31
383.72644 495.675
385.17291 749.356
387.17065 774.041
391.23660 8178.72
392.24005 1194.32
409.20227 447.72
412.18558 490.747
413.16495 1662.94
424.29163 589.467
425.27463 928.996
426.23334 718.738
427.23773 1057.85
429.23370 1079.81
430.19418 5153.53
431.19617 939.376
440.28494 782.485
441.73322 1061.99
442.22995 720.934
442.30200 5066.31
443.22910 515.439
443.30396 1204.26
444.26630 1226.08
450.24402 3184.05
450.74664 1408.87
451.26428 546.76
452.28601 2046.48
453.27124 723.081
455.28506 1325.39
458.24237 7336.64
459.24478 1335.84
470.29568 16010.6
471.29886 3721.94
472.25845 2678.83
473.26685 583.028
475.27383 451.362
484.27487 672.895
488.25418 3919.64
489.25491 987.097
495.32889 636.883
496.17685 669.185
498.24857 451.852
505.27893 18959.6
506.28308 4722.25
507.28635 1212.78
516.24756 1000.32
526.25531 581.547
526.30139 452.252
538.35986 1064.52
539.31433 896.259
543.28052 1543.03
544.33002 550.012
550.33185 1005.42
555.38440 6917.98
556.39038 1737.24
557.33130 904.927
565.36902 963.197
566.36371 508.668
571.32532 2588.35
572.33215 681.091
576.27271 2147.1
577.26825 871.829
577.37695 1445.23
578.26825 507.286
578.34216 700.517
583.38025 15744.9
584.38385 4930.06
585.38220 743.514
601.33765 1110.71
618.36273 46774.2
619.27136 670.601
619.36920 12855.5
620.36945 3706.38
624.39954 575.219
629.33240 465.769
640.28802 469.622
641.27142 604.718
642.41528 1206.78
651.43726 879.819
652.39911 3106.56
653.40387 1095.62
654.34235 762.78
658.29858 1267.85
659.31488 494.801
670.41138 5137.73
671.42383 1853.18
686.34882 494.385
700.40875 747.272
717.43060 39226.6
718.43488 15805.6
719.43463 4228.06
720.36096 1064.33
720.44867 501.475
727.87244 685.796
728.37195 603.472
736.87128 589.003
749.41687 812.718
754.35730 555.447
766.43994 849.613
767.43109 1679.33
768.44550 612.006
769.36273 1132
771.38550 1280.12
784.45654 3990.74
785.46088 1685.46
786.38477 1045.39
787.39185 584.454
810.33411 866.247
827.49786 622.24
830.51544 5837.45
831.51636 3026.4
832.51398 822.854
854.45898 788.454
855.47913 493.052
857.43872 708.028
864.44507 725.571
865.44513 544.992
871.48395 669.758
881.47034 2457.16
882.45801 6831.12
883.45807 2994.06
884.46411 708.182
899.48163 48888.8
900.48346 23319.8
901.48859 5552.03
902.49847 753.155
923.43121 525.147
945.54126 2414.16
946.54498 1336.3
947.53479 564.166
967.54291 2125.56
968.54718 1161.35
977.52838 1137.92
984.57281 2153.62
985.57312 1294.33
994.56067 1242.2
995.54077 4091.7
996.54901 1749
997.54022 549.678
998.54053 478.12
1012.56409 9739.58
1013.56744 4940.96
1014.57269 1595.98
1059.59009 761.077
1094.61487 864.041
1111.63000 2468.82
1112.63525 1456.27
1147.61133 489.753
1236.61584 534.725
