3914.63833 4
110.07134 486.64
129.10220 2519.7
130.08580 354.029
133.04288 3045.61
136.06104 310.409
136.07568 2185.68
147.11293 893.533
182.12871 915.046
198.12354 426.061
200.13921 4672.35
201.14259 332.375
217.08182 437.973
226.11833 1678.71
229.11775 306.504
232.11121 336.915
237.12300 498.541
246.12598 715.996
251.14986 526.1
260.10638 851.565
269.15979 1368.77
278.11261 378.858
285.13596 378.366
294.18063 2608.69
295.13986 3080.18
295.18240 443.656
296.14090 421.344
302.11368 484.267
367.13690 1634.4
389.14883 2840.59
393.11798 671.005
410.19421 565.554
431.24039 2576.88
432.24509 409.376
467.21634 841.853
467.71417 496.327
468.21173 337.158
472.18579 434.953
477.24405 410.497
488.21301 928.39
490.19901 490.921
494.27103 1936.58
495.27545 494.837
544.32520 1461.72
545.32703 429.723
548.74762 1055.99
549.24731 859.595
549.74585 502.734
592.24963 4394.97
593.25067 1367.09
599.26996 2137.02
599.76837 1178.16
600.26929 411.515
638.29150 391.61
648.26776 416.358
656.78540 702.297
657.28455 837.381
657.77917 540.505
659.34918 958.928
660.35248 318.056
705.27264 568.019
705.61829 355.864
711.28650 753.554
711.62030 528.246
713.32513 616.294
713.82605 932.709
714.32397 465.583
720.28235 506.551
738.63892 554.828
761.80640 545.467
762.29865 512.047
770.81281 771.93
771.30945 642.623
784.33801 404.548
784.82800 515.068
785.32922 409.404
793.34009 1334.15
793.84113 1479.74
794.34167 1075.95
794.83398 499.422
795.34998 397.633
796.32739 475.636
797.34735 439.582
800.34656 436.314
800.68085 1242.59
801.01276 599.856
811.32904 778.621
811.83417 443.878
813.33875 351.284
819.38257 2790.81
820.37329 1088.99
820.82617 344.305
821.36621 512.002
827.34521 1132.24
827.84509 562.227
831.00330 491.83
831.86615 390.261
832.10907 438.124
832.34937 383.401
837.36298 391.29
838.02948 363.984
842.87640 1063.28
843.37396 1320.16
843.70490 625.119
843.87347 747.913
844.01825 553.906
844.36285 680.448
869.87616 1091.12
870.37408 935.337
870.86395 607.125
900.87952 479.588
901.37274 767.923
904.37695 394.548
904.88745 380.456
905.15247 353.96
905.39398 1341.54
905.63983 835.595
905.88666 519.422
906.13080 383.498
908.41101 381.097
909.39209 421.158
916.38550 434.387
925.37408 350.5
929.90088 456.329
933.42377 5681.69
934.41498 4931.7
935.41479 2455.94
936.42133 875.343
940.39398 993.405
940.72223 558.269
941.05646 809.074
941.37952 460.159
941.74792 474.546
943.42334 358.844
944.39929 709.116
946.80328 722.978
947.12390 929.102
947.44824 850.967
947.79236 566.822
949.88593 618.196
950.40295 721.673
950.66602 859.42
950.91357 691.277
951.17664 1246.59
951.41888 688.007
954.92462 1881.84
955.17291 2461.2
955.42310 3649.72
955.67334 2689.59
955.92950 1908.3
956.17847 1002.14
956.43530 676.797
958.39233 759.143
958.89178 665.644
961.39777 348.766
966.88666 391.011
967.40161 780.155
967.92010 476.401
968.41571 631.014
971.44690 391.659
971.92310 354.232
974.10278 368.329
974.95575 377.452
975.17267 2088.79
975.41382 2265.57
975.66333 2272.8
975.91895 1349.37
976.15607 826.626
976.39020 387.8
978.89435 501.239
979.16620 631.376
979.40485 5703.96
979.64789 6625.59
979.91083 9378.22
980.17181 7535.2
980.41333 6610.44
980.61481 2729.9
980.97168 3881.09
981.19525 518.81
981.46729 1003.17
1008.42603 640.812
1008.94281 632.876
1011.41351 489.732
1015.89868 1224.48
1016.39771 1110.19
1016.91296 899.808
1017.43677 1563.43
1017.94159 1353.69
1018.43414 1114.53
1044.93323 453.179
1045.44958 374.837
1052.43445 534.36
1052.97546 431.588
1053.48376 390.311
1057.42151 3093.41
1057.93408 3296.1
1058.44360 2700.08
1058.94958 1594.84
1059.43982 686.771
1062.43372 426.895
1063.94104 773.845
1064.43420 629.393
1064.95251 469.758
1066.42859 3534.44
1066.94104 4944.94
1067.44666 3241.9
1067.96411 2202.55
1068.46411 683.662
1068.95801 380.797
1076.12366 349.972
1076.46362 853.628
1076.78540 381.158
1079.46399 430.099
1080.45544 401.739
1093.96899 628.112
1094.45630 648.903
1094.94482 473.408
1095.46375 511.152
1095.80823 573.849
1096.48572 4242.46
1097.47900 4177.65
1098.47046 1922.04
1099.47302 658.095
1101.96790 1314.3
1102.47205 1582
1102.81055 1758.47
1103.13147 1508.79
1103.47095 1913.73
1103.81433 1067.64
1104.15320 462.593
1106.48682 361.296
1106.95984 3310.18
1107.45593 4326.69
1107.95911 2962.14
1108.47485 5378.11
1108.81042 9419.05
1109.14185 9182.68
1109.47571 7679.82
1109.80237 3793.45
1110.12915 1570.24
1110.45581 555.719
1115.96130 6234.82
1116.46826 8694.68
1116.97534 5356.36
1117.48450 3113.55
1117.99304 1141.68
1131.49609 463.241
1131.99854 958.707
1132.47705 770.957
1133.01416 347.122
1145.48108 510.837
1146.16602 509.273
1151.50769 1044.2
1151.99561 910.583
1152.50439 727.457
1156.47278 413.554
1156.99622 1092.01
1157.49866 544.921
1157.99475 479.887
1165.49536 7505.04
1165.99512 8046.59
1166.49622 6330.82
1166.99695 1953.82
1167.49219 1067.9
1168.01550 419.73
1175.50659 370.631
1176.48950 450.427
1177.82568 355.464
1178.16528 513.342
1178.52002 432.936
1179.48694 350.043
1180.53369 502.209
1183.52307 1199.31
1183.85901 1176.32
1184.17981 1547.42
1184.50488 1102.13
1184.84473 524.144
1188.47717 353.502
1196.51538 1160.33
1197.02576 1548.65
1197.53210 4098.41
1198.52820 3725.01
1199.53113 1791.39
1200.00244 1680.16
1200.51306 3298.11
1201.01025 1540.33
1201.51099 1257.97
1202.50720 354.353
1206.52563 775.545
1206.84985 1049.03
1207.18506 1182.76
1207.51245 772.962
1207.85266 735.033
1208.18848 765.874
1208.50964 807.677
1208.82251 454.533
1209.51038 399.068
1213.52051 501.672
1224.53369 354.099
1236.99561 428.364
1239.51477 385.018
1245.50989 2328.16
1246.01270 3501.63
1246.51245 2153.63
1247.01514 1138.97
1247.53149 540.586
1253.05432 438.068
1253.55969 657.725
1254.05078 411.305
1254.56995 589.45
1255.55945 418.502
1294.52222 570.725
1295.54468 1042.01
1296.54822 573.37
1302.05505 858.917
1302.55383 566.886
1303.04626 549.832
1303.53528 418.772
1310.57007 673.224
1311.07117 525.996
1311.57922 910.199
1312.08496 371.148
1312.56238 5750.48
1313.56104 5185.72
1314.55615 2859.68
1315.55151 941.328
1316.55920 353.259
1352.09448 395.18
1353.10376 430.207
1359.56848 1098.65
1360.06299 1770.14
1360.56299 1037.54
1361.09094 781.739
1361.57568 447.891
1387.57751 828.477
1388.57898 644.941
1401.08923 935.489
1401.58569 937.896
1402.09094 868.356
1402.58801 691.754
1409.64160 383.75
1410.09094 360.373
1410.59167 644.687
1411.09949 461.138
1425.64246 2301.42
1426.64587 2372.35
1427.64111 1127.38
1428.66736 388.86
1439.54285 391.267
1516.13733 363.211
1516.62659 860.578
1585.67834 1805.69
1586.67566 1939.97
1587.67688 1156.62
1588.66760 583.158
1615.19446 438.279
1640.65820 476.892
1653.69397 580.098
1654.16553 403.479
1662.20837 1294.78
1662.70691 2680.64
1663.20728 2421.53
1663.71082 1803.47
1664.20752 1223.34
1664.70557 627.631
1684.75476 714.159
1685.72717 692.461
1739.74194 602.451
