2466.11130 3
110.07114 3807.41
120.08065 9367.8
121.08386 748.776
129.06567 1286.36
129.10220 3974.09
130.04970 547.939
130.08626 1723.63
133.04288 3916.57
136.07567 2873.38
147.07616 675.714
147.11276 5099.3
148.06056 349.969
155.08110 351.306
157.09705 410.926
157.13341 804.322
159.07628 2143.89
159.09180 1119.23
165.10312 405.447
166.06119 572.452
169.13379 495.502
170.04437 840.274
171.07674 423.026
171.11246 1004.68
173.12823 4868.18
175.11864 1160.54
181.06042 685.934
183.14894 1504.86
185.16481 930.766
186.08682 500.293
187.07121 6835.3
187.14389 1924.99
197.12840 1687.96
199.07124 1700.39
199.18008 536.396
201.08762 657.334
201.12314 2670.19
205.09866 780.584
210.02524 437.435
211.14417 827.592
212.10223 371.773
213.08678 983.957
213.16039 631.308
215.13881 3223.4
216.09830 463.567
217.08167 426.205
217.13496 368.753
219.14905 2393.98
225.12321 713.84
226.11807 591.173
226.15427 825.632
228.13379 370.611
229.11783 961.687
231.09875 792.495
233.09540 981.371
233.16446 1188.04
237.13582 378.447
240.13329 631.264
241.08093 1055.93
242.14934 1183.95
243.13354 3126.89
244.07668 982.28
244.12616 549.742
244.16519 7514.56
245.07843 523.385
245.13022 584.228
245.16837 1187.15
247.14392 798.998
249.12456 461.742
251.15057 617.598
252.10965 1375.47
254.14781 348.677
258.14459 1389.32
259.09171 1523.19
260.19742 876.877
261.09122 475.325
261.16019 1425.5
262.08612 1430.24
262.13782 1003.8
268.16473 438.357
270.10864 470.726
272.06967 2387.95
272.15652 463.582
273.05762 417.626
273.13535 403.986
276.15363 1135.57
278.15247 559.316
284.10349 492.603
288.11658 706.179
290.08011 5192.11
291.08313 490.357
298.10263 871.101
298.13922 453.299
300.15387 1541.33
301.13013 1532.48
308.15814 378.415
310.10440 848.772
314.17078 1387.42
315.16577 1115.58
316.11295 2487.81
325.18787 398.985
326.17056 5263.17
327.17358 878.604
328.11304 703.949
333.17639 5985.11
334.14038 1459.47
334.18015 948.205
341.21667 391.698
344.17908 839.905
350.21841 4119
351.22067 725.168
356.69214 727.122
359.19345 979.96
360.19897 362.786
367.12573 358.957
374.17651 450.076
376.18707 570.91
381.15076 1229.53
385.13452 397.692
391.16299 768.607
394.15344 1642.58
398.21078 480.522
401.11240 2896.18
401.20221 480.955
403.16394 1477.18
407.23404 576.989
411.18280 437.769
412.20932 794.155
412.70749 686.949
416.21335 948.287
419.12302 1128.08
421.21741 521.164
421.71506 382.846
425.20822 362.716
429.19861 631.328
434.22418 9075.74
435.22812 2061.8
437.20316 375.041
439.25562 1131.92
440.25537 489.097
443.21417 754.427
445.17529 569.952
454.75418 394.019
455.21204 779.504
463.18277 424.221
464.26111 2186.16
468.75046 392.659
469.24683 383.028
470.33347 1113.42
474.19656 534.059
476.14523 621.27
478.26309 469.45
494.23044 607.03
497.25748 387.108
497.76038 379.303
499.25351 379.269
500.23221 398.306
502.19809 551.356
506.27240 568.411
514.19531 903.341
520.20874 401.767
525.19385 850.646
528.21796 869.247
530.15356 400.907
532.20288 611.36
547.25635 421.377
556.29382 803.483
556.78888 438.469
557.29980 422.446
562.29492 960.938
563.20721 572.345
565.26263 6231.37
565.33594 428.516
566.26166 1398.74
567.25977 416.647
569.32910 6088.39
570.33252 2592.32
570.78577 784.587
571.34467 669.509
576.26825 675.48
587.28497 408.123
590.24902 874.433
590.75519 712.845
593.30408 6053.49
594.30646 1649.4
599.25629 919.187
605.18262 591.991
605.29547 543.392
611.25281 1677.48
612.25079 538.473
614.29565 821.807
614.79504 980.484
615.30042 645.033
629.26733 839.03
633.32440 387.58
635.30664 651.375
635.81378 500.683
641.30511 933.427
642.30542 393.369
643.23608 400.788
648.30035 1242.51
662.32861 500.341
666.31195 13689.2
667.31567 4430.94
668.31561 1433.13
669.31195 724.376
670.31116 452.383
671.33807 406.776
672.25537 822.773
681.38361 946.365
682.41656 2032.01
683.41766 1166.96
694.35889 424.807
695.34961 433.986
705.37451 846.009
708.38965 469.92
709.37054 1098.96
710.38239 577.032
712.38086 1109.53
713.38684 405.816
714.41473 477.731
718.26050 534.128
723.34119 594.363
724.34222 1994.27
725.34094 1175.5
735.84930 506.614
740.37323 5921.87
741.37549 2479.49
742.36060 1640.62
743.35577 833.75
744.34009 468.088
745.02545 435.562
759.33118 472.626
762.32892 494.072
766.38647 796.385
767.38721 566.532
771.37213 494.519
774.38574 893.318
777.34216 2898.34
778.34283 1234.46
779.34796 648.201
781.35718 494.223
788.49158 572.482
791.35760 388.829
792.39429 415.419
795.35455 16181.5
796.35596 6091.03
797.35931 1982.29
798.38342 573.36
799.36450 486.566
804.44897 576.058
806.38727 630.542
807.32202 532.175
811.45734 2250.23
812.45776 1694.32
813.47534 1126.04
817.47302 402.384
822.40826 1249.09
822.89044 1016.87
823.40967 11183.2
823.86194 423.064
823.99030 506.618
824.41168 5983.91
825.41071 1669.21
828.38562 955.055
837.42792 485.027
841.41840 8692.26
842.42218 3554.44
843.42267 1225.26
860.43732 460.571
866.45227 451.725
867.45697 491.906
872.43317 612.839
880.42645 721.034
881.44757 550.553
882.47107 413.439
890.42572 1645.04
894.44672 3486.29
895.44977 2719.25
896.45697 1199.26
897.46289 400.266
898.45428 634.281
899.45020 417.631
908.43768 13572
909.44135 6328.53
910.44641 2076.23
911.46057 720.874
912.46881 528.565
917.53528 483.392
924.54108 1540.33
925.54688 1207.64
926.54565 1103.99
928.40540 1022.53
929.40808 502.878
932.48712 399.611
936.49261 5435.28
937.49347 3022.19
938.50244 889.73
939.96912 674.068
940.47900 683.76
941.46942 570.172
942.48987 437.851
947.43909 447.843
954.50409 5448.24
955.51068 2855.75
956.52649 769.58
971.96735 677.613
972.46344 777.748
972.96381 459.816
984.55811 514.039
993.52130 846.451
994.51392 954.93
995.58502 1761.41
996.59265 1306.65
997.48523 616.168
1001.45374 583.407
1011.52649 5831.65
1012.52802 3169.22
1013.52594 1954.78
1014.53021 862.481
1019.46655 2546.77
1020.47400 1368.86
1021.48218 618.48
1027.47876 461.396
1028.51709 1692.48
1029.00891 531.104
1029.51453 945.432
1037.48022 7905.07
1038.48157 4053.24
1039.48096 2062.02
1040.47632 461.115
1041.51953 1414.32
1042.51453 1485.49
1045.03394 674.789
1045.54590 1075.76
1046.03052 501.635
1057.44836 608.465
1059.50183 411.148
1070.51660 679.477
1073.59827 621.825
1074.58777 418.619
1077.04199 791.668
1077.54077 1213.32
1078.03870 714.04
1082.51062 409.012
1098.53442 1234.15
1099.54639 1161.55
1100.53052 591.079
1112.57898 774.829
1113.60852 564.921
1115.61670 399.082
1120.58850 555.803
1121.59387 490.84
1122.56006 476.93
1123.53003 536.056
1124.62024 1143.98
1125.63428 1126.4
1126.64539 471.902
1140.56775 5249.82
1141.57117 3497.82
1142.57642 1319.23
1157.54993 659.369
1158.53333 457.502
1171.51868 425.327
1172.52747 430.362
1179.49475 870.616
1180.48694 1203.99
1181.47229 687.817
1196.47705 858.914
1197.51123 7289.19
1198.51318 4396.14
1199.51355 2275.78
1200.58337 873.256
1207.57397 610.26
1208.59668 399.977
1227.57996 4988.32
1228.58142 5684.1
1229.58240 2591.42
1230.58862 778.003
1251.59668 883.02
1252.58850 564.42
1269.60767 3133.81
1270.60828 2518.09
1271.61389 1286.34
1281.60583 846.827
1282.62622 1353.49
1283.62170 721.494
1286.58228 882.603
1287.56677 558.513
1308.54443 1326
1309.54651 895.987
1326.55286 2849.22
1327.55945 1889.24
1328.54822 1086.19
1338.63281 762.327
1339.62988 402.405
1340.66711 866.278
1341.66992 628.428
1345.60437 1153.29
1346.60474 770.627
1381.68860 413.858
1385.65234 600.466
1386.66870 443.428
1429.62830 518.041
1469.70264 704.305
1470.69385 759.843
1471.71582 414.701
1512.61499 1376.55
1513.61975 989.913
1514.59338 450.913
1540.73157 455.697
1541.74634 907.942
1542.74487 527.72
1558.68787 1007.57
1559.69067 708.067
1560.67126 437.033
