1787.92801 3
110.07098 634.684
120.08044 15836.2
121.08390 977.036
129.10194 3071.18
130.08646 197.246
133.08569 359.672
136.07541 1770.13
147.11255 518.73
158.09203 624.834
159.09145 470.934
159.11247 721.176
173.12782 349.199
175.11855 3674.82
181.09729 602.637
183.14891 256.135
185.09248 260.452
185.16394 209.603
186.09042 206.341
187.10760 855.6
187.14375 283.62
190.09679 461.235
199.18007 424.514
200.17535 249.214
202.08179 377.371
203.10248 579.686
213.08670 542.388
214.11743 238.543
217.13336 336.724
219.14876 2315.31
220.15399 209.041
228.17047 335.267
229.11455 216.597
231.10034 1371.6
231.10637 1339.88
233.16548 230.467
235.10709 760.459
245.12691 320.211
247.14378 1052.35
249.12308 1186.89
259.10818 217.03
263.10175 248.774
268.16599 349.24
274.12122 211.478
277.11832 798.806
292.12961 281.06
297.15469 272.579
304.18195 312.287
305.16006 3097.6
306.16327 437.608
315.16602 369.426
316.14230 402.804
316.17407 294.654
322.18649 2454.84
323.18979 275.601
325.18509 308.38
331.19653 307.203
334.17523 683.103
342.21350 528.473
346.13931 848.444
347.24167 259.822
360.15387 325.214
364.14871 256.845
376.18616 300.477
378.16364 388.415
404.22891 329.041
411.23419 224.765
415.23480 308.715
421.25577 2997.89
422.25842 580.715
427.19537 328.195
429.24506 611.72
430.19534 901.918
430.73584 261.996
435.72223 264.712
444.23230 1052.81
444.73380 578.321
445.20355 217.288
453.23953 626.141
453.73834 235.385
473.24927 239.92
486.24567 210.933
490.27368 505.087
491.26096 823.993
494.75717 785.757
495.25894 436.492
507.29984 223.884
508.28659 23045.1
508.75491 1023.44
509.28961 4973.1
510.29309 489.78
514.33606 423.107
518.26288 215.136
524.31934 598.921
525.29761 287.551
529.25842 213.152
542.32849 1648.27
543.33179 334.683
577.25684 404.219
589.34802 461.346
590.33331 457.435
595.29199 654.297
595.38458 286.9
596.27374 1444.8
597.27930 868.666
597.38342 336.361
597.82263 216.304
607.35443 13975.3
608.35742 3964.04
609.36218 497.982
639.34497 739.686
640.32849 461.461
657.35486 7669.66
658.35876 2207.91
659.36755 242.334
660.29242 248.734
661.38232 254.092
662.39087 225.527
736.40619 233.905
737.40393 256.086
740.38818 219.54
754.42267 13830.4
755.42590 5165.93
756.43286 831.068
759.40143 305.285
769.37354 303.348
774.46887 226.375
775.47382 306.892
776.42938 736.848
777.43494 297.911
786.41315 729.257
787.40082 479.46
788.39648 221.453
804.42230 3694.95
805.42871 1601.75
806.43402 276.839
807.34003 229.066
817.45880 401.637
865.45569 1164
866.45276 647.77
869.43994 305.423
870.43512 360.196
877.48126 439.531
883.46466 6428.52
884.46881 2738.45
885.47308 436.816
887.45978 3329.4
888.46118 1432.89
889.46271 455.698
905.47070 1997.7
906.47528 814.655
916.52460 397.05
922.47546 283.173
984.51239 1481.37
985.51056 691.753
990.48047 298.507
999.48895 359.671
1006.52051 498.55
1007.51685 519.679
1016.50378 1516.61
1017.50012 1005.48
1018.49438 326.289
1034.51282 5788.07
1035.51404 2822.34
1036.52466 617.475
1123.73999 461.376
1124.74451 243.787
1153.57190 388.664
1154.57129 283.236
1163.57251 318.66
1164.56506 402.203
1181.58240 1577.84
1182.58032 1002.6
1246.60498 244.551
