2416.95682 3
129.10188 33563.1
130.10458 1628.61
147.11227 4256.06
159.07613 1875.43
198.08737 2170.2
201.08635 1961.5
203.06654 1613.85
216.09715 1785.91
216.13383 5391.9
222.12341 3889.2
226.15445 9965.02
227.06639 2006.26
228.09706 1458.07
239.14970 21066.9
240.13380 19540.5
241.08020 2146.1
241.13640 2136.66
244.16481 51395.2
245.07645 3669.67
245.16832 5242.32
255.10898 2604.1
257.15936 3459.97
259.09180 1754.25
274.10251 2299.79
309.15543 1465.09
313.11237 2276.67
313.15088 1724.73
327.16559 1830.52
331.16028 2179.33
344.19263 1588.75
356.10754 3278.86
370.13480 3197.14
372.25842 6685.34
374.11868 2076.43
385.13464 1854.06
403.14526 2748.84
407.70047 3606.76
424.18161 4330.56
441.21057 2991.11
442.19208 5627.57
443.17664 1964.11
459.29156 19157.4
460.29385 3988.71
471.17990 1474.55
474.22253 1605.54
489.14542 1528.11
495.21902 5056.56
499.17365 1855.06
512.24994 1735.07
513.22876 4780.39
521.17914 1426.48
528.21417 2511.22
529.24188 3818.37
529.73535 7742.52
530.23529 2631.94
538.25690 1838.01
553.22931 2230.6
555.24066 2942.81
555.74036 1487.53
564.25018 1747.64
568.20062 2584.94
572.75647 6360.5
573.26007 3456.07
574.31732 12929.2
575.31781 2731.73
576.17413 3220.71
581.76306 2891.35
582.27130 1475.55
585.22614 1720.45
592.75690 5705.31
593.25763 2936.67
601.26849 17121.1
601.76923 9617.76
602.27002 3126.33
606.25360 1848.09
610.27362 4382.58
610.76819 2783.59
613.75269 3615.3
614.24371 1735.99
622.25824 1987.89
622.75421 3788.64
623.26776 2775.6
624.26178 5514.71
625.26843 1871.78
628.21954 1780.89
641.28912 4132.42
642.27460 5674.6
642.78937 1722.27
643.28302 2940.3
651.79169 6764.71
652.29352 3539.61
661.29797 2609.02
677.78400 1682.69
680.30481 4515.47
680.80096 2066.79
685.35358 2627.01
691.30328 2023.07
699.81213 4315.38
700.31293 3265.39
700.79791 1543.38
703.36005 17144.2
704.35968 5440.22
708.81378 9660.78
709.31598 5320.1
709.81543 2302.82
714.26959 1476.87
717.83136 2173.94
721.25330 1497.03
722.23889 1903.24
726.77771 2698.93
735.29230 5018.85
735.78693 2690.26
736.28796 2196.59
741.64380 1864.39
743.24573 1950.19
746.97412 1507.41
747.31647 2315.08
750.30731 2127.89
753.30646 4368.79
754.30627 1522.29
755.64990 1989.96
755.98553 7506.85
756.31561 8860.13
756.64709 6571.78
756.98395 1933.09
757.32513 2517.05
757.81238 3825.73
758.31775 1948.18
761.65790 6200.84
761.98730 15249.9
762.32117 18144.6
762.65173 9862.9
762.98480 4098.18
766.32776 4857.97
766.82874 3914
767.33588 1944.83
767.66248 14404.4
767.99268 26859.6
768.32440 23053.9
768.65820 9872.77
768.98657 2893.89
770.33508 3891.58
771.31665 4019.99
772.32330 1526.71
773.67090 1974.41
773.99640 1482.52
774.34131 1751.33
775.84637 1846.14
788.98206 1757.23
794.64960 3165.88
794.98181 2817.06
800.32019 3800.25
800.65167 7431
800.98523 5470.1
801.31714 2741.44
813.33734 1973.05
814.39923 4793.97
821.84552 2222.85
822.33868 3027.21
822.84637 1621.22
830.28326 1665.46
830.84747 4012.38
831.35364 4311.9
831.85474 2573.42
832.40503 18384.5
833.40588 6753.54
840.36279 2070.03
844.29138 1489.36
851.28278 1767.5
867.33685 2250.87
868.32416 2945.57
877.86285 1937.09
885.35773 5213.96
886.35046 8683.32
886.87073 1558
887.35419 4082.39
895.37543 2968.4
895.86743 2285.71
903.36029 1685.78
904.36755 2675.53
913.36084 1722.14
921.85333 1605.71
922.36829 2807.3
925.35065 1762.2
929.41858 3444.78
930.88513 3655.65
931.39404 3025.81
942.38208 2740.32
947.42987 28401.8
948.43176 12513.2
949.43945 2946.77
958.35016 2728.63
965.32690 2408.88
966.30768 2104.95
979.87311 1848.17
981.39282 1539.24
982.38080 2261.76
988.39984 2205.23
999.39990 4637.4
1000.39478 4020.88
1001.38348 1625.95
1014.40454 1945.36
1017.41040 1734.37
1018.42529 1537.41
1022.90601 3442.21
1023.41882 5570.85
1023.91235 4028.67
1029.40540 2212.37
1031.91736 9363.61
1032.41919 10713.3
1032.92090 5746.26
1033.41418 1682.83
1058.46460 7876.67
1059.46191 3292.34
1075.49158 7452.33
1076.48779 3173.17
1079.38806 1619.5
1082.44177 1868.4
1083.42188 4335.57
1084.43347 1625.05
1100.45752 3000.04
1101.43188 3808.51
1118.44189 1876.74
1127.47864 4280.86
1144.51440 2131.37
1157.46753 1589.73
1162.52075 4272.7
1163.53052 2626.1
1173.46301 1614.81
1183.53931 1644.1
1184.51587 1690.78
1201.52942 12771.4
1202.53552 8596.51
1203.52405 2630.59
1219.54407 7892.1
1220.55457 4000.48
1227.46448 1996.83
1244.49255 1885.37
1302.57410 2253.7
1303.57239 2344.57
1359.61108 1790.53
1360.59216 1991.04
1416.62317 3412.17
1417.63086 2788.44
