1126.50408 2
110.07106 2737.62
111.07430 203.699
112.07558 236.514
112.08665 1109.69
113.07092 274.799
115.08634 799.3
116.07035 653.153
120.08056 5885.59
121.08374 340.253
125.07090 455.672
126.05492 424.033
129.06583 398.515
129.10210 3821.18
130.06453 616.098
130.08604 976.111
130.10361 271.967
132.08102 224.042
133.04289 244.096
133.08578 2298.8
136.06174 437.454
136.07558 2237.23
137.07861 239.118
143.11816 189.004
145.06058 199.884
147.11264 1387.1
153.10210 7769.98
154.02608 827.459
154.10541 713.021
155.08145 372.608
157.10841 523.322
157.13373 297.405
158.09219 2739.55
159.07625 221.977
159.09129 2282.19
163.08636 343.361
166.06065 383.121
167.08284 255.104
167.11783 564.944
169.09740 252.436
169.13332 2256.67
170.05998 262.463
171.11295 546.818
172.10750 725.09
173.09209 594.811
173.12827 293.082
175.11876 7466.8
177.11104 408.378
181.09697 10421.7
182.10077 919.459
183.11206 241.811
183.14894 300.238
185.05455 196.34
185.09180 212.513
185.12868 199.306
187.10709 239.343
191.08124 2328.62
192.08511 195.243
195.08606 257.143
195.11273 884.517
197.12817 733.488
198.08685 328.596
198.12297 495.162
199.10799 350.043
203.06615 219.122
203.10172 341.159
205.09691 708.813
206.09230 2011.41
206.12865 188.598
207.10010 668.069
208.10777 8664.65
209.09167 6828.69
209.11133 633.199
210.02507 242.972
210.09610 570.027
212.10321 282.826
213.08614 199.351
215.11366 2066.93
215.13846 663.224
217.08504 258.426
217.13319 2673.91
218.13736 254.321
220.10750 568.846
222.12277 330.718
223.15573 194.626
226.11852 1216.11
227.10123 316.889
231.06136 524.359
231.09798 404.141
232.14023 5133.38
233.14342 448.693
234.12354 979.01
235.10518 337.772
240.13319 213.07
242.14912 251.501
243.13240 292.938
244.09244 281.489
245.12773 3522.89
246.12303 1489.89
248.10268 1098.46
248.13968 305.288
250.15388 397.151
251.15019 402.217
252.13373 222.939
255.14522 490.225
258.14188 242.786
263.10117 192.85
263.15033 490.437
264.13367 1421.6
265.12991 403.679
265.16565 234.328
267.14890 792.129
272.17175 446.623
273.13510 638.944
274.11877 1405.06
278.14917 2146.73
279.07483 355.195
279.15225 280.421
281.16052 701.756
288.17172 245.428
288.20248 309.704
291.14456 7359.78
292.12823 3135.07
293.13123 450.181
295.14294 514.981
306.14160 238.355
307.14230 380.067
308.12540 209.087
309.15527 1767.96
310.15891 298.83
312.16907 4008.74
312.66931 990.964
314.18643 879.696
317.16049 285.388
319.17538 587.103
333.19138 808.534
335.14996 370.818
336.12180 224.647
337.18713 234.307
342.18088 1344.27
344.17133 236.213
345.15463 212.597
346.08881 267.014
351.68814 569.701
352.16772 307.939
360.20163 264.745
360.69440 4881.16
361.12714 1175.52
361.18982 4510.14
361.69781 296.337
362.18253 2945.03
363.18469 548.551
379.20798 5593.23
380.21158 1008.8
388.19662 619.724
389.12137 3712.97
389.17953 1372.25
390.10260 1920.23
390.18286 369.514
391.10727 350.549
392.19626 1285.78
393.19998 315.748
397.22305 787.011
398.22797 227.401
402.21246 1170.2
402.71545 503.913
403.16272 341.553
407.13135 1015.59
425.21741 513.812
449.21875 462.24
453.21332 212.398
458.24091 437.959
458.30740 450.94
459.23532 301.322
461.25562 854.825
462.25385 221.106
466.24414 795.582
467.22458 411.774
489.24942 927.609
490.25119 245.455
491.23993 426.867
492.75403 281.667
496.25568 223.253
496.75958 223.962
505.76288 7896.46
506.26471 5917.71
506.76566 1398.29
507.26913 203.723
509.24966 1013.83
510.25018 210.909
514.76788 1503.29
515.26874 1062.28
515.76593 219.217
526.27618 7783.71
527.27905 2323.03
528.28247 357.521
536.26050 763.003
537.26709 304.876
545.29224 212.878
546.27209 677.186
547.27924 280.566
553.27472 446.176
554.27411 208.939
556.21405 255.859
563.29694 2336.79
564.28204 1936.19
565.28284 792.649
572.28894 283.256
581.30664 224.218
587.35168 296.654
589.27441 296.017
604.32446 1074.19
605.31573 1549.44
606.30414 3073.65
607.30640 1072.37
623.06708 211.13
623.32843 31509.7
624.33154 11649.6
625.33521 1975.12
626.34039 225.988
632.31958 1322.78
633.31921 745.826
644.34460 330.888
650.32874 220.695
660.34900 2240.68
661.35162 857.068
662.32355 865.755
663.32581 359.341
668.30383 294.469
678.35889 320.399
681.35773 244.177
686.35480 516.423
702.37274 1526.21
703.35657 3668.92
704.35944 1563.55
705.36371 242.807
718.36554 306.797
720.38110 22386.1
721.38501 9992.61
722.38776 1742.93
727.40430 321.525
751.39246 1177.48
752.39520 614.458
775.40997 366.353
777.40411 1065.51
778.40588 633.503
779.39124 553.3
780.39124 207.866
785.40875 506.102
786.39514 747.047
787.39044 750.987
788.40503 694.012
789.40326 330.973
803.41827 6302.36
804.42163 3187.64
805.41962 710.794
808.42242 362.618
821.42853 2096
822.43335 1056.7
831.41351 2873.23
832.41614 1427.14
836.40588 610.064
837.41394 297.711
854.41748 806.268
855.42322 324.26
900.47455 510.384
901.48444 257.023
