2234.07474 3
110.07120 1593.9
116.07036 240.275
120.08068 2914.2
129.06599 434.55
129.10222 3532.71
130.06543 483.458
130.08649 709.217
131.11780 284.314
133.04294 1609.58
133.08583 927.587
136.07571 10174
137.07893 661.375
141.10210 470.388
143.11777 674.398
147.11278 1877.7
149.07411 314.966
155.08151 320.93
157.09723 894.753
157.13261 315.737
158.09250 303.218
159.07632 387.051
159.09167 2073.65
160.09546 230.181
167.08160 984.04
169.13376 385.219
171.11285 1229.94
173.12830 806.727
175.11896 4671.48
176.12375 252.425
177.11140 377.626
181.09727 1339.25
183.11276 640.917
183.14922 364.673
185.09207 1236.82
185.12822 322.594
185.16472 1195.55
186.08643 455.988
186.12358 420.954
187.07112 641.004
187.14384 801.119
197.12828 652.595
198.08826 279.26
199.07097 318.809
199.18016 533.049
201.12326 2250.25
207.11281 1033.79
210.02580 407.403
211.10706 254.288
211.14305 242.875
213.08693 289.273
213.15984 1259.99
215.13882 1883.79
216.09750 740.393
217.08195 649.463
218.05971 492.711
219.14905 235.157
223.10699 240.401
223.15575 250.91
225.12361 604.239
226.11861 328.844
226.15526 654.959
227.17558 478.178
228.13376 472.93
229.11830 1245.15
231.09831 373.077
233.16483 437.656
234.14523 232.545
235.10597 348.36
240.13437 768.208
242.15001 1519.86
243.13403 2683.84
244.09251 950.003
244.16566 1956.67
245.07721 538.825
247.10794 1666.45
251.10223 407.705
251.15068 475.759
254.11388 493.718
254.14970 414.987
257.16074 479.424
258.14420 866.162
259.09210 716.214
260.10675 868.625
261.15936 353.297
265.11807 3457.79
266.12183 588.065
268.16498 256.455
270.10736 298.525
272.12363 414.272
272.17529 350.908
274.12073 403.083
274.18661 1266.31
275.10229 922.25
280.16547 1248.75
282.14557 256.238
282.18198 287.113
284.19772 367.411
287.13474 286.903
288.20309 376.844
290.11517 336.836
292.12872 470.812
293.11292 1105.78
296.19830 292.767
297.15479 337.288
298.17609 1517.11
299.17566 321.408
300.15057 359.957
300.19141 277.08
309.15445 249.817
311.17038 246.17
312.15350 426.138
313.15384 241.819
313.18753 524.518
315.16681 366.196
324.09961 602.43
325.18661 318.139
334.13956 362.95
341.18228 509.689
342.20261 600.705
345.22452 1148.18
346.22751 345.261
347.19315 1034.91
353.18518 556.543
355.23224 311.009
356.21887 386.944
357.17703 434.679
358.16025 636.103
358.20770 1008.17
361.14917 268.9
362.13449 1345.22
363.13675 299.26
367.19705 722.38
369.24869 987.852
371.20758 437.753
373.19363 295.678
377.22028 280.02
379.23502 306.705
380.14651 366.391
381.12119 624.216
384.20227 982.583
385.20648 803.085
387.27167 256.436
388.69376 277.832
397.24478 2407.3
397.68381 320.227
398.24814 491.207
401.16290 251.323
406.68921 1521.75
407.19275 631.711
409.20856 255.047
415.26215 243.092
420.25552 247.488
425.24039 268.554
432.25650 3558.03
433.26083 640.299
442.23199 359.458
445.24152 372.727
448.75867 256.55
453.23843 287.697
456.28491 556.258
457.23795 510.588
458.22586 517.3
466.26617 454.915
468.24390 283.38
468.76859 333.93
470.25671 373.585
475.25119 1134.58
482.33685 268.749
482.76358 625.818
483.26187 409.9
484.27811 1221.53
485.27579 654.779
488.21906 812.994
488.72214 252.787
491.77216 917.971
492.27972 337.951
497.28711 937.481
498.29773 327.73
500.35419 395.894
509.75943 329.947
510.32986 877.131
525.30756 330.488
526.28973 390.088
528.20709 1369.65
528.31549 561.862
529.20831 484.5
534.31158 398.179
534.81848 263.771
539.31146 300.457
540.31677 297.708
546.21790 904.438
548.32483 259.209
575.35431 445.436
581.32867 569.197
585.33679 2012.48
586.33435 496.17
588.33539 2622.98
595.31964 2309.65
596.32135 708.557
597.36731 475.74
598.35809 1620.82
609.28076 264.541
610.37415 913.202
611.38141 422.621
613.31390 507.631
621.36530 310.406
629.32678 354.746
631.30762 563.479
635.30566 268.644
637.41663 337.252
639.37024 1875.03
640.37701 750.459
641.29333 2023.22
642.29510 657.53
645.36328 258.417
647.33911 563.387
652.34052 10903.4
653.34290 3967.5
654.34064 839.076
656.37384 2051.09
657.38007 710.621
659.30396 1885.28
660.30621 897.548
667.39246 738.449
668.90698 273.274
674.42603 309.833
677.31091 1365.79
678.30084 441.135
678.40051 572.028
687.39069 276.45
693.32013 285.401
694.42108 410.884
695.89783 2719.9
696.39825 1874.07
696.89587 444.422
701.41986 2662.52
702.42865 657.701
704.90143 279.846
705.41400 365.764
708.39783 444.102
711.44385 1189.01
726.40454 1333.52
727.41211 1827.26
728.41516 479.092
730.36914 291.985
736.34052 280.274
740.35309 529.303
741.35870 319.814
744.45789 420.665
744.87347 471.185
745.32544 1287.35
745.43103 1621.87
746.41699 2274.53
747.44244 692.623
747.72870 295.384
747.96210 308.796
748.39197 587.762
758.37097 2974.58
759.37457 1187.21
766.46204 1124.3
767.47296 363.328
775.44531 774.35
776.37762 2968.17
777.38623 1177.68
778.38745 427.079
784.37097 319.836
795.34589 416.958
800.48834 1682.67
801.48254 526.057
809.48608 465.768
812.37189 11928.5
813.37402 5624.52
814.37012 1400.72
815.35803 292.454
822.47931 307.364
823.41815 291.202
839.50110 1424.98
840.50977 435.974
841.45300 1603.39
842.46039 702.02
855.46393 325.659
866.41101 347.157
871.45654 831.038
872.46307 355.029
873.45752 317.797
880.53162 308.467
881.49341 888.616
882.50537 382.234
889.47040 1033.7
890.47192 519.791
896.52356 488.399
905.44458 457.036
913.39819 382.24
914.39941 337.218
915.40826 344.735
916.43121 533.948
916.93799 358.828
925.46881 529.721
926.48016 310.568
929.53278 2153.5
930.54004 536.943
931.53198 330.322
936.51672 283.235
938.59711 533.757
939.60413 280.115
942.50104 2248.79
943.50464 1057.54
944.50781 374.732
953.54816 654.178
954.55634 394.618
964.52600 1708.6
965.53387 695.258
972.44934 306.205
975.43329 8484.31
976.43555 4711.81
977.43506 1496.92
978.42554 420.647
980.46118 435.194
980.96405 592.648
981.46710 387.424
982.53845 1992.26
983.53967 1049.81
984.56421 288.207
1000.50153 812.881
1001.50476 548.243
1004.50116 286.032
1018.51190 1318.45
1019.51324 849.778
1020.50726 333.228
1024.56372 381.909
1036.55237 338.543
1040.57141 388.458
1041.57104 1412.04
1042.58423 615.08
1046.46838 3832.51
1047.47070 2112.72
1048.46826 889.203
1054.59399 377.856
1058.57410 2273.64
1059.58508 794.371
1065.59204 421.748
1067.61975 684.973
1068.62561 481.227
1071.59778 332.031
1077.61499 1128.37
1078.61755 628.613
1082.58350 3328.09
1083.58850 1331.47
1086.44946 310.678
1095.62134 1609.08
1096.62598 849.987
1097.63977 333.984
1103.49316 12950.2
1104.49377 8489.19
1105.49438 3148.37
1106.49280 787.872
1140.64612 493.19
1157.64355 712.535
1181.65479 701.788
1194.70020 844.124
1195.70093 871.568
1196.71924 365.558
1216.57544 3190.18
1217.57764 2028.63
1218.58057 1005.21
1219.57971 361.416
1241.62671 351.966
1310.70557 321.491
1345.61816 1761.08
1346.62793 1239.86
1347.62366 679.064
1400.73193 350.918
1439.74158 429.126
1458.70679 982.381
1459.70667 878.978
1460.71973 495.422
