2882.23880 3
110.07100 867.182
129.10185 1941.25
136.06149 1128.1
136.07541 368.264
147.11240 698.844
155.08122 308.376
175.11873 638.61
201.08702 310.267
210.02519 307.465
223.15489 2367.79
230.09523 522.547
240.13258 415.039
251.14969 2680.31
252.15244 274.148
258.09009 1097.61
259.09189 506.142
264.06360 746.681
268.12723 312.718
272.17194 757.48
273.15503 1031.69
275.20706 839.536
303.21268 997.877
312.04855 441.946
318.14810 545.645
330.05872 652.481
339.07764 388.968
355.19485 464.822
359.13712 689.822
387.18756 384.198
398.11194 519.222
411.25970 396.525
428.03625 598.229
429.26602 280.023
436.21793 1282.56
470.13986 356.688
490.27444 439.095
491.15128 463.961
501.30200 1915.92
502.30505 613.15
521.27332 716.776
523.26849 881.894
523.76196 332.283
534.19366 643.748
537.26331 1704.49
539.28473 561.891
556.31311 338.977
570.32190 323.513
574.32697 351.863
580.30902 410.492
587.79010 1736.07
588.28931 1120.14
588.78674 307.851
598.31848 2531.22
599.32129 735.133
600.32965 568.421
618.24957 386.143
619.24725 728.55
635.24078 1212.08
636.77631 397.846
637.33105 2295.48
638.32990 1020.56
643.30743 318.014
643.80762 406.301
649.36237 540.945
650.35504 653.616
652.31006 2996.08
652.81189 2315.12
653.31323 795.213
667.37415 7874.26
668.37836 2868.24
669.37769 391.407
683.34436 305.885
692.34912 2760.96
692.85144 1730.01
693.35620 661.491
697.40247 686.579
700.83606 684.236
701.35004 335.846
717.32251 634.39
718.30316 302.399
732.32892 379.636
741.33514 1850.76
741.83838 1162.09
742.34467 392.275
747.34656 360.505
748.33521 460.172
765.35278 4623.89
766.35370 1555.11
767.35907 723.592
779.39941 386.873
780.85254 580.261
781.35034 441.884
822.36938 335.854
831.37103 624.578
831.87506 332.157
837.48285 809.532
845.46008 385.126
846.47180 1879.25
847.47467 602.273
848.47589 364.549
854.94897 607.938
855.44714 673.951
855.93579 298.523
863.45715 4223.87
863.95593 4920.85
864.47821 19537.9
864.93005 487.32
865.88550 375.445
866.39404 343.229
872.46790 681.27
872.96021 1450.46
873.46765 1381.02
874.87128 347.524
875.97107 412.869
882.49426 1461.77
890.43225 329.147
891.10217 341.01
896.10553 1299.49
896.44183 1755.69
896.76782 1502.16
897.10602 951.089
897.44928 452.48
903.42151 336.409
903.94366 477.496
904.44012 681.498
907.40643 360.319
907.91248 449.56
908.41229 398.972
912.44806 2722.52
912.94379 3990.24
913.44385 2897.72
913.94708 446.154
916.91400 538.749
917.41046 411.329
921.95642 480.541
922.76770 395.889
925.42456 509.462
925.91522 353.41
926.43140 342.56
928.44849 622.8
928.76624 922.381
929.09894 1504.29
929.42841 1295.87
929.77130 536.922
935.45074 538.899
938.54724 473.543
939.53198 359.862
944.44678 1147.81
944.89154 459.706
951.08203 344.306
951.93115 1036.16
952.42767 915.734
952.93292 837.906
960.93152 848.413
961.42664 2996.85
961.93549 1490.01
962.45239 10496.3
992.45587 304.835
1001.95477 419.716
1010.46881 1345.74
1010.96967 904.174
1011.47076 739.836
1011.96222 463.06
1025.58154 694.044
1025.98059 588.376
1036.51111 576.819
1053.47058 639.723
1054.47266 415.531
1069.46790 485.563
1069.79077 966.697
1070.11707 732.738
1070.46826 552.729
1123.54578 674.236
1124.55054 387.195
1126.61230 752.771
1127.62085 318.056
1174.57642 921.483
1175.57080 677.249
1218.58276 843.126
1219.08435 1343.85
1219.57959 704.666
1220.09888 336.636
1224.59717 692.098
1225.57776 501.597
1267.56482 404.084
1268.07507 446.932
1268.58179 317.63
1275.63098 435.396
1276.62793 331.915
1285.61182 420.5
1286.61182 675.287
1303.61267 4113.2
1304.61609 2981.08
1305.61707 1091.7
1383.69250 1272.06
1384.68396 998.121
1385.68616 534.559
1401.59167 813.833
1402.58594 530.596
1453.06628 332.677
1481.66248 1059.66
1482.67310 718.236
1483.69470 351.9
