2042.86113 2
112.08651 758.066
113.07054 305.59
115.08652 429.897
116.07011 310.198
118.03197 596.961
120.08035 1067.65
129.10201 5128.48
130.10448 292.175
136.06151 966.649
141.06563 673.971
141.10165 348.875
158.09201 804.193
159.07599 1010.23
161.09119 289.932
167.08099 364.848
167.11716 520.807
168.11250 660.999
169.09688 955.878
175.11856 7642.45
176.12263 407.261
181.09709 314.032
185.09396 323.458
185.12820 773.08
186.12331 2223.09
189.08621 350.133
192.04015 300.792
195.11232 1293.34
199.10818 408.281
203.10216 655.539
204.13298 315.783
207.11203 319.981
212.13922 912.826
213.08687 567.414
213.12328 646.739
216.09688 334.576
225.13457 484.962
226.11829 765.528
231.09711 1201.1
238.11856 324.773
240.13411 592.991
243.14410 297.857
244.09294 376.699
244.12944 391.925
245.07574 371.089
251.14999 419.781
252.13461 514.727
254.11270 478.448
254.16113 963.503
255.14473 2711.82
256.09229 682.65
256.14545 405.523
259.17706 318.389
264.06149 440.719
269.16037 1086.58
270.10776 1303.69
270.14264 652.173
272.11411 508.752
272.12897 483.137
272.17120 31553.7
273.17429 3501.66
274.10257 421.508
282.10818 381.182
284.08691 313.574
287.17108 1687.65
288.11746 524.677
297.15512 1045.27
299.13531 293.413
301.14795 322.515
302.09610 381.73
309.15701 367.225
310.10443 302.402
312.04807 1334.8
313.11133 298.499
318.14645 1852.69
324.16629 1525.46
327.16461 544.736
328.11215 384.079
330.05981 871.006
335.17084 523.403
337.14920 997.662
341.19247 6448.17
342.19714 825.982
346.12241 544.535
352.19644 657.684
353.17880 854.273
355.16010 1617.18
357.14001 292.667
359.20325 3169.58
360.20584 577.155
365.14343 290.427
367.13165 339.604
370.20901 619.591
371.18954 461.15
373.17050 637.659
380.19189 1276.22
382.17065 390.04
383.15298 605.633
384.18219 420.539
385.13443 1143.48
386.16776 320.223
387.14929 517.561
388.21942 1074.41
394.16998 645.654
396.18649 855.254
398.20248 1801.2
399.17920 337.495
402.15808 340.814
402.19577 326.383
403.14514 1077.3
411.20026 336.177
412.18057 684.891
416.21277 3041.45
417.22000 428.378
421.18790 391.116
422.16599 528.893
424.14355 332.193
426.19403 336.508
433.24130 318.91
434.22391 885.592
438.20084 619.72
439.15649 1057.83
439.20300 1317.3
440.17038 311.197
442.15509 866.96
448.21490 640.047
449.21664 298.402
450.19702 423.833
456.21713 2593.99
457.22995 355.215
459.25729 457.944
460.16098 388.687
466.19025 311.83
468.20898 724.695
469.20093 339.617
470.25748 543.864
474.22025 683.085
477.20969 355.444
484.20593 423.051
485.23712 455.529
495.21817 1511.56
496.20569 607.272
509.19461 302.145
513.22925 3751.31
514.22058 883.276
519.15796 507.998
523.21417 717.189
524.25348 493.193
525.23340 404.529
527.25720 1094.57
530.25220 692.271
531.23981 6654.38
532.24445 1597.8
541.22504 831.406
542.26453 368.237
549.23535 419.221
552.24121 627.96
566.27679 416.871
567.25031 751.803
568.25647 392.907
569.27155 307.622
570.25214 1651.36
571.25275 493.081
584.27747 21870.5
585.28156 6048.33
586.28168 1063.28
587.27496 447.017
588.26447 1005.12
602.28845 4042.29
603.28961 954.454
610.24207 309.65
624.30023 414.451
625.29755 304.985
628.25940 365.157
634.28546 443.144
638.23322 406.482
641.32324 1174.7
642.32092 741.655
643.31732 309.864
651.31042 646.364
653.29633 926.348
656.24603 624.554
658.34692 1043.36
659.33582 3964.53
660.33716 1376.95
664.26538 589.983
669.32172 1569.93
670.32208 462.84
671.30994 370.302
681.29413 1134.98
682.25555 2882.97
683.26495 518.582
686.34576 560.167
687.32910 2846.65
688.33008 779.835
699.30432 3108.72
700.30774 1138.04
705.30994 414.894
717.31525 481.817
766.33612 433.436
767.33795 442.418
768.32251 810.14
769.31226 429.198
774.33789 631.825
775.34106 320.961
783.36200 409.261
784.34528 1349.17
785.34790 1279.5
786.33643 3359.41
787.33307 1045.01
796.30389 309.187
797.27649 563.75
801.37262 1398.36
802.35901 3955.82
803.36078 1766.09
804.34814 836
843.35321 391.989
858.39197 421.698
869.37195 769.357
870.36652 845.634
884.31189 387.303
886.39941 1232.43
887.38538 5551.32
888.38605 2344.29
889.37982 616.402
890.35876 317.689
905.39636 1061.78
906.39398 554.683
924.40198 447.064
932.42596 426.434
941.43719 612.046
942.41974 1211.4
943.41724 547.563
959.44324 337.823
960.43060 686.541
963.93933 774.403
964.43701 814.328
964.93451 909.921
965.44501 331.485
968.44519 399.433
972.94818 1062.84
973.44379 2585.12
973.94073 1819.66
974.44543 746.857
982.45447 402.919
982.93829 378.106
985.35034 805.02
986.45795 2959.65
987.45605 1242.93
988.47046 348.181
1004.47198 692.923
1005.46539 363.292
1023.46722 456.223
1041.48877 621.049
1059.49805 680.654
1060.50964 311.491
1086.51733 376.002
1087.50024 2003.25
1088.50439 941.775
1100.48901 575.734
1101.49121 325.175
1125.52600 364.04
1126.51160 1943.33
1127.50854 1100.4
1128.50098 402.133
1136.42993 592.923
1137.42578 511.3
1143.53674 2763.26
1144.52258 10778.5
1145.52527 5321.34
1146.53052 1455.17
1161.54761 597.983
1162.53699 2028.88
1163.53186 1066.46
1215.52039 551.608
1223.51758 396.891
1224.49402 683.966
1225.49915 360.15
1240.53723 456.385
1241.54175 2109.9
1242.52161 1738.17
1243.52234 821.358
1258.56689 2050.59
1259.55090 7585.29
1260.55127 4053.58
1261.55554 965.941
1276.56897 461.688
1277.57117 1320.71
1278.55078 834.243
1344.60510 377.42
1357.63928 365.799
1358.62659 1153.1
1359.62854 646.479
1361.61523 332.729
1362.61328 424.072
1363.60596 330.123
1397.63037 769.455
1398.61755 627.61
1414.65857 1612.04
1415.64417 4460.66
1416.64417 2730.97
1417.64441 795.682
1433.65503 958.857
1434.66101 633.967
1512.65503 695.819
1513.63940 768.432
1514.64856 340.376
1529.68762 1167.88
1530.67432 1982.45
1531.65894 896.387
1659.70300 546.313
1660.71179 340.961
1817.77686 616.154
1818.79224 431.327
