2595.35538 3
110.07110 4902.82
111.07423 269.569
120.08066 3115.32
121.08424 371.707
129.10214 3269.71
130.06462 362.714
130.08614 1329.75
133.04289 552.216
136.07568 1789.44
143.11768 930.171
147.11269 2434.84
159.09155 1815.18
159.11186 278.949
160.09480 321.009
166.06148 272.254
169.09662 263.351
169.13344 322.184
171.11266 2030.61
173.09155 424.338
173.12773 567.721
175.11882 966.671
181.10718 343.658
183.14932 676.333
185.09200 624.352
185.12791 273.06
185.16475 2153.81
186.16762 309.79
187.07065 443.677
197.12746 274.948
199.18048 550.006
201.08669 464.09
201.12318 2075.93
202.08205 311.422
209.10381 723.038
211.14380 532.738
213.15977 1091.94
214.11726 285.47
215.13925 505.243
218.14961 281.592
219.14957 452.476
226.11926 275.231
227.17599 390.939
228.13365 386.959
229.11807 2018.94
230.07744 455.925
230.11214 537.67
233.16537 641.338
234.12383 337.894
237.13493 358.256
239.17494 746.689
240.13380 790.927
243.13301 1132.62
244.09299 373.101
245.07715 319.705
245.13249 262.611
247.14397 478.755
251.10272 2139.47
251.15048 632.757
252.10846 273.853
253.09297 2763.28
257.16052 1114.83
258.10663 287.129
258.14462 2016.28
261.15878 286.631
262.11929 398.611
268.16498 285.2
270.18066 858.817
274.12079 487.036
275.17084 970.372
279.09714 1801.59
279.14374 354.917
283.14240 379.333
284.19650 3337.69
285.19940 523.62
286.13989 1267.38
294.17981 584.29
300.15494 993.746
307.14215 491.992
314.17050 607.24
316.13098 295.189
318.17923 392.393
319.13849 558.106
322.18799 400.929
332.20956 581.169
343.16162 512.047
349.12350 374.23
350.21814 3709.29
351.22144 645.386
355.26807 712.319
356.22021 280.664
366.17584 484.015
367.13577 849.317
371.22699 504.783
376.21768 1497.65
377.14581 308.152
377.22156 400.06
378.16656 689.944
383.26392 593.694
390.20145 320.892
392.19492 340.395
395.22867 432.131
399.22610 746.371
413.23737 327.342
417.14203 350.016
423.23050 389.92
432.22485 310.759
434.16528 992.374
435.24469 2605.36
435.74683 1357.48
443.21347 685.045
444.21222 290.01
447.25760 1091.2
448.26138 459.18
448.73499 478.437
465.24500 1629.04
470.26053 484.274
476.25735 384.778
484.77808 713.599
485.22278 523.021
485.27371 584.191
494.26520 316.001
498.26694 567.069
498.76758 362.755
510.26840 400.825
514.19812 587.329
521.27765 378.625
535.30249 425.029
537.26331 319.113
541.76904 376.946
542.30438 569.962
543.30542 284.88
547.25098 598.791
548.30310 3356.77
549.30945 798.081
551.29639 389.78
556.29547 865.835
557.30670 437.488
562.79108 492.792
571.22089 612.421
577.31116 721.17
579.28894 1242.36
580.29553 441.906
583.35522 296.246
585.82800 841.763
586.32971 530.935
591.30115 1326.7
591.80310 843.198
595.31940 324.011
623.35443 747.584
627.34802 484.805
629.28497 282.06
641.31531 473.607
647.83923 494.559
651.34857 943.071
651.84949 549.547
652.33917 285.311
656.30450 554.281
658.82532 321.414
661.25464 344.969
661.38849 2415.04
662.39502 554.928
667.27405 303.005
670.36060 453.687
676.38995 313.549
681.33990 311.438
684.30823 1694.24
685.31738 924.1
690.32526 413.971
698.35742 627.21
705.36072 440.191
706.38068 427.734
707.88092 358.245
709.32660 293.922
723.37897 438.944
726.35144 1622.42
727.35046 717.861
732.42621 4138.88
733.42908 1367.32
734.43652 331.044
736.40265 689.463
736.90125 398.763
741.39264 287.246
749.38110 308.764
750.38049 345.333
754.39374 468.714
755.39020 463.357
763.39941 417.634
764.40051 300.842
766.34741 720.258
767.34387 336.809
777.43652 334.297
781.41028 292.463
783.37549 4257.79
784.38324 1944.55
785.38068 550.978
789.06036 431.452
789.40637 1269.33
789.73450 668.017
789.92236 572.715
790.06952 494.276
790.42645 598.602
795.07373 1728.59
795.40833 3050.36
795.74164 1491.41
796.07141 892.816
796.41760 349.118
797.40503 457.486
800.92310 656.525
801.42975 464.496
805.40204 294.246
811.41022 388.386
817.36365 567.744
817.87604 544.587
826.39117 500.042
826.89825 760.44
827.41248 389.49
831.43158 294.2
832.45782 305.078
837.42273 301.124
850.46338 729.757
850.95642 674.146
851.46796 1268.27
852.46362 634.888
854.42749 297.848
855.45038 486.273
860.45386 410.574
861.91315 749.894
862.41699 824.453
862.91321 298.253
865.39648 1132.07
865.78491 406.216
866.12433 812.373
866.46161 1931.12
867.57153 1013.56
868.47260 1160.02
869.48340 6498.33
870.48621 2935.03
871.49707 572.154
874.44702 1714.3
875.44904 916.095
876.45428 299.297
878.47778 355.637
879.43732 638.524
881.46753 326.304
891.46344 326.971
896.46075 5651.69
897.46320 2899.45
898.47778 863.952
912.41180 568.287
915.40460 318.641
916.41931 317.051
918.45880 633.918
918.96527 669.824
919.45898 392.687
924.48584 350.76
926.47076 527.624
929.47449 358.465
932.47491 542.77
932.98224 707.677
933.48370 418.542
935.50970 548.297
936.00916 675.011
940.46204 490.723
959.97809 396.934
960.48755 564.861
960.98480 421.694
964.46558 308.318
968.00079 632.403
968.55896 1822.61
968.99854 365.352
969.42438 1121.19
969.59155 718.792
970.43665 732.514
971.43140 353.405
974.35748 388.532
975.00244 368.708
975.51935 300.499
978.50861 424.639
979.94617 396.062
980.45483 417.557
992.41547 327.516
995.53033 2464.59
996.53711 1134.98
997.52844 540.722
998.50836 444.279
1009.54126 428.736
1010.52478 650.724
1011.03485 499.012
1024.53552 674.776
1025.53796 539.89
1026.53845 338.636
1027.53223 314.451
1028.51904 604.638
1029.52478 813.705
1030.52710 557.574
1031.51953 472.884
1034.47363 1813.96
1035.47595 1311.52
1036.47913 735.322
1037.49329 362.26
1039.52441 369.562
1046.02917 361.623
1053.54211 502.691
1054.62305 408.004
1066.05176 637.729
1066.55737 771.817
1067.06604 449.345
1067.56909 475.18
1069.60352 2203.74
1070.60791 1152.05
1071.62341 326.646
1078.55664 336.144
1082.52051 1128.47
1083.52795 883.699
1094.59717 338.502
1096.58350 556.223
1097.56970 400.391
1105.50696 456.316
1106.53455 475.095
1107.55640 311.217
1110.02637 330.36
1110.54980 568.515
1119.56299 438.166
1120.52710 350.736
1123.57605 540.903
1124.08813 399.569
1124.57593 1419.09
1125.57971 760.019
1138.60767 327.444
1143.62048 478.276
1147.55383 1672.75
1148.55884 1109.68
1149.57629 436.155
1152.61475 809.398
1153.61145 524.138
1154.62500 308.76
1163.60217 442.729
1164.56897 653.999
1165.59143 368.243
1166.58484 317.592
1170.64551 3817.38
1171.65100 1866.26
1172.66040 664.868
1179.60425 499.546
1180.59082 343.258
1181.59497 3734.13
1182.59668 2662.85
1183.59485 1132.82
1184.59436 393.799
1188.55566 388.584
1192.09595 338.31
1192.61841 447.369
1193.10498 419.662
1218.59570 1642.91
1219.59058 1150.53
1220.59619 548.571
1245.56677 478.106
1246.54199 569.053
1247.55054 347.342
1266.69836 398.191
1267.69910 421.13
1283.67627 405.546
1284.69934 335.433
1294.67688 1912.41
1295.67627 1398.37
1296.69592 459.613
1301.68811 2242.67
1302.69153 1526.08
1303.70129 756.969
1315.63025 569.95
1316.63965 471.01
1329.60425 401.45
1330.64001 305.543
1346.59949 592.193
1347.62769 2655.94
1348.62952 1832.01
1349.63843 783.71
1398.66724 307.897
1414.79053 495.086
1425.70398 553.169
1426.70972 417.424
1446.68567 752.957
1447.69885 443.616
1454.76111 309.357
1471.79370 1694.37
1472.79761 1043.82
1473.80518 428.062
1514.73865 347.594
1583.82092 350.631
1600.83716 998.819
1601.83313 861.705
1602.85095 459.84
1699.91675 776.792
1700.92749 573.715
1701.93018 415.03
