1188.64385 2
110.07102 13976.4
111.07455 591.562
112.08669 1991.38
112.11201 561.109
113.07053 716.066
115.04984 418.93
115.08632 1353.06
116.07032 1320.98
119.04877 588.331
120.08050 5152.51
121.08409 395.474
126.09090 388.289
127.08642 481.338
129.06633 316.318
129.10204 4908.98
129.11273 447.311
130.04968 474.827
130.06482 621.541
130.08600 1220.68
130.09726 705.669
132.08046 631.298
133.04340 371.204
133.09679 315.782
136.06052 302.049
136.07550 11453.5
137.07883 1455.99
141.06570 889.196
141.10168 455.589
142.12239 604.025
143.11784 1153.72
144.06509 310.572
147.11266 1328.37
152.10689 318.133
155.08159 770.283
155.11777 1055.91
156.07600 336.229
156.10173 445.378
157.06050 330.146
157.10779 891.854
157.13313 1337.94
158.05618 460.482
158.09218 4945.07
159.07600 698.849
159.09114 1703.02
160.09462 348.311
166.06129 539.647
167.09120 439.396
169.13338 2492.55
170.05888 309.391
171.07617 1126.63
171.11278 776.816
173.12836 1175.55
175.11868 31076.7
176.12283 1647.53
181.09908 309.737
183.11253 4946.04
183.14931 426.095
185.05605 548.147
185.09282 402.626
185.12779 438.343
187.14375 17679.8
188.14745 1551.85
189.08678 1765.09
191.11780 1376.91
193.09688 1796.14
195.08751 1623.96
197.12814 3466.15
198.13495 326.393
199.07132 1810.6
199.10727 382.04
199.18007 3755.19
200.18387 675.326
201.12303 10753.8
202.08202 738.799
202.12666 1021.99
203.06549 434.372
209.10374 626.312
210.02478 349.32
211.10835 352.105
211.14381 418.327
212.10303 711.585
213.08633 483.189
213.15790 307.273
215.13863 11679
216.14275 1186.52
217.08160 6668.67
218.08536 691.317
219.11249 750.629
221.09042 1275.71
223.10770 437.881
225.09775 805.004
225.12312 1369.44
226.11652 660.838
226.15407 317.748
227.17520 2068.32
229.09041 322.534
229.11787 24255.3
230.12253 2111.58
231.09743 340.775
237.13582 409.914
238.08229 494.352
238.15379 403.592
239.11490 642.064
242.14983 368.96
243.13342 11009.4
244.09036 308.763
244.13834 1255.81
245.07648 339.27
246.12315 1147.06
246.15585 419.581
247.12782 435.211
249.12257 604.321
251.10182 417.384
251.15041 464.08
253.09256 830.259
254.14922 559.803
255.10805 1491.71
256.09210 1294.82
256.16437 339.597
258.14340 509.21
261.15598 717.986
266.14804 342.054
267.10822 407.724
268.12799 689.487
270.14429 948.716
272.13623 1479.25
272.17273 471.254
273.11810 4569.02
274.11810 1365.11
275.12469 957.626
277.11688 634.285
279.09512 376.162
284.15985 6249.39
285.16324 877.785
286.13931 2168.09
289.16153 405.266
290.11212 414.951
290.14536 2816.41
294.14252 731.848
296.13544 1539.32
298.13849 566.637
300.15588 323.089
301.12979 796.195
302.17133 711.932
308.12195 367.476
310.21124 919.905
311.17123 566.2
312.15463 15626.9
313.15887 1962.98
314.14526 619.294
317.16498 320.414
324.12842 330.915
326.17065 1104.96
328.22171 754.915
330.16541 10452
331.16846 1853.85
335.18207 872.222
338.20670 923.714
340.14841 709.94
341.17990 469.994
342.14023 1437.32
344.18118 5632.27
345.18475 969.984
349.17114 708.277
353.21964 668.013
356.15607 1570.97
356.21729 3383.52
357.21994 621.767
358.15695 372.273
359.16327 805.845
368.12079 590.703
373.18069 566.049
374.16611 8671.88
375.17068 1321.74
376.19485 1228.63
377.19748 377.323
378.13364 320.111
379.23404 1340.44
384.15070 341.108
391.19299 7815.96
392.19577 1084.82
395.18695 629.659
397.24420 2685.96
398.25348 419.457
413.20514 409.218
415.25375 554.385
421.24451 428.518
423.18185 1279
425.23950 999.627
426.23886 465.872
429.27103 632.141
431.21490 632.647
439.25519 1182.81
441.19601 2434.21
442.19846 363.186
443.25247 420.552
444.25293 346.865
457.26532 2322.87
458.26932 546.17
459.20764 4881.29
460.21210 1055.51
466.22162 1003
467.22736 362.093
468.23996 332.075
469.24463 1017.37
472.29132 394.646
486.26514 850.208
487.24960 3163.19
488.25827 564.67
494.21725 2760.3
495.21896 506.084
504.27686 14932.9
505.27988 3116.93
506.28085 528.503
508.27158 345.269
515.18469 400.958
526.28430 629.574
530.27252 380.71
539.25928 648.16
540.25775 561.614
544.29285 322.269
554.28149 1390.8
556.27905 484.967
558.26563 656.205
572.29327 1493.1
573.34552 559.43
574.34216 364.956
578.27191 420.544
579.25220 765.241
580.25793 347.426
593.28601 537.063
594.29382 542.882
595.30579 358.021
596.27826 10036
597.27844 1667.8
598.28180 613.906
599.34973 657.922
600.33545 1094.82
617.36078 22792.9
618.36438 6522.55
619.36536 1184.01
628.27338 848.317
629.27222 380.698
667.32019 376.329
684.36218 366.944
685.37469 377.687
686.37415 336.045
702.38000 1142.05
704.39050 406.082
711.37238 358.141
728.39282 6484.17
729.39191 2825.7
730.38818 668.057
746.40259 36538.8
747.40631 14060.7
748.40814 2596.97
759.33789 863.553
760.34418 1006.01
761.34180 400.315
859.48688 9022.31
860.49097 3770
861.49194 944.526
916.50873 1686.1
917.52209 609.254
935.46771 385.892
942.52783 990
943.52844 514.047
960.53571 10486.6
961.53717 5407.39
962.53888 1294.6
1031.53381 958.959
1032.53625 509.831
1057.55042 2988.36
1058.54407 1879.91
1059.55164 765.313
1075.56018 10310.7
1076.56299 5391.28
1077.57007 1193.79
