3512.29506 4
120.08015 299.402
129.10201 767.482
136.06174 493.168
136.07582 792.437
159.09143 317.849
175.11917 861.046
183.11211 476.746
199.17978 291.924
201.12346 1029.4
210.02548 578.665
215.13882 867.668
227.10295 559.159
227.17563 448.632
229.11821 837.359
230.07625 355.061
231.09758 632.609
241.08168 998.772
243.13354 3274.78
244.13794 305.332
244.16634 285.082
259.09201 3305.25
260.09442 323.053
272.17096 659.231
312.04797 718.009
329.14523 1141.38
330.05954 836.665
335.14792 304.878
339.07614 330.284
354.16629 308.913
356.21725 352.722
372.17603 2277.13
373.17941 327.39
398.11176 312.457
410.13007 472.342
426.20630 452.685
429.20105 311.372
440.17871 348.255
451.02515 1249.26
452.02829 638.288
482.21701 1149.39
485.26196 493.778
508.71277 512.067
528.18268 507.992
528.26416 293.728
531.99976 852.101
532.99725 377.319
535.75250 489.324
536.25696 457.725
539.17249 890.599
542.17926 1263.61
542.68115 656.408
547.04669 666.668
548.05084 493.296
548.99615 381.82
550.00977 304.442
557.18091 650.36
577.55432 2377.14
577.88837 2177.97
578.22174 1229.15
578.55634 351.658
585.21838 310.571
589.71387 359.803
596.19171 387.616
598.72040 2176.95
599.22144 1370.62
599.72272 423.423
600.21191 734.158
602.31042 423.644
603.31757 464.352
611.25854 901.786
612.26233 333.918
614.18042 304.476
614.26031 398.207
614.75061 465.6
646.03534 351.287
653.90601 473.694
654.24481 795.347
655.16785 438.998
662.98584 716.166
663.24384 832.168
663.73608 449.283
663.98657 466.117
670.34344 324.539
682.10400 498.762
683.09955 499.226
686.93463 868.105
687.26965 599.379
687.60547 392.178
688.26410 336.026
689.98596 312.223
705.38025 406.593
715.24408 733.133
724.61975 316.54
725.23035 736.921
726.22437 354.384
727.75934 345.947
739.28955 456.761
740.35309 366.069
742.29742 1752.41
742.82556 328.229
742.98926 454.33
743.23804 816.065
744.00159 492.626
752.78107 1111.63
753.28339 1044.77
753.78180 454.747
762.06854 1947.89
763.06732 1651.15
764.06000 538.629
767.28296 332.733
780.07721 3010.39
781.08276 2557.58
782.08087 888.527
782.34760 336.637
789.42236 782.568
789.92462 552.519
795.82233 533.379
796.33386 549.464
817.29688 349.06
818.29315 333.709
820.38959 337.942
820.89325 345.351
823.21204 608.244
824.18384 374.344
824.86969 896.918
825.38141 985.99
825.86981 359.71
829.38928 1368.02
829.88702 933.978
830.42859 2964.95
830.92938 2325.21
831.43604 610.363
838.41187 1084.05
838.91260 1009.79
839.43463 371.668
840.39960 343.351
840.72308 704.89
841.21930 760.492
845.39575 350.951
845.74084 711.738
846.07532 1095.17
846.41791 849.892
846.74603 1314.4
847.07935 1223.82
847.40155 779.914
847.72247 512.843
854.28168 1433.26
855.25562 560.31
856.82080 1508.61
857.32214 1663.95
857.82172 910.531
858.30347 459
860.04510 535.125
861.03845 669.798
865.82916 17632.5
866.33038 16606.2
866.83093 9075.36
867.33105 3797.08
867.82458 1023.96
868.32013 344.379
869.36896 628.801
869.87323 508.575
870.38092 653.639
870.91376 398.879
872.28693 2871.99
873.05426 573.113
873.28094 1184.36
873.71851 353.303
874.04285 350.069
877.39929 475.015
877.55701 718.629
877.80933 875.736
878.02502 2379.39
878.20294 471.041
878.37323 3626.76
878.57501 394.276
878.87329 3268.46
879.04474 4229.95
879.40149 5417.64
879.59650 993.989
879.93256 3321.87
880.41241 2690.43
880.59430 483.375
881.33386 820.757
923.34290 1602.45
923.84241 1336.1
924.34503 891.251
942.84961 453.952
943.34686 399.051
943.84424 371.313
944.30542 418.202
951.85352 5652.46
952.20428 610.257
952.36023 5220.67
952.85883 2987.44
953.36035 1504.36
953.86157 522.355
962.86200 324.032
967.36108 1884.79
968.35852 1184.76
970.26587 3199.63
971.21698 707.784
971.38342 1716.42
971.85968 2330.36
972.37146 1339.26
972.86688 553.482
980.36475 24671.4
980.86505 22994.4
981.36334 14689
981.86542 6634.78
982.36407 2416.1
982.85364 411.496
985.37134 4371.18
986.36957 2412.84
987.37225 711.894
994.45599 371.596
1016.41571 2107.37
1017.41760 1109.68
1018.41333 665.167
1020.89703 516.31
1021.38959 591.172
1021.88538 704.542
1029.89868 6812.27
1030.39807 6965.56
1030.89978 4639.07
1031.39502 2292.25
1031.89368 953.252
1032.46838 406.806
1055.32593 403.39
1065.33655 1024.56
1066.32556 1082.18
1067.00098 354.039
1068.50171 448.376
1070.49915 483.942
1071.51636 409.859
1080.43628 561.345
1081.45850 411.217
1083.35059 4881.37
1084.35059 2287.55
1085.39832 1122.41
1085.91223 1777.95
1086.40979 819.169
1086.90955 502.792
1087.40674 336.824
1094.41858 3671.71
1094.91846 4060.93
1095.41797 2948.78
1095.91565 1159.07
1096.41406 718.444
1098.45520 2272.29
1099.45789 1467.72
1100.44019 346.029
1131.44067 888.425
1132.44312 557.414
1140.91125 356.53
1141.92957 504.198
1149.93420 1211.04
1150.43433 1294.54
1150.93921 1018.75
1154.54272 638.166
1155.57251 467.408
1158.94531 2993.51
1159.44165 4068.2
1159.93787 2702.22
1160.43237 1322.71
1160.93384 767.554
1178.42554 449.124
1179.40515 541.141
1180.43018 326.429
1196.43542 1527.83
1197.43567 919.76
1210.49683 428.516
1211.50732 476.506
1215.48010 904.403
1215.98511 1294.6
1216.48096 594.533
1216.97803 448.367
1227.50159 835.739
1228.49072 616.222
1246.46948 737.08
1247.45459 401.588
1274.61609 558.15
1325.47644 1040.88
1326.48633 570.487
1356.53101 1055.94
1357.53931 754.083
1358.55945 381.247
1375.50415 473.833
1376.52209 598.745
1454.52100 1315.82
1455.52673 727.487
1456.50647 367.875
1504.58069 348.004
