1745.91203 2
110.07110 2132.95
112.08684 244.495
115.08619 213.581
116.07039 415.036
120.08056 3914.69
121.08388 411.265
127.05020 218.158
127.08632 541.206
129.06648 408.836
129.10211 6099.77
130.06487 1146.88
130.08604 1046.88
130.10486 330.402
131.11766 4403.72
132.08209 246.564
132.12105 274.057
133.04274 1083.6
136.06148 223.392
136.07552 4131.11
137.07909 242.468
140.14273 216.075
141.06601 220.5
141.10199 336.982
143.08211 192.311
143.11783 803.676
145.06044 252.411
147.11261 1963.95
152.10664 208.368
154.15880 256.826
155.08127 377.561
155.11768 473.069
157.06035 220.296
157.09715 358.689
157.13350 299.622
158.09209 875.629
159.07588 317.558
159.09140 4003.06
160.09482 327.573
166.06160 191.499
167.08281 256.505
169.09685 516.056
169.13330 811.432
170.09128 237.745
171.07637 452.329
171.11276 644.773
171.14922 538.138
172.07159 333.186
173.09210 380.825
173.12828 319.094
175.11874 6702.79
176.12291 371.329
181.06030 262.413
181.09731 214.52
183.11250 613.558
183.14938 499.997
185.09172 390.069
185.12843 429.659
185.16466 1075.42
186.08598 248.593
186.12369 382.988
187.07292 341.584
187.08667 377.56
187.10733 373.235
187.14377 509.087
188.10187 208.37
189.08698 234.406
191.11761 203.081
195.08714 219.813
195.11234 329.548
197.12831 1088.78
197.16476 203.381
198.08720 816.694
199.07155 677.331
199.10760 436.34
199.14435 452.533
199.18016 1181.63
200.13847 690.12
201.08681 868.627
201.12317 1025.17
205.09662 290.959
207.11244 353.339
208.09639 1423.24
209.10356 257.749
210.02483 406.707
210.12468 302.675
211.10713 255.39
211.14337 447.453
212.10262 316.126
212.13742 237.79
213.08670 485.249
213.12335 685.708
213.15907 664.177
214.11719 235.445
214.15440 553.97
215.10355 195.719
215.13882 578.517
216.09767 1493.55
217.08247 429.89
217.13470 377.369
218.14958 1137.05
219.11212 229.381
221.12811 233.239
223.15671 244.326
225.12312 2349.24
225.15919 250.523
226.08272 318.172
226.11678 669.974
227.10127 444.388
227.17503 716.069
228.13387 1403.96
229.11707 832.479
230.11185 461.893
230.14932 335.743
231.11223 384.655
233.09245 568.108
233.16452 1080.86
235.10597 480.225
235.14505 195.706
238.08115 309.917
240.09818 251.568
240.13394 837.01
241.08005 341.604
242.14960 4429.41
242.18565 583.022
243.13612 461.213
243.15074 487.852
244.09245 439.787
244.12529 256.354
244.16656 258.047
245.07608 443.206
245.12798 223.368
246.12621 1300.99
246.18111 523.061
249.12228 480.918
251.10188 610.677
251.15007 494.423
254.14807 272.157
255.10889 797.5
255.14720 193.234
256.09140 279.121
258.10507 293.17
258.14429 4683.72
259.09012 405.001
259.14743 482.139
260.10706 298.237
261.09183 211.659
261.12518 192.098
261.15933 828.771
263.10498 312.508
265.11752 228.692
266.14743 222.828
267.10931 198.164
270.10678 193.478
270.13989 262.864
270.18030 417.18
271.17593 622.038
272.12134 230.341
272.17459 676.492
273.11832 1041.28
274.12134 789.155
275.08051 916.481
276.13330 287.014
277.11798 461.154
279.09750 720.655
282.21667 521.176
283.10303 360.861
283.14178 195.241
284.12112 238.299
284.15921 236.788
285.15408 209.407
286.15765 445.711
288.13489 659.842
288.20230 1330.61
293.11124 266.451
294.14368 528.316
294.17975 258.246
296.19620 581.898
298.12183 273.696
299.17194 284.356
300.14899 372.488
300.17715 342.127
301.10980 215.743
307.14072 281.407
310.17358 207.864
310.21164 753.396
311.17075 607.287
311.21445 194.901
313.22198 435.323
314.17026 587.2
319.12283 419.213
322.18634 199.108
323.16995 539.333
329.18216 996.913
329.21524 588.638
330.12982 580.183
331.23416 486.895
334.15567 281.687
336.11758 260.837
339.20154 452.235
340.14886 236.353
340.19843 488.289
341.18112 1760.9
342.18030 255.05
343.19809 355.467
343.22711 297.404
344.19638 451.893
347.11673 777.846
351.16510 980.667
353.20969 251.456
355.15891 201.185
357.21185 1347.64
358.15594 226.139
358.20880 839.046
368.19223 1266.11
369.17325 1306.98
371.22845 820.989
373.19321 333.987
376.12808 1070.86
384.26123 491.204
386.20245 1345.1
387.20483 381.153
389.14920 260.939
391.23303 596.017
397.24493 285.454
401.28714 1028.69
402.17621 400.831
404.22714 486.668
405.14297 263.059
407.15686 419.108
411.18536 243.261
416.19043 316.59
419.20230 528.056
422.24319 208.407
429.19244 291.558
436.25406 218.534
440.25162 550.934
444.31729 454.417
454.26538 505.021
457.27866 216.382
460.20004 845.69
461.16080 1068.39
463.19272 218.17
467.26486 285.991
468.24969 228.387
471.19638 871.394
471.29352 693.194
472.20309 239.637
481.28180 265.014
498.26913 283.207
499.28601 368.89
504.20569 258.803
517.18378 219.279
533.27063 294.217
534.21191 488.192
543.29285 443.648
544.19122 216.393
545.17926 256.364
545.32928 227.658
553.33960 222.02
557.22089 220.451
562.20740 1268.27
563.20447 269.844
570.33142 346.754
572.37646 204.505
574.23956 525.9
587.36554 1186.97
588.36749 299.828
640.24225 228.918
647.30066 366.802
657.27271 360.734
658.26672 386.472
661.25653 470.117
662.32849 564.42
673.42883 386.609
675.29224 536.995
680.34204 232.752
720.29364 345.568
730.37354 314.592
747.39508 1313.04
748.39478 529.554
754.43298 301.1
770.35895 305.378
788.37482 244.944
827.38568 244.658
833.37335 245.41
844.42157 772.804
845.41772 362.718
853.50177 268.76
859.51453 239.218
861.44312 2137.95
862.44550 961.353
863.44452 301.52
873.50055 267.32
875.47931 508.815
888.49164 299.697
918.46167 384.792
919.47455 233.236
945.46643 316.377
946.47314 229.211
962.48615 5133.64
963.48724 2759.64
964.48828 995.209
965.50098 237.423
982.53284 302.791
1057.55396 384.581
1058.56519 259.065
1104.54883 497.076
1105.54382 291.615
1114.49915 236.071
1130.55591 556.901
1131.54553 751.954
1132.54883 522.789
1133.54944 217.767
1148.56409 9301.62
1149.56653 6225.14
1150.57214 2069.17
1151.57349 492.747
1157.64014 211.77
1203.62952 262.352
1230.61353 277.142
1247.63354 4615.27
1248.63782 3319.81
1249.63953 1166.16
1250.63867 380.91
1360.72229 728.67
1361.72314 613.489
1417.73853 1438.27
1418.74158 1268.68
1419.74048 426.777
1486.75671 224.817
1487.75818 318.983
1504.77063 3589.21
1505.77466 3603.81
1506.77783 1610.13
1507.77771 495.164
