2203.06620 3
110.07114 1259.71
112.08701 331.392
115.08672 313.958
120.07990 271.463
129.06639 583.865
129.10219 9572.62
130.08617 643.881
130.10515 731.293
136.06175 1260.64
136.07594 709.649
147.07652 333.647
147.11278 1342.6
153.10167 345.431
155.08099 339.17
159.07666 484.645
167.08205 276.021
171.07658 279.718
173.12828 2617.11
175.11885 3492.17
180.11313 923.447
181.09795 290.104
182.12857 287.051
183.11320 445.851
183.14911 346.025
185.09105 285.202
195.07483 299.784
198.12311 686.133
200.13921 955.498
201.12320 1441.62
208.10736 276.334
209.09163 635.58
211.10716 268.823
212.10236 291.465
213.08719 313.902
214.09799 545.791
215.10132 295.051
215.13901 600.271
216.09741 508.602
218.14957 1122.44
226.11845 2851.73
227.06630 323.965
227.10254 1447.26
228.13393 627.613
230.07687 283.712
232.14005 563.27
234.14307 273.397
240.09795 1049.23
240.13380 555.565
241.08214 324.878
244.12903 3367.34
246.15549 931.585
251.15028 419.971
252.07637 512.277
255.14630 455.396
258.10867 455.588
258.14398 481.109
259.09357 350.63
264.06210 426.914
265.63217 853.622
272.17197 1508.16
283.13773 353.618
304.16141 5771.26
305.16403 609.962
311.13260 449.974
312.04941 671.782
313.15045 526.465
316.11179 353.636
316.15405 313.843
330.05936 493.991
339.16693 431.172
341.18018 276.655
354.21408 845.139
355.19128 584.608
356.14703 391.633
357.17709 411.812
372.22366 5639.87
373.22717 1092.37
374.16733 522.577
379.24338 465.912
385.25616 385.484
399.21219 283.879
406.20859 415.885
416.71341 443.079
423.23468 3112.28
424.24283 493.792
433.20505 305.757
439.19412 280.231
440.25702 396.155
441.24493 1244.77
442.24710 315.363
446.22803 420.762
446.73221 291.717
447.69678 1891.4
448.19803 1156.85
452.24615 938.981
459.22104 284.506
461.23755 372.914
461.75931 1002.31
462.26245 402.842
472.29440 306.5
474.22025 336.485
495.21454 427.19
496.75272 290.339
501.23148 1042.27
504.28033 301.684
508.78146 331.541
510.28616 506.367
510.74438 1002.42
511.24786 619.443
513.23071 1270.88
514.23096 415.981
530.25653 7093.27
531.25977 1795.72
533.28308 2780.42
534.28729 788.541
538.26068 847.663
549.26263 517.72
552.82916 570.016
553.33691 568.408
556.27454 668.882
557.76898 306.209
566.82532 921.969
567.33502 688.067
587.27863 706.603
592.29846 696.769
592.80713 359.387
593.31152 331.937
598.32751 592.372
601.81738 475.722
602.30817 748.326
613.29401 496.81
615.33331 341.658
615.82111 871.777
616.32733 468.148
621.33020 1065.65
621.66168 788.852
624.34094 2998.79
624.84113 1839
625.34253 696.459
631.30438 5318.73
632.30774 1724.84
633.83759 309.272
635.28546 337.065
637.33685 508.1
647.29663 886.156
653.99127 718.423
654.32300 950.876
654.65704 566.929
654.98651 328.678
659.31744 575.115
659.67310 415.804
663.65833 320.813
664.33722 329.913
667.38287 543.283
669.00171 875.746
669.33557 1597.86
669.66864 838.528
669.99945 502.407
671.83215 313.096
672.85315 546.985
673.33038 1587.3
673.83258 940.728
674.33728 452.35
674.99878 404.466
675.33624 592.788
675.67572 302.104
676.34930 800.635
676.84033 433.742
677.34637 933.439
677.86615 2465.89
678.35999 3929.8
678.85675 1249.07
681.36511 1156.85
681.86487 636.941
682.35504 384.266
685.35046 1851.66
685.85321 1384.67
686.34448 1780.99
686.86365 2046.3
687.37189 1194.78
687.69470 317.66
687.87140 358.074
690.35779 478.202
690.69318 629.529
691.02673 581.343
691.36090 671.42
692.33832 337.683
696.37091 2531.85
696.69989 4569.86
697.03223 3906.26
697.39069 2799.8
697.69501 700.042
698.40546 747.742
699.35760 859.872
700.28571 685.869
701.67004 690.085
701.99390 791.038
702.37134 19395.6
702.70459 22539.6
703.03821 13482.1
703.37299 5695.96
703.70721 1519.44
708.37567 1669.8
708.70923 1921.31
709.04437 1053.12
709.37634 648.218
709.84656 538.011
710.10132 402.872
714.35010 406.218
718.34784 494.268
721.82886 331.581
723.34479 452.036
723.91412 602.393
724.42456 413.138
726.38385 424.536
726.85583 1382.84
727.34662 3981.68
727.84784 1519.1
729.02771 1643.33
729.35773 3247.24
729.69183 2744.16
730.02509 1902.36
730.35596 1459.34
733.70258 332.62
734.33868 1346.14
734.71674 609.864
734.87982 1408.13
735.02917 12444.7
735.36334 16714.9
735.69922 8073.14
735.86047 1400.32
736.03217 3622.23
736.37476 2431.69
737.90240 1449.06
738.40900 1120.96
738.91058 520.612
743.34406 816.802
744.39008 1688.57
745.38538 706.167
746.37384 360.237
746.70020 307.112
765.34637 353.114
766.41406 1930.33
766.92664 324.104
767.41882 646.812
772.89642 399.247
773.40143 354.375
778.38574 310.883
779.42688 619.456
779.91754 1033.83
780.42395 494.724
784.42279 449.798
784.91772 430.648
786.89478 755.071
787.40088 575.699
788.43054 1166.28
788.93073 1209.83
789.32153 475.799
789.43213 503.976
796.41101 3386.52
797.41736 1820.25
798.42902 447.559
807.43799 1485.32
808.44043 426.309
810.91980 309.307
811.42749 310.038
814.41522 609.269
815.42542 504.751
822.49127 314.752
823.92773 1431.24
824.42719 1866.55
824.93744 715.824
825.43542 397.572
828.90771 501.937
832.43250 512.412
832.93329 18145.8
833.43481 15165.8
833.93567 7250.82
834.43591 2847.67
837.42126 652.187
837.92194 454.299
841.41229 374.286
842.41974 666.926
845.43628 417.742
858.43195 8212.57
858.93805 1361.05
859.43317 4743.52
859.93170 368.024
860.43927 1068.9
864.39972 762.683
867.44342 16576.1
867.94470 13278.1
868.44531 7033.88
868.94855 2378.81
869.43823 409.759
874.43091 431.042
875.43549 370.45
876.45465 2220.74
876.94934 1455.68
877.45770 1125.2
892.96893 382.679
894.38342 3536.83
895.38660 1983.55
896.39056 857.695
897.47192 745.699
898.47583 451.231
901.47540 1235.57
901.98169 801.927
902.48364 505.369
903.48346 1450.76
904.49988 326.939
907.42767 593.541
907.92651 778.118
908.42883 337.559
916.42853 558.642
916.93317 787.431
917.41602 326.544
921.48834 351.22
922.49951 629.72
922.98413 908.487
923.49060 593.459
931.49219 3677.15
931.99353 3775.57
932.49255 2316.8
932.99841 682.627
940.50330 1304.67
941.00317 1484.01
941.50372 954.868
945.36444 313.53
945.50293 435.482
947.44354 735.97
950.47009 360.657
950.97333 403.115
956.43494 539.154
957.43982 672.335
967.00043 309.703
972.49426 374.611
973.45837 4161.34
974.46161 2045.45
975.45587 479.848
980.00958 342.276
980.49518 1513.26
980.99396 1405.34
981.49591 990.856
982.00812 471.704
988.52606 337.856
989.00684 4822.42
989.50641 5738.75
990.00580 3061.3
990.51154 1293.33
994.00806 784.311
994.49854 1767.62
994.99103 859.287
995.49640 435.718
998.01477 539.264
998.51300 644.232
1001.45026 428.499
1003.00220 5670.17
1003.50500 5748.07
1004.00330 3097.25
1004.51080 1304.67
1011.49774 569.727
1012.50482 504.123
1016.57501 317.583
1020.50031 397.003
1021.48877 367.159
1037.99011 894.309
1038.49084 911.671
1039.01514 389.211
1086.52771 531.342
1087.54956 403.236
1097.51245 364.983
1110.47083 322.904
1119.58289 406.517
1145.60437 633.208
1159.34985 452.143
1169.56836 748.782
1170.57861 939.505
1171.57825 315.172
1183.60010 2016.83
1184.60620 1222.93
1185.61450 482.783
1267.54749 553.302
1268.54004 319.52
1312.64319 674.993
1313.65564 447.687
1361.72400 435.394
1362.70532 348.266
1430.73560 311.999
