2129.93764 4
110.07111 6149.97
129.10207 2081.8
130.08612 682.532
136.06171 4105.54
136.07524 592.963
143.08104 436.041
147.11275 1998.65
161.09151 468.603
172.10762 482.046
175.11906 714.5
183.07628 2258.27
185.16475 15175
186.16832 1425.75
189.08650 771.717
200.10281 5126.17
201.64471 4674.4
202.14597 962.367
209.10336 1423.28
213.08725 796.26
213.15970 4636.68
214.16336 576.932
215.13911 622.209
245.07732 426.021
251.14998 2076.83
259.15790 6092.6
259.65952 1094.36
272.17123 995.07
274.18726 2547.18
282.10757 1223.25
303.21393 1570.68
303.63141 3326.14
304.13351 840.609
314.67459 2625.07
315.17517 892.403
317.62897 2882.2
318.12738 899.297
323.67947 2119.61
324.18127 844.895
325.15039 792.744
332.20819 760.717
338.63510 730.122
346.20856 896.863
347.14450 409.128
350.21823 7347.4
351.22098 1313.13
352.14023 1154.06
352.63983 499.19
353.14459 984.455
359.19781 2952.22
359.69962 1092.64
360.17087 508.896
361.14474 3497.87
361.64575 1196.63
374.17200 498.601
380.64954 680.415
382.82913 5476.3
383.16339 2743.29
383.49655 1486.74
383.83139 426.936
385.19717 433.064
389.16373 547.116
389.21362 1795.93
389.65683 662.656
393.70853 5935.7
394.21005 1595.95
394.71414 498.086
397.67267 478.07
402.28210 11128.3
402.66348 5977.54
403.16473 2219.96
403.28467 2337
403.66428 828.455
409.70752 5571.28
410.20975 2760.64
410.70981 680.053
411.66916 5329.24
412.17123 2256.3
412.67084 612.313
417.68701 459.937
420.52426 1538.59
420.85751 945.708
421.25446 1038.09
423.70547 2892.12
424.20599 1326.69
435.70020 1824.87
436.20334 522.625
438.21454 532.89
439.19748 633.675
441.87839 1044.88
442.21609 757.641
444.21198 465.862
444.70245 987.678
446.70413 1769.95
446.95428 1403.59
447.20465 809.261
447.54166 1206.68
447.87784 1441.86
448.21188 571.016
451.20605 7726
451.45682 6987.05
451.70679 3106.41
451.95676 1641.2
452.20901 504.052
453.22391 786.586
453.54706 18312.6
453.88156 13397.6
454.21631 5665.16
454.55148 1342.25
455.45209 560.776
455.70813 37819.7
455.95871 35242.8
456.20941 18989.5
456.46030 6113.82
456.71051 1949.41
456.94547 525.256
458.21304 671.337
458.71881 431.092
459.20557 1103.78
459.29187 652.989
459.70642 479.633
462.87656 508.432
463.21570 665.121
466.49023 790.442
467.21921 2293.62
467.72357 1491.86
467.91751 650.106
468.21222 1116.9
468.71146 717.733
474.97443 439.287
475.21933 1221.94
475.47208 497.319
475.94730 471.683
476.26721 1380.02
479.47733 2442.26
479.72787 2739.88
479.97949 840.227
480.19873 1763.13
480.44989 1271.3
480.70346 952.163
480.95523 732.334
482.18677 521.296
483.72452 641.667
483.78259 1310.28
483.97958 12611.8
484.22989 15369.6
484.48035 8409.42
484.73038 3486.24
484.98199 911.885
485.27884 722.464
486.72324 521.839
488.73853 1100.9
489.22845 550.233
490.74188 1314.32
491.24002 624.645
494.24402 589.173
494.57166 471.969
494.74237 473.354
495.21951 842.797
495.55240 517.149
495.73218 721.786
496.24069 1221.54
497.19174 981.978
497.99213 657.567
498.24500 579.454
499.29987 899.306
499.57864 761.621
499.74777 21225
499.91245 1083.99
499.98938 3929.8
500.24753 13828.8
500.48880 2012.72
500.58124 1357.24
500.75031 3333.16
500.92166 1337.38
501.25269 2262.03
501.59940 1042.47
501.93201 438.191
504.24429 9872.03
504.49423 10924.5
504.74448 6872.42
504.99481 2840.47
505.19150 615.921
505.25555 992.667
505.71094 477.112
508.01215 709.184
508.27151 452.315
508.47501 723.825
508.74603 60218.8
508.86575 571.139
508.90048 487.343
508.99689 58037.2
509.24667 35135.4
509.49734 15842.2
509.74677 5646.22
509.99860 1011.42
513.24866 816.683
516.23639 586.492
516.73419 515.883
517.30835 12416.2
517.68866 991.571
517.75122 3003.2
518.29852 3502.13
518.75055 674.747
519.30371 713.133
523.77179 550.452
526.22919 442.711
528.25146 643.863
528.73401 882.299
528.98737 457.556
529.23621 830.848
532.22742 1876.87
532.29480 1046.71
532.56885 2600.74
532.76526 2565.84
532.91217 2109.6
532.99597 652.817
533.23450 5392.92
533.30878 1797.14
533.49103 3785.34
533.57654 1406.1
533.73700 2740.33
533.91113 905.693
533.99506 1060.68
534.25336 3207.02
534.32599 598.352
534.73309 1199.98
537.90991 762.782
538.23981 894.368
538.57465 461.718
541.26697 1126.34
541.77002 452.999
548.73633 3697.61
549.23938 1676.28
549.74371 694.463
549.91473 937.757
550.27277 5131.38
550.67578 904.855
550.77344 2986.53
551.28149 674.83
552.21973 1509.15
552.72028 994.25
553.22516 516.902
555.58514 2270.43
555.91791 2294.24
556.25006 1092.55
558.57355 860.036
558.90552 718.858
561.58881 15862.6
561.92328 12742.4
562.25684 7105.24
562.59003 3076.76
562.92505 878.101
564.57715 1714.67
564.91168 903.452
565.24200 1104.28
567.26337 1055.63
567.76392 723.53
573.28845 467.556
573.73907 1639.11
574.24872 1363.14
584.22821 790.072
584.78723 682.898
587.27301 450.152
587.73639 2785.49
588.23883 1810.63
588.73804 765.802
592.59784 596.799
592.93500 608.694
593.27069 446.221
593.78809 2821.24
594.22839 952.766
594.30664 1080.62
594.58057 1167.69
594.79462 852.536
595.26685 4115.5
595.60278 4095.17
595.93732 1879.85
596.27417 1085.58
597.21234 1785.24
598.21851 745.936
599.26318 904.555
601.27155 5773.59
601.60529 5595.61
601.93890 3698.22
602.27283 1823.02
602.60132 482.517
606.26514 565.579
607.27570 29590
607.60913 28166
607.94287 16016.9
608.27686 6438.12
608.61035 1634.36
608.75897 451.662
610.34277 621.341
614.77386 484.286
618.32422 888.365
623.78534 3401.62
624.28571 2223.71
624.78497 701.501
627.92859 573.018
628.33960 3293.45
629.35156 879.976
632.96277 497.867
633.29761 574.121
633.92822 886.11
634.25586 2161.85
634.59357 884.442
635.30261 806.184
635.62982 558.009
638.96625 752.993
639.29968 856.476
639.64349 544.534
639.93439 7413.42
640.26794 6187.62
640.60327 3488.46
640.93616 1661.46
642.77240 819.565
643.27026 522.306
644.97113 3284.93
645.30402 3843.45
645.63708 1689.63
645.96930 771.148
646.35217 9465.05
647.35425 2565.92
649.77740 539.68
650.29102 528.446
652.25555 1223.99
656.33734 537.888
658.29510 5872.57
658.79633 3728.74
659.29602 1771.38
662.31793 1724.49
662.82343 957.664
663.31616 485.26
667.25415 654.727
677.62683 506.516
677.96167 685.128
678.29413 763.96
679.81818 2266.71
680.31708 1176.6
680.81842 470.702
684.80975 723.872
685.26337 1204.11
687.35236 664.627
693.81378 6554.95
694.31519 4800
694.81873 2126.37
695.31494 606.321
700.75867 599.058
703.36359 2321.91
704.37274 650.522
709.34875 1777.26
709.76978 2540.65
710.27203 1707.85
710.77094 939.508
717.38800 841.129
720.32336 474.428
721.27478 597.642
722.90381 622.558
742.33545 1339.76
742.82953 985.235
743.32037 584.544
746.37872 1063.68
758.33594 2109.38
758.84082 1207.35
766.31140 608.319
777.82745 472.79
786.40820 1776.82
787.41199 758.426
795.91583 647.039
797.84033 616.357
798.35492 533.912
804.31903 1444.5
805.33069 548.703
806.36676 523.027
806.85901 718.045
807.33679 595.491
815.84924 1688.18
816.35052 1340.43
816.84265 731.999
822.32861 2434.1
823.33496 991.772
833.36810 452
841.87921 2318.99
842.38342 1663.71
842.87952 1007.05
846.40717 818.011
850.41284 1447.37
851.42224 896.63
866.42480 11733.2
867.42712 4747.89
868.42676 1003.28
870.39502 1461.5
871.39911 565.208
877.42035 513.486
891.36841 572.458
901.43658 2628.85
902.43604 1250.6
933.43469 533.904
951.45795 610.289
966.37744 463.149
977.45685 1274.02
978.46594 576.921
980.48151 541.276
998.48865 9158.82
999.49243 4192.34
1000.49707 1259.8
1016.47626 818.021
1017.47034 593.414
1034.48816 1912.05
1035.49011 791.158
1096.46924 853.522
1097.47864 473.3
1099.53857 908.158
1186.55542 505.622
