1738.82488 2
110.07099 7262.79
115.08629 1316.09
120.08052 7875.87
121.08364 673.47
127.08665 1336.02
129.06598 519.066
129.10211 4395.58
130.06482 1331.03
130.08604 1204.6
132.08051 499.678
133.04283 4684.29
136.07550 2944.71
143.11742 531.278
147.11244 2346.67
155.08125 2303.8
155.11679 416.959
156.07649 890.458
158.09207 486.06
159.07643 703.973
159.09142 5734.62
160.09470 447.225
166.06075 543.363
166.08640 981.771
167.08183 601.246
169.09706 1010.59
169.13324 757.665
171.11496 469.815
171.14896 8976.88
172.10704 559.823
172.15268 564.628
173.12810 2084.38
175.11880 2631.75
179.09232 506.82
183.11281 635.672
185.05498 1135.93
185.12512 444.102
185.16463 31311.7
186.08688 817.086
186.16808 3206.04
187.07124 430.299
187.10793 845.908
197.12805 877.396
198.08624 462.354
199.10794 456.565
199.14389 6232.76
199.17934 579.849
200.14937 467.64
201.12311 2469.29
207.08739 825.924
207.11269 667.238
210.02501 450.848
211.11911 2195.29
212.10069 428.272
213.08670 743.811
213.15952 41741.2
214.16318 4283.64
215.10222 1575.51
215.13931 1120.76
217.09079 624.001
218.05870 803.994
224.10117 537.007
225.09782 2181.05
226.11821 927.603
228.14635 1453.59
229.11703 933.129
230.05988 480.427
230.09549 2088.04
231.09836 628.485
233.16524 490.706
235.10672 3135.24
239.21129 622.243
240.13351 756.372
242.11247 955.335
243.12961 509.93
245.07693 1204.96
251.14958 559.074
254.14835 511.032
258.09027 5217.92
258.14368 694.199
259.09146 752.991
260.12167 697.755
260.14056 789.548
261.15997 613.332
263.10162 2517.8
267.20596 2041.13
270.10626 635.42
270.14163 609.617
272.17252 1985.59
274.12094 809.53
276.06430 5147.97
276.09937 1120.22
277.06949 459.69
279.16980 772.208
281.11227 660.334
287.11765 1220.32
288.13495 2257.38
289.13351 1252.85
290.11633 547.379
290.16055 445.547
297.10172 655.846
298.13782 526.139
298.21024 519.305
306.13928 459.543
307.14270 4092.89
308.14725 528.205
312.22754 8505.51
313.23026 1184.98
314.17035 6016.07
315.11169 6518.03
315.17642 857.481
316.11395 716.453
320.17307 663.196
326.14548 708.897
328.18619 577.563
329.19217 765.192
332.11908 1302.36
332.14902 897.176
333.12167 975.347
334.18680 450.518
338.18246 569.214
341.18176 578.958
347.11679 783.642
350.13409 1549.76
352.16327 505.97
353.21887 594.816
355.16153 1232.05
357.18741 1458.03
361.15451 572.097
362.17148 1793.25
366.20099 933.313
370.20337 458.019
376.18628 1572.18
377.11270 488.983
380.19800 2880.85
380.69943 1067.96
384.12997 504.748
386.18384 1770.76
387.09668 458.559
387.19104 498.091
389.15463 906.229
389.21161 844.288
401.20828 535.315
403.16327 1790.79
404.19550 13380.4
405.10657 5287.31
405.19962 2532.67
406.10648 750.728
406.19308 852.709
407.19159 739.158
409.17123 483
409.71841 718.016
410.21573 470.333
413.23849 647.117
414.70856 4205.16
415.18396 2498.99
415.21899 543.27
415.68423 785.455
421.17520 546.514
421.21860 621.971
423.71378 5951.17
424.21600 2346.47
426.20917 11184.8
427.21570 1873.44
428.19107 776.212
429.18573 4820.17
429.68689 1674.05
431.19223 912.262
432.71783 1065.24
433.25156 506.932
438.19785 597.727
443.20529 1498.31
444.22147 762.108
446.20831 529.308
447.14734 1345.84
449.20630 699.833
449.69916 809.263
450.19385 1423.06
457.25092 925.128
458.70544 924.14
461.21658 22987.1
462.21915 4884.06
463.21613 1222.32
463.69669 7727.36
464.19705 3162.23
466.25909 1883.69
466.75586 506.101
471.25150 954.435
472.18570 672.871
472.70206 4997.25
473.20551 1752.22
475.13959 1476.04
475.25809 1489.86
476.17719 623.88
480.25476 1043.82
486.19635 887.657
493.15289 757.172
504.20901 1685.62
506.23969 1352.81
513.21411 681.032
514.76569 486.248
515.24713 1632.38
515.74884 690.791
518.18567 490.431
520.23969 1572.42
522.22125 1209.55
523.26410 558.588
524.18683 1892.45
530.23621 1305.48
560.27234 959.426
560.76923 595.048
571.32080 783.825
572.28119 622.768
572.78223 501.671
594.33508 4078.91
595.22040 555.809
595.33917 1197.57
603.22418 1126.7
604.22003 3181.88
605.22205 1126.53
606.21967 467.4
608.77820 915.011
609.27661 877.924
612.35034 1266.3
613.23773 2148.62
617.78381 5319.55
618.28564 2812.8
621.24701 19138.8
622.26892 5559.97
623.25037 2318.45
626.78864 1606.66
627.29108 914.16
640.34033 1511.67
641.33746 770.364
654.37311 766.211
657.76691 594.441
666.77197 2714.15
667.27325 1435.6
668.30768 602.279
673.29517 485.09
682.30072 1030.33
682.80225 701.071
690.28687 993.036
691.30652 700.001
692.31024 3595.84
693.31360 967.109
714.28088 594.033
720.30408 4421.88
721.31232 1170.67
731.39569 2648.56
732.39697 1217.25
742.28278 983.954
749.40479 865.435
759.38763 3318
760.39246 1287.76
772.39764 651.972
772.89642 621.556
777.39960 1694.95
778.39948 644.468
790.28931 772.836
807.32574 8466.87
808.32819 3328.52
809.33673 1438.91
818.44006 727.932
828.41138 1593.56
829.38000 677.174
846.41833 1769.88
847.43085 759.966
857.36578 1285.22
858.37341 654.002
908.37354 5910.51
909.37408 3066.47
910.37860 1135.11
913.50830 522.433
926.37585 1032.02
931.51093 2154.21
932.51300 1274.6
941.49390 533.317
949.52600 969.744
950.52716 487.735
959.50470 1123.57
979.40997 3728.19
980.41028 1722.94
981.40436 700.89
1009.55536 635.717
1039.46912 538.585
1048.44287 612.76
1066.44104 4418.39
1067.44177 2298.25
1068.44800 980.888
1213.51453 2239.42
1214.51794 1281.86
1215.51270 927.501
1234.57446 938.711
1235.56921 592.827
1252.56616 548.077
1311.49988 494.765
1328.53284 2268.21
1329.53784 1853.93
1330.53674 855.479
1427.60474 1115.69
1428.59961 812.013
