2297.14487 3
110.07120 5339.72
111.07442 301.644
115.08689 263.623
116.07042 249.338
120.08072 1613.04
127.08585 261.985
129.06577 304.116
129.10228 3377.92
130.06522 253.216
130.08626 1063.01
131.07033 588.918
131.11789 1536.32
133.04353 417.608
133.08595 6908.26
136.06160 460.611
136.07571 1970.85
138.06573 286.856
141.06578 263.201
141.10222 420.793
143.08176 391.947
143.11774 268.285
147.11287 2155.64
155.08150 2582.19
156.07726 364.668
157.09753 358.473
157.13316 411.866
159.07648 336.261
159.09174 811.636
166.06085 260.253
169.09727 486.149
169.13350 724.456
171.07631 628.246
171.11235 331.408
172.10799 439.82
173.09195 392.195
173.12807 635.475
175.09705 500.307
175.11897 1249.18
177.11203 1970.84
181.10800 1730.62
183.11255 706.901
183.14915 864.7
185.09236 691.173
185.12831 494.274
185.16495 361.028
186.08635 285.102
187.07179 370.143
187.10777 339.121
187.14430 1196.09
189.08675 712.92
197.12845 1023.82
198.12312 630.962
199.07155 369.847
199.10770 325.739
201.08626 331.806
201.12325 1503.46
203.10301 477.306
208.09756 395.948
209.10339 6606.54
210.02528 502.653
210.10779 542.815
211.14401 600.895
212.10326 525.573
212.13907 1322.55
213.15657 279.361
214.15395 471.847
215.13902 1319.05
216.09914 279.224
217.08211 288.837
219.11235 316.058
224.10320 330.614
225.09848 850.736
225.12360 1060.05
226.11852 3734.77
226.15495 773.574
229.11873 866.151
231.09752 987.031
237.13589 427.882
240.09741 668.218
240.13390 985.325
241.08286 349.305
242.14989 3443.42
243.13434 599.428
244.12682 291.311
244.16551 2254.26
245.07649 454.716
251.15047 345.729
253.09341 497.473
254.14915 495.7
256.63428 1017.17
258.10822 1546.06
258.14407 417.695
261.62579 312.111
266.16437 923.578
268.16409 430.742
270.63181 1064.05
271.13397 368.487
272.17325 664.834
276.15372 446.022
282.18207 266.112
284.15479 651.052
284.17633 1591.09
298.13837 350.065
298.17703 276.209
302.17215 313.528
303.17816 362.194
311.20721 1222.46
316.14859 274.855
320.16782 612.344
322.18762 575.041
326.17047 720.019
328.15195 361.251
331.19739 2758.73
332.20013 341.158
337.19864 288.361
338.15952 1206.08
339.20221 1193.73
344.14523 378.71
353.18423 415.639
354.16495 452.67
355.20892 1850.21
355.68604 272.211
356.17084 1062.24
357.17807 636.563
359.15579 1149.3
366.17496 393.572
367.17200 1476.38
369.17694 455.89
371.19247 2299.08
372.19913 358.576
390.19452 1253.42
390.69598 432.705
395.16788 2605.55
396.17145 385.016
403.19577 285.162
404.24573 915.537
408.22418 697.186
409.22458 306.971
412.19891 318.027
416.72565 341.218
423.19940 353.927
425.19186 1233.97
425.73190 5712.66
426.23413 3753.79
426.73596 775.261
433.73917 403.38
437.21078 609.42
438.19724 502.845
439.72928 1713.18
440.23111 870.965
440.74225 271.666
443.20334 2310.78
444.20761 603.741
446.69260 1095.36
447.19751 395.318
450.24573 605.206
453.20737 519.063
454.23456 308.002
455.21457 603.677
456.21124 315.091
460.75342 968.633
461.25183 575.238
465.71320 269.333
466.24091 1382.28
468.25354 1896.2
469.25891 382.391
472.24124 759.051
474.26050 343.95
474.72342 1009.73
475.22433 647.821
477.25620 815.87
481.20178 495.135
482.21088 1568.83
482.71323 750.207
483.21844 361.189
484.27960 275.419
486.22131 320.73
489.23706 484.018
491.26520 325.74
492.26749 2177.7
493.27274 682.557
494.23419 3639.87
495.23727 911.67
496.24548 387.185
502.27029 688.127
503.23495 4581.07
503.73401 2418.93
504.23639 826.265
504.75092 294.551
511.27545 596.43
511.77600 401.193
512.77246 471.672
513.25220 318.074
515.34003 288.986
524.24646 1404.36
524.75684 1005.45
525.25427 872.879
528.26575 322.567
528.76813 290.665
529.75183 596.78
533.29547 597.57
537.27942 300.816
538.28815 606.204
538.75433 4761.76
539.25635 2537.96
539.75708 934.764
540.25830 549.451
545.79150 317.348
546.28400 341.469
547.28711 931.038
547.78687 583.448
554.79083 1206.54
555.28998 625.026
557.76849 382.886
560.28265 1271.3
560.78253 552.167
561.28375 378.258
566.30072 598.557
567.30560 334.093
574.27393 769.025
579.35168 441.213
581.34497 1519.59
582.35120 351.081
583.27258 459.99
587.26642 713.622
593.79779 789.34
594.29285 968.019
595.29578 972.909
601.28558 515.8
602.36383 501.004
602.80157 1088.92
603.28998 538.32
603.36908 505.707
605.35205 3581.14
606.35577 1136.23
611.33447 990.217
611.80548 423.223
612.31305 368.843
614.31281 299.969
617.30994 285.721
618.31018 315.278
621.31458 399.744
623.26672 1400.38
624.27045 385.609
629.81067 494.053
633.31531 704.28
637.33221 996.047
638.34479 394.669
638.80975 449.701
639.32544 3953.35
640.32605 1546.27
641.32825 297.587
652.33673 473.162
661.30084 836.165
662.31433 512.137
667.34137 417.986
671.33057 290.818
671.82562 386.775
672.27307 329.907
679.31671 557.992
680.40906 1090.88
681.40076 399.514
682.33612 361.589
689.02075 319.792
692.35443 434.635
694.35864 326.697
694.68402 987.174
695.01740 830.863
695.35858 798.481
695.85107 548.196
696.35602 1836.83
697.34882 372.906
700.35632 355.656
700.68970 1940.3
701.02332 2168.24
701.35852 1952.9
701.68921 732.271
702.36395 561.121
709.30499 496.477
709.84460 382.47
710.36127 2341.16
710.83203 590.848
711.35498 920.584
714.88068 556.324
715.37897 346.06
719.34589 295.735
720.37793 2093.99
721.38525 980.37
722.37689 478.642
722.86841 296.03
723.88867 1757.62
724.39252 1386.39
724.89264 528.366
726.38300 314.924
728.36780 392.121
729.34955 287.271
731.37274 1240.96
731.63214 341.879
731.87073 666.633
732.37823 442.881
733.35413 539.954
733.67737 599.125
736.35785 318.063
738.30273 7017.47
739.30530 2769.31
740.29968 573.057
741.38159 400.411
752.29950 489.276
754.37683 1088.45
755.37805 377.883
762.33380 430.676
763.35510 527.663
765.34229 512.576
766.33417 851.402
766.44568 657.679
766.92615 365.601
767.30988 554.64
767.44519 1127.7
767.91498 459.174
768.41559 572.73
772.36652 304.998
774.39136 548.697
779.38354 2773.37
780.36975 1358.27
781.39557 735.333
782.40015 304.007
783.39600 665.841
783.88245 612.191
784.38190 537.843
789.39868 1142.59
790.40839 538.489
792.39740 706.693
792.89630 335.257
797.39618 1065.68
798.41016 419.77
805.37830 443.497
807.40997 9666.47
808.41327 3838.26
809.42883 872.904
816.39771 294.768
820.42682 575.902
820.93707 342.329
823.39520 2233.31
824.40387 1008.22
825.40747 2623.75
826.40845 1034.68
829.43079 2207.9
829.93341 1882.26
830.43158 1050.85
833.37701 1920.65
834.38898 481.085
842.42780 574.263
847.91913 304.544
848.46283 330.65
850.46332 488.069
851.38910 17758.9
852.39111 8404.64
852.89459 335.261
853.39264 2676.44
854.39917 401.512
863.39734 362.971
866.47644 1993.43
867.47485 1068.92
868.48505 427.462
870.40601 501.448
872.94049 817.533
873.44946 964.057
873.94885 421.486
875.44061 1079.06
876.44116 687.571
877.40460 1037.08
878.44104 2189.07
878.91565 607.57
879.44568 1341.45
880.45752 422.975
892.37842 607.926
893.46240 297.747
896.47650 338.615
898.43048 433.51
902.48560 883.406
903.50067 444.517
904.47943 322.534
907.44556 1107.59
907.93530 822.286
908.43762 823.03
912.42926 1274.49
913.43060 867.08
919.46411 540.917
920.49585 4820.44
921.49823 2513.72
922.50928 573.499
924.48682 376.34
929.55402 375.719
934.46124 636.561
935.49799 730.619
936.50415 523.263
938.50128 416.861
939.43988 356.043
942.47870 383.602
943.49390 350.417
944.47101 349.56
946.48248 818.273
946.97888 567.283
947.48938 404.599
948.43958 380.953
949.40930 545.075
951.48615 449.099
951.98798 393.091
953.50372 2639.75
954.50842 1333.92
955.51263 818.194
961.42169 372.079
962.47156 1029.49
963.44556 712.791
963.98035 495.759
964.50354 306.473
965.50970 322.258
968.42047 310.071
977.47827 330.781
978.43652 396.327
979.45197 587.571
980.47565 828.621
981.45374 386.471
987.45361 397.483
989.50214 312.128
995.47241 1241.39
996.48444 479.003
999.46021 306.999
1003.53455 658.526
1005.46338 5244.55
1006.46179 2811.32
1007.47418 1486.26
1008.49426 525.578
1013.48096 2039
1014.47925 837.018
1021.54218 4570.09
1022.54675 2485.19
1023.54749 893.318
1024.54761 950.074
1025.58752 462.751
1028.50195 520.199
1029.00781 540.204
1033.48926 320.098
1048.50684 1135.49
1049.50769 783.794
1055.52625 1593.34
1056.53784 689.896
1058.50317 650.803
1059.51233 325.382
1060.55493 316.503
1066.52063 415.576
1067.50183 330.013
1070.52869 311.506
1073.56641 369.821
1074.55554 371.865
1075.55212 486.012
1076.50171 10181.7
1077.50354 4929.61
1078.50830 1810.13
1079.51160 633.25
1084.53650 313.084
1090.56934 1233.66
1091.57056 648.74
1092.58374 411.58
1093.56433 1232.4
1094.56445 703.936
1095.54968 415.628
1096.51990 302.484
1097.52832 633.622
1108.57422 8958.04
1109.57483 5038.64
1110.57556 1712.03
1111.57361 659.752
1112.58606 393.014
1114.52734 3485.49
1115.52332 1912.09
1116.53235 782.703
1135.62183 332.413
1136.62402 306.081
1163.62122 374.882
1186.59558 526.983
1189.58350 1046.16
1190.60132 755.24
1191.56860 586.608
1203.64600 445.655
1204.59656 1511.97
1205.59094 812.901
1206.59241 358.833
1221.66138 1714.49
1222.62402 2035.17
1223.61499 1399.69
1224.62463 480.909
1227.60986 1172.42
1228.61926 752.461
1258.60474 342.882
1259.61536 394.726
1276.65112 333.888
1292.71021 359.238
1342.63696 2356.08
1343.64807 1460.09
1344.64307 550.787
1349.71094 907.954
1350.72595 589.13
1359.64441 502.152
1360.67175 384.494
1446.78296 531.375
1447.78589 396.186
1455.72363 997.647
1456.73083 926.952
1457.73486 351.732
1461.73987 793.609
1462.74146 376.589
1566.73254 302.671
1583.81055 306.318
