1612.79514 3
110.07095 1086.85
115.08659 353.341
120.08052 6354.75
121.08371 513.187
129.10202 7736.78
130.05013 288.682
130.06401 409.933
130.08606 3890.71
130.10420 423.674
132.08034 488.913
133.08496 342.596
136.06125 309.172
136.07542 2532.33
139.08621 567.775
147.11255 6589.01
148.11594 380.697
153.10199 447.807
159.07610 445.884
159.09142 1555.97
159.11253 327.593
167.08118 702.793
170.05980 1175.56
173.12799 1215.64
175.11856 1778.53
185.16451 1414
187.10799 562.732
197.12782 1060.28
198.12225 842.538
201.12299 1118.61
204.13428 443.762
212.10254 1228.42
213.15964 836.247
215.10144 798.463
215.13881 1285.68
216.09698 316.097
222.16020 375.295
224.14041 372.338
226.11780 360.112
229.11562 770.473
231.06058 758.833
233.16473 900.356
238.13670 1057.73
238.63745 314.148
239.18767 384.305
240.13275 347.862
240.17049 1097.69
243.13268 670.48
244.09164 374.333
246.65039 674.231
247.19170 577.536
252.13437 584.948
255.14864 461.879
257.19656 1908.04
258.14456 600.63
260.64676 1467.36
261.16324 522.224
264.09659 452.221
272.17465 497.068
276.17163 1428.35
281.12390 1955.22
283.14484 302.096
287.12500 843.172
288.20160 452.467
293.65256 1366.26
294.18039 10143.1
294.67688 326.947
295.18445 1687.26
295.63846 1257.39
301.05801 459.364
302.16656 522.646
302.65677 335.812
304.15155 509.757
307.64975 987.93
308.20840 780.175
309.19070 1064.19
309.63522 2594.33
310.13354 417.118
311.16983 512.244
315.04477 517.221
316.14166 552.049
316.16739 916.396
316.65884 615.82
317.15338 359.692
318.14893 1113.39
318.64304 506.113
319.68445 475.019
322.66531 694.372
324.67734 732.189
325.16748 2403.08
325.66974 726.375
326.21832 1325.21
330.12900 5475.74
331.13232 702.074
333.68106 1773.85
334.18304 770.285
341.14462 1540.35
342.14978 312.899
342.64142 385.418
343.66458 403.706
344.14438 4405.23
345.14523 570.378
350.19449 627.268
351.15298 459.831
351.64627 1172.31
356.63492 334.421
358.70758 906.115
359.20010 973.987
359.70007 430.558
360.15915 1456.15
360.65982 420.04
365.15112 745.267
365.64423 858.68
367.22281 407.182
367.71274 1769.83
368.23264 771.031
368.67056 2928.09
369.17178 961.519
371.65479 445.987
372.70380 420.646
373.19916 677.893
374.15637 3128.82
374.65820 1323.67
375.16507 403.491
376.22495 2089.05
376.72461 653.591
381.21811 353.697
381.71027 1860.04
382.20981 787.839
382.66977 3798.05
383.17288 1476.1
390.22305 1989.6
390.72357 1000.96
393.65634 389.163
397.20313 332.456
399.18307 593.481
407.16653 700.404
407.26465 4698.54
407.69418 1680.12
408.19031 2425.76
408.26740 888.386
408.69113 1048.34
409.21677 441.364
409.69543 359.105
410.16632 803.143
415.21808 1698.69
416.20944 1211.86
416.70126 4622.32
417.03122 487.266
417.20465 1870.73
417.70892 431.707
421.69272 325.523
424.19009 427.578
425.21378 6148.8
425.71533 2585.64
426.21948 645.148
430.20505 424.903
430.69849 1620.34
431.19727 914.021
431.69443 319.576
432.21100 322.68
439.21201 2363.12
439.71707 1118.6
440.22052 412.379
443.21301 3277.3
444.21475 750.194
445.18481 330.698
454.22998 819.84
457.23203 428.163
463.22037 398.203
466.23639 518.089
474.74838 838.847
475.25473 409.529
477.19534 350.435
481.25299 1164.99
481.75470 467.641
485.68359 896.348
488.74792 495.447
490.29150 859.203
490.54208 636.765
491.21298 1857.65
492.21713 339.011
494.79227 486.049
499.52356 1114.25
499.86020 1019.04
500.19489 567.52
504.93524 1029.66
505.27094 677.662
505.63733 475.861
505.97205 715.75
506.30634 560.008
520.28741 987.364
521.23718 352.174
522.29138 6333.82
523.29498 1695.32
523.79608 824.327
524.29926 617.836
528.30182 391.772
530.23822 1302.3
530.74573 617.831
532.59326 485.273
537.32318 1045.33
537.79712 834.413
538.23724 786.967
538.30286 5316.03
538.59595 412.667
539.23633 506.702
539.30200 2005.21
541.19659 880.31
541.70343 496.236
545.26550 417.947
546.26239 698.014
550.20038 431.732
554.24438 744.277
554.78760 627.286
556.29822 468.683
562.28851 991.844
571.32336 605.367
572.25531 340.666
572.78381 404.865
590.27618 1219.11
595.24762 535.395
595.32275 382.965
597.32898 426.335
601.23700 483.843
603.77252 2019.73
604.27240 1238.8
604.76855 502.772
605.33820 410.424
606.33539 444.387
607.71533 577.958
609.32874 539.116
618.26544 1628.32
619.32458 537.793
628.35931 440.787
632.30731 524.031
635.28607 1207.14
636.29480 409.576
637.31750 19744.1
638.31927 6478.51
639.32007 1236.89
642.38251 666.461
642.88251 392.101
648.34930 761.019
649.32880 2707.26
650.33093 1235.3
651.33673 360.183
664.26099 943.318
664.76404 541.798
666.35504 3690.62
667.35590 1114.63
683.84393 357.079
684.34021 534.539
684.88727 355.358
685.33569 325.653
693.43414 344.918
693.86273 545.173
694.35956 441.776
710.37817 527.842
718.37085 555.754
730.28296 424.248
736.38599 24826.9
737.38898 9330.49
738.38696 2114.71
746.38495 671.015
747.30493 2934.48
748.30396 1015.79
761.42798 440.92
762.41632 1410.96
763.41699 647.264
764.33234 3745.83
765.33392 1458.95
766.33099 378.795
779.44012 2411.41
780.44019 884.918
783.34155 463.45
849.47101 6637.15
850.47351 3265.54
851.47528 845.353
859.45978 354.073
860.38898 1315.97
861.38159 436.901
877.41687 1821.01
878.41656 966.101
960.49921 903.819
961.49896 654.286
978.51526 2248.57
979.51282 1006.29
995.51215 344.342
1092.54736 756.91
1093.57983 372.806
1094.56213 442.272
1108.56091 445.183
1109.55908 331.552
1206.54224 616.511
1207.54712 395.786
