2317.09311 3
110.07126 7504.85
111.07471 400.632
120.08083 5036.78
121.08384 357.293
129.10236 17571.2
130.06522 304.25
130.08646 1078.39
130.10547 1033.44
136.06171 330.853
136.07593 1650.46
139.08688 364.502
147.11293 2457.46
153.10262 267.81
155.08128 287.586
156.07687 1140.62
159.09181 744.945
171.11288 1138.04
171.14946 590.772
173.12827 659.749
175.11906 3128.8
181.06085 291.413
181.09871 661.956
183.14915 711.56
186.08549 272.468
187.10698 344.393
187.14401 370.745
195.11243 287.517
196.06052 278.289
197.12796 577.447
198.08752 418.479
198.12379 4236.83
199.10791 1380.36
199.18068 1328.6
200.13931 272.869
201.08682 255.213
201.12308 710.053
203.10281 1066.77
210.02516 704.877
211.11929 441.019
211.14406 529.895
213.08714 954.616
215.13910 936.38
216.09593 615.532
216.13432 15714.7
217.13762 1754.88
225.09683 501.68
226.11821 691.264
226.15495 368.38
227.10225 342.133
227.17490 672.127
228.13509 312.75
231.09798 2269.99
232.09872 291.972
233.16499 8185.47
234.16817 1215.72
236.06667 286.969
239.11386 1368.37
241.08223 350.38
243.13400 321.991
244.16455 355.482
250.11792 301.033
251.10411 391.979
253.09337 5084.66
254.09657 516.709
255.14502 280.739
258.10788 374.956
259.09317 343.26
261.15970 4341.37
262.16364 452.605
266.16141 3444.42
267.14581 1151.76
272.17343 301.004
277.11942 271.551
282.18085 599.294
284.17191 11519.5
285.15533 2737.84
286.14014 302.94
290.14566 592.906
296.06296 312.841
296.19653 490.21
308.19644 855.814
310.13910 378.303
311.17087 1002.81
324.12936 307.233
326.16742 270.986
336.13080 311.787
342.13318 316.897
344.19785 693.944
354.14117 3433.27
355.14157 461.936
360.14050 1189.19
361.14099 335.334
362.20770 1304.25
378.17673 273.342
379.23492 1578.51
380.19424 484.185
381.18729 659.353
381.25275 357.981
383.13095 411.297
395.20218 755.063
396.18573 598.401
399.20007 1256.58
401.21631 609.483
409.14890 438.708
410.22040 877.985
410.72565 321.53
413.21475 1336.72
416.73636 691.912
417.24011 440.215
418.20505 2245.91
419.20566 383.221
423.19257 328.858
425.74261 1950.76
426.24396 1087.84
426.74432 411.64
450.30548 327.145
452.22256 618.337
455.21698 349.586
456.26035 415.645
456.75702 290.042
465.26288 5223.5
465.76541 2488.67
466.26804 625.401
467.22433 1441.86
468.22916 340.628
470.23453 2832.13
471.23886 556.218
473.23489 663.232
474.26920 13741.1
474.77075 6971.57
475.27219 1978.34
478.16852 302.762
478.30362 1218.77
479.30576 319.96
480.25363 340.632
486.23370 296.121
491.25168 359.506
493.27664 1326.4
508.29453 322.667
509.27271 533.55
516.30493 527.846
516.80408 343.451
526.29980 1948.83
527.30878 457.5
530.30176 817.068
530.79999 437.278
533.23181 2636.29
534.23639 657.123
534.75049 487.272
544.30621 510.042
549.34094 1195.37
550.34436 299.666
551.29510 526.938
556.28894 431.327
557.27216 920.291
558.29547 701.334
558.79590 288.013
565.29272 870.78
565.79504 553.926
567.31781 1143.25
568.32257 285.337
569.30444 2028.24
570.29938 934.04
570.78876 379.439
578.30188 365.515
578.81055 858.614
579.29669 1696.24
579.79645 746.477
580.30646 1083.96
585.27728 826.128
585.77386 499.451
587.81494 6969.01
588.31610 4671.82
588.81781 1466.12
589.32446 513.143
591.24988 435.417
591.31531 381.009
593.27802 420.856
594.27972 863.217
594.78552 737.593
595.32751 585.53
596.27606 463.739
596.82068 741.447
597.33337 349.247
598.27893 290.133
600.31323 2008.88
600.81360 1820.91
601.31262 754.731
602.27985 537.638
605.78345 304.686
606.36212 832.284
607.27173 284.485
609.32922 448.292
614.27405 283.906
614.78412 321
617.33325 297.885
619.28064 464.572
620.29523 477.518
622.33136 679.104
624.27124 607.184
627.34033 550.135
627.79242 1037.34
628.29279 1204.94
628.78979 574.224
629.29230 347.519
636.34296 913.087
636.80066 8380.06
637.30420 5863.64
637.80457 1999.73
638.31042 662.544
640.34045 3203.67
641.34772 994.28
641.82617 577.289
642.33673 525.632
646.31116 1677.15
647.32721 397.53
649.33038 2078.01
650.34082 594.821
650.83813 2100.59
651.33893 1261.14
651.84235 479.869
662.32898 352.202
664.36670 9109.34
665.01349 318.125
665.37061 3618.27
666.30273 435.382
666.38733 633.498
666.81360 289.373
669.36633 350.646
673.38049 346.121
678.71356 405.341
679.03876 329.799
685.32336 719.123
685.78308 1459.35
686.28790 1029.38
686.78729 387.881
688.04114 376.883
688.37695 313.668
689.40601 452.072
690.40222 333.022
691.38037 520.287
693.29358 418.263
696.04205 392.563
696.39484 302.221
697.68225 421.217
698.01013 596.596
698.35297 331.037
701.71753 887.145
702.05072 1528.69
702.38623 1099.87
702.71869 533.058
704.37213 690.068
705.36267 379.855
706.35077 394.037
707.38861 677.135
707.71967 3553.87
707.88599 448.722
708.05402 5366.99
708.39374 3000.36
708.72205 1025.78
709.41467 655.716
711.38727 413.279
711.71002 288.262
713.72754 588.43
714.05829 737.329
715.33990 3946.26
715.85358 624.569
716.34363 1325.15
722.38538 495.364
723.37738 288.272
724.35913 314.56
727.42010 289.44
728.36945 363.574
728.71069 454.164
734.37909 1296.53
734.70941 1673.14
735.04474 925.051
735.38806 686.018
740.38037 4815.99
740.71368 5565.89
741.04761 4125.11
741.38531 1741.59
741.71820 502.703
741.91327 324.798
745.38049 356.339
746.39069 393.159
747.30377 766.891
753.42603 1947
754.30676 320.88
754.43127 773.713
755.43201 466.446
762.41699 1740.89
763.42615 829.063
763.92633 982.195
764.42535 987.062
768.40704 307.705
772.35016 769.31
772.45526 480.335
773.03522 779.632
773.33643 998.457
773.45044 2182.39
773.70123 494.598
774.42255 4509.83
774.89771 355.867
775.43555 968.558
776.93481 864.611
777.44641 577.068
777.93823 329.397
778.38678 455.764
779.39441 740.329
782.41895 292.237
784.41211 568.659
787.37286 360.959
789.43018 759.959
789.92786 721.918
790.41345 756.317
790.90918 569.409
791.40259 347.264
798.43341 1883.87
798.93536 1998.38
799.43146 796.698
801.42761 2449.27
802.42987 1454.17
806.37927 1055.43
811.91644 302.626
812.43134 438.485
812.92432 339.775
813.31592 2159.01
814.31567 534.255
819.43610 2719.34
820.44147 1090.32
821.49622 1692.22
822.49744 908.578
825.91553 762.895
826.42609 932.685
826.96722 401.701
828.42084 5956.52
829.42432 2430.08
830.42767 626.631
831.37665 334.099
832.47217 1225.51
833.49084 600.912
833.90430 293.773
844.47992 383.742
845.96277 612.152
846.47296 598.02
847.42023 556.915
847.91650 300.94
850.47839 7332.13
851.48206 3351.12
852.48907 1006.11
854.97137 2147.91
855.47443 2379.67
855.97375 929
858.44495 310.382
859.70227 296.257
860.47198 300.597
862.48651 550.117
866.46899 350.623
872.47040 543.261
873.45288 1364.9
874.44678 643.959
875.45416 641.792
875.96686 319.908
878.41376 351.091
880.45929 545.605
880.95734 511.847
882.42535 344.632
882.94470 460.419
883.44330 650.638
883.93622 307.69
884.43365 331.517
887.51666 502.354
889.46783 806.981
889.96887 758.923
890.47363 1855.69
890.95789 523.991
891.47461 905.719
892.47900 438.076
901.48419 704.103
901.98285 474.078
902.47961 583.825
904.53644 967.107
905.53729 525.153
908.46198 346.202
910.00537 555.829
910.49292 1878.76
910.99225 1765.31
911.49188 931.021
911.99835 354.716
914.48944 353.506
915.48138 322.32
916.45502 1123.82
917.45728 540.891
919.00537 812.81
919.49066 3001.37
919.99683 1895.77
920.48999 1188.58
920.99475 306.434
921.47656 574.832
922.54114 2098.39
923.54395 1010.62
926.39038 471.288
929.02032 305.055
929.52325 4869.99
930.53278 2517.78
931.53003 867.631
932.50562 680.921
934.47290 357.158
935.99884 929.047
936.50708 701.622
936.98938 381.058
939.45404 1140.19
940.45435 629.362
941.48297 634.668
942.47382 819.884
943.48889 411.294
944.50873 2612.43
945.00385 4774.86
945.50470 3882.46
946.00342 1928.46
946.51288 829.324
947.53156 30386
948.53479 15973.6
949.53790 4793.41
950.55902 774.361
953.51434 7216.39
954.01392 8087.31
954.52069 4183.6
955.01978 2171.12
955.51251 796.772
957.46326 4542.3
958.46362 2225.07
959.49286 6695.05
959.97345 428.811
960.49512 3360.64
961.49860 882.018
962.51672 1461.98
963.01855 1361.73
963.52490 622.229
968.48474 1265.64
968.98206 1400.32
969.48254 756.976
972.42877 333.402
976.49292 557.614
977.50342 1454.21
978.50989 740.468
979.51776 332.297
985.47577 619.905
986.47864 323.255
988.53699 360.932
990.50488 366.535
990.99091 426.588
993.49579 739.535
993.99127 1282.95
994.49078 939.253
994.98926 704.683
1002.50305 3882
1003.00122 2462.12
1003.50574 2076.77
1004.00372 558.631
1004.51605 450.743
1017.48291 397.937
1020.51172 999.643
1021.52570 422.944
1037.41968 903.182
1038.42200 361.278
1044.55176 908.856
1045.56458 533.585
1046.49573 466.766
1051.46960 355.321
1055.42322 464.768
1057.47009 2789.17
1058.47058 1572.76
1059.46313 350.853
1059.62073 351.595
1062.55859 4352.72
1063.56177 2653.54
1064.55981 950.382
1065.56372 300.291
1068.49573 1190.17
1069.48401 508.256
1075.47937 382.756
1086.50647 3556.26
1087.50281 1738.37
1088.47607 342.922
1100.45642 299.176
1130.59583 412.553
1140.58545 344.222
1155.43262 314.59
1156.61755 640.163
1157.60400 794.14
1158.58887 410.52
1159.56396 309.34
1166.45886 487.403
1169.54749 450.378
1170.53992 495.401
1174.62476 4289.92
1175.62439 2527.3
1176.62378 1013.93
1181.61414 330.65
1184.47778 397.152
1187.55591 7657
1188.55725 4510.38
1189.55859 1513.8
1190.55811 302.11
1192.63940 799.869
1193.64844 538.933
1199.61951 1337.79
1200.62427 869.858
1201.63611 366.818
1217.65979 986.453
1218.65649 390.228
1231.55713 403.731
1254.60730 449.291
1255.59875 339.998
1272.60010 3421.39
1273.60071 1962.24
1274.60938 791.815
1285.52832 1614.78
1286.53003 881.709
1287.53638 330.698
1300.66235 1470.8
1301.66418 857.882
1302.64661 349.004
1370.58337 532.196
1371.57275 323.2
1413.76843 309.302
1622.85693 924.75
1623.85315 809.81
1624.87073 478.309
