2710.33719 3
110.07095 933.626
119.08111 1379.62
120.08014 1190.65
129.10181 2098.04
130.06400 414.402
130.08614 679.757
136.07542 2896.33
141.10168 545.028
143.08130 498.277
147.11253 2097.84
153.10197 491.756
157.09778 426.993
159.09120 1648.92
169.09676 530.408
171.11273 1167.11
171.14896 1736.19
173.12805 978.613
175.11870 1085.98
181.09694 1493.1
183.14847 1567.26
185.09084 703.879
197.12724 586.979
199.10759 1446.43
199.14330 1180.57
201.12286 594.607
210.02464 453.319
211.14378 1374.18
212.10265 841.774
213.08649 385.911
214.15404 390.625
216.09741 474.697
221.09061 635.971
226.11836 487.88
229.11685 438.699
230.11307 10181
231.11632 1025.8
238.11845 1873.03
240.13356 595.855
242.14960 682.693
242.18460 426.179
244.16487 459.241
250.11746 1050.26
251.15036 767.147
258.12903 444.979
260.19620 2221.31
266.14932 2791.86
267.15222 404.316
268.12881 2233.71
272.17560 491.24
278.14893 1279.19
282.18137 786.195
285.15427 417.848
286.13858 1542.01
295.13843 500.082
300.17035 1230.06
313.15015 1117.94
324.22800 591.026
325.18622 835.516
335.17117 1066.02
336.09491 1785.27
343.19681 5549.52
344.20032 1042.14
349.18564 1523.54
350.13361 796.689
353.21725 1319.06
361.19934 666.709
369.21048 444.726
371.19745 472.921
371.23715 720.534
381.21307 1385.67
399.22528 686.129
410.16656 533.164
410.23965 404.61
427.19168 1901.36
428.17371 434.09
448.76233 3809.84
449.26291 1584
449.76346 498.257
456.18558 393.327
464.25018 1030.11
470.33270 4957.6
471.33569 1112.44
474.19672 719.794
501.28229 796.668
503.25974 4573.76
504.26157 909.993
507.21719 576.421
524.24255 590.163
525.22852 550.604
529.27405 2482.16
530.27484 519.59
533.27533 711.498
541.26038 1650.36
542.26337 429.867
545.77631 503.164
573.24384 740.185
582.30389 746.038
584.37402 1650.86
585.37769 461.365
587.28418 628.666
600.31360 2801.48
601.23889 4030.86
602.23975 1262.43
612.29657 505.66
614.32190 632.068
630.29926 422.391
637.32813 1412.53
638.33069 427.505
646.35852 1018.22
647.87158 1612.12
648.37103 1136.17
664.36896 1065.85
665.37006 562.427
687.34741 1101.62
701.35797 641.382
711.29883 592.409
712.43695 919.053
719.32166 528.965
722.42542 480.889
727.34082 802.014
732.38586 496.509
733.39404 544.271
747.40192 543.709
750.41376 1507.58
751.42157 580.49
760.38934 930.718
770.38086 634.39
771.35236 423.236
771.93750 725.993
772.35742 513.897
780.44196 12414.7
780.94287 11251.9
781.44598 4497.18
781.94995 1250.57
782.90533 2412.92
783.40674 2217.61
783.90765 667.048
788.38959 843.781
789.39435 447.446
790.37897 779.353
798.37665 2904.38
799.39343 1517.99
799.46881 1690.3
800.47406 567.494
813.44482 529.638
816.38501 2939.52
817.39368 1320
821.36792 449.175
821.96228 3227.01
822.46136 2809.84
822.96075 1482.85
825.40881 867.573
826.42310 438.784
859.45813 1135.09
860.47333 528.265
867.47229 461.121
867.97925 587.994
868.34741 629.595
872.46411 674.787
879.50494 678.436
883.46344 634.924
893.46722 487.65
894.48895 765.548
896.51892 22763.8
897.52118 10622.7
898.52686 2369.15
899.00281 1304.58
899.50507 1453.72
900.00519 601.912
901.47955 1171.53
902.48730 458.425
903.45117 1063.25
903.91083 518.628
904.42517 937.313
905.41870 1242.89
905.92084 758.777
906.42816 1064.44
918.45398 576.971
941.45221 914.725
941.95587 749.061
942.45123 761.652
947.98566 2306.73
948.48932 1918.49
948.99115 891.577
971.45374 490.169
976.47107 507.043
976.96033 981.581
977.46344 1256.07
977.96893 671.834
978.47400 516.484
981.43488 583.284
1009.61243 1622.3
1010.60986 775.592
1035.49060 632.759
1053.49402 1841.1
1054.49524 899.772
1059.58533 549.156
1064.59302 756.853
1073.52246 927.676
1074.54175 488.731
1081.52319 732.331
1082.03015 1587.78
1082.53064 2290.85
1083.02893 1891.31
1083.53735 943.112
1089.53247 486.759
1090.55139 1567.41
1091.55872 788.093
1096.63562 2629.28
1097.64319 1251.51
1165.63757 653.996
1180.56055 452.008
1197.69348 1019.27
1198.69043 591.528
1209.57727 550.307
1252.66382 958.751
1253.65442 700.742
1257.09009 514.64
1276.73132 629.145
1277.73901 653.092
1294.73438 8344.56
1295.73596 5508.71
1296.74731 1903.69
1300.67334 655.698
1318.63696 857.255
1319.65344 624.831
1365.77490 977.125
1366.77454 849.273
1367.62317 725.735
1368.64490 697.763
1380.70129 435.938
1462.82922 2039.94
1463.82947 1847
1464.84656 569.69
1468.75195 625.721
1559.88635 1507.69
1560.89270 1001.98
1561.89172 552.009
1564.80200 1116.97
1565.79724 1278.09
1566.81604 455.567
1640.73901 573.764
1641.74829 636.38
