1945.78507 3
129.10191 74174.9
130.08586 14282.8
130.10486 4435.9
147.11244 31071.4
186.12369 3824.6
187.10735 48693.5
188.11195 3908.1
197.12859 3753.65
197.16425 4622.77
215.10146 16864.5
215.13843 125380
216.14185 13100.9
226.11823 4717.7
227.06613 8908.67
240.13351 6356.63
241.08069 2877.53
242.07655 14821.2
242.18535 3401.82
243.13336 74972.4
244.13734 5707.89
245.07613 29790.8
246.07953 2616.31
257.19650 6130.27
262.13870 8336.04
267.64728 4055.8
272.12222 2458.62
275.20697 58756.3
276.21036 6324.63
298.13818 7448.61
314.09628 5535.04
325.16031 5101.94
326.13483 7606.71
331.69421 4200.35
341.14487 7775.12
343.12399 4921.08
344.14612 5649.45
353.10812 3406.5
358.15973 68417.2
359.16254 12847.9
371.11963 13943.6
371.22812 3404.01
372.22385 6258
377.70792 4851.96
382.67438 6155.36
383.14673 2730.19
388.18054 7303.54
390.23392 19613.7
391.23508 2664.9
399.69885 2827.48
413.70041 9042.5
414.20541 3830.78
429.23569 11584.4
430.24237 2605.78
438.19437 6987.4
440.24652 2875.21
447.19174 2936.31
447.25497 8124.79
456.17142 6249.88
457.23038 4445.01
464.53470 3203.06
469.22302 3393.87
470.18356 3770.92
478.22104 5544.6
482.14825 3029.59
486.25363 8834.64
500.16107 10812.2
502.23831 3266.06
502.70804 5020.13
503.20868 9072.4
511.24435 2899.32
516.27606 6920.45
518.32843 4794.97
534.28662 19471.2
535.28870 5090.32
557.32709 4487.27
566.75763 9781.75
567.20325 9193.89
572.90991 2667.95
575.34961 11221.6
575.76227 10820.4
576.26953 4584.57
576.35370 4447.02
585.21472 10064.4
585.32367 15128.9
586.21936 2889.51
586.32751 3370.34
590.30902 3750.37
597.17731 5792.4
600.28864 3266.84
603.73981 5241.16
604.93085 3027.23
605.27094 4099.02
610.26703 3157.03
610.60468 6862.97
610.93671 13061.4
611.27045 7243.34
614.24286 3995.81
615.18701 9973.26
616.60333 16855.7
616.93726 16266.6
617.27380 7987.71
617.61011 2910.75
618.23987 7197.53
623.24628 11072.3
623.74554 6650.75
631.30566 4609.07
632.24823 13749.1
632.75317 7746.83
633.27399 8127.77
644.37360 5146.73
649.31635 20559.4
649.77124 3222.79
650.32739 5280.65
658.78027 7323.84
659.27521 11066.4
659.77789 6932.18
662.38190 40163.7
663.38416 12879.6
667.78735 29617.1
668.28937 17001.9
668.78925 5254.74
672.77869 12243.4
673.27612 6046.49
673.78735 3377.69
674.27875 2844.01
674.78156 4069.37
678.29468 6394.31
678.78607 6883.89
679.28094 3208.6
681.78510 10098.6
682.28809 7059.42
687.29358 36039.9
687.79199 27126.3
688.29224 14647.8
688.79132 3985.33
696.29858 169326
696.79840 116835
697.30176 44769.8
697.80200 9554.3
712.20239 3604.43
714.25720 9474.57
715.25610 3981.07
719.36176 4595.29
728.32135 4345.84
730.21411 9294.41
730.79352 2780.89
731.21912 2975.66
736.82886 13756.4
737.32532 9235.49
737.82428 3546.12
739.29663 5717.08
739.80133 4576.62
745.83270 63287.8
746.33276 56890.2
746.83545 18566.5
747.24646 3104.96
747.35492 4180.21
750.82483 5704.53
751.32495 4336.55
759.40619 3814.2
764.33905 32797.3
765.34119 10896.6
777.40826 26619.1
778.40997 9188.02
781.32880 2882.3
785.33795 5476.09
785.82703 9407.46
786.33289 10209.9
786.83185 2876.23
794.34058 24014
794.83203 35539.6
795.32990 23087.9
795.82721 10091.1
803.34546 97163.1
803.84583 80663.5
804.34637 38564
804.84631 10222.8
826.39240 16656.5
827.40198 6820.72
829.28339 4776.75
843.33112 2904.92
848.40027 5104.54
849.85608 11345.1
850.35461 9838.45
850.86121 3895.34
851.35364 4332.65
852.33441 11032.1
852.83435 9442.68
853.33777 5485.83
858.30945 2745.01
858.86053 54257.1
859.36328 47583.4
859.86481 22509.5
860.36212 10814.9
860.85260 4528.63
867.86639 52423.3
868.36646 36961.4
868.86584 18233.3
869.37488 4626.26
874.42535 6274.84
875.36774 10930.5
892.43707 28524.6
893.37207 14786.4
894.37598 4179.04
907.84869 8410.14
908.35468 4483.37
908.85431 3087.54
916.85565 5856.58
917.35999 5039.87
919.43182 5634.13
944.31226 3900.84
955.43323 12731.7
956.44775 6752.05
986.41022 3219.28
1003.47205 9040.54
1004.42212 5354.32
1021.47858 24687.1
1022.47668 11248.4
1023.46002 3441.02
1060.36536 3344.93
1099.38037 5765.69
1117.39050 23551.3
1118.39111 12775
1119.41296 3307.47
1132.51050 9383.27
1133.50500 4815.12
1137.43176 2809.65
1150.51953 18995.5
1151.52124 9442.28
1216.45081 6704.24
1217.46411 5046.87
1245.48364 11870.4
1246.48047 7366.6
1247.50977 4020.38
1263.49597 14310.4
1264.49597 7709.24
1265.53052 7573.59
1266.54248 4656.15
1317.54761 6555.98
1318.54492 3586.83
1331.47900 10983
1332.48999 6291.54
1333.48474 2970.24
1373.57837 5909.03
1374.59717 3568.06
1391.59180 36511
1392.59302 24177.7
1393.59045 8210.38
1442.51758 5142.89
1443.50830 3814.12
1459.57983 3307.47
1460.53845 5587.43
1461.53809 3102.19
