2356.10831 3
120.08031 808.269
129.10181 429.311
133.04262 982.747
133.08524 403.981
136.07516 328.645
143.11700 246.187
147.11249 451.61
159.09062 219.976
171.11285 202.656
171.14844 404.023
173.12842 463.896
175.11836 1045.02
183.11212 228.994
184.07188 415.891
185.16441 384.642
187.14351 203.122
189.06833 249.729
199.14381 476.817
201.12321 674.521
202.08179 362.466
213.15936 243.166
215.13756 248.189
227.19975 624.953
228.13393 559.765
229.11720 383.983
243.13362 226.763
245.07674 264.83
246.12585 478.99
258.10944 250.106
270.14240 248.876
274.12036 478.573
286.15140 220.666
297.15414 284.134
300.15567 247.181
303.17624 598.511
315.16403 312.89
328.18497 382.901
336.13492 426.278
355.12418 204.154
357.15619 584.978
365.12711 227.453
373.13348 453.838
375.17090 205.812
385.21527 212.815
402.24496 1507.12
412.18475 223.62
438.24124 217.182
468.17078 299.63
496.16562 582.425
501.31299 1672.67
502.31363 261.712
504.22757 290.065
559.22998 261.031
583.19299 201.983
602.35992 3736.17
603.36279 889.209
664.25311 533.035
672.31964 222.161
675.77386 268.242
682.26392 350.812
684.78619 321.745
706.35309 201.233
715.44312 2776.71
716.44360 888.42
719.34930 209.466
719.69867 196.996
740.41382 361.666
785.20050 514.73
785.49512 1071.81
786.19440 278.693
786.46545 1799.41
786.96637 1043.4
787.55933 2371.46
800.38904 329.57
810.32678 560.346
848.39789 276.573
857.46899 236.192
858.45618 241.362
868.32684 248.312
875.47418 5616.84
876.47180 2353.37
877.46796 814.052
878.46399 269.558
907.46442 239.425
908.46338 234.395
939.36133 334.473
976.53247 282.104
977.50995 416.263
978.49579 242.366
988.56000 1263.82
989.55939 605.831
990.57275 222.676
1048.51123 922.474
1049.50964 436.817
1054.39050 1650.51
1055.39807 603.344
1056.39502 226.45
1075.58875 1380.42
1076.58887 703.087
1077.58716 280.545
1167.47241 521.203
1168.47327 372.995
1172.62512 316.432
1189.63354 1208.17
1190.64038 735.596
1350.54797 354.656
1351.55176 223.728
