1521.66069 2
110.07106 4089.49
112.08682 1582.91
113.07070 538.788
115.08637 1405.19
116.07044 1077.52
119.04875 402.988
120.08055 39193.7
121.08389 3457.67
129.10210 6270.07
130.06496 1096.63
130.08614 1418.14
130.09846 537.644
132.08105 383.868
133.04289 400.992
136.06017 313.544
136.07553 17392.7
137.07893 1354.96
141.06531 320.735
141.10237 588.747
143.11769 344.591
147.11255 2235.42
155.08133 949.091
157.06020 332.191
157.10776 822.164
157.13341 602.456
158.09216 3799.79
159.07643 479.109
159.09135 7401.1
159.11343 442.111
160.09532 557.948
167.08220 760.457
169.09644 470.883
169.13362 611.779
170.05963 443.605
171.07559 412.794
171.11263 781.221
173.09039 307.617
173.12833 396.681
175.11870 14004.8
176.12248 839.904
181.06047 324.137
181.09720 495.923
183.11247 416.126
183.14857 653.838
184.10728 357.68
185.05513 379.261
185.09135 696.789
185.12752 418.337
185.16447 540.483
186.08647 345.453
186.12314 658.429
187.07123 500.873
187.08655 518.572
187.10814 619.01
187.14363 1813.14
189.08641 760.636
191.08139 1724.93
191.11739 1000.45
195.08429 457.652
195.11223 447.069
197.12842 681.289
199.07109 1559.55
199.10736 680.592
199.17937 402.079
200.10226 1588.15
201.12311 1158.38
203.06535 396.213
209.10376 363.606
210.02556 339.807
211.14372 449.16
212.10284 1049.98
213.08601 831.857
214.09727 814.148
215.13853 980.865
216.09958 572.962
217.08244 4149.97
219.14896 26073.1
220.15221 3392.72
223.10745 1180.47
225.09871 370.817
226.11832 852.864
226.15457 670.653
227.10052 590.204
229.13055 1532.76
230.07722 675.278
230.11404 537.69
231.06152 787.059
233.09142 1912.04
233.12733 339.65
233.16371 372.371
235.10698 2884.25
235.14458 473.93
236.11150 365.092
240.09753 479.74
240.13278 573.492
242.14938 466.448
243.14671 604.249
244.09215 420.705
244.12685 343.648
244.16492 701.766
245.07623 334.759
246.15631 1251.48
247.10722 465.166
247.14372 6969.24
248.14658 858.165
251.10226 8659.4
251.15109 518.595
252.10643 960.72
255.14365 353.095
258.10867 702.091
258.14328 726.363
261.08551 400.669
261.15692 775.871
263.10214 6669.39
264.10654 786.471
264.13275 321.412
265.11865 915.571
268.14288 939.602
271.14063 1100.36
279.09671 3327.59
280.10648 369.077
280.16409 337.079
286.15140 3212.8
287.15369 382.576
288.13477 734.589
293.11252 982.331
294.18091 331.415
298.13840 722.344
299.10202 737.668
303.17719 15705.4
304.18042 1744.74
312.04953 901.176
312.15454 437.837
316.12854 2026.36
322.15533 2718.97
327.12869 329.999
330.10718 350.568
334.13666 563.623
335.12128 505.449
337.18912 632.436
345.10410 539.679
348.11813 3964.59
349.12363 540.131
350.15070 3448.07
351.15402 566.285
354.17581 558.671
355.20071 330.358
356.12570 336.608
362.16901 8768.45
363.17191 1561.65
366.12900 2118.12
367.13104 352.356
373.14960 1843.27
379.16895 365.345
380.14377 5391.87
381.14642 1319.79
390.12668 431.403
397.18222 1054.65
398.17023 445.258
404.18146 399.914
414.20807 963.51
415.19312 2748.53
416.19531 706.072
426.16406 876.025
432.21954 5388.48
433.22205 891.413
435.23373 763.558
444.18744 615.985
449.16589 632.855
459.14618 390.014
461.17734 559.108
477.16129 3249.55
478.16174 559.367
479.19070 1680.74
480.21198 494.406
487.29785 562.427
495.17447 2158.03
496.17001 439.106
497.24152 400.131
515.20447 353.053
536.21619 497.001
538.22479 528.186
543.20734 630.274
548.20758 393.583
556.24799 479.314
566.22321 1466.83
567.23120 375.411
572.26282 373.892
583.26129 824.081
584.24640 2378.45
585.24597 517.174
599.33588 742.506
600.25787 594.024
601.27148 3546.89
602.27637 987.653
602.36310 707.602
618.29810 9319.07
619.30273 2904.42
620.31580 457.607
630.23596 528.966
640.22485 406.655
658.23126 948.692
659.24146 424.527
677.24823 368.506
695.26215 482.319
729.27643 437.398
760.38330 388.562
762.34296 433.201
763.33417 487.804
763.43549 407.929
764.33588 1450.16
765.32861 534.717
781.36121 16101.9
782.36591 6272.77
783.36627 1222.25
804.42346 418.925
844.31232 467.182
858.31702 382.744
892.39124 1828.65
893.38812 931.628
910.40363 7948.71
911.40411 3488.07
912.40924 869.161
974.55914 392.925
979.42169 1462.93
980.42188 1152.67
997.43585 17997
998.43878 8827.53
999.44366 2682.3
1142.49060 1109.24
1143.48767 958.191
1144.47729 425.4
1160.49939 12849.6
1161.50171 7566.65
1162.50269 2627.16
1163.49255 410.866
1175.67920 365.962
1257.51331 1383
1258.50928 1550.98
1259.50928 684.381
1275.52576 12765.8
1276.52795 8273.36
1277.52563 2570.89
1278.53613 505.807
1404.58008 394.125
1422.59338 2320.98
1423.59814 1568.32
1424.59753 545.163
