1793.80368 3
110.07105 26086.9
111.07437 998.569
112.08667 2664.23
115.08645 1303.49
120.08041 1541.89
129.10201 7103.44
129.11328 1041.12
130.08615 4114.72
136.06252 789.191
136.07579 1597.77
145.09676 1094.24
147.11246 7028.49
157.09854 2407.63
157.13326 23307.4
158.09172 1065.73
158.13652 1352.12
167.08141 1093.31
173.09181 3012.09
173.12854 2203.27
175.11696 6908.83
179.09224 1834.67
183.11252 785.825
185.09151 5830.48
185.12814 26884.5
186.13234 2116.46
201.12329 2165.54
207.08759 3421.82
212.13831 943.213
213.08669 1855.86
213.15932 776.243
215.13782 854.27
223.15511 1155.15
225.09734 1075.1
226.11737 2819.83
234.12285 817.563
238.11787 1853.72
240.17064 1277.84
241.15434 1580.58
242.18649 1875.65
251.14992 3812.49
255.14479 7540.15
256.12878 2415.54
260.19638 21963.1
261.19980 2685.95
268.16458 2417.89
272.17145 10622.5
273.17389 897.33
284.16003 2813.33
285.16705 7349.04
286.17584 5565.51
295.13898 1992.59
305.06366 2922.53
313.14896 1194.53
320.17139 3811.26
326.17114 1716.38
340.19684 941.946
340.68991 2443.26
341.18915 1245.59
349.20267 11720.9
349.70395 3884.38
350.20398 897.312
351.20294 3461.06
353.14615 2730.94
354.18781 9244.21
355.19559 2628.08
356.20477 3614.6
356.70694 1150.12
369.21323 6315.85
375.22797 1227.85
383.71323 6015.31
384.21539 2759.97
385.25562 4424.75
386.25705 988.046
393.72446 1060.17
394.73203 1019.27
402.72571 5135.74
403.22726 1674.09
405.19327 2651.22
406.21024 1244.58
406.72821 2729.28
407.71854 1043.8
408.22366 1480.22
416.72452 9640.99
417.22571 4393.85
417.72702 1209.11
418.14294 947.332
424.21866 2422.33
425.25967 2029.06
425.72925 869.841
426.23312 4072.15
426.73383 1182.33
437.23895 1118.65
439.24261 3191.38
439.74146 1090.64
442.23035 4353.47
442.73129 1320.39
443.23514 1546.23
448.24722 3268.18
448.74902 1866.63
450.27194 1746.73
451.23499 28864.5
451.74161 10793.3
452.19144 2681.38
452.24594 20625.9
452.74612 7872.25
453.25610 9736.05
454.26431 4752.55
455.26727 1000.48
455.71591 2161.07
456.21500 1051.87
457.25320 2372.17
457.75882 999.158
460.24011 6924.69
460.74194 3350.25
461.24753 1903.91
462.24615 1039.81
465.71307 7345.95
466.21310 2994.5
466.71207 891.521
468.28256 1749.41
472.28079 30048.2
473.28287 7356.65
475.22110 2607.19
475.72238 1163.07
483.76532 4772.49
484.26993 3691.68
485.76541 1605.24
486.26984 903.078
486.72794 1028.24
488.22922 4161.65
488.73279 949.858
491.26041 1744.23
491.71307 1674.2
492.21817 917.898
495.26053 875.081
497.23499 2276.26
499.76132 2152.74
500.22311 28380.1
500.72433 13036.1
501.22885 14782.3
501.73154 6223.85
502.23035 2624.12
506.23621 1918.94
508.78473 9032.85
509.28113 5328.93
509.74231 1518.81
509.77835 1676.2
513.26349 1031.87
514.27362 1790.08
517.79034 1015.75
518.29340 845.812
518.78870 1584.35
519.28973 2328.72
521.61029 2116.05
521.94281 2493.21
523.28986 1176.44
523.74939 2002.43
524.24579 865.618
527.28674 12625.3
527.61719 24603.6
527.95007 14843.3
528.28247 6106.35
528.61829 3094.1
531.30365 1845.33
532.75366 4017.73
533.28992 134488
533.62311 118129
533.95728 56877.4
534.29156 18889.8
534.62262 3286.02
539.29297 37521.7
539.62622 30430.2
539.96063 13223.4
540.30219 6664.23
540.80811 3205.56
541.31238 860.002
543.31366 8827.72
544.31531 2827.13
545.63007 1062.31
548.74744 975.767
549.20654 1641.49
549.70056 868.472
549.80023 983.101
550.30353 1371.93
553.25848 1642.9
554.24921 1884.13
554.31952 2338.45
554.60242 1998.53
554.93433 1244.66
555.32147 969.369
557.77319 4887.52
558.27441 2839.84
558.77179 995.454
559.25702 2141.76
559.58929 2743.11
559.94489 7152.99
560.27557 14117.9
560.60809 8830.77
560.94257 3847.9
561.27563 1251.17
563.79114 2276.62
564.29437 2545.8
565.30054 2597.84
565.94861 79526.5
566.28156 70705
566.61542 32866.7
566.94958 10083.8
567.28162 2245.34
571.95081 12029.7
572.28345 7435.29
572.61810 4785.63
572.95190 1525.37
573.30475 1701.9
573.80554 1497.95
574.30389 856.563
580.79181 861.689
581.23639 1390.11
582.29712 22050.1
583.30292 7498.15
584.30988 1419.26
587.25763 933.518
589.29523 2176.48
589.79626 1287.22
592.60101 1138.25
592.93317 2688.4
593.26550 1564.56
595.31464 1620.03
597.34113 874.682
598.30066 1790.38
598.60614 13816
598.78906 2187.07
598.94080 11283.5
599.26935 6350.94
599.35309 1458.52
599.60754 2474.48
599.82233 857.332
600.27295 1360.26
600.35492 7391.27
601.35834 1747.95
607.30707 1875.67
608.34528 2024.8
610.31927 1168.88
611.32098 963.085
612.33423 25075.7
612.77533 2543.7
613.34204 7753.7
614.34991 1102.06
622.84106 4171.31
623.34180 2855.02
623.84711 1051.98
636.28577 937.166
640.33075 3158.21
641.33826 1785.66
647.29016 3387.73
647.79089 2338.62
649.84656 1246.96
650.35669 1147.32
652.27911 1553.96
654.30737 2198.22
654.84167 2096.43
655.34521 1321.14
656.28839 1648.28
656.79797 922.774
657.35046 3104.75
657.85565 1962.54
658.34967 1293.59
662.27106 925.44
663.84857 1590.79
664.35541 1725.94
666.34467 1579.6
667.38898 7543.67
668.39264 2974.68
671.83557 965.799
672.83691 1042.63
677.36908 1868.38
678.36853 1180.57
679.38831 3898.8
680.27649 16134.3
681.27905 5040.15
682.28571 920.051
695.38214 26684
696.38391 9828.67
696.79333 974.372
697.39838 77255.3
698.40179 29198.4
699.40735 5462.3
703.83093 1774.94
704.32776 1559.25
706.34143 1622.42
706.83801 1347.61
710.30920 12845.2
711.40149 39654.4
712.40607 14971.6
712.87384 2016.6
713.40314 5294.38
714.39612 1147.73
721.38275 2003.08
721.88354 1882.86
726.36993 1089.62
748.41095 2386.38
749.40283 1353.39
765.36414 4436
766.42188 23553.8
767.42334 10633.2
768.42523 3039.37
769.90845 1256.33
775.34985 1449.62
784.43140 6091.16
785.43256 2414.95
793.35913 18574.9
794.34149 4413.02
794.46069 2663.07
795.33380 1185.19
795.44952 1188.91
804.44623 978.892
809.37708 2398.22
810.39044 1292.3
812.45081 27256.2
813.45294 11663.9
814.45374 2190.76
820.41962 2791.88
821.42688 1046.04
832.44116 4250.1
833.43939 1846.74
838.43329 1108.43
846.38818 3325.94
847.39160 1581.31
851.46283 1201.8
864.39551 6647.17
865.39343 2360.94
877.48260 1253.7
895.49072 2621.26
896.50598 1516.01
901.46509 6599.33
902.46954 2927.99
903.47717 6713.78
904.48108 3324.73
910.42932 5494.55
911.42352 1954.08
913.49738 35808
914.49939 17114.4
915.50128 4503.27
919.48157 1490.77
920.47430 1096.89
930.41718 1878.55
931.50458 1071.85
966.52557 2719.68
967.53229 1305.98
984.53693 10854.6
985.53906 5698.36
986.54163 1524.85
999.43579 3669.64
1000.43939 1015.93
1001.44916 1159.11
1011.47382 6451.59
1012.48077 2801.4
1082.51367 2328.83
1083.51489 1450.61
