2684.34153 3
110.07084 832.651
120.08043 3947.88
129.10208 2689.8
130.06483 507.479
130.08635 1033.28
136.07535 2544.39
143.08145 499.12
143.11772 1837.68
147.11261 3383.99
159.09134 1928.05
171.11246 2122.84
191.08163 1698.29
199.18011 599.74
201.08702 1405.3
201.12297 1732.28
202.08171 660.153
215.10237 1234.17
215.13905 797.16
216.13312 849.437
217.13326 13371.9
218.13629 1684.66
227.17458 720.314
229.11870 568.262
231.06097 1259.81
231.11252 1231.76
233.16496 567.502
234.14447 6635.14
235.14644 517.662
242.14961 555.555
244.16502 1831.5
245.12811 7733.1
248.13914 2285.43
256.16589 497.989
258.12817 808.755
259.10733 539.215
261.15930 937.271
267.10614 527.124
272.12369 2631.99
272.15591 564.271
276.13370 4319.57
277.13724 536.12
286.13861 1470.11
298.13803 600.203
302.14960 15985.9
303.15253 2671.11
313.18594 837.771
317.10855 716.616
322.15500 1208.31
330.12891 4064.97
343.16092 2184.98
344.19363 772.939
347.17419 715.318
371.21063 1059.91
372.19040 3902.27
373.19357 625.333
374.24170 1372.17
381.21237 8938.73
382.21475 1532.95
385.20813 789.851
387.24042 7766.18
387.71564 547.752
388.24246 1623.13
389.21722 7718.59
390.22116 1250.78
401.16525 2874.21
402.16833 536.149
404.13889 1216.06
413.72913 668.597
414.23560 529.526
415.23413 5402.96
416.17380 733.788
416.23740 1012.26
422.73126 3363.6
423.23224 1268.03
442.22949 1601.06
443.23221 541.344
445.28079 1274.66
456.24698 940.473
457.28107 1429.84
460.25381 2146.56
472.26117 1739.58
475.21725 605.463
480.28210 4506.21
481.28690 968.019
484.28986 1538.94
485.27405 5645.53
486.27679 1707.33
487.17987 1069.29
498.27017 1488.42
502.30194 3057.52
503.30463 1168.16
505.18942 1982.79
506.19058 575.292
512.19672 956.577
514.25598 738.176
516.27728 1903.95
517.27869 699.511
528.31714 1163.49
530.20923 1333.8
531.29303 1416.32
545.34119 1454.05
547.25110 534.293
555.32239 1694.09
556.31201 8036.62
557.31372 2175.42
569.33557 714.472
573.33844 4938.83
574.34119 1275.61
585.30499 886.678
586.24536 978.518
587.23224 624.58
589.30005 624.467
595.30884 2215.56
596.31049 804.285
599.36108 787.181
601.24622 1559.39
603.31287 843.422
604.25342 1629.7
605.25323 596.005
616.38208 864.929
626.36438 1320.74
627.35016 3831.62
628.35199 1364.87
642.30481 696.936
643.30750 690.954
644.37598 4833.01
645.37384 2364.42
656.31360 937.799
660.33417 1390.42
664.32898 821.72
668.39044 692.893
672.27374 1975.52
675.28931 548.934
682.33893 4532.52
683.34155 1249.87
686.35980 575.939
690.84827 1069.67
691.34210 667.686
699.34766 571.032
699.84753 9793.17
700.34698 7205.21
700.84894 3111.46
701.35132 931.727
702.38196 1110.2
703.37469 699.456
714.32776 775.509
716.39697 1250.76
717.35437 804.373
718.34137 784.318
731.36963 1460.81
732.36633 1181.54
734.30896 596.255
745.42206 846.979
751.31787 829.159
755.40686 2821.11
756.39905 3837.71
757.40698 1208.2
773.41882 9457.53
774.42932 3362.06
775.43890 941.426
779.36005 711.766
783.37000 979.852
785.36340 2253.3
786.36676 836.691
787.38025 577.458
796.38263 4720.56
797.37921 2471.37
798.37708 908.254
799.44482 605.681
804.39612 642.369
815.47858 588.288
816.46924 1259.68
826.44244 2403.71
827.43536 3746.14
828.43719 1832.22
830.44458 923.725
831.43658 713.839
844.45422 10701.5
845.45764 5556.71
846.46039 1588.02
866.38428 851.482
868.47858 585.697
872.48517 712.735
883.41302 10503.5
884.41583 5845.61
885.41620 1630.79
886.41846 629.351
894.37848 583.467
895.44073 1251.34
895.96893 639.234
896.45874 3624.97
896.94794 657.943
897.44092 997.159
898.44348 924.581
901.40564 589.14
902.37335 677.275
919.41425 4868.24
920.40125 2152.37
921.41443 971.525
925.52228 1164.56
926.51038 1090.33
943.52649 3268.91
944.52661 1804.37
963.47974 878.413
966.44635 1636.63
967.44543 1629.95
968.43420 717.312
984.46240 21196
985.46173 12382.6
986.46136 3637.44
987.48895 629.672
990.48242 885.651
991.46875 722.615
1000.46802 701.003
1001.46375 890.973
1018.48187 2866.77
1019.48334 1376.05
1058.55200 909.29
1060.48486 700.086
1080.53711 704.324
1097.54419 3496.01
1098.54541 2134.95
1099.56323 1032.52
1136.56299 1144.16
1137.54761 2005.87
1138.55493 1480.08
1147.54578 735.715
1154.56750 15605.4
1155.56836 14317.5
1156.57056 6829.88
1157.56665 1750.81
1158.61108 674.968
1165.55640 1140.57
1166.54541 1065.4
1167.62280 742.17
1168.12085 1291.63
1173.57837 6629.86
1174.57764 4716.6
1175.58154 1674.53
1244.66675 1434.83
1245.67151 1197.54
1246.64819 610.497
1252.57471 792.078
1268.64783 1456.81
1269.65295 921.509
1283.61292 567.188
1284.61194 721.532
1286.66089 1679.55
1287.67139 1195.9
1301.63574 6381.47
1302.63501 5902.27
1303.63367 1879.49
1304.63770 598.211
1380.68604 2043.65
1381.67261 2816.72
1382.67883 1513.85
1398.68774 21779.5
1399.68970 19745.7
1400.68762 7778.54
1401.68945 1858.94
