2862.35146 4
110.07100 4155.68
120.08058 7059.66
129.10211 3288.48
136.07552 6688.21
137.07884 533.84
147.11258 1222.98
159.09145 908.555
173.12813 1139.91
175.11870 3088.1
185.16469 39503.1
186.12350 1390.55
186.16815 3982.43
187.07005 920.197
197.12813 1239.85
199.17940 1048.78
213.15956 26142.1
214.16316 2822.54
215.13861 6761.49
218.14964 1326.28
227.17624 760.673
235.10706 1669.51
237.13560 703.818
243.13373 8932.67
244.13686 996.741
247.10756 680.262
249.12241 816.313
276.16666 1146.32
277.11786 1044.23
283.14301 871.832
302.09738 869.843
314.20737 888.926
338.18066 1445.97
342.20200 18350.2
343.20505 3370.5
356.21722 1345.34
388.25449 981.261
389.25266 793.235
409.21829 3202.39
410.22293 700.852
415.18417 720.194
427.29105 1693.07
455.28595 1699.19
459.22232 686.355
490.29761 2783.37
514.24921 797.709
522.30225 2050.01
564.81073 9131.18
565.31183 5899.63
565.81250 2148.44
572.30231 691.647
588.25714 857.303
613.31604 608.584
613.62537 620.116
616.36786 1288.16
619.34094 2647.09
620.33514 1015.5
629.33453 1669.33
629.83453 1362.11
630.34131 837.249
635.83142 996.115
636.34009 735.002
638.99493 704.557
640.73706 1167.27
641.23804 840.693
644.84283 2585.17
644.99182 767.46
645.34460 1760.44
645.85559 797.946
650.36249 3456.68
651.36951 1443.59
653.84955 1837.63
654.35272 1405
654.85291 674.018
660.27606 1764.63
660.77808 896.346
678.33685 1475.7
678.67664 845.264
679.00848 685.054
685.87524 2681.76
686.37396 1793.27
686.87177 926.367
688.36401 807.761
692.36975 645.832
695.26672 1133.87
695.75970 832.117
697.27722 774.881
700.25916 700.336
700.34668 825.564
701.35016 675.886
706.37286 7921.86
707.37854 1870.29
709.26544 5202.93
709.75964 3467.79
710.26117 790.126
715.34863 1463.36
715.45288 3888.46
715.60321 1194.56
715.83923 1775.71
716.01978 1296.48
716.34851 2900.36
716.44684 4323.68
716.72144 705.339
716.86633 3507.99
717.02356 612.115
717.35901 2947.14
717.46161 1737.49
717.86737 968.162
718.38049 1352.92
718.88397 765.714
719.36609 1616.65
726.34113 706.608
727.38354 2176.99
727.88452 2021.69
728.38928 840.753
731.39178 3829.05
732.40021 1547.71
732.66858 2191.73
733.00366 3428.76
733.33301 2063.56
733.67310 999.979
741.39697 704.309
747.68256 784.568
748.01495 861.526
748.34985 657.633
750.39667 1495.31
750.89984 1102.03
753.34546 695.873
758.79944 3637.03
759.29663 2481.48
759.80005 924.744
761.89417 1505.13
762.38940 1412.51
762.90027 885.734
764.69739 1315.2
765.03082 1271.51
765.37170 1137.52
765.80994 1062.61
766.29218 1148.9
767.34753 943.23
770.70386 16198.8
771.03705 18983.2
771.37225 14575.9
771.70459 5341.2
771.89966 641.424
772.03949 2257.93
777.04382 820.945
777.37250 968.163
779.40576 8611.96
780.40741 3501.92
781.32941 1676.44
781.84094 1462.04
782.33594 666.515
795.35809 771.594
797.35925 2663.68
797.69342 4172.85
798.02625 3159.9
798.35730 1954.24
802.36749 643.252
803.36273 42249.7
803.69739 49797.1
804.03033 38501.1
804.36511 18805.2
804.70032 6072.15
805.02966 1447.52
808.39697 6024.97
808.73212 6913.74
809.06616 5914.57
809.39966 2553.76
809.73663 1040.37
810.87585 644.073
811.38501 703.322
814.91284 1076.02
815.32983 2606.65
815.43524 647.256
815.83044 1273.48
816.33508 1497.37
816.83295 864.474
821.32013 2981.82
821.82111 2785.64
822.30798 858.495
823.91992 658.857
825.92041 1393.99
826.42236 2030.75
826.93164 1087.2
830.45575 8283.81
830.82794 2221.48
831.46680 3138.59
832.46887 949.457
834.92853 4507.54
835.43158 4385.03
835.71741 1250.47
835.93231 2312.75
836.43365 1026.73
837.39996 799.296
839.41425 815.505
841.05713 14473.3
841.39130 19467.4
841.72534 13126.3
842.05829 6550.78
842.39136 2564.68
842.72394 779.594
845.41028 5851.36
845.74384 9246.77
846.07660 6213.65
846.41205 3722.66
846.74298 1187.62
851.41229 21035.5
851.74603 23951.1
852.07941 18882
852.41467 10361.6
852.74847 3727.83
853.07843 812.04
853.43915 3186.78
854.44336 1047.96
857.42413 926.483
857.74915 2263.16
858.07733 852.465
865.42139 640.425
866.43414 776.121
867.44061 679.511
867.92297 625.662
870.42633 829.74
870.84943 1833.73
871.35065 1703.88
871.85736 867.286
872.05658 1393.19
872.39160 1902.47
872.73578 2044.8
873.07208 1178.83
873.37286 720.452
874.39221 693.838
878.06873 28365.6
878.40167 40692
878.73602 30235.3
879.06848 13591.2
879.40631 6821.68
879.82904 2930.24
879.99976 1117.12
880.35010 2760.94
880.85425 1303.75
884.07166 28339
884.40436 37358.4
884.73901 28802.2
885.07263 14951.7
885.40369 6736.41
885.74445 1401.97
887.39600 1012.41
887.92554 901.554
888.41510 927.611
889.10767 4628.55
889.44037 8367.35
889.77637 5889.36
890.10559 4222.07
890.44763 1466.63
890.78357 631.995
892.48651 21020.7
893.49084 10798.2
894.49530 3108.4
895.49341 725.9
895.78583 782.911
908.43512 681.359
909.74170 709.191
913.95129 1097.9
914.45575 1055.98
914.95374 669.976
916.08612 1148.63
916.45398 1817.12
916.76880 710.616
916.95953 1223.68
921.76575 14018.4
922.09985 19798.9
922.43372 13649.3
922.76764 8466.09
923.09875 3685.48
923.42865 928.85
923.95758 1306.59
924.47565 1196.57
927.39984 974.978
929.52869 2725.89
930.53473 2592.15
936.40265 2610.9
936.90613 2733.36
937.40521 1126.98
944.38293 890.736
950.46838 681.235
957.97589 2240.38
958.47827 1682.25
958.97772 1244.7
959.48578 737.965
962.94012 1201.97
963.43707 1088.42
966.98639 677.256
967.48755 1106.37
968.46973 5152.82
969.47003 2742.05
971.95789 642.772
973.99860 1306.87
974.52777 1174.28
991.55585 10606.2
991.91046 838.49
992.56000 5656.1
992.92993 637.383
993.56586 1402.79
995.46545 887.54
1000.44061 655.937
1000.93036 1482.72
1001.42487 1159.46
1008.49542 646.544
1030.57947 3515.65
1031.57947 1541.87
1032.60461 643.804
1036.44067 676.729
1038.33972 901.963
1066.51819 818.23
1097.50061 876.452
1098.49951 1031.51
1108.02625 630.014
1122.00598 722.325
1128.61646 3026.16
1129.61365 2247.52
1130.62842 718.84
1136.52075 796.377
1151.42017 1146.65
1152.40479 684.166
1154.52966 3219.41
1155.53967 3129.55
1156.04797 2213.2
1156.55066 1782.83
1157.04663 762.052
1171.02319 821.79
1171.53723 805.268
1182.48901 1104.57
1183.49426 1003.55
1193.63892 1614.82
1194.65015 726.181
1204.53918 2385.09
1205.04407 3335.69
1205.53699 2098.08
1206.04004 938.224
1257.66772 1164.99
1258.65723 639.395
1262.44531 843.643
1280.46924 2648.87
1281.47205 1465.03
1282.46558 656.182
1296.56531 964.231
1393.54675 1149.84
1424.63464 708.855
1425.62659 826.826
1504.57751 1596.91
1505.57166 1096.19
1522.59314 814.728
1523.59900 674.476
