983.44701 2
110.07103 3972.57
111.07421 218.958
112.08663 625.632
113.07067 420.544
115.05015 466.899
115.08623 387.32
116.07042 342.421
120.08046 1791.29
127.05029 249.495
127.08659 230.291
129.10205 8881.95
130.06465 243.975
130.08603 5186.79
130.10463 413.85
131.08969 342.732
132.10129 279.815
133.08582 214.091
136.06137 474.664
136.07547 5402.26
137.07893 303.089
139.05034 414.801
139.08607 312.82
140.08138 302.98
141.06558 737.037
141.10187 437.154
142.06085 345.294
143.04486 2042
143.11772 382.44
145.06105 191.272
147.11255 9219.63
148.11595 345.729
155.08122 263.421
155.11775 489.779
156.07661 327.412
157.06042 1884.88
157.09737 214.963
157.10777 331.18
157.13345 271.367
158.09210 1298.23
159.09131 1209.38
159.11279 288.162
166.06091 301.368
166.08578 471.201
167.04492 2299.85
167.08154 665.923
167.11752 198.448
169.13319 1679.75
170.05988 442.887
171.03952 409.628
171.07666 238.433
171.11238 436.712
173.12819 1568.16
175.11861 3294.09
181.09708 210.242
183.11247 635.523
183.14908 444.93
184.07123 4964.12
185.05540 3759.95
185.07494 241.27
185.09308 231.494
185.12860 198.1
186.12326 330.684
187.10754 221.901
187.14365 270.019
188.07358 445.034
195.03903 487.904
195.07565 256.507
195.11165 248.783
196.02383 239.505
197.12802 431.174
199.07266 196.198
199.10735 398.748
199.17961 206.664
200.13901 2175.75
201.12294 3043.4
202.08194 5405.98
203.08536 303.373
207.08687 199.958
207.11226 1574.8
210.02443 193.867
211.10733 769.101
212.06619 940.908
212.10178 252.549
212.13864 211.693
213.04993 1312.59
215.13876 647.712
217.13641 2867.03
218.14961 9515.95
219.15303 670.097
221.08961 200.692
223.15515 311.83
225.09853 396.772
226.11794 665.508
227.10178 396.455
228.13278 199.653
229.11794 1963.75
230.07675 6687.66
231.08086 455.991
233.09512 2755.42
234.09970 208.463
235.10693 1328.67
238.11801 1165.69
239.10194 3707.64
240.10626 250.984
240.13335 270.615
243.13142 355.67
244.12567 223.463
245.13141 2644.14
246.13647 262.185
246.15440 226.671
247.10750 1032.08
249.08394 204.955
251.15036 417.505
252.13322 272.535
255.14481 665.807
256.12973 242.326
258.14145 361.492
261.08984 9782.47
262.09317 838.872
263.10214 1105.01
265.11768 2665.18
266.11996 249.637
266.14670 287.231
267.09525 398.609
270.14383 244.65
272.17163 565.881
275.10202 791.964
280.12817 1243.98
281.11279 2591.35
282.11725 219.711
284.12332 1569.05
284.15964 267.962
288.20215 544.876
291.09671 665.879
293.11243 1917.75
294.14380 565.053
294.18146 205.156
294.64221 227.692
297.15512 374.66
298.13809 888.415
308.12314 573.405
309.10715 2768.41
310.11008 331.913
315.16159 280.405
318.14529 308.228
319.17276 298.285
322.13904 2281.55
323.14096 322.614
325.14688 651.979
326.13315 941.083
342.14774 741.342
343.16064 1898.31
344.16653 315.101
346.14069 766.019
360.15878 807.39
364.14975 811.878
370.14160 668.69
374.17395 2324.18
375.17645 324.308
381.21216 7950.46
382.21527 1535.28
382.68655 206.889
386.21259 249.074
394.14334 217.691
396.15857 301.323
401.21466 539.124
402.16800 303.253
406.14188 445.799
412.15103 465.645
424.15277 4233.39
425.15604 775.724
430.19571 332.478
440.14948 388.758
453.20752 231.145
457.25055 258.981
458.27106 242.521
467.19421 361.746
471.18759 315.2
472.28989 366.938
489.20044 417.226
491.23877 272.181
492.24567 3936.17
493.25256 921.128
495.18829 881.712
499.18280 1027.92
509.24371 354.328
510.25482 5129.06
511.25748 1186.13
546.63660 446.756
549.25311 250.534
561.27869 626.092
562.27087 333.068
569.19000 796.843
577.31525 217.118
583.30725 232.659
585.33112 280.063
605.27100 409.747
623.27533 232.621
641.29456 7183.35
642.29828 2226.23
643.29974 276.949
651.27606 270.676
674.35938 905.643
675.36591 304.502
697.40704 212.012
754.37726 1029.09
755.38489 370.843
869.40436 307.592
