1684.64446 2
110.07094 238.5
129.10191 10499.6
130.08597 1670.57
130.10484 618.221
136.06122 185.22
136.07538 1227.75
139.08618 1319.74
140.01039 795.426
147.11238 3007.1
157.09674 520.829
167.08113 1684.27
175.11816 452.524
178.08553 337.183
184.07066 203.868
184.10768 790.269
185.09160 909.936
186.12312 1439.98
195.07616 236.783
198.12317 238.195
199.06985 227.862
209.09068 383.636
213.08643 1262.81
214.08170 1504.89
216.13338 251.186
222.15926 243.841
223.10716 7149.07
224.11110 673.84
226.11818 1455.75
233.09126 534.771
236.10233 574.914
244.12868 1232.03
244.16473 451.364
250.11775 345.519
251.10199 3162.29
254.11168 233.663
257.19635 1512.88
258.18155 541.276
264.09708 807.874
270.10773 757.436
275.20685 6762.94
276.21039 637.776
278.11157 371.834
282.10767 7076.43
283.11157 872.031
287.13358 310.335
290.11264 1840.28
291.11652 188.061
295.13852 367.896
297.15439 444.776
300.11832 1030.1
301.14816 235.412
302.11331 296.093
311.13464 458.023
313.15018 407.998
315.16550 257.182
320.12296 8293.06
321.12711 1135.34
331.15933 399.994
339.12881 430.543
365.14316 243.939
369.13898 268.435
372.22437 481.942
380.08478 270.453
380.19232 862.769
381.19507 236.256
384.18625 419.471
387.15173 210.27
390.23334 1329.39
391.23782 229.891
398.20251 1673.96
399.20465 363.064
410.20221 546.921
418.09952 862.925
422.20013 299.333
423.23557 568.672
428.21259 2388.73
429.21725 256.429
442.22763 198.024
446.22025 271.74
449.21359 585.343
450.19321 292.485
459.25351 378.58
462.15378 222.517
467.22311 1212.72
468.22729 247.7
469.23343 194.011
470.24478 260.832
477.26428 597.469
479.25461 1412.25
479.75552 407.476
480.17120 858.541
489.24072 630.126
490.24219 217.564
497.23395 452.131
498.18204 356.114
509.23367 1239.95
510.23520 275.367
512.24194 505.418
514.18829 203.555
515.24329 405.789
521.23822 202.321
527.24353 537.385
527.76251 256.51
528.24414 456.02
528.74347 268.882
532.20068 475.798
534.26312 418.454
536.76825 526.704
537.27271 227.694
538.30042 425.683
545.77289 233.97
546.74774 481.343
547.25397 275.982
550.26001 235.339
555.75677 247.409
556.30841 1676.34
557.30774 545.966
560.24512 205.129
561.22900 395.256
567.28174 419.168
568.27509 438.904
574.31750 5916.37
575.32214 1461.31
576.28357 1119.23
576.78760 809.285
577.29120 206.732
578.25653 1039.15
579.25183 411.875
585.29114 2795.37
585.79449 1374.28
586.29651 317.192
588.79712 382.378
589.24731 208.069
589.28131 206.864
594.29968 221.701
596.26617 2200.26
597.27112 501.741
597.80688 1140.65
598.31110 823.145
598.81293 206.791
601.79346 571.878
602.29016 574.333
602.78802 262.785
604.26776 449.195
607.31689 256.389
608.25592 390.994
610.79767 1326.6
611.29761 1256
611.79565 466.503
614.27722 356.211
619.80286 2679.79
620.30432 1472.88
620.80316 387.538
624.79150 201.739
625.33752 645.374
626.26160 678.675
626.34497 334.054
628.80792 392.549
629.31702 291.812
633.79572 391.763
634.28412 419.241
634.77905 263.073
643.33929 2077.27
644.34955 607.341
647.27527 647.566
659.78448 265.922
661.34875 606.35
665.28564 1826.5
666.29102 562.082
668.79132 304.031
671.33099 290.979
683.29700 2060.48
684.30035 487.51
701.32166 578.837
701.83557 316.445
715.33508 226.061
717.32068 296.737
718.33685 266.534
723.30475 271.277
733.30817 389.299
735.84723 225.242
736.35498 869.531
737.36542 318.444
741.31506 465.141
744.84705 1040.18
745.34680 833.682
745.85059 340.66
753.86041 295.584
754.36963 2480.64
755.37457 1008.26
762.34381 305.188
763.25665 322.383
772.38123 3114.79
773.38580 1057.77
780.34229 339.646
781.26947 532.366
790.39325 228.967
793.38495 296.329
798.32776 402.86
811.39703 1124.54
812.39380 368.982
828.34772 447.343
829.41107 730.12
830.40710 278.911
831.36426 206.779
846.36066 507.948
849.37567 262.381
850.38293 237.006
852.34674 231.901
862.35406 410.234
863.35992 262.773
867.38055 203.449
877.36566 706.422
878.37842 286.719
895.37665 1914.91
896.38739 778.727
897.38550 435.985
900.47742 763.387
901.48077 239.393
909.37305 472.895
913.39020 434.947
915.38391 1098.55
916.38232 400.474
920.41010 331.969
926.42010 582.157
927.41791 338.408
933.38348 275.051
939.48834 1314.55
940.49493 580.565
944.44281 217.79
946.39038 584.772
947.38562 342.286
957.49640 5074.55
958.49921 2121.86
959.50262 435.386
964.39752 1109.92
965.39954 613.851
974.38342 210.999
975.50269 716.684
976.50488 301.3
982.40576 246.292
992.39520 212.312
993.35321 346.879
994.35132 205.105
1005.45361 395.735
1023.47003 1193.29
1024.48621 540.695
1037.47498 519.646
1038.49048 321.257
1041.48633 694.943
1042.49524 353.977
1054.51392 680.879
1055.48547 1186.9
1056.48645 609.21
1062.38098 338.765
1072.52393 1641.48
1073.52417 1018.59
1074.51794 263.712
1082.50537 274.876
1090.52856 211.478
1092.49927 377.466
1093.49524 274.215
1100.51270 299.866
1133.55530 272.315
1151.56262 1423.65
1152.56873 660.05
1169.57654 4294.17
1170.58276 2216.75
1171.57983 563.28
1187.59253 372.368
1188.58386 304.552
1214.49146 426.799
1215.49292 255.289
1221.57910 278.439
1238.59961 523.592
1239.60413 282.682
1267.56067 431.656
