3171.66372 4
120.08015 486.108
129.10152 255.656
133.04262 426.25
133.08481 198.281
136.07471 407.057
143.11766 312.099
147.11240 234.747
166.11328 390.505
175.11801 184.209
197.12814 485.157
201.08722 283.234
214.15448 1440.36
232.11034 402.94
242.14952 805.656
244.26340 209.456
245.07660 209.06
258.10791 300.826
260.10519 219.704
270.18069 621.674
274.12155 623.481
278.11246 673.661
317.12781 400.654
328.18723 238.995
331.21954 458.466
338.20599 474.037
341.25577 208.46
343.19681 250.082
355.23148 509.326
369.24921 393.867
374.23645 248.8
379.15939 209.755
407.22888 521.718
411.18719 267.711
430.21094 339.156
445.27603 359.864
498.23590 350.011
558.35742 474.941
559.36023 192.217
560.23816 237.46
577.37201 248.875
614.86658 290.085
616.97339 314.392
654.67230 221.1
654.81036 1093.94
655.31317 622.708
657.42639 692.484
658.42969 357.266
676.43829 387.657
693.00256 195.8
693.34644 240.592
712.33307 228.722
730.70959 387.657
731.03625 548.975
731.37018 297.317
736.92102 623.643
737.41840 702.283
742.94153 227.535
746.31622 225.594
756.49817 1034.9
757.49988 549.035
761.85590 821.645
762.36053 661.354
762.85706 259.806
763.72424 488.753
764.06067 733.09
764.39642 489.034
766.42554 476.686
775.50403 348.892
784.45233 289.131
788.43488 205.521
789.16644 774.597
789.41840 1509.18
789.66974 1693.21
789.91937 1041.86
792.46649 442.765
792.96368 1198.49
793.34259 466.128
793.47150 2289.72
793.84454 406.802
793.96802 1328.03
794.37769 643.154
794.48492 592.65
794.93219 284.442
795.54236 992.531
796.75092 410.67
797.08405 599.915
797.41516 578.607
803.36731 215.848
811.39331 464.353
811.88757 260.577
835.01929 239.468
846.54181 875.608
847.54675 210.219
853.45190 988.31
853.78326 1432.88
854.11755 1021.64
854.44922 375.667
855.55981 264.541
859.90021 299.542
865.48981 530.183
866.48431 258.623
868.41248 1654.92
868.91327 1836.13
869.41217 772.914
875.47638 238.964
883.50635 279.684
884.49530 217.215
886.47845 324.818
886.80902 532.594
887.14240 565.418
924.95428 1634.12
925.45636 1616.39
925.95612 817.725
928.03528 769.964
928.53888 700.081
940.15466 236.495
940.48303 265.913
942.58710 492.976
943.58813 335.125
964.56665 267.083
965.57013 226.242
977.85406 234.473
978.17517 310.47
981.49902 937.942
981.99792 973.613
982.48145 424.617
1001.57373 495.739
1002.07019 419.45
1005.51996 553.625
1006.02307 464.585
1016.66150 228.257
1030.50256 428.258
1031.00354 272.892
1039.01038 2104.71
1039.51172 2517.18
1040.01001 1319.77
1040.50793 448.035
1052.09766 551.696
1052.59229 685.2
1087.53345 330.127
1089.66187 413.143
1091.07715 372.075
1095.55273 2273.32
1096.05212 2842.54
1096.55396 1663.88
1097.05176 498.608
1109.62683 281.016
1136.58337 238.291
1145.08582 1967.94
1145.58752 2709.56
1146.08630 1765.55
1146.58521 600.457
1192.66833 370.821
1194.62402 773.398
1195.12036 1468.34
1195.62024 1067.22
1196.12744 457.02
1228.72278 805.979
1229.72632 490.519
1251.65540 369.399
1252.64575 231.162
1279.66809 831.118
1280.17651 1203.83
1280.67578 888.575
1281.17603 299.417
1329.20215 383.847
1329.70532 575.374
1330.21606 491.949
