1949.90458 3
110.07115 4813.78
112.08686 935.754
115.08654 438.245
120.08050 1604.6
129.10219 4040.65
130.06494 722.69
130.08623 834.296
133.08582 572.543
136.06181 536.399
136.07559 3615.88
141.10255 351.881
143.11775 2009.36
147.11276 1384.5
155.08173 369.768
157.10635 474.388
157.13326 417.885
158.09253 386.683
159.09174 1003.35
169.13361 904.293
171.11247 845.88
175.11879 2957.58
179.09325 316.898
183.11185 559.702
183.14934 731.711
185.09193 454.895
185.16463 718.887
186.12296 334.175
187.10738 337.867
193.09715 527.751
195.08752 508.278
197.12814 571.443
199.10770 412.835
199.18068 1273.14
201.12308 1306.85
207.08757 567.001
207.11130 300.237
210.02567 373.623
211.14391 463.462
212.10274 432.408
213.08749 421.557
213.15996 569.186
215.13901 810.603
217.08237 301.583
218.14955 811.208
223.15536 317.087
225.09868 522.563
226.11867 352.801
227.17564 888.709
228.61920 687.408
229.11850 572.369
231.09764 328.717
235.14328 411.075
240.13271 300.064
242.14828 300.105
243.13300 706.266
244.16533 928.275
251.15007 750.894
253.09355 420.207
254.16136 313.918
255.14516 1732.75
255.64899 1090.34
256.14868 655.763
258.14554 311.07
270.17999 441.42
272.13663 536.512
272.17154 2449.61
288.20151 490.652
291.18494 782.058
294.18005 427.121
300.19058 789.93
304.63654 402.588
305.18210 2048.82
305.68381 791.737
313.20959 429.602
314.18637 352.412
315.20270 563.48
319.17236 537.074
320.17227 400.782
325.18594 403.846
331.16779 792.661
345.16452 474.113
349.20389 894.788
353.06735 348.528
355.70663 540.957
364.71024 932.553
367.66272 404.197
369.70334 2168.87
370.20575 673.636
378.70874 1625.74
379.21106 624.085
383.71014 316.626
385.25693 722.687
401.70963 510.101
404.69489 1112.12
408.19489 326.669
408.21039 314.261
412.25284 476.484
418.69229 4151.76
419.19287 1479.53
419.69193 375.03
425.21188 506.391
426.24561 868.129
428.28729 468.027
435.24988 414.562
452.24258 2163
452.74081 719.527
453.24506 412.035
456.23151 2562.22
457.23550 889.006
459.25143 371.468
461.24097 856.983
461.73914 474.782
472.29013 1549.12
473.28790 404.886
475.23367 1592.36
475.73569 750.156
480.77838 1781.02
481.27707 830.64
482.31049 807.804
485.77063 664.054
486.26547 471.282
489.78220 465.212
493.20300 416.513
494.77637 2165.19
495.27698 932.653
499.28610 442.177
501.23288 1105.08
501.73431 874.279
502.23120 319.981
503.78116 1043.38
504.28275 458.988
507.28949 474.116
508.78369 1100.31
510.28952 720.721
511.29666 342.547
520.28473 424.329
520.76868 1457.74
521.26819 773.607
529.28619 7755.59
529.78717 3935.11
530.28357 1243.23
530.77545 323.245
534.75598 469.998
535.26044 334.256
538.29236 2833.53
538.79205 1673.57
539.29620 642.79
540.31622 417.158
543.76245 1490.01
544.26465 1184.95
554.29822 1089.76
557.77240 450.439
558.23846 567.448
564.29523 394.655
564.79932 331.318
565.30835 633.855
565.79974 331.195
565.97845 422.724
568.34607 986.026
569.26642 637.816
569.76544 701.26
571.27014 818.289
571.30524 843.641
571.65332 749.316
571.98578 555.412
573.64478 574.03
573.97742 807.868
574.30762 637.52
575.32288 706.544
575.65625 480.845
575.99298 350.429
576.31885 376.317
578.27502 6214.77
578.77429 2806.36
579.25330 524.045
579.32770 2290.1
579.65070 8082.31
579.98407 5422.02
580.31799 2812.22
580.65277 799.489
581.31171 473.884
581.64941 575.822
585.32355 32383.7
585.65710 34668.1
585.99030 18254.5
586.32477 6370.86
586.65765 1820.33
591.32611 14816.5
591.66077 14345.8
591.99469 7913.21
592.33008 2933.3
592.66364 675.424
595.77539 530.444
597.33313 755.003
597.66479 620.858
598.23132 872.834
598.73169 541.007
600.34747 869.572
600.78961 486.671
601.80560 338.577
602.30023 372.076
602.82117 460.019
603.25256 465.146
603.35950 855.663
603.97693 381.435
606.63495 873.782
607.23352 940.735
607.73438 606.921
608.32288 390.373
608.64111 360.726
611.97968 2402.49
612.30658 4941.34
612.64264 3540.58
612.97656 1617.45
613.30621 459.619
614.78864 989.982
617.66241 498.82
617.98273 22105.6
618.31561 22851.7
618.64941 12233.3
618.98389 4434.87
619.31842 713.369
622.84912 357.685
623.28699 501.571
623.98492 4186.39
624.32007 3668
624.65533 1776.32
624.98669 1075.54
633.29858 517.225
639.37854 581.005
641.34540 493.946
641.84186 486.108
644.63531 681.005
644.97107 1055.59
645.29932 672.632
649.29779 361.629
649.77045 403.779
650.29523 866.074
650.42194 338.977
650.64105 5689.58
650.85657 391.351
650.97485 4820.6
651.30151 2521.43
651.39502 378.76
651.64429 1015.53
651.98523 536.643
652.33917 1504.72
654.76868 647.208
655.27173 382.204
657.80560 385.046
658.31244 450.345
663.29956 609.417
663.77612 884.838
666.36102 495.906
671.81042 3830.37
672.31000 2826
672.81262 1324.57
673.31177 581.418
678.35925 870.64
679.39288 854.063
680.39789 343.218
680.81635 452.343
689.32031 641.964
690.82446 430.807
691.33771 334.527
697.39880 16593.3
698.40192 5795.77
699.40710 1276
706.79553 366.575
707.33856 533.525
720.79742 4370.63
721.29669 3080.96
721.79950 1336.07
722.30243 415.373
725.84082 459.095
727.90442 475.395
734.31805 1332.32
735.31982 658.234
738.40057 688.932
740.37616 486.328
741.90015 633.843
742.40588 775.069
742.89941 373.337
748.41241 435.758
750.90057 400.708
755.86371 514.081
756.40454 346.512
766.42065 4156.89
767.42480 1552.09
768.43500 750.786
777.39703 401.875
781.88843 455.256
782.38147 535.699
784.43341 1384.64
785.43817 794.887
790.88885 355.839
794.41852 1269.1
795.42963 380.39
799.44055 699.455
799.93262 555.388
802.40350 740.156
803.45123 373.049
804.33887 376.676
813.43579 756.593
813.93420 672.192
815.40704 443.544
817.38214 343.73
818.37085 362.616
819.34668 435.009
824.41492 411.273
836.37421 1526.02
837.37494 638.923
845.41052 527.688
846.38293 852.238
847.39435 387.303
848.46552 416.275
848.93378 411.354
849.34729 1796.61
850.34619 761.331
851.47345 469.823
862.42194 512.527
862.91125 349.693
864.39154 1138.49
865.39288 516.202
869.48059 723.419
884.41650 400.943
892.48907 471.067
903.47949 2345.88
904.48102 969.679
905.46771 419.832
913.46729 452.538
914.46936 415.963
915.48865 480.891
921.48383 1100.68
922.49292 359.803
931.46521 468.013
932.44476 398.854
944.43024 487.621
945.45142 548.534
949.45880 1487.74
950.46198 1005.46
959.51715 554.109
962.43030 2929.9
963.43396 1603.58
964.43152 483.384
1002.46741 563.496
1006.45337 565.691
1016.56549 1109.59
1017.57288 493.279
1018.53204 975.802
1026.47742 385.525
1034.44336 371.6
1057.60156 379.786
1058.57166 433.841
1073.47986 526.015
1086.52051 544.794
1093.49231 791.897
1116.50708 772.72
1130.58777 417.912
1145.60168 616.943
1190.55420 392.116
1291.76062 769.92
