1508.66883 3
110.05971 3611.68
110.07113 4214.76
112.08682 4753.27
120.08050 6019.25
127.08630 2970.24
128.07037 6273.26
129.10210 8944.91
130.05051 2070.9
130.08604 2607.05
136.06119 2203.78
136.07524 1927.66
138.05489 4648.25
147.11255 3063.09
155.08121 49125.1
156.06543 3039.34
156.08449 5225.25
157.10834 3301.95
158.09227 2452.64
167.08127 2601.82
173.09183 197040
174.09537 13719
175.11861 29053.6
181.06038 2750.55
184.06133 2614.62
195.07629 5613.51
197.12762 3115.57
198.13509 3944.17
199.07172 3978.07
201.08676 94105.8
202.09038 8048.06
209.10385 1817.6
213.08672 6280.34
215.13884 4034.95
217.08177 5707.28
225.09808 4573.75
227.06624 11048.6
231.09689 5882.83
241.08147 13094
243.13379 3178.91
245.07643 26033.2
246.08008 2445.88
249.15045 2450.58
254.16132 5136.42
255.14484 9255.19
259.09216 4468.97
272.17130 225160
273.17435 26908.3
274.17603 2359.47
294.17984 2001.29
298.13739 2006.67
306.17191 7444.07
328.11295 3093.83
330.12866 2713.9
338.09872 3804.57
338.82813 2267.01
340.17371 1957.25
341.19281 9190.25
354.19897 1788
355.15988 9006.69
355.66031 3205.61
356.10812 19314
357.11057 3091.65
358.15985 5389.42
362.71356 18793.3
363.21564 4295.79
371.71875 2457.94
374.11859 22977.7
375.12012 3881.88
410.73944 1899.86
411.70190 19208.9
412.20352 8400.95
412.70654 2287.74
419.25565 31157
419.75754 13773.7
420.25793 2820.37
423.18597 2968.31
428.26099 2647.93
438.14755 2206.49
439.17413 2198.22
441.19672 5603.63
453.25702 8601.37
453.74890 2696.78
454.26120 1965.55
455.24686 4072.61
459.21179 2794.87
459.55933 1989.72
466.26007 2077.27
467.14114 2465.47
468.24460 15446.9
468.74722 5041.23
469.19312 5058.7
472.28360 1752.58
474.77167 18117.2
475.27118 11535.6
475.77054 3889.55
480.26413 4398.59
483.77652 90274.8
484.27774 43015.3
484.77893 13698.4
485.14850 5462.45
487.20190 5103.86
492.78122 10074.4
493.28421 7003.33
497.29501 1985.39
498.27847 1730.88
503.16257 2650.03
504.23407 2054.06
504.29605 2089.16
523.76025 10550.8
524.25940 4505.39
524.75952 2401.05
532.28638 5059.32
532.76794 18699.7
533.26849 10172.1
533.76947 3897.64
541.29016 102247
541.79108 55576.6
542.29163 15815.8
542.78998 2812.63
546.28058 1967.63
550.29572 13302.4
550.79633 6177.58
551.23492 4423.23
552.23328 2653.82
555.28668 4420.03
566.34375 7998.2
567.34760 2253.71
574.81055 1905.87
577.28772 2694.11
581.76788 2653.18
582.27618 2581.74
587.80096 5503.65
588.29816 7296.03
588.79144 3842.28
590.27850 22380.8
590.77887 12904.8
591.27911 4198.42
594.30963 17400.6
595.24738 2704.96
595.32745 4078.95
596.29773 2641.09
596.80634 76281.7
597.30530 56990.3
597.80615 24268.9
598.29340 4484.88
605.29309 1872.46
605.81146 282197
606.02222 2290.92
606.06616 2297.11
606.11157 1843.86
606.15607 1838.97
606.31213 177650
606.81281 72160.5
607.31427 13572.5
610.80585 2200.68
611.33881 6167.14
612.33325 3980.57
614.81647 39851
615.31750 26143.1
615.81824 7088.84
636.78839 2859.28
645.79352 17049.2
646.29230 13616.8
646.79602 3845.61
647.29199 1748.07
652.32196 9425.21
652.81879 9761.34
653.31818 3898.99
654.79950 32020.5
655.29932 20924.2
655.80011 6507.7
656.30438 2002.81
661.32733 51779.4
661.82739 36412.7
662.32709 16161.7
662.83032 3180
664.33063 3377.12
670.33179 94834.1
670.83331 61833.9
671.33545 26821.2
671.84113 6638.73
675.81720 1922.15
677.36810 2963.74
679.33575 10003.6
679.83698 6590.05
680.34296 2418.78
682.40143 3486.88
684.33521 3406.34
690.37244 2513.7
692.28186 4352.16
695.38196 14143.3
696.38336 4764.8
697.39148 2611.05
701.31415 1799.8
707.39349 25918.3
708.39703 8971.32
709.31366 9156.19
710.31476 12180.5
710.81732 8021.19
711.31696 4763.04
719.31793 9325.95
719.82080 5855.33
724.42108 10726.3
725.41547 5981.46
741.39008 1890.9
775.34039 2250.86
793.35669 2366.79
805.36810 4543.54
810.40930 22894.7
811.41223 9066.04
812.40564 2018.76
820.47949 5078.09
821.47552 2587.47
822.39502 10306.3
823.39459 3312.3
837.50482 2266.64
852.41931 1795.21
870.43097 5445.05
908.38318 4999.34
911.45636 3473.3
921.44250 17132.5
922.44122 9372.91
923.43262 3010.78
935.48346 2208.06
939.45026 56690.7
940.45306 27962.9
941.45673 7903.04
949.52429 2295.06
957.46680 3830.06
991.41235 2423.41
1009.43042 2142.69
1019.41229 3355.91
1020.41595 2667.05
1036.50208 4061.08
1037.40723 4775.3
1038.41235 2236.9
1050.48145 9412.59
1051.48816 4387.04
1054.52917 2706.88
1064.55103 1995.89
1068.49255 16677.2
1069.49634 7525.65
1070.50317 2406.72
1166.47559 1781.07
