3315.69375 4
120.08049 3285.55
129.10188 870.254
136.07547 9008.81
147.11227 861.294
157.13301 811.554
159.09193 812.554
169.09717 1569.98
173.12819 2714.13
175.11852 3929.58
181.06047 525.147
185.12814 1926.02
185.16446 550.208
193.09662 924.922
199.07121 1417.96
201.08661 5000.35
201.12302 3864.68
215.13858 1259.56
217.08141 1124.03
219.11229 566.589
219.14932 537.162
221.09091 818.588
229.11769 2780.88
233.16437 7032.1
234.16805 734.439
243.13345 1264.53
250.11856 547.071
256.16522 799.533
261.15924 8497.96
262.16226 1207.92
270.10791 606.086
272.15955 1042.67
278.11243 777.535
282.18088 2356.14
288.11819 868.843
290.14554 840.249
293.11255 1762.01
300.15594 650.476
312.15613 963.264
314.17020 3094.59
315.17426 592.637
316.11078 564.734
322.67087 851.932
332.19626 13402.3
333.19968 2408.47
350.13608 735.225
358.16129 535.849
358.21198 536.808
362.13446 1155.36
369.24872 676.623
383.19281 1655.01
385.20142 618.298
389.21732 553.58
391.18164 555.201
401.20331 2605.85
403.23441 3357.93
404.23645 1115.32
407.15527 1406.34
411.22226 875.269
413.21875 796.169
415.19183 661.11
417.28461 2443.4
418.24292 1597.94
426.20078 622.743
427.25302 616.932
443.18942 856.172
445.28006 3409.9
446.27884 613.439
450.23434 547.141
460.21817 626.924
471.29675 888.476
476.17737 970.387
478.23163 617.362
482.26215 789.248
486.29779 611.275
488.32153 1393.12
494.18509 787.74
496.27509 723.757
498.29044 699.213
512.23199 718.495
514.30719 1854.96
515.30560 591.052
516.31720 4258.8
517.31860 1191.3
517.93561 6640.7
518.27014 6187.89
518.60327 2714.32
518.93335 763.677
519.77209 984.488
530.24438 560.062
532.27655 2103.96
544.22400 1544.87
547.79456 636.007
555.62933 1241.19
555.96515 1353.5
556.30298 585.049
561.26355 638.618
561.79102 865.391
562.30133 596.407
570.29333 1163.01
570.79352 704.3
579.27124 1133.14
585.33282 805.895
589.26117 2277.63
590.25891 751.141
600.33997 667.135
603.34106 642.005
607.26843 2871.89
608.27509 1272.99
617.37048 1125.87
619.31531 772.744
626.31628 1141.11
626.81848 773.774
627.38812 1195.39
629.31689 653.855
635.81152 3417.26
636.31519 1790.4
636.81793 1176.76
644.33569 11625.3
645.35425 7838.42
646.35822 2413.72
650.31696 696.771
651.32782 1530.56
652.32648 1026.61
657.30597 872.256
658.29205 565.635
660.28888 839.821
660.82581 2272.23
661.32434 2101.53
661.82880 653.958
669.83038 2023.02
670.33374 1125.28
670.83502 1094.47
676.29218 2247.34
677.30121 832.279
678.30469 1808.88
679.30615 559.254
692.35565 3614.29
692.85461 2712.58
693.35870 1114.8
694.29431 1010.84
698.42023 1934.4
699.43481 597.218
714.38019 2073.36
715.38403 938.708
717.36554 3248.89
717.86853 2372.05
718.36725 2676.44
719.36920 756.132
722.36359 1513.41
723.37195 768.328
726.38220 1232.72
727.87469 3099.99
728.37146 2327.64
728.87311 673.583
729.35449 692.147
732.39215 3357.28
733.39642 1560.53
736.31201 731.958
743.40656 1472.81
744.41791 683.247
759.97992 670.981
761.89154 1320.02
762.39966 1470.17
767.39301 2022.83
767.89240 1967.92
768.39160 1021.57
768.89111 796.298
776.15717 601.15
776.39874 82179.8
776.68286 615.042
776.90076 62616.5
777.40228 31348.8
777.90369 11509.3
778.40698 3324.43
778.91443 967.705
781.41113 625.055
789.32007 762.67
791.38837 999.507
805.32983 1253.14
807.34741 2432.21
808.36664 1256.04
809.38983 652.882
817.42493 2272.02
818.41748 1282.51
823.94287 781.121
824.43646 926.432
824.77600 687.727
827.47058 2261.01
828.47876 1787.89
828.77356 735.11
828.95099 1759.71
829.39722 2668.49
829.51978 2102.2
829.94202 1949.71
830.40253 16146.8
830.72314 1567.84
830.91071 1623.37
831.11127 571.358
831.40948 5691.84
831.55548 617.878
831.77087 667.96
832.44806 774.09
832.94116 16380.9
833.44250 15617
833.94312 8299.38
834.44531 2935.96
834.95044 923.643
841.42584 612.78
845.47736 3703.45
846.47528 1448.22
847.47083 615.829
862.43921 1405.18
876.36926 1035.14
878.41992 586.087
879.43243 678.033
883.42578 704.867
888.45709 3928.52
888.95782 3909.47
889.45886 2327.13
889.95941 1212.2
890.46313 1050.16
891.44769 1515.5
892.44452 620.529
893.45697 637.862
897.46307 29431.3
897.96344 26208.5
898.46466 14383.9
898.96667 5064.54
899.46497 1794.21
901.47131 5918
902.48468 4535.23
903.49939 1531.18
908.46686 1683.56
909.47668 806.808
914.97296 693.91
915.48267 1188.51
918.40820 707.973
920.43646 1842.09
921.44397 917.026
922.45929 766.542
923.97870 1325.3
924.48267 1664.77
924.97827 1121.95
925.47430 874.273
930.51929 2806.98
931.50635 2062.54
932.58008 731.854
932.98120 48689.4
933.48254 48044.3
933.98328 25963.9
934.48462 11820.5
934.98492 4058.59
935.48419 1336.58
941.50958 1299.34
942.51941 820.651
952.13855 761.244
959.51605 5696.41
960.52411 2291.03
964.49304 934.645
989.53027 8042.07
990.02496 8744.16
990.52991 5686.41
991.02881 2630.88
991.51471 1078.34
992.47607 734.567
1001.55023 4383.74
1002.55328 2908.72
1003.55927 842.347
1007.46820 1821.72
1008.46289 810.809
1009.49493 634.762
1024.03528 1149.96
1024.54077 1152.62
1025.04663 727.053
1033.04004 13716.5
1033.54065 17564.4
1034.04077 10064.5
1034.54346 4654.25
1035.05029 1258.59
1035.53967 1005.27
1038.53101 5381.66
1039.53394 3143.17
1040.53284 939.401
1060.46692 708.857
1061.51221 602.62
1078.49976 1130.02
1088.55847 1740.23
1089.05420 1850.58
1089.55859 1122.65
1090.06750 591.369
1094.57117 616.546
1097.56128 6469.28
1098.06311 7816.54
1098.56445 5422.27
1099.06567 2300.03
1099.57117 1014.98
1104.57935 1480.39
1105.56604 665.094
1114.63391 1944.25
1115.64575 1352.14
1122.58057 4076.13
1123.58081 2611.78
1124.58252 847.711
1132.58740 635.872
1136.51953 604.652
1139.57959 5428.75
1140.58215 3028.62
1141.58386 945.838
1157.55640 696.732
1179.08801 1905.47
1179.59729 1939.71
1180.08997 2120.07
1180.58264 1023.45
1191.59302 774.878
1203.61890 652.141
1207.59436 2629.41
1208.10730 2880.19
1208.60303 2060.87
1209.10120 825.286
1221.62219 748.17
1227.10767 846.979
1227.60571 1275.59
1228.10315 668.583
1236.11060 5175.32
1236.61621 7124.8
1237.11548 5409.65
1237.61792 2620.84
1238.12817 916.241
1243.67664 867.868
1246.59583 581.98
1251.62488 2864.38
1252.62280 2076.39
1253.64526 594.296
1270.61926 5424.07
1271.62000 3185.2
1272.61914 1343.43
1292.66284 1200.37
1293.14990 843.865
1293.66504 1029.29
1302.64758 876.418
1303.63867 770.544
1320.64697 7808.42
1321.64844 5760.63
1322.65808 2067.95
1323.67053 638.63
1327.64050 888.405
1336.16504 937.753
1336.68787 1162.71
1337.17773 716.674
1338.65100 3750.13
1339.65784 2933.7
1340.66870 1500.16
1358.70020 1134.25
1359.70276 1166.73
1360.69714 636.613
1377.67908 1098.39
1378.68494 731.753
1383.71338 954.537
1384.70288 591.448
1429.74695 686.151
1430.75330 672.875
1433.74329 650.92
1451.71912 657.714
1454.74805 830.145
1455.76147 589.268
1551.79956 4337.71
1552.79590 3631.29
1553.79553 1617.61
1554.81201 610.034
1651.83582 743.167
