2488.18616 5
110.07099 7036.15
120.08044 3801.46
129.10194 3103.02
133.04265 541.744
136.07571 2046.78
147.11278 1020.56
158.09219 942.457
171.11217 794.162
173.60274 1623.85
175.11864 5034.77
187.14445 782.922
187.59991 1773.83
193.11366 448.101
199.10750 572.65
209.13925 3683.73
214.09726 599.472
237.13498 4893.11
238.13768 537.357
239.11310 879.823
240.09740 783.164
248.62788 538.422
249.12189 511
252.07631 2056.18
257.16052 466.883
272.15277 2002.64
272.48859 794.428
274.18661 4894.53
275.19186 580.539
276.17081 810.555
277.17282 480.121
281.48514 2438.65
281.81879 1520.68
282.65433 721.822
296.65439 466.994
299.83234 2329.28
300.16757 1200.71
305.83612 1761.13
306.17044 952.043
315.16748 2645.06
315.50171 1837.28
322.18576 633.209
326.51428 462.178
336.16519 616.069
339.16946 529.881
347.21692 793.796
347.71863 1070.66
349.20303 508.949
356.18237 2739.28
372.18835 535.729
374.19247 1249.87
375.19818 527.092
384.23422 906.138
385.21957 2922.95
386.22156 1207.57
392.65887 495.169
402.24533 13632.6
403.24783 2372.2
407.72656 4184.02
408.22815 1975.61
411.25058 482.072
418.88287 2386.14
421.72385 7154.92
422.22549 4365.68
422.72842 1098.4
423.13358 877.384
425.20834 1278.56
425.45905 841.789
429.70935 765.692
429.96060 924.767
432.20612 704.693
432.45773 717.869
436.70898 655.915
437.21097 547.759
438.21173 618.404
440.19540 1655.11
440.69186 1240.74
441.64780 878.018
441.99582 1078.97
444.72342 586.518
445.22687 728.563
448.24670 6936.29
448.74734 3320.12
448.98059 3449.8
449.19852 5771.36
449.47867 696.379
449.70044 2666.84
450.23828 2219.21
450.73807 578.233
453.23929 855.375
453.48141 1237.84
453.73615 814.985
454.45795 630.624
454.70801 560.841
458.68472 1820.53
459.18201 675.304
460.23816 917.186
460.96286 3755.66
461.20996 3197.47
461.46387 1854.06
461.70972 501.894
463.24231 1889.93
463.74417 780.372
464.24377 931.203
464.57214 540.875
464.91046 512.903
465.46704 2940.17
465.71628 2532.24
465.96844 1767.55
466.22504 1844.77
466.56442 974.998
466.88477 1072.14
466.93985 1824.61
468.96967 646.622
469.25900 799.923
470.24759 801.147
470.58200 623.234
472.24725 6323.35
472.74884 4114.07
473.22156 3788.07
473.47485 4924.32
473.57498 1208.78
473.72397 3026.33
473.97287 1432.69
474.23141 1208.14
474.47733 935.083
474.73267 614.609
476.24146 2281.92
476.44479 1762.34
478.23401 948.799
478.73145 1263.36
478.98096 1938.2
479.22629 851.761
479.48117 708.112
479.57635 1872.64
479.64932 3368.84
479.84995 2641.79
480.24707 521.063
483.23425 1903.53
483.48422 1399.74
487.84128 570.641
488.03311 1085.13
489.18558 590.65
489.67688 511.691
491.24011 1562.03
491.43991 2988.8
491.63812 2441.43
491.83777 1449.13
492.22589 829.56
494.23380 1000.43
494.84314 2897.42
495.04187 4139.69
495.24362 2937.99
495.44373 1126.91
495.64233 675.731
496.25067 2919.97
497.23438 7185.66
497.58450 1102
497.73410 4883.54
497.81848 1154.88
497.97070 2190
498.18613 6160.37
498.27225 5727.66
498.68201 3043.51
498.77747 2555.71
498.89221 951.303
498.98486 777.117
499.21567 2085.43
499.27322 1837.24
499.35522 534.613
499.53305 747.853
499.59750 2891.83
509.20438 813.519
509.90219 513.35
513.27618 4396.69
514.26239 1453.16
515.90784 3930.66
516.23920 3030.67
516.57556 1437.53
516.90985 703.59
521.25293 612.326
522.59375 687.335
528.59979 1010.54
531.28735 13951.3
532.28918 4806.16
532.53259 940.161
533.29388 524.319
540.28973 757.935
573.33490 530.319
574.33118 1582.76
575.93994 1492.61
576.27173 1172.27
577.73395 625.01
578.83252 542.978
581.94324 1351.08
582.27826 1248.86
582.61176 688.756
584.27686 967.335
584.60706 647.606
589.26740 1211.89
589.60632 507.103
589.94354 970.31
590.27820 858.148
592.29596 2310.57
593.30109 705.308
595.27020 1332.51
595.77667 670.665
605.60895 1342.39
605.94434 1331.64
607.27460 1605.82
608.27838 1161.81
608.60443 767.855
608.94092 516.641
609.81799 1088.13
614.28192 11186.6
614.61530 11989.3
614.94916 7372.58
615.28229 3038.22
615.61169 1104.96
616.34161 2902.41
619.31647 1368.67
620.28162 14835.4
620.61884 15316.3
620.95209 9273.19
621.27795 2684.26
621.36420 556.472
621.62073 1238.56
626.96594 838.971
627.33850 1377.47
627.81995 755.484
630.35406 2229.79
631.35913 788.974
632.31616 701.265
632.82288 587.063
637.97150 1259.27
638.30737 1520.59
638.63892 1120.2
638.97205 641.892
641.32886 2000.77
641.83191 1115.5
642.32513 522.44
643.97534 2070.36
644.31024 1894.14
644.64594 612.119
647.30029 989.728
647.64075 700.899
647.97211 1046.96
650.33594 537.901
650.84137 558.668
651.34106 534.839
653.30463 1478.12
653.64142 1866.2
653.97369 1692.95
654.31812 574.678
665.30792 505.041
674.30560 1655.55
674.80682 1411
675.31299 877.274
676.32593 562.789
677.38574 845.452
681.99225 803.048
686.40570 608.171
687.41443 973.587
688.41626 921.087
690.32098 576.46
690.64984 998.611
690.98553 660.176
693.42828 891.171
694.42853 1159.14
696.32373 705.128
696.99426 666.693
697.40759 574.514
699.99774 507.29
700.33582 934.621
705.38135 5726.37
706.39026 1991.58
707.37860 614.988
709.85699 877.423
710.36072 837.906
715.81946 508.982
716.32483 1062.68
717.29620 994.938
718.29938 1697.39
718.86243 960.236
719.28546 527.145
720.36578 1257.27
724.83051 3669.26
725.33203 2649.93
725.83527 767.478
726.33582 676.853
729.83655 693.897
743.33014 570.262
745.38336 2562.29
746.38550 1070.81
755.34033 523.819
764.35327 1319.56
764.85114 1702.6
765.35632 704.086
773.35797 7356.51
773.85870 5712.11
774.36090 2887.19
774.86292 635.398
783.45898 1046.65
792.39386 573.589
802.85516 1130.19
803.35638 2304.62
803.85870 723.725
811.85956 2479.28
812.36224 2185.53
812.85944 1449.19
813.36078 583.367
824.37701 593.044
852.38306 605.678
861.39386 786.637
861.89270 575.753
905.41455 2893.79
906.41498 1547.18
907.39825 497.485
916.35895 3883.35
917.35962 2052.74
918.37506 741.628
929.92035 541.049
930.42114 596.049
943.48676 575.359
987.43909 611.289
1015.42249 763.513
1016.43005 524.921
1017.41125 1002.73
1052.48071 1779.57
1053.48633 1077.61
