2317.09194 4
110.07096 2343.19
116.07038 574.657
120.08035 2027.46
129.10201 6197.23
130.08566 614.5
136.07545 3592.4
143.11752 2703.12
147.11226 1819.35
156.07661 895.168
166.08580 940.091
171.11229 2009.46
173.09157 627.492
173.12801 3170.56
175.11919 989.119
185.16463 1696.74
187.14429 729.732
193.09630 537.791
198.12294 996.294
201.12300 10013
212.13966 539.58
213.15936 2328.17
215.13847 7483.78
216.13362 5022.47
235.62143 1282.06
236.12271 515.491
239.11354 798.895
253.09274 2599.72
266.16095 2753.95
267.13293 6821.16
268.16452 518.126
276.15140 705.058
280.20190 777.783
284.17133 10863.2
285.15485 7936.67
285.65652 1950.23
298.64432 664.199
300.15311 511.138
306.11880 599.095
308.19626 2319.18
314.20673 6894.57
320.67374 4007.12
321.17502 1328.33
324.12939 1845.24
342.14053 907.028
343.69632 530.61
354.14032 1468.56
362.20633 2847.73
379.23325 1542.32
380.21640 5242.76
381.18628 997.682
389.69531 1192.89
392.21100 522.184
392.54675 633.468
395.20132 790.464
397.24338 2385.07
399.19720 4343.12
400.19803 1070.32
403.69144 554.74
413.21185 592.264
415.25427 7008.01
423.19550 1358.3
424.56226 995.214
424.86807 4266.26
425.20349 2231.77
425.74316 671.122
434.22650 861.49
441.20523 812.754
447.88367 772.938
452.22464 3131.36
453.22464 805.354
457.22025 6854.02
457.51376 2869.33
457.56647 3943.14
457.85294 1725.32
457.90604 998.224
458.18866 559.591
465.26086 625.557
466.23666 1029.98
467.21918 826.267
470.23380 20278.6
470.76099 737.766
471.23691 4763.83
472.24084 755.582
474.26874 3968.11
474.77023 2379.24
475.27039 726.081
480.24173 2029.17
480.57907 1331.55
480.75482 588.935
480.91040 591.544
489.87616 1961.53
490.21054 1678.37
490.54816 807.799
494.23401 1698.83
495.23468 548.565
512.24304 1087.04
526.29974 918.433
527.26245 589.461
530.32733 642.144
531.04138 2632.91
531.29126 2357.17
531.54309 2789.83
531.79022 1702.26
546.23816 1881
546.61285 1051.77
547.94043 735.723
551.29114 2375.5
552.29620 800.747
555.53436 4971.57
555.78485 7310.54
556.03601 3141.54
556.28802 1930.15
556.54132 725.733
562.32349 3927.52
569.30322 19990.3
570.30695 5708.59
571.30969 1163.12
578.81616 845.437
579.24438 687.244
579.32269 3820.54
579.81952 2273.26
579.98260 669.393
580.26697 1009.23
580.33667 3105.64
580.52026 588.404
580.56738 561.306
580.76642 1314.76
581.26508 900.34
581.35120 1093.34
587.81348 2147.53
588.31360 1325.43
588.81458 609.215
595.31451 710.631
600.31311 1396.85
600.81360 666.388
614.27130 587.349
617.36255 870.096
622.33063 2469.24
623.33740 904.784
624.27112 574.085
627.33551 800.233
627.78217 864.944
628.29077 1354.3
628.78784 576.949
636.00763 2139.93
636.34033 9101.56
636.67529 650.801
636.79065 9015.75
636.87262 2508.52
637.29462 5942.47
637.38098 853.231
637.79895 2643.95
638.30383 823.985
640.33948 26010.3
641.34320 8695.94
642.34692 1896.76
650.83447 1030.48
651.33521 1065.16
655.81250 820.146
656.30927 663.403
663.81775 698.504
669.32031 558.241
671.32776 692.547
676.32471 2276.96
676.82953 1325.99
677.30823 852.172
682.34222 915.94
684.85974 1184.43
685.32654 22712
685.78101 9365.27
685.83795 9239.36
686.27722 6092
686.77875 2378.22
687.28851 1157.2
693.29297 858.23
704.39221 3562.2
705.40948 618.487
707.37427 862.491
707.87909 1060.51
708.40814 780.34
709.30396 804.604
719.41522 562.355
725.30750 1315.07
725.80701 1003.04
727.41223 908.167
727.92065 738.803
733.85187 2683.98
734.31165 11202.5
734.81506 8208.09
735.31622 4142.41
735.81561 1083.77
736.86987 659.809
741.40741 4121.25
741.90845 3787.91
742.41321 1627.11
747.38147 966.662
753.42328 3825.87
754.42633 1758.19
760.85419 636.177
763.43909 629.582
768.42084 845.631
776.39978 3528.24
776.91992 7096.05
777.42792 5313.89
777.92773 2018.48
778.43518 777.145
781.39996 744.318
781.88416 737.302
782.39319 662.795
782.83893 1497.51
783.33649 1090.26
790.39685 10286.4
790.89752 7929.82
791.39764 3070.63
791.89203 815.874
798.92780 610.84
806.37775 1122.53
811.91876 1122.66
812.42297 902.696
816.90778 622.982
817.37604 755.305
817.50513 707.702
817.90356 802.974
821.48639 770.762
825.38507 1658.54
825.91278 9483.38
826.41437 8724.7
826.91437 3806.05
827.41107 1247.74
834.40942 2003.4
835.41418 884.233
839.38519 3285.96
839.88348 2562.1
840.38257 1109.72
847.91644 724.565
850.47430 1754.67
851.49188 901.469
855.48938 653.347
866.38324 880.032
872.38879 567.22
874.50018 3093.94
874.90320 2015.11
875.39233 1852.42
875.53259 815.269
875.89911 748.867
919.47125 827.939
947.51654 4434.6
948.52081 2182.32
959.49463 866.646
960.50024 728.311
987.57794 903.574
1058.48267 659.221
1062.56372 756.107
1174.61682 1039.63
1175.62646 575.059
1272.59937 2132.63
1273.60449 1672.84
1370.57385 1349.14
1371.58557 732.735
