2283.17339 2
110.07094 19025.3
111.07404 703.994
120.08033 1680.61
129.10196 5581.46
130.08592 4241.36
136.07547 1059.19
138.06569 566.749
147.11243 8560.01
148.11580 550.816
159.09129 1061.99
167.09152 1800.9
169.13266 1003.06
175.11786 946.821
178.13335 5132.14
183.11212 580.262
183.14981 555.775
184.10753 612.231
187.14375 1150.52
193.10811 2005.96
195.08696 1398.69
197.12811 827.304
199.10709 673.401
199.18005 7865.21
200.18320 818.673
201.12288 1194.74
202.08211 904.249
206.12828 1104.24
211.11864 6546.95
212.10258 4139.72
215.13832 1441.18
216.09822 666.607
217.13618 3498.64
221.10278 1241.88
222.08702 654.663
227.10307 551.55
227.17491 4721.21
229.11752 1862.79
230.07646 3344.78
234.13670 771.464
235.11909 2329.33
239.11336 5004.28
242.18686 918.267
245.13112 5125.99
249.09923 576.554
251.15143 606.281
260.19611 6562.18
261.19913 937.755
262.11807 903.544
273.11758 903.795
284.19580 545.724
291.21750 3766.04
310.21231 1511.94
319.21188 2456.41
328.07529 768.401
328.22278 1235.16
331.14850 1061.58
334.18680 1010.35
336.16541 872.591
343.16046 3633.38
345.10339 5276.32
346.10837 803.46
352.19675 1259.9
358.21460 1973.61
359.17050 2449.32
360.15396 791.303
362.18051 2478.61
373.27975 3274.19
380.19104 2013.6
387.16104 643.038
393.26041 569.441
413.16461 667.18
419.27524 2119.88
430.19330 639.218
437.28540 6432.09
438.29144 1191.19
441.15836 1349.71
445.22232 553.81
447.27008 2614.13
448.27692 582.621
456.18814 1029.97
458.18677 4211.72
459.19174 893.096
465.28033 6097.98
466.28238 1222.93
473.21216 2062.05
474.20007 1499.8
483.21722 927.995
504.31943 3827.4
505.32037 759.052
513.21185 1019.86
526.25055 830.191
530.23651 919.232
542.20062 600.784
554.78015 1028.26
559.23450 1821.71
573.78961 608.075
574.28302 814.875
574.78351 647.358
582.23706 901.379
582.79779 1161.47
583.29272 1049.02
586.76575 1042.33
587.28888 1032.51
587.78546 1310.83
588.28271 970.513
589.22015 1078.52
596.29846 3912.69
596.79559 2881.49
597.29529 1288.84
599.25903 803.305
600.76031 1329.41
605.30176 3437.02
605.80231 2595.22
610.21655 872.619
617.40344 1497
627.24323 1967.97
628.25580 675.917
630.82733 990.922
631.32739 660.684
638.84650 590.554
639.33728 2107.1
639.83594 1098.37
644.27344 1986.2
645.26544 620.069
676.37677 2592
678.26563 754.861
685.27808 668.192
695.25995 923.831
700.30334 634.054
702.32501 978.195
710.28174 1562.14
710.84509 930.361
711.26843 979.513
712.28278 919.64
713.27826 725.959
727.30945 1869.48
728.29669 2341.56
729.30933 592.618
730.30615 725.814
745.32227 1783.56
781.32581 690.377
795.45154 1402.21
796.45398 800.321
803.37592 582.022
816.87347 951.936
823.45856 1954.98
824.46881 693.027
824.89526 581.739
825.38208 1426.23
825.88287 896.086
826.36627 610.451
833.88434 1158.65
834.39294 823.178
841.38495 1186.59
844.33600 931.793
846.47351 911.629
865.35413 693.179
882.38336 980.549
937.48926 3143.38
938.49866 1350.02
939.38446 619.869
955.42505 646.972
956.41254 1394.93
957.41809 820.806
965.41437 583.751
973.43860 1771.06
974.42371 997.702
983.42639 679.923
987.42389 773.722
994.50421 2325.83
995.51025 1230.5
1063.44885 1579.19
1070.44409 991.933
1071.41833 595.247
1087.45496 656.563
1088.44971 659.263
1091.52454 1250.34
1092.52478 959.752
1108.55066 4822.67
1109.55164 3201.06
1110.56433 725.268
1166.60938 697.229
1168.45251 992.434
1181.59375 702.661
1184.48877 729.045
1185.47571 2509.53
1186.47131 1333.33
1191.59094 3112.62
1192.58289 2825.64
1193.58325 1527.4
1202.50220 4765.56
1203.50549 2693.48
1204.50867 1246.82
1209.59753 3859.75
1210.59705 2457.58
1211.57312 904.992
1299.57043 593.048
1305.69189 869.736
1321.55408 908.099
1322.73694 780.006
1323.72095 791.496
1339.55383 1024.9
1420.64734 646.848
1437.71924 1518.1
1438.71533 1119.18
1440.60718 899.188
1554.68311 591.453
1649.75452 1416.61
1650.77405 1263.21
1666.77722 3386.26
1667.78247 2699.8
1668.78369 1063.35
