1949.90421 3
110.07098 9600.11
112.08677 2867.14
129.10202 4140.71
130.08614 986.021
147.11281 1008.87
157.10828 1359.79
175.11867 5548.51
179.09193 1169.89
207.08710 2695.44
212.13884 1494.4
214.11818 1307.11
215.13838 2691.81
221.13727 1770.05
225.09767 1151.94
243.13293 1662.85
250.65616 1461.97
251.15009 2315.41
255.14453 8245.71
255.64813 7054.86
256.15012 2886.43
264.65338 1362.61
271.18683 1217.66
272.17114 9950.69
273.17670 1077.27
291.18509 5601.15
291.68759 1207.97
300.19022 2047.76
304.63727 1729.89
305.18216 11705.1
305.68390 2859.62
313.20871 2637.38
314.18866 1051.62
320.17123 2799.7
328.11267 2233.93
340.17035 1171.35
349.20218 4785.09
349.70364 1711.64
355.70474 3933.44
360.69724 1237.71
364.71097 4515.09
365.21265 2027.75
369.70334 12052.9
370.20340 3816.59
370.70474 1207.66
378.70871 7839.06
379.20926 3390.56
383.71786 1626.04
385.25513 3120.97
399.18900 1557.11
404.69489 5509.98
405.19519 1888.68
412.24805 2933.25
418.69159 22178.1
419.19293 8306.65
419.69534 2382.33
421.25122 1397.64
426.24442 5122.39
426.74582 2102.33
435.25131 1863.91
441.26608 1336.07
443.23373 1139.14
452.24179 11886.3
452.74423 6916.01
453.24167 1879.9
457.23917 1468.71
461.23883 5398.85
461.73865 2210.71
466.23566 1212.68
472.28821 7581.98
473.29102 2112.53
475.23318 8725.36
475.73422 4607.03
476.23413 1216.23
480.77734 8953.75
481.27921 5825.09
481.78146 1409.35
485.77020 1753.88
486.26843 2085.51
486.76624 1528.06
487.26529 1151.81
489.78253 2780.95
490.28461 1125.5
494.77460 8557.71
495.27579 5905.03
495.77954 1986.07
499.76593 1302.37
501.23047 8089.4
501.72748 2997.68
502.22940 1283.15
503.77939 4714.17
504.28293 2175.25
507.29211 1279.46
508.78516 5193.05
509.28592 3391.25
510.28806 4574.75
514.28107 1728.9
514.78070 1321
520.28107 2244.32
520.76941 6940.37
521.27032 3863.28
521.76703 1402.18
529.28546 39038
529.78558 20144.2
530.28308 7456.94
530.77478 2189.89
534.75635 2960.83
535.25714 2574.13
538.29102 14958.5
538.79205 9215.77
539.29303 3030.86
543.26184 3518.75
543.76318 11552
544.26575 5632.22
544.76532 1298.25
556.26868 1202.14
557.77307 2487.67
565.31049 1330.62
565.64362 2367.97
565.97595 2221.3
569.26636 3547.28
569.76355 3220.05
570.27869 1661.14
570.31036 1738.98
571.31671 4807.37
571.65131 4781.72
571.98047 2973.63
573.30804 3384.11
573.64490 2740.8
573.81104 1248.75
573.97681 4334.16
574.30920 3368.04
574.64490 1124.32
575.32123 2720.49
575.65179 2157.63
575.98993 2066.62
577.31738 1783.11
577.65656 1509.41
577.98987 1104.24
578.27374 26006.5
578.77319 14922.9
579.25238 3094.39
579.32654 12461.3
579.64996 37824.8
579.98315 31262.6
580.31610 15631.6
580.65002 4525.16
581.31635 1151.63
581.66339 1384.39
584.99420 3685.1
585.32288 182018
585.47949 1315.78
585.51410 1678.98
585.65594 172137
585.83252 1111.19
585.98962 89508.6
586.09692 1089.85
586.32361 29511.8
586.65173 3367.51
587.28058 1358.46
590.99139 1363.28
591.32513 76799.6
591.65967 75030.2
591.99408 38083.5
592.32892 14414.7
597.33044 3253.13
597.66339 2988.11
597.97052 1491.05
598.29791 1497.64
598.63379 1392.09
600.34601 3854.08
601.29230 2198.79
601.80560 1978.52
602.31622 2069.67
603.97357 2349.44
604.30823 2156.88
606.30627 2890.19
606.63269 3889.1
606.96918 1128.37
610.33875 1115.71
611.97839 12052.5
612.30963 26662.2
612.64142 19037.2
612.97614 8622.94
613.30884 2433.81
617.30328 1303.98
617.65936 1425.28
617.98175 111534
618.31482 106299
618.64825 59277.7
618.98334 20955.1
619.31555 3168.25
623.98364 22554.9
624.31830 20196.7
624.65179 10151.6
624.98694 4000.95
642.34888 1193.26
644.63800 3524.42
644.96985 5034.38
645.30255 3147.78
645.63611 1372.45
649.41870 1504.18
650.35956 2281.04
650.64008 26542.6
650.97430 25481.8
651.30353 12747
651.64386 4072.7
659.34509 5437.76
660.34955 4534.48
661.34906 1208.43
676.35150 2020.07
676.84424 1590.87
679.39453 3930.38
680.38226 2895.84
685.35693 1709.79
685.85175 1828.85
690.82471 1960.38
691.32379 1547.09
696.29999 1392.84
696.80139 2357.74
697.39789 83703.5
698.40118 30256.2
699.40533 6399.59
707.33411 3927.91
712.37524 1139.57
721.37128 2610.19
722.37213 1373.88
725.33392 2380.64
725.83502 2423.27
727.90051 2427.69
728.40753 1910.13
732.89178 1269.63
733.38434 1179.77
736.90881 1169.16
738.40491 2307.29
739.39185 1451.29
741.90100 3855.06
742.40234 2988.62
742.89325 1538.4
746.33398 1292.62
746.84161 1389.98
748.41528 2053.68
750.90839 2073.47
751.40985 1161.83
758.42358 1708.74
766.41876 21787.7
767.42169 9498.14
768.43292 2473.89
774.32550 1106.93
777.40332 1579.71
781.88379 1861.97
782.38452 1489.96
784.42950 8363.22
785.43195 3774.33
790.42853 1175.31
790.89166 1691.8
791.39453 1554.96
794.41919 2315.85
795.41980 1329.82
799.43207 2481.62
799.93390 2183.7
803.84296 2508.47
804.34161 1703.73
804.93561 1292.39
808.93378 1779.55
813.43066 3934.38
813.92554 4370.59
814.43390 1767.78
834.45795 1928.33
836.37408 9320.16
837.37616 3543.62
846.38428 4144.67
847.39056 1191.02
847.95880 1796.27
848.46393 1591.93
848.94495 1251.96
851.48279 2728.47
852.47778 1939.74
852.83673 2889.21
856.96619 1444.63
862.41669 1788.64
862.91583 1755.59
864.39453 5406.96
865.39764 2147.39
873.44525 1667.75
874.44836 1804.11
903.47711 12395.4
904.47833 6481.48
905.47888 2075.46
913.47107 3214.93
914.46045 1526.1
921.47516 4845.66
922.47760 2235.67
931.46234 3271.35
932.44763 2118.03
949.45697 8823.08
950.45801 3929.13
988.45935 1509.65
989.47076 1929.43
1001.44879 2104.9
1002.45294 1609.21
1016.56299 6037.16
1017.55566 2935.55
1026.55151 1782.43
1027.56226 1475.47
1034.57166 1286.24
1085.51868 3460.33
1086.52368 6635.23
1087.52075 2187.94
1127.59680 1781.66
1145.60278 2946.81
1146.59595 2070.92
1155.55432 1675.57
