2277.03238 3
110.07091 1229.02
120.08056 9336.93
121.08373 796.415
129.06647 414.536
129.10210 9067.43
130.06499 879.809
130.08620 1497.18
130.10545 594.418
132.08073 466.889
133.04266 416.764
133.08589 713.305
136.07555 7208.32
137.07861 624.896
143.08165 483.762
143.11823 401.579
147.11269 3145.46
155.08099 341.188
157.09694 489.391
157.13292 530.373
159.07616 584.812
159.09149 4545.25
160.09508 358.464
169.13382 379.947
170.05969 523.408
171.07584 944.636
171.11301 326.404
171.14847 683.514
173.12805 816.256
175.11862 1657.99
177.10277 500.87
181.06055 647.941
183.11331 405.195
185.09183 555.695
185.12895 458.499
185.16489 634.303
187.10684 337.391
187.14378 491.769
197.12773 566.558
199.07133 929.803
199.10707 358.38
199.14404 783.144
200.10315 436.158
201.08751 541.057
201.12300 2744.46
205.09700 1347.78
210.02502 476.49
213.15880 428
215.13840 892.77
216.09807 329.735
217.08253 556.898
219.14972 592.936
226.08144 341.836
226.11862 915.542
227.08028 400.101
229.09296 487.526
229.11801 3338.3
230.14894 764.079
231.11098 546.172
233.09549 499.173
233.16454 1416
235.10681 956.837
235.14363 518.149
240.13390 1105.72
242.14973 335.784
242.18614 743.347
243.13083 374.741
244.09325 1096.87
244.12621 611.962
244.16394 465.98
249.12308 737.183
258.10648 535.251
258.14410 2570.82
260.10669 371.281
261.09024 490.877
261.15622 2526.72
263.10193 919.822
263.13861 765.218
265.11700 360.593
274.18695 351.476
276.15207 1808.59
277.11758 834.001
286.13800 433.673
293.11029 628.727
298.13904 1148.62
299.16962 546.286
300.11850 340.925
307.14249 1035.85
311.13531 351.452
314.15115 510.465
325.18497 670.941
328.18640 632.501
329.14627 728.88
330.18256 384.352
332.16077 1459.68
336.13644 657.645
342.10797 1017.47
350.16776 391.766
354.14127 362.483
357.14444 600.215
359.13452 1772.52
362.13919 468.619
364.14673 476.177
371.22650 425.114
372.15421 667.834
373.15039 690.919
374.23972 719.213
376.18524 471.611
380.70200 415.922
389.18521 369.258
390.17484 1012.04
391.15640 366.729
392.18448 353.874
402.17548 551.057
405.21436 570.404
406.21121 634.727
407.19565 2770.94
408.19623 664.298
416.19138 879.203
421.16684 433.286
425.67184 941.913
426.16058 384.932
428.21130 619.085
428.24417 434.832
429.19461 370.132
430.17172 659.025
444.18265 664.891
445.27652 1113.69
446.27737 401.856
456.21100 697.736
461.21368 898.887
463.18213 505.93
464.21597 393.14
470.16315 495.043
470.23746 374.14
475.20599 1132.87
475.70694 595.455
477.24988 422.817
483.17520 356.874
485.27032 379.545
487.18436 449.211
488.24432 592.385
490.23630 491.096
491.25180 386.162
492.20306 847.9
492.25601 393.924
501.19736 1114.28
508.24280 4887.3
509.24670 912.294
513.20642 494.782
519.20856 383.539
520.24036 610.169
524.73822 546.973
529.27856 682.497
530.23102 632.767
541.19458 374.085
541.76105 393.208
548.21130 376.236
557.26166 676.79
558.22632 1498.53
563.28015 449.007
574.32037 742.813
591.27826 1794.8
592.28900 418.457
607.23346 477.508
609.28986 5639.08
610.29962 1427.75
611.29401 464.884
619.29285 481.568
632.35168 377.068
642.25055 1256.96
644.29327 1733.47
645.29358 544.132
646.23566 538.518
647.32159 828.708
658.32288 444.04
659.26746 758.233
664.25574 1207.26
669.26086 1181.62
670.24738 1602.67
671.24707 607.218
677.36621 539.13
678.28137 405.88
687.27179 5579.71
687.40564 862.939
688.27368 1562.3
689.27069 462.917
690.34564 373.447
694.71722 383.155
720.33539 765.524
724.87622 428.88
727.38141 589.157
738.34723 1388.69
739.35266 384.604
741.30701 688.901
743.37238 1163.56
745.31061 1067.72
756.35773 11341.6
757.36627 4681.65
758.31573 950.939
758.42242 6700.19
759.31879 954.552
759.42712 3212.05
760.40295 3406.28
761.40869 1535.63
763.32251 1394.15
764.32513 443.086
766.33881 385.409
774.90076 842.768
775.40582 843.422
777.34326 508.118
780.33704 418.586
786.32495 494.201
802.43127 1391.69
803.43982 451.72
805.30170 1226.79
821.40210 438.106
822.33624 1547.51
823.34222 455.282
831.95251 475.836
832.32452 1764.26
833.33398 1802.6
833.44312 2053.75
834.30389 474.856
837.42126 409.863
850.33514 8709.4
851.33771 3309.41
852.33441 737.861
855.42700 2539.98
856.43488 1409.01
862.37390 577.923
873.48578 1293.57
874.48450 652.988
874.96100 904.615
875.46222 860.237
875.95654 589.759
894.43750 936.671
904.45386 2128.14
905.45215 1543.12
906.44440 679.732
912.44763 10216.8
913.45038 4215.06
914.45209 1204.22
921.40393 1055.87
922.41510 432.045
924.48682 517.191
930.53137 862.193
931.39130 1583.19
932.38080 1176.8
946.54053 2572.97
947.56171 503.625
948.49536 1089.56
948.98999 721.833
949.39911 6846.05
950.40442 3311.65
951.39838 744.089
972.44220 497.699
973.44592 390.739
976.50195 390.255
995.48846 888.162
997.99542 428.293
1006.00555 898.518
1006.50861 1058.81
1007.00360 877.653
1007.50848 563.86
1013.49506 3894.85
1014.50275 2031.13
1015.49786 719.45
1020.46118 387.493
1033.48438 1773.58
1034.49292 1086.09
1047.48230 1135.34
1048.47168 2601.97
1049.47217 1144.61
1059.63171 1017.65
1061.56335 457.594
1064.50220 1556.99
1065.50012 652.978
1070.53625 437.241
1079.54285 996.954
1080.04077 1884.7
1080.53687 956.293
1082.51550 942.886
1083.52710 481.184
1085.52844 463.655
1100.52698 6861.53
1101.53027 3077.97
1102.53076 1142.66
1135.57654 851.397
1136.58362 1221.35
1175.55127 684.427
1177.50708 575.211
1180.55908 1042.82
1181.55505 1099.64
1182.56982 387.022
1190.62646 676.103
1191.59399 1019.23
1192.60950 741.043
1193.54871 1113.73
1211.56189 1686.45
1212.55823 868.228
1229.56958 4522.53
1230.57397 2457.95
1231.57507 783.204
1288.65833 432.091
1292.62671 991.14
1293.61279 480.088
1310.62976 404.382
1319.65771 762.96
1320.67358 528.85
1328.63965 2093.5
1329.63672 1609.6
1330.65527 562.879
1548.82654 494.083
1549.80444 436.236
