2522.14719 5
110.07101 6301.77
119.04874 1888.27
120.08040 1368.59
129.10208 8233.78
130.06487 23803.6
130.08611 5926.73
131.06839 2565.55
132.08054 15951.2
133.08401 1299.61
136.07547 82447
137.07872 7628.44
139.05002 2400.42
141.10234 1180.08
147.11258 12056.8
153.06557 4707.09
157.06058 7885.5
159.09132 10277.3
170.06004 5074.91
181.06088 1500.89
183.14894 6461.77
187.08626 13262.8
193.09688 71523.8
194.10023 6251.64
199.17987 1899.82
200.13904 3882.87
201.12215 1975.47
207.11182 1597.4
211.14365 4690.71
214.64664 16646.5
215.14981 2247.97
218.14952 23639.1
219.15318 2086.77
221.09177 14683.4
225.09999 4576.04
227.17358 1363.19
235.10732 1565.33
244.16496 7392.17
249.15857 2508.67
252.11205 1310.85
253.09547 4383.44
267.10739 1223.12
270.12311 69101.8
271.12656 10241.1
272.17307 1523.71
278.12534 1509.74
280.10733 13675.3
281.11102 1509.2
282.18085 6618.73
288.13394 8556.84
292.12802 2703.39
296.13351 3476.61
296.17737 2430.25
298.11813 23002.3
299.12161 4248.88
300.19098 1488
316.12698 1546.19
324.14801 2447.7
327.14456 1352.18
331.23288 5246.22
355.14029 4046.58
404.48929 2047.22
410.15878 1482.69
410.27243 1224.93
410.49380 3145.33
410.82507 1719.23
411.16071 3744.14
416.17300 1983.43
428.28604 50851.8
428.50946 2737.14
428.84827 1987.08
429.28940 11426.7
430.28891 1692.04
431.89835 1729.93
432.23010 1477.56
445.24533 1183.66
453.18607 1444.36
456.29318 2027.42
456.87634 1955.55
457.97519 2374.85
458.22379 2609.33
466.20651 2789.94
466.53836 2264.21
468.18176 1566.12
468.72385 3729.03
469.22559 4816
469.72144 1657.16
471.90417 8201.82
472.23856 12254
472.57208 4610.44
474.59265 1442.8
476.02301 4103.38
476.22409 5701.4
476.41940 1645.58
476.62689 1254.79
479.73022 3773.83
479.98450 2142.15
480.23648 2511.3
482.86774 1390.74
483.19913 1243.94
485.77194 6661.87
486.27353 3587.85
490.20544 4156.96
492.53992 1983.84
492.98965 2892.53
493.24353 2603.85
497.24930 2416.13
497.49210 10360.5
497.74200 12735
497.99265 6150.58
498.24710 3004.79
498.70557 1498.44
501.54251 1247.36
501.87405 7359
502.20752 5827.3
502.54074 2369.1
504.24026 5022.28
504.55652 1875.92
504.74310 4555.69
504.89639 1214.65
505.23529 3736.74
505.32660 1923.57
505.55862 1510.38
505.77350 2186.33
505.92282 3616.88
506.24976 4175.11
507.59369 1703.79
509.21094 1343.45
511.23059 3619.36
511.56213 3029.68
518.19653 1622.54
520.56073 2342.45
520.89374 3626.06
521.22308 1495.31
526.26770 4915.54
526.60297 4299.4
530.23657 2910.52
530.56757 3969.23
530.90332 1204.6
534.00317 3409.53
534.25464 3152.03
538.01031 1558.51
538.25854 11365.6
538.50824 11117.3
538.75891 5696.69
539.01001 4540.75
539.24890 1432.04
539.56653 6126
539.90076 4197.86
540.22919 2480.75
548.00775 1732.7
548.51031 1670.96
548.89923 1226.04
552.26892 1615.81
552.51233 10142.7
552.76276 13391.7
553.01373 8108.59
553.26440 4222.96
557.89691 1552.94
558.22601 5314.13
558.55426 2577.64
558.88928 1681.92
560.31305 1853.27
560.81305 2118.18
563.22168 2538.79
563.74084 4649.96
564.23090 2157.6
564.61249 1261.83
564.94489 1554.93
571.34772 2833.49
573.34021 1310.37
577.24469 1619.18
577.74176 5616.51
578.24414 2916.38
578.80865 6325.6
579.31256 4104.42
579.81189 1374.62
584.59076 3348.6
584.92322 3450.32
586.92493 1565.47
590.27148 1296.72
591.34851 12587
591.57507 1532.36
591.91046 2574.46
592.35669 4345.63
593.92072 2060.54
594.25525 2561.46
594.58588 1417.05
594.77600 5286.26
594.90930 1438.51
595.02515 2453.63
595.28455 2930.64
595.52838 2200.24
595.91595 2315.96
596.24860 2211.5
596.58496 1418.9
600.58063 2100.54
600.90955 6890.7
601.24341 7319.91
601.57904 4080.43
601.91687 1541.77
604.29205 1307.66
604.62872 2345.52
604.96515 1481.05
605.30072 2003.03
606.74683 3741.68
607.24731 1977.34
608.79901 2171.92
609.96936 4276.05
610.29730 23266.4
610.62988 26058.9
610.96399 11831.6
611.29907 4867.4
619.76807 2578.69
628.27002 1524.48
628.77203 1470.57
629.27081 2668.21
629.60419 2076.59
631.24292 3473.51
633.32111 1731.75
633.64093 1840.25
633.97253 1870.21
638.60260 4788.12
638.90997 1583.86
638.99115 4302.3
639.30908 26540.6
639.64240 24556.4
639.97510 13227.7
640.30975 4183.26
641.82385 3068.1
642.26306 11888.1
642.76428 8624.74
643.25958 2182.25
645.31000 1320.96
647.34119 6145.31
647.83990 4924.23
648.34827 1520.29
648.84772 1404.75
650.60004 1297.68
650.97174 1262.39
651.31238 2279.94
651.64398 2623.28
651.98126 1498.85
655.80463 1912.42
656.66089 1942.15
656.98474 11504.9
657.31793 13774.8
657.65131 6683.32
657.98260 2988.34
662.65900 15520
662.98712 87256
663.32117 86435.4
663.65417 51667.5
663.98792 20947.8
664.32520 4971.13
673.78564 2477.31
674.28363 1964.25
683.63007 1819.18
684.80688 2273.92
685.30682 1359.76
687.29114 2405.87
687.78467 5546.69
688.28082 5095.27
688.78076 1776.57
689.80670 1335.07
694.27991 1708.42
698.31403 3045.07
698.80542 10286.6
699.30658 7551.21
699.80981 3840.09
701.30060 1644.05
701.83105 1602.99
703.35284 1290.99
704.43268 6547.06
705.43469 1820.05
711.86298 1274.72
716.38684 1831.47
717.33643 3318.86
717.67242 3091.03
717.99713 1378.64
723.37744 1772.69
723.79462 3215.01
724.29108 1771.35
724.78876 1426.62
731.39209 2235.78
732.38562 1948.11
734.40540 1525.94
736.33942 2510.4
736.68433 3805.79
737.01935 2766.58
738.30914 1371.33
738.80420 1724.85
743.29510 1725.23
743.79492 1417.7
744.81720 3170.03
745.31488 2096.85
751.81274 3634.9
752.30579 17772.5
752.80603 12628.4
753.30536 5594.86
753.81042 1841.95
760.38531 3976.63
760.89282 2402.85
766.33801 2506.29
766.84204 2453.42
771.32788 1491.53
771.82678 1922.13
779.83807 3378.82
780.33350 13209.6
780.83795 10681.4
781.33990 4717.71
781.83630 1755.38
783.42657 4028.9
784.43079 1759.19
788.89685 12412.3
789.39923 11219.6
789.89813 3956.53
794.84631 2324.12
808.35632 2593.35
808.84790 11762
809.34619 10493.6
809.84741 4793.22
810.34601 1526.31
822.84381 1496.91
828.86182 1705.19
831.34082 3710.26
833.47540 8131.52
834.47760 3407.71
835.84692 1349.44
836.34070 2857
836.83380 4741.56
837.32910 3105.41
839.39130 1777.7
845.92163 3536.21
846.41541 13695.3
846.91290 11641.6
847.41663 6941.79
847.92023 1758.42
861.87427 2186.72
862.37006 1403.03
873.36627 1303.15
876.39105 1450.56
876.88232 1971.93
885.40686 3252.3
885.90814 2526.8
886.42108 1935.72
889.89099 1365.82
890.37988 8403.07
890.87885 6348
891.37762 3486.92
900.36847 1432.61
900.86206 8400.84
901.35968 6833.88
901.86639 3585.73
902.36646 1901.9
910.36578 1274.79
914.93915 1622.64
920.91913 1815.86
921.41852 1651.66
957.40161 3252.11
957.90881 2476.69
970.53040 5628.44
971.53448 3183.3
1156.61047 1303.25
