2381.11960 3
112.08672 830.676
120.08060 1496.93
129.06540 393.312
129.10213 5973.12
132.10185 447.398
136.06183 695.355
141.10249 364.828
143.11775 1770.36
147.11261 753.22
157.10783 866.423
158.09184 387.028
171.11279 1976.45
175.11885 3299.26
185.12801 541.774
186.12355 493.222
195.11270 430.264
201.08658 416.463
215.13908 1253.61
217.08214 777.812
219.07841 479.259
226.11682 562.69
226.15489 585.604
227.06712 400.446
227.10175 451.14
240.13327 895.141
241.08131 568.208
242.14891 466.15
244.16554 1345.16
245.07648 1593.85
259.09186 507.501
263.10086 536.889
269.16089 1417.3
272.17325 742.033
276.16708 1055.97
284.19647 2191.72
297.15390 810.41
300.67715 1177.68
313.18823 459.096
325.18774 853.363
328.17078 738.112
330.06018 424.184
337.18457 688.203
344.20425 1163.86
355.17215 749.524
355.23422 659.736
356.10565 504.056
372.19855 15935.5
373.20187 2620.61
374.20346 435.458
387.19907 604.911
392.14890 398.794
393.71298 406.492
398.27362 405.922
404.22415 1582.66
405.22675 463.505
409.17035 395.815
424.22940 2254.29
424.73193 1126.5
425.25748 448.549
433.23547 2341.96
433.73575 740.76
437.25079 992.925
444.22385 486.117
459.23068 571.119
467.74524 5397.39
468.24667 2779.45
468.74768 750.045
469.25079 4392.22
470.25742 943.578
472.27832 472.007
482.26361 514.694
487.25461 589.475
487.74423 781.578
488.24524 434.156
496.25641 3233.88
496.75839 1604.85
503.29333 958.191
516.73822 651.894
517.23236 397.456
524.19702 709.103
529.79877 660.015
530.29150 1399.27
530.79272 721.99
538.80127 14923.1
539.30194 8195.26
539.80383 2885.17
540.30817 693.754
543.79236 1664.44
544.28967 2047.86
544.79022 467.006
547.80573 1252.71
548.30548 855.361
552.79865 6109.04
553.30017 3935.26
553.80219 1069.79
563.28912 472.891
566.30267 1079.3
569.78668 535.294
575.30347 679.201
578.78802 496.331
583.32202 1155.6
584.32098 499.395
587.29602 585.143
587.78967 9199.98
588.29102 5792.81
588.79156 1618.38
589.29419 447.481
600.34570 17727.3
601.35010 5579.02
601.78143 1183.1
602.35266 867.787
602.78546 433.708
603.82709 877.524
604.32550 454.317
612.33527 4971.22
612.83606 3690.83
613.33545 1274.18
617.32916 965.445
617.82495 593.762
618.33148 479.777
620.31720 902.558
621.34894 488.461
623.32587 3070.99
624.32965 1095.51
626.33557 2212.69
626.83368 2039.58
627.33539 687.247
635.34296 486.819
636.34503 1329.48
636.78107 455.486
651.28485 1416.78
652.27917 600.708
657.37781 684.938
660.84735 501.026
661.32654 2105.61
661.82623 1453.11
662.33911 408.345
666.32208 780.927
674.83643 1052.3
675.33221 1810.06
675.83167 778.698
680.34808 4961.19
681.35107 1484.27
683.84650 6133.61
684.34698 4254.97
684.84875 2266.24
687.34210 1026.09
687.83069 600.271
690.01935 618.51
690.35907 760.754
690.69666 444.696
692.85583 628.697
693.35120 818.92
696.34369 5662.79
696.84503 3900.01
697.37012 4165.92
698.37933 1554.83
701.39349 5216.84
702.39691 1916.94
703.40887 548.963
705.34509 2117.09
705.85077 1257.24
723.01459 456.293
725.85669 570.725
730.34796 457.821
732.83374 3682.02
733.31305 1490.56
733.41986 1716.92
733.83319 1306.01
734.30371 601.684
734.41864 939.161
734.87311 554.439
736.33020 710.741
736.83221 848.001
739.36639 1000.11
739.86481 738.482
744.38116 543.718
745.32892 4992.9
745.83228 4351.16
746.33038 1770.4
746.84003 436.74
747.05017 529.401
747.37842 909.07
747.71515 482.456
748.05072 442.248
748.36847 2375.21
748.86957 1391.24
749.36365 584.407
749.71527 932.837
750.04468 1643.72
750.37714 1782.68
750.71606 532.181
752.41058 496.005
754.32581 425.834
755.71790 4868.8
756.05035 6958.91
756.38379 5173.35
756.71722 2414.03
757.05042 1287.16
760.39087 610.886
761.40558 434.743
761.72003 26814
762.05341 31230.2
762.38788 21177.2
762.72083 10284.6
763.05463 2798.87
763.39362 584.69
765.32013 502.901
767.72113 2410.83
768.05780 2847.62
768.39117 2139.33
768.72052 763.672
770.42035 457.923
782.37238 616.472
782.71051 421.272
782.87506 780.57
783.03802 697.777
783.37756 1326.71
783.87103 474.078
786.41730 513.503
788.43085 10793.4
788.70764 3207.29
789.04089 1780.29
789.43329 4645.15
790.43280 1136.23
791.88184 933.358
792.38995 835.829
793.36176 615.312
793.94061 496.278
794.37964 13270
794.71362 16321.9
795.04590 10151.2
795.40771 6838.81
795.70734 1335.76
796.42871 803.278
797.35962 1071.11
797.85846 748.875
802.41412 468.661
802.70044 426.738
802.91895 477.142
803.37903 641.005
808.44354 3841.08
809.44781 1810.03
817.96680 422.578
818.30231 570.222
819.39746 764.013
824.39661 834.156
824.89807 562.367
830.39612 805.47
831.38733 1145.65
832.37976 793.122
833.39819 1139.05
833.90363 1016.38
834.39374 595.776
842.40356 1272.87
842.90808 970.099
843.40814 568.681
845.71167 500.852
861.42560 990.288
861.91693 896.633
862.42999 488.766
865.46832 1041.96
873.36255 429.913
873.88434 764.609
874.39410 621.05
877.92267 508.277
880.47522 780.383
881.47144 528.573
882.38629 493.208
883.72357 429.214
884.41870 460.113
899.45819 2392.54
900.46167 943.163
907.95422 939.678
908.46008 720.007
908.94720 458.665
909.92041 450.351
910.40656 857.776
910.90283 754.731
911.40393 681.285
917.46796 13008.9
918.47040 5679.9
919.47632 1811.84
934.48724 1264.42
935.49060 695.218
945.40924 1229.69
947.97321 524.224
948.41809 591.166
956.48114 2667.66
956.98004 2510.25
957.48254 1219.77
957.97437 684.295
965.49536 430.613
978.44336 518.625
991.50793 929.349
995.51672 582.474
996.47888 881.21
999.44214 678.669
1005.47498 1112.37
1005.97162 857.995
1006.47070 734.908
1014.48822 1234.9
1015.48718 910.135
1028.39331 456.281
1032.49414 14886.6
1033.49561 7584.64
1034.49915 2433.43
1046.39209 460.722
1063.45508 1015.97
1064.43921 510.314
1070.48315 656.801
1073.47632 486.749
1076.60803 759.03
1104.59363 942.981
1105.58057 542.978
1124.53259 614.004
1134.48621 1083.13
1135.49890 860.131
1141.52917 467.544
1161.58557 806.411
1162.57971 798.331
1179.56348 22651.2
1180.56433 14147.5
1181.56531 4513.48
1182.56543 985.82
1189.55701 1011.61
1190.55371 552.004
1202.57031 530.889
1205.51880 656.446
1206.52466 743.554
1207.51038 448.654
1232.45813 433.859
1233.45813 461.218
1292.65698 1510.72
1293.65186 840.764
1349.66907 3300.77
1350.67188 2219.44
1351.68494 881.15
1418.70776 1086.6
1419.68970 885.989
1475.71387 1140.68
1476.71582 1054.67
