2522.14579 3
110.07095 7540.58
120.08023 840.339
129.10197 9146.77
130.06468 4388.27
130.08592 4928.21
130.10498 753.395
132.08032 1342.84
136.06152 696.238
136.07539 10255.5
147.11246 9254.26
156.07645 782.935
157.06039 7523.06
159.09135 4929.12
175.11845 1189.17
181.06113 797.689
183.14880 4075.87
187.08684 882.218
193.09674 2300.65
199.10698 1342.24
200.13910 2598.99
201.12251 1138.3
210.02405 688.463
210.08682 869.408
211.14383 2501.41
215.10306 745.421
216.09798 759.389
218.14944 15871.8
219.15247 1079.15
221.08972 763.669
225.09744 1559.07
243.10950 747.421
244.10693 949.564
253.09319 1168.3
267.10797 1817.15
270.12314 4179.39
280.10760 1388.7
282.18039 3505.11
288.13348 9785.97
289.13626 1116.75
292.12759 687.035
298.11807 7022.77
299.12134 1009.36
300.19333 831.316
303.12866 1082.38
316.12866 2769.3
322.18845 1136.89
324.14514 2189.81
327.14325 1303.93
331.23328 1611.17
338.14453 1110.54
340.12460 1290.95
346.17429 847.93
355.13910 3797.7
356.15781 987.57
373.15018 4374.3
374.17068 1117.11
380.19211 1036.06
407.17117 749.052
410.27780 699.853
411.16101 1557.2
414.21063 997.607
421.17725 763.088
428.28577 21641.6
429.28909 4807.7
453.18469 1277.09
460.21826 859.866
485.76978 3644.84
486.27118 1982.31
486.77478 840.172
488.22241 1056.48
490.20718 3477.83
491.20963 984.69
498.20886 817.102
508.21613 1350.33
515.25726 767.29
516.21283 789.978
518.20142 3302.63
519.20123 748.699
536.20648 1532.41
543.25604 2208.71
551.28986 1557.2
559.28174 956.298
570.29596 1020.62
570.78918 859.464
573.33521 722.27
578.80945 1775.44
579.25159 790.241
579.31952 1040.4
589.24146 1136.09
590.24689 745.334
591.34808 5162.06
592.35425 1714.99
600.91260 1370.65
601.24469 1541.28
601.57971 1224.1
607.25275 1847.98
619.24829 793.062
619.76636 727.33
624.28143 766.862
631.24670 2498.92
632.24908 1072.2
638.60553 1250.55
638.93390 1036.14
642.25854 977.044
647.34076 2446.01
647.84198 1493.35
648.34479 1080.84
655.34326 4765.54
655.84509 2522.93
660.77258 1794.53
662.98511 953.119
663.31592 750.463
674.28424 834.918
674.77039 1806.93
675.26605 754.191
676.26813 780.335
683.62732 892.748
683.77167 1365.75
683.96252 858.206
684.27972 1194.56
687.29932 952.085
688.27161 927.804
694.28088 1160.33
698.80499 1078.05
699.30127 1270.19
701.29858 1256.13
701.79980 1101.45
704.43158 3293.95
705.43542 1303.04
717.33386 1190.14
729.33057 1789.08
730.34320 1144.62
736.35132 2754.19
736.68304 1837.43
737.01630 1224.44
744.32452 957.578
744.81604 1111.25
745.32050 1934.3
751.40375 2256.07
752.30713 2408.9
752.80273 1207.7
756.02081 1136.05
760.38867 1338.66
767.80408 750.262
771.34528 795.985
775.09229 4891.06
775.42908 4952.16
775.76196 4199.61
776.10175 1179.32
777.36133 2807.48
780.32831 1509.82
780.83075 1073.6
781.36902 1013.9
781.40967 1053.69
783.36212 851.85
785.32758 1157.58
788.89764 6883.98
789.40015 6552.85
789.89905 2844.65
790.40247 871.872
792.91711 1622.78
793.42065 1596.56
795.34729 968.649
798.71204 821.309
803.34430 947.398
807.75159 2203.01
808.09137 2402.35
808.42694 1161.55
808.84979 2119.78
809.34576 2351
809.83966 1016.44
813.33038 2510.72
814.33734 1255.32
822.33655 1424.32
822.84204 938.621
829.37067 1394.24
831.34454 4298.5
832.33960 1979.47
833.47449 5285.39
834.48077 2452.24
835.38312 3245.41
835.72119 3632.62
836.05139 3664.14
836.33563 1540.41
836.82599 1645.17
838.40851 964.575
840.41644 1028.32
841.39771 2633.76
841.72516 2330.24
841.90363 881.164
842.05194 1287.12
842.40607 2027.59
842.54285 889.573
845.35071 1610.48
845.83826 1934.56
846.42200 3547.21
846.91144 4388.85
847.40936 2367.12
847.91113 782.885
849.33868 755.696
850.47876 1138.75
862.36536 969.766
867.38666 796.6
873.36230 1744.74
874.36542 938.207
876.37476 1377.58
876.87878 1015.7
881.37769 864.417
886.86243 949.285
887.35199 825.099
890.37408 3638.71
890.87866 3125.63
891.37408 1847.38
891.88586 969.605
896.35541 813.931
900.36151 1077.96
900.86096 5919.02
901.36047 5570.78
901.86151 3553.53
902.37158 958.821
905.93488 877.612
906.43475 877.999
909.86682 4382.84
910.36475 3814.96
910.87274 1878.81
914.94000 2830.06
915.44861 2614.59
915.94324 1426.7
928.35767 4226
929.34839 1980.25
938.90082 1625.02
943.40009 1408.62
943.90619 870.526
946.36603 4438.82
947.37457 2795.23
947.89038 1217.06
948.39429 2269.63
948.90057 1115.99
949.43799 1045.76
952.39917 973.807
952.90216 930.5
953.39728 779.871
956.89624 821.299
957.40070 6003.99
957.90167 5733.77
958.45215 3627.05
958.96002 3037.6
959.46429 1920.19
964.51471 1734.85
966.40479 4646.22
966.90967 4084.47
967.40485 2140.72
970.53497 7640.6
971.53699 4309.23
972.54645 1499.95
983.39978 867.911
983.91797 915.421
986.44879 2072.36
987.44373 1005.99
988.37756 1038.85
993.49445 864.531
993.97595 3123.2
994.48199 2890.19
994.97357 1978.1
995.45581 1113.98
995.96301 1168.07
996.45355 869.701
1024.93054 2253.11
1025.43445 1918.43
1025.93225 1176.72
1029.93640 1033.71
1030.42810 1126.55
1030.95508 1519.43
1033.94324 1214.58
1034.44116 1976.65
1038.42566 917.578
1038.92932 3931.24
1039.43286 5420.17
1039.93494 2620.78
1040.44092 1410.66
1047.42676 916.38
1047.93909 5454.08
1048.43640 4729.89
1048.93823 2982.1
1049.43115 1596.85
1051.42212 1446.05
1075.50989 1406.1
1076.00732 788.973
1076.50989 859.745
1087.46338 832.101
1088.46680 915.285
1094.99609 901.648
1095.51245 1377.09
1096.00195 932.75
1096.45740 1145.97
1101.47095 1089.6
1104.01941 4840.69
1104.51855 5660.65
1105.01880 2901.06
1105.51306 1584.26
1111.58325 1865.95
1112.58423 820.904
1121.51331 1118.44
1122.52979 773.706
1149.50903 4144.08
1150.50916 2990.88
1151.51733 941.57
1152.99438 1025.91
1153.50757 797.335
1156.61462 3129.92
1157.61633 2361.68
1211.48047 2538.67
1212.46387 1929.44
1213.44971 805.786
1229.49072 2047.87
1230.48340 1489.78
1236.53638 762.451
1237.49890 1175.59
1238.50928 1058.56
1264.53589 2191.13
1265.53259 1644.65
1293.68958 945.098
1294.67163 959.585
1309.68225 8098.63
1310.68164 4885.34
1348.52734 1124.39
1349.53088 1419.55
1359.62903 764.275
1366.55066 1635.57
1367.53491 897.194
1396.60986 794.931
1401.59229 837.608
1488.61047 847.277
1520.80127 766.559
1534.61035 893.424
1559.66370 812.762
1576.79785 1912.48
1577.79199 1503.71
1578.78943 857.065
1691.84277 1220.8
1692.83093 896.925
1779.79199 942.39
1780.75610 865.833
