3056.64017 3
110.07014 218.732
136.07521 654.991
147.11258 458.756
157.09627 195.427
167.08119 236.546
185.09175 380.64
185.16452 363.06
187.07051 333.711
211.14326 367.095
213.15884 192.058
228.13402 310.822
235.14307 224.144
238.11798 308.232
249.15756 291.481
256.12839 338.517
258.14429 295.226
260.19629 512.752
263.13852 404.933
270.17984 244.479
277.15399 381.894
286.13898 1871.44
287.14108 224.597
301.13135 211.698
324.22797 339.142
327.20410 196.918
341.21735 580.526
369.21768 306.976
371.19284 267.979
376.22141 449.682
378.16354 264.719
414.21729 222.305
421.20660 506.736
449.20193 856.36
450.20233 274.312
463.21820 279.257
470.33200 2225.3
471.33493 584.7
491.24667 226.483
495.21780 217.632
513.27991 197.968
517.26636 228.886
534.29242 443.463
554.29022 200.847
562.28607 1111.42
563.28668 303.661
585.84387 538.363
586.35156 475.099
617.39856 727.315
642.32458 195.439
661.35461 459.908
701.36206 547.446
723.32104 468.107
724.32007 251.432
731.44360 711.445
732.44342 288.73
740.40790 414.199
771.36584 217.358
772.36700 240.692
789.42114 249.337
790.41577 208.62
802.47913 1371.92
803.48492 552.351
816.39575 209.922
870.44769 238.674
886.38745 469.242
888.48767 365.26
915.56207 735.134
916.57147 363.927
947.50012 209.313
986.60986 540.444
987.60168 360.753
998.50281 275.837
999.47565 479.907
1000.47620 306.279
1018.35693 261.71
1018.66040 650.694
1019.11597 222.121
1019.47925 616.769
1019.68060 406.585
1020.50134 513.657
1021.61688 258.795
1073.63306 485.945
1074.62927 289.171
1097.55151 298.713
1098.54370 620.132
1099.55676 206.833
1170.68469 2600.77
1171.68506 1953.86
1172.68738 511.184
1190.12219 203.627
1209.57300 361.645
1210.63135 283.538
1226.60120 506.104
1227.60486 393.894
1248.67932 291.321
1285.71619 587.089
1286.70996 327.175
1325.66479 601.47
1326.65405 529.341
1398.80200 241.806
1401.78210 255.253
1438.76147 354.66
1439.74976 284.006
1529.79724 278.451
1657.88757 324.693
1658.85815 281.286
1659.84021 403.171
1886.95190 488.97
1887.94202 679.244
1888.97290 234.816
