1996.01364 3
120.08060 4233.32
121.08405 547.161
124.08048 354.508
125.10715 357.228
129.10211 893.177
130.08600 204.387
133.08580 958.228
136.07559 16184.5
137.07886 1282.07
142.12247 4274.71
143.11899 539.811
146.09335 231.658
147.11293 412.812
152.10672 967.076
157.13330 514.689
158.09206 264.438
159.09137 696.362
169.13354 718.363
171.11328 243.421
171.14905 318.753
173.12842 285.911
175.08734 183.53
175.11884 4332.29
176.12337 295.68
177.11174 445.217
185.12880 350.488
185.16469 1334.94
187.10730 1226.2
187.14388 10048.1
188.14769 831.581
193.09747 187.891
197.12837 2404.28
198.13268 251.87
199.18048 353.964
201.12350 360.388
213.16002 1045.52
215.10222 1656.36
215.13875 5848.69
216.14252 659.192
219.11119 270.481
219.14905 218.698
227.17632 241.555
229.11830 242.36
233.16472 1360.12
235.10744 2309.54
235.14388 6456.35
236.11201 266.263
236.14696 909.581
237.12317 5309.83
238.12688 648.324
242.14980 189.529
244.16740 213.824
247.10757 639.417
251.10349 271.932
252.14636 217.667
260.10635 382.074
261.15948 2368.79
263.10220 6334.07
263.13864 2875.02
264.10574 654.834
264.14270 343.36
265.11816 3691.9
266.12170 572.094
270.18164 197.871
277.15744 207.83
279.09723 1192.17
280.09818 210.794
288.20245 214.892
295.15005 468.13
303.20508 201.151
306.16232 227.922
312.17734 1906.85
313.18198 247.518
315.16867 360.264
315.20786 222.031
317.14838 198.553
318.17889 210.468
328.18582 359.988
331.16583 224.588
331.19904 237.21
332.16290 403.374
333.17871 220.089
334.17770 351.968
334.67725 539.487
346.14432 236.241
346.17023 247.327
348.19244 419.349
357.17734 218.686
358.18304 315.662
360.19217 3068.8
361.19611 722.968
362.17029 4381.24
363.17407 994.644
364.18451 665.903
367.16364 225.361
376.18640 7220.87
377.18970 1518.13
378.16577 7270.34
379.16885 1357.04
381.14987 192.831
384.21118 636.735
384.71136 304.216
405.20117 220.025
406.18240 264.076
419.19162 603.9
422.22604 364.286
423.21017 863.537
424.22101 451.948
426.16815 286.878
429.25162 371.826
430.23239 224.475
440.23618 8432.68
441.23859 1942.46
441.72510 434.99
442.24265 287.266
446.22513 237.173
447.26105 1217.07
448.26071 312.74
449.27780 361.955
457.24451 339.459
459.22089 442.435
461.19919 595.634
475.25424 4526.84
476.25763 1156.97
477.22467 476.909
477.27841 224.789
479.21353 1284.24
480.21216 595.955
481.21164 213.229
488.28125 370.779
489.19751 335.814
491.24936 817.579
494.22897 260.089
495.23074 265.51
497.23837 2130.98
498.24420 537.286
509.19916 454.631
523.25427 1796.32
523.75739 975.822
524.25696 280.293
525.23181 1823.24
526.23352 470.094
527.20483 210.072
538.23621 778.214
539.24792 1174.6
540.25336 267.248
555.26251 6084.11
556.26563 1461.77
557.26434 334.374
558.29364 281.187
565.30139 239.128
572.79083 1321.62
573.28601 708.199
574.33160 683.759
579.27594 212.25
580.27649 293.495
590.32544 336.806
592.30029 473.931
593.29944 917.436
594.29700 376.936
598.28925 399.297
600.33276 248.904
603.31171 287.496
608.26721 898.443
609.26819 341.227
610.32404 1167.08
611.32660 414.447
620.30359 263.415
622.28510 827.976
623.28748 251.81
626.27832 834.028
627.28156 249.928
629.33325 571.811
629.83588 456.887
630.34717 295.806
638.31726 2335.7
639.32220 936.035
640.29755 251.912
650.34357 212.601
651.31976 492.684
660.36188 405.85
665.31860 227.974
665.39093 325.571
666.30176 875.057
667.31006 656.774
668.34619 8328.51
669.35010 2760.75
670.35370 609.262
678.32898 360.844
693.36060 299.357
694.34912 238.23
698.33734 326.133
699.33582 355.788
702.37866 1206.8
702.86810 370.56
703.37152 793.957
711.37421 378.329
721.35553 1578.13
722.35968 737.145
723.35095 205.782
737.38898 617.654
738.39484 210.186
739.36554 1510.93
740.36646 747.232
750.39258 418.525
751.38013 253.562
753.34259 354.514
760.38025 740.781
760.88507 466.14
767.41461 9611.43
768.41644 3778.82
769.41846 1011.35
770.43500 208.215
789.40906 245.272
801.44739 2386.22
802.45306 449.626
809.91644 391.46
810.41473 538.019
811.41443 568.87
812.42065 710.717
813.42242 517.476
834.43854 620.265
835.44385 238.319
838.43018 352.364
850.43176 217.951
852.43237 393.697
853.43811 245.895
864.42773 338.074
865.41736 935.257
866.41718 401.453
871.39069 356.695
872.50201 231.071
882.44196 11943
883.44397 5378.76
884.44482 1457.32
885.45032 220.85
891.42529 253.428
892.43103 353.162
914.52490 363.585
933.49664 240.28
959.50739 929.121
960.50867 522.451
971.55444 1324.99
972.56329 325.897
985.46606 261.982
997.50555 208.038
998.49774 543.436
999.49725 488.392
1027.48840 685.826
1028.48022 1416.01
1029.47583 693.295
1030.47473 244.844
1045.50342 27181.2
1045.85315 211.518
1046.05554 287.664
1046.50671 15478.1
1047.50818 4573.3
1048.51099 957.945
1049.52942 255.233
1072.59338 668.782
1073.59180 519.941
1084.53259 233.456
1118.62610 732.607
1126.57312 358.106
1127.55237 924.226
1128.55774 568.693
1144.57141 15281.1
1145.57458 10024.8
1146.57971 3834.58
1147.58667 962.26
1154.56201 243.086
1240.64001 373.286
1257.65637 5441.32
1258.65967 3947.75
1259.66077 1421.36
1260.65137 436.884
1404.72534 1612.86
1405.72815 1277.51
1406.72900 502.122
1502.74597 252.895
1519.75232 2929.45
1520.75818 2338.33
1521.76038 1116.55
1522.75452 390.642
1618.83423 569.398
1619.83032 474.662
1620.80676 242.125
