1930.98760 2
110.07101 2471.52
112.08662 197.255
115.08606 178.343
116.07005 223.068
120.08053 1270.57
129.06613 178.439
129.10204 3068.99
130.06453 441.182
130.08614 707.313
136.06161 193.476
136.07547 1384.19
139.08604 236.129
141.06642 186.31
141.10202 1306.92
143.11703 230.337
147.11253 1414.67
155.08174 410.431
155.11739 330.655
157.09807 302.66
157.13326 2096.56
158.09190 316.38
159.09135 1756.66
159.11256 205.087
167.08142 393.452
169.09676 685.897
169.13380 354.554
171.11267 313.088
173.09242 204.526
173.12819 2646.19
174.13129 179.82
175.11864 2278.54
181.09740 289.47
183.07681 247.067
183.11275 562.89
183.14922 286.234
185.09131 497.063
185.12816 2554.85
186.13322 227.614
187.07082 359.359
187.10765 409.587
187.14392 527.307
195.07848 185.962
195.11270 394.289
197.12793 395.952
199.07251 276.833
199.10718 499.377
199.18015 9820.53
200.10210 303.926
200.13817 274.962
200.18358 1160.1
201.08684 262.333
201.12296 2735.34
202.12703 208.936
203.06523 280.444
209.09172 285.372
211.14398 230.819
212.10310 302.608
213.08641 254.769
213.12350 244.801
215.13857 474.46
216.09795 186.11
216.13350 455.627
217.08250 234.717
217.13406 223.839
222.12318 317.393
223.10724 290.701
225.09814 458.078
226.08202 198.614
226.11815 756.38
226.15445 698.626
227.06696 270.634
227.10379 361.233
227.13110 194.519
227.17508 11704.8
228.13487 296.918
228.17880 1357.69
229.11711 776.535
230.11293 231.132
231.09723 219.246
234.14439 1862.42
235.10425 198.188
238.15472 315.161
240.09691 203.668
240.13356 394.21
241.08092 320.464
241.19096 189.25
242.14938 321.206
243.13232 390.504
244.09178 685.137
244.12708 220.856
244.16420 187.589
245.07738 267.205
245.12956 196.213
250.11711 246.432
252.13412 417.141
253.09341 783.699
253.19099 530.95
254.14908 1625.5
254.18413 262.562
255.15431 196.354
256.12811 620.743
257.14038 402.115
258.10507 202.202
258.12711 303.646
260.19659 306.606
261.16074 201.054
264.13480 258.37
266.14270 201.389
267.24246 202.195
269.12372 232.114
269.18640 271.684
270.14426 2690.35
271.14966 190.812
272.15961 1454.49
277.11700 238.855
278.11221 298.018
282.18008 195.516
284.12341 630.901
285.13400 1045.81
286.13797 311.071
295.23755 189.99
296.19583 1502.11
297.15497 306.089
297.20023 272.613
298.13699 447.642
298.21201 6127.16
299.21503 1028.54
302.13516 228.825
314.20645 491.658
315.12830 405.016
316.15015 1083.95
321.15543 277.047
323.20737 314.971
327.16367 269.143
338.16034 700.88
339.16638 546.151
339.23804 379.788
340.22104 233.463
341.21741 1500.28
351.20053 242.937
353.18735 209.953
354.14056 234.358
356.16885 661.63
357.17596 321.887
357.24933 245.821
358.16196 304.421
364.12335 514.255
365.21622 203.765
366.27332 225.635
367.23312 1960.3
368.12161 279.01
368.23422 314.195
369.20975 735.49
371.22440 285.212
375.19836 1097.57
380.19104 427.04
382.13382 1051.55
383.13351 246.705
383.22928 219.218
383.30023 419.148
385.17114 552.936
385.24304 708.977
400.15952 874.958
402.24435 208.884
403.18237 414.116
409.27927 691.642
411.29446 234.347
420.22348 1234.29
421.22684 239.365
428.21149 241.787
431.17758 248.823
434.24152 222.337
445.24124 1002.39
452.24936 310.291
453.20804 220.064
465.27991 318.413
466.23306 229.239
470.26358 229.478
471.19821 907.26
472.19989 252.602
480.31546 312.203
481.20474 214.397
484.21378 413.284
491.25986 1573.08
492.26819 381.049
493.27667 514.777
498.26132 305.9
498.32736 223.169
501.20691 305.143
504.24020 717.718
511.19644 340.052
514.25848 269.263
529.20361 696.941
530.20386 211.25
540.23975 559.148
541.24298 215.444
542.24738 343.323
546.20178 301.662
550.22357 289.373
568.23413 864.537
582.22858 367.144
600.23553 864.184
601.23590 337.725
602.35638 298.324
611.28589 237.024
613.28870 237.345
629.28345 418.844
638.32794 1491.95
639.33307 530.016
655.26392 1110.69
656.27179 512.642
656.37085 232.507
657.27002 293.365
659.28217 235.429
683.26007 1593.84
684.26239 544.669
687.30737 459.852
688.30615 279.543
690.32080 478.053
699.30103 301.509
700.30737 228.654
715.30396 843.314
716.30231 333.557
728.30762 281.983
746.31696 294.071
747.44604 271.96
758.32507 258.439
761.34845 340.109
768.34467 623.884
769.34125 247.558
775.38617 1838.55
776.38904 871.475
784.30884 225.672
786.33704 980.882
787.33899 592.717
796.34833 571.815
797.33459 242.79
802.33215 788.84
812.31641 341.618
830.32764 1300.75
831.33014 577.566
841.37872 419.835
855.38007 861.126
856.38470 446.91
858.40851 4689.64
859.41211 1787.11
860.41998 221.286
865.36359 308.706
873.36084 377.756
878.50500 454.925
879.50989 213.813
883.37299 1626.54
884.37726 683.046
885.37830 405.262
890.41034 590.253
891.41174 270.618
901.36615 1212.59
902.36957 676.004
915.40601 283.939
943.41187 461.956
944.41626 303.739
965.55603 232.467
966.47229 323.707
967.46625 291.761
968.46869 354.024
969.48773 226.694
971.48956 347.392
977.58252 214.079
996.44891 446.169
997.47015 249.798
1001.44122 271.833
1002.44781 529.658
1003.45038 325.902
1012.43665 305.859
1013.43475 245.157
1014.44849 548.964
1015.44592 298.068
1019.46033 781.235
1020.46295 373.364
1028.51538 1055.18
1029.52222 411.258
1030.43994 994.589
1031.44653 524.578
1060.44775 207.3
1067.50037 424.261
1068.50330 355.622
1083.46521 242.552
1085.53577 3343.25
1086.53748 1530.21
1087.58752 235.328
1101.48279 798.124
1102.47913 656.226
1118.52515 258.128
1119.52368 210.93
1175.67273 1600.98
1176.67810 981.302
1187.54688 300.421
1196.55750 238.176
1198.62598 614.383
1199.62378 282.955
1205.56226 614.865
1206.54932 420.849
1214.55798 365.179
1215.56641 342.168
1267.63696 875.535
1268.63049 396.753
1285.59045 238.112
1287.56763 283.772
1320.58484 751.957
1321.58398 392.98
1324.65820 760.357
1325.66760 513.182
1350.67664 1838.45
1351.68176 757.786
1352.69824 276.584
1368.68152 593.021
1369.70410 266.481
1400.82471 289.338
1520.69177 301.13
1521.71082 232.476
