2000.85221 3
105.06567 1526.47
110.07109 2597.06
112.08650 461.448
115.08713 355.429
116.07057 414.306
120.08057 1926.2
125.07080 504.543
126.05452 289.471
129.10207 2833.7
130.08603 1094.36
131.06979 381.875
133.08578 5156.45
134.08936 954.111
136.07549 2758.68
137.07864 295.18
143.08145 423.006
143.11755 294.323
147.11266 1856.83
153.06549 2075.63
155.08133 309.508
157.06117 342.946
157.13339 523.559
158.09201 670.082
159.09108 454.413
166.06113 479.241
169.13339 605.701
171.07634 1580.56
171.11293 378.827
173.12859 401.543
175.09700 335.909
175.11873 9259.45
176.12317 480.266
177.11192 1688.34
178.11514 576.127
181.06052 1233.05
181.09740 403.644
183.11192 424.842
183.14890 3563.52
184.15266 418.218
185.12895 301.846
185.16470 705.446
187.14381 1062.45
189.08667 475.585
191.11705 610.264
197.12808 527.807
198.08780 367.654
199.07112 917.329
200.13966 579.363
201.12323 467.797
203.06561 418.131
203.12061 486.25
209.10332 363.923
210.02406 472.738
211.14395 3527.76
212.15021 316.021
213.08733 476.325
215.13847 516.839
216.09761 5210.09
217.08199 420.94
219.11140 319.891
225.09831 826.528
226.11754 510.177
228.13286 778.058
229.11729 589.248
231.06119 323.399
237.13458 884.605
238.15361 475.527
240.09753 368.058
240.13361 389.74
249.16005 309.731
251.14948 425.741
258.10767 355.05
260.19653 505.803
268.09216 620.191
273.11884 830.104
274.18707 1543.81
280.16434 462.23
284.15796 691.049
286.10315 503.728
288.20193 316.971
290.14496 1414.74
294.12051 354.834
303.12900 400.777
307.18643 13427.6
307.68808 4467.95
308.16525 375.513
308.19244 599.034
312.13007 443.428
322.18671 339.69
324.22849 838.292
363.72852 792.285
369.69778 423.509
386.20212 1108.62
403.22903 6014.26
404.23209 882.342
418.22531 648.415
418.69092 712.08
419.25101 323.595
439.25546 1042.21
467.21207 972.056
467.71530 359.81
477.65793 381.024
486.18005 756.243
486.65961 1077.94
487.16177 352.267
495.18179 1082.21
495.68005 400.651
499.23398 513.75
508.73245 313.902
509.20908 647.581
512.66699 340.848
516.31342 7246.09
517.31476 1703.55
517.64679 358.311
526.65369 517.018
527.21765 1582.43
528.21631 412.196
529.69293 479.075
535.16614 1012.73
535.66327 773.55
536.15686 377.85
544.16949 3683.9
544.67096 1516.98
545.16638 449.599
553.33917 449.723
557.80353 635.503
558.31110 472.301
559.28632 551.884
570.17651 353.72
571.21027 598.586
571.70459 342.188
578.68195 1411.41
579.17712 640.375
580.22247 434.772
587.68933 616.528
588.18640 570.042
590.25629 331.597
595.35303 636.691
595.80078 439.275
596.24023 1609.29
596.34271 2120.24
597.34650 670.882
600.21533 357.581
611.20123 648.897
611.69513 647.908
612.16241 325.398
612.32861 335.559
613.16046 427.256
613.36591 58204.7
613.62103 409.966
613.72290 335.411
613.75897 331.359
614.36871 18354.8
615.21558 494.449
615.37158 3343.5
615.69269 358.653
616.36621 384.117
617.81287 670.235
618.30188 783.394
619.29858 528.854
620.19598 1046.74
620.69672 517.302
629.20117 988.727
629.69910 453.883
634.67877 1180.35
635.01880 876.093
636.39337 411.718
637.24249 354.747
641.33917 1086.85
642.33514 445.966
658.30353 415.441
659.24298 384.964
662.32611 843.494
662.74432 630.641
663.25769 436.88
666.36169 614.952
667.31573 842.632
667.44043 1050.46
667.67108 465.404
668.38287 951.807
668.86932 638.377
669.37445 698.998
687.22595 349.048
688.88312 412.133
689.33533 1447.45
690.34235 554.236
694.21808 600.073
697.40234 348.842
698.17450 459.577
700.43237 410.064
701.35657 483.529
706.38379 337.654
711.32074 607.045
726.44977 5584.81
727.45178 2033.02
728.45569 417.687
738.38568 1154.63
739.38690 382.856
750.33295 378.492
757.21851 1099.27
757.37561 446.451
757.86700 429.195
759.30255 1570.55
760.30164 719.775
761.36243 875.364
762.37421 338.602
765.38550 355.899
765.87964 649.569
774.26855 1554.15
775.26721 519.29
785.21002 585.704
800.37659 337.287
809.29230 1125.85
810.29291 413.542
821.93304 353.841
824.39777 385.07
827.49786 3019.29
828.50409 1204
835.45679 557.037
837.49597 753.372
843.29260 410.568
843.45612 371.528
844.38409 503.912
850.22742 357.24
854.23242 472.777
857.27710 608.074
870.39001 996.389
871.41095 491.105
872.24426 3114.73
873.24658 1380.6
874.33887 837.455
914.52948 1328
915.54169 595.868
918.48230 386.455
926.33081 419.317
935.44318 352.433
941.26593 849.826
942.27289 373.297
950.56390 453.282
954.30249 342.755
959.28082 424.972
971.32867 352.403
972.30969 2160.86
973.31268 1120.49
983.28662 394.922
989.35687 2346.58
990.35516 1370.16
1006.28644 376.543
1024.30298 1203.47
1025.29822 550.952
1029.55859 866.485
1042.30225 374.678
1058.37024 1185.07
1059.36719 395.656
1069.32092 627.681
1070.31934 392.899
1076.38513 723.685
1087.33325 5527.32
1088.33398 2646.83
1089.34082 833.037
1117.52625 392.021
1118.50330 398.048
1123.39526 454.426
1133.38770 371.726
1141.41492 2262.42
1142.41907 1543.58
1143.41614 726.13
1156.35083 1932.9
1157.36206 941.312
1158.35876 404.703
1159.42603 2390.63
1160.43042 1398.42
1161.44995 382.963
1174.36572 817.54
1175.36267 545.522
1177.43958 886.408
1178.43298 435.032
1213.37097 681.599
1221.37964 647.052
1222.38721 472.82
1239.39172 4870.01
1240.39661 2690.18
1241.40637 798.641
1257.40002 2575.05
1258.40576 1342.02
1259.40088 415.46
1272.51086 596.659
1273.51379 432.249
1275.40259 476.617
1290.52393 472.053
1370.47974 549.554
