2364.04018 4
129.06651 318.493
129.10217 10135.7
130.04973 354.174
130.08601 955.789
130.10535 532.718
131.08090 291.397
136.06174 1998.45
147.11267 2271.49
157.09688 870.973
167.08044 301.382
171.11168 306.03
175.11879 777.786
185.09164 1069.38
201.08653 720.761
222.12340 1534.3
223.10822 279.411
226.15462 984.703
227.10294 413.345
240.09804 433.731
240.13399 10673.2
241.08228 569.543
241.13673 1188.8
245.07605 578.509
250.11746 294.069
257.19586 316.696
258.14465 2938.85
259.09280 634.255
259.14883 309.096
264.06277 1105.6
268.12848 301.811
270.10788 878.699
272.17148 615.477
275.20731 3722.81
276.21115 523.235
279.14487 1026.92
286.13928 386.059
290.67590 976.206
297.15503 530.83
299.68146 8032.45
300.18256 2569.15
300.68365 562.775
303.21317 1038.79
307.10550 646.342
312.04907 330.601
313.18478 557.239
318.14886 553.966
323.17081 1551.35
324.15094 454.827
325.18674 344.308
325.67963 491.564
327.12946 467.966
334.14264 314.971
334.19223 3686.68
334.69366 1219.03
341.18170 3865.44
342.18677 547.297
355.19696 698.711
356.11087 478.141
359.19220 3722.06
360.19547 681.084
374.11835 353.246
380.15625 336.257
383.18011 616.641
389.70755 2829.64
390.20847 1260.01
397.18335 382.407
398.11279 718.671
398.71359 1878.53
399.21469 610.059
404.25055 329.419
428.03583 663.521
431.22653 287.992
434.23187 3655.72
434.73380 1525.49
435.23251 358.704
438.23599 563.365
438.69391 575.984
440.23181 503.147
452.25269 633.187
470.25897 403.961
477.98148 332.386
479.21487 439.914
483.22031 1033.65
483.29233 491.334
483.72229 732.757
484.22360 325.922
488.24527 329.528
489.75018 844.552
490.25363 455.196
493.23642 333.525
498.21445 424.71
498.48889 466.181
498.75098 1051.46
499.25311 344.638
499.75211 478.376
501.30206 4181.58
502.30618 968.965
507.25992 865.68
513.29443 329.065
521.21881 563.628
522.22174 360.486
524.95325 463.517
525.27069 2843.29
525.61835 1684.86
525.95215 613.631
526.26782 793.146
530.50842 353.493
530.75714 461.755
531.00970 388.772
531.29980 335.49
531.63379 332.377
535.01196 1128.06
535.26282 1069.44
535.51373 748.791
539.29285 363.065
541.80096 2524.47
541.99969 318.836
542.22675 1212.82
542.31091 687.862
542.72510 468.812
543.23151 825.14
543.29712 842.97
543.74963 718.795
547.73792 327.042
548.29419 304.824
549.26721 312.151
551.76141 562.567
551.94244 421.287
552.00647 368.835
552.27203 1155.55
552.60895 412.836
552.96423 307.275
553.26172 468.612
553.76624 1629.32
554.01434 2333.57
554.26270 1766.65
554.51416 724.77
554.77460 355.36
556.73657 419.754
557.60950 1155.28
557.94379 5181.76
558.27130 10690.4
558.51923 9525.72
558.61041 2099.04
558.76849 7153.76
558.89331 752.741
559.01233 3189.89
559.30115 1461.23
559.55078 462.884
559.63855 691.801
559.96545 6708.08
560.29877 2624.55
562.26599 2665.21
562.54388 316.655
562.77051 26439.5
563.02002 29016.6
563.27112 21083.3
563.52112 8025.9
563.77393 3963.95
564.01453 611.133
564.28247 541.008
566.24609 437.686
567.01672 345.002
567.27301 4193.74
567.52338 5471.56
567.68347 315.529
567.77332 3830.79
567.92773 697.778
568.02374 1644.12
568.26416 831.038
568.59406 403.343
569.27081 487.397
569.59924 363.105
571.27271 1083.91
571.74384 690.647
572.23633 486.041
573.92914 2742.32
574.26263 2506.39
574.59534 1263.19
575.27039 2070.45
575.60486 1559.85
575.93866 854.238
576.27417 442.581
579.92957 850.653
580.27209 647.626
580.60034 483.277
581.27295 432.195
581.78790 380.181
582.29675 358.188
582.75922 826.744
583.01099 1346.28
583.26349 959.953
583.59277 569.539
584.59369 303.579
584.92438 325.125
585.27972 469.876
585.61890 404.109
585.95483 310.516
587.26495 5146.36
587.51544 6924.41
587.76563 5082.75
588.01538 2427.07
588.26556 906.143
590.28369 1232.95
590.60077 3733.36
590.79059 3236.82
590.93567 3767.75
591.24316 1703.43
591.61633 1486.44
591.79755 3257.54
591.88336 656.275
592.00940 2818.46
592.28748 3662.34
592.37897 348.238
592.62524 2467.26
592.71771 452.612
592.80304 1427.09
592.95618 799.794
593.24994 361.762
598.35480 7116.28
599.35620 2270.37
600.36316 434.35
604.27905 1251.15
604.61768 1020.2
604.95581 321.344
607.26025 492.378
607.76544 360.872
607.93298 725.703
608.26593 997.172
608.77594 303.825
609.27454 320.443
610.29419 488.393
612.26245 426.297
612.79047 457.653
613.29193 362.443
617.78156 1136.14
618.28436 685.262
618.78363 415.805
620.78790 689.152
622.32904 327.026
626.78821 2500.66
627.28754 2113.6
627.79083 923.23
630.63074 2254.41
630.96271 2473.93
631.29871 1567.27
631.63794 369.724
633.27478 526.816
635.79315 1867.41
636.29565 1137.72
636.63275 6812.59
636.96753 5948.83
637.30182 3131.74
637.63422 1199.62
642.63892 365.847
649.96594 574.789
653.28662 319.877
655.64197 417.212
655.77045 550.933
655.97516 342.942
658.30829 820.769
658.62720 1135.71
658.96820 822.31
659.29761 659.838
662.31256 437.819
663.28937 945.966
663.62329 1073.98
663.95453 443.119
664.31134 2592.41
664.64655 2736.11
664.97974 1599.41
665.31104 978.128
667.37524 2824.1
668.38708 710.602
669.29327 2490.29
669.62714 2061.88
669.78247 415.06
669.96112 1331.5
670.31647 7785.18
670.64905 7182.05
670.98376 4281.01
671.31781 1931.51
671.65509 419.748
676.29932 375.247
677.30798 944.998
677.81372 578.473
682.30347 1581.42
682.80304 1227.14
683.29724 619.784
685.32330 1031.3
685.81122 550.61
686.31750 657.041
690.29919 437.271
691.30902 4189.57
691.80920 3066.16
692.31360 1079.2
696.96570 638.649
697.30573 904.443
697.63641 540.894
698.34442 908.274
698.67285 965.029
699.00696 551.648
700.31348 2239.04
700.81390 1577.54
701.31451 909.645
701.65009 332.851
702.97375 2565.85
703.30853 2594.89
703.64203 1838.6
703.97638 711.794
704.30579 447.709
706.29358 448.85
706.79645 311.459
707.31744 501.929
707.66187 594.38
708.82147 322.227
710.29297 354.946
711.98444 373.342
712.83148 420.672
713.34430 619.088
717.82355 1100.19
718.32306 550.871
718.82471 555.558
721.68018 392.994
722.01941 738.82
722.35162 623.619
726.82703 1880
727.32739 1613.88
727.83124 592.207
728.30981 1082.96
729.31317 410.996
730.99585 763.943
731.34741 504.28
731.80658 345.16
732.31635 388.786
735.83405 1233.58
736.33252 907.824
736.83893 339.299
739.38116 586.611
740.82330 1083.14
741.32672 723.382
741.83173 314.553
749.82935 1388.71
750.33044 1240.51
750.83087 572.572
751.02478 658.595
751.35498 479.053
754.67371 657.253
755.00903 440.01
755.34454 372.063
765.35272 1795.81
766.37091 442.403
778.40955 1536.18
779.43054 521.235
780.04163 1016.99
780.36963 1162.01
780.71674 349.793
782.34174 330.337
782.91748 603.081
783.34570 918.438
783.68829 456.895
784.02258 341.728
784.35645 633.595
788.37537 341.61
791.34814 479.852
791.85718 337.248
792.35205 332.468
796.41962 4123.44
797.42499 1603.04
798.43597 472.722
798.81677 386.645
812.36163 539.657
812.70099 756.352
813.02979 718.98
813.36914 722.547
813.71680 323.31
813.88116 522.785
817.34399 893.666
817.84979 524.363
825.85706 1115.95
826.36029 1091.04
826.85944 561.649
831.33203 316.837
831.88623 463.951
834.86475 1140.97
835.36615 1063.11
835.86725 385.043
840.32751 406.577
845.90790 436.144
846.40820 487.74
846.90924 568.031
853.90393 673.222
854.40692 357.193
857.35059 1473.62
858.34979 441.371
862.40314 2485.09
862.90460 1972.4
863.40991 747.956
863.91394 403.916
867.45789 2654.24
867.86749 540.128
868.46802 1125.72
874.38385 333.375
876.39160 709.73
881.89056 345.152
884.39575 552.555
894.39502 1194.18
895.39648 774.725
895.90387 529.326
896.40442 544.735
905.92365 1051.95
906.42078 835.099
910.90460 645.502
911.39783 1664.68
911.89685 1033.75
912.39465 1699.11
913.39716 486.247
914.39575 320.22
928.39001 763.273
929.39471 423.811
931.94397 319.444
932.42639 401.484
940.92377 365.634
944.89923 344.326
945.90204 455.583
954.92657 596.551
955.41656 525.999
965.43298 1615.19
966.43201 721.034
987.44312 450.865
987.92834 555.225
988.43317 313.771
995.42426 335.715
996.47772 375.746
1013.44019 766.597
1014.44489 392.913
1041.43481 1380.48
1042.43970 607.602
1112.46680 701.61
1113.47949 519.531
1123.53040 383.973
1124.48096 317.671
1126.44373 488.054
1142.49170 991.222
1143.48767 347.616
1213.52148 571.928
1214.51404 311.289
1310.54944 459.813
1411.62634 311.222
