2001.99424 3
110.07102 1628.32
112.08678 343.586
116.01672 302.137
120.08057 27393.7
121.08388 2243.47
129.10208 2922.26
130.06500 395.818
130.08603 661.199
133.04288 3417.64
136.06184 311.169
136.07550 3540.52
137.07881 381.823
147.11266 1416.89
157.06049 441.038
157.13376 377.548
159.07663 301.733
159.09137 948.055
165.10196 2298.19
166.08612 342.29
169.13342 396.901
171.11191 349.837
173.12839 793.001
175.11864 1533.18
182.12833 516.539
183.14903 380.12
185.12859 405.576
185.16412 455.634
186.08669 481.049
187.14389 887.106
189.08739 403.487
191.11740 616.255
197.12852 510.841
199.17996 859.333
207.11263 572.057
210.02576 485.601
213.08640 383.615
215.13873 776.328
217.09425 554.692
220.07402 356.712
226.15453 406.472
227.17511 995.988
231.09782 669.967
233.16463 1974.95
234.14574 339.398
234.16656 329.339
237.13646 312.544
241.08087 467.113
242.14903 350.225
244.16512 1967.16
246.18204 345.46
248.06886 560.23
249.15881 301.078
254.14583 402.185
260.19736 304.137
261.15921 1276.5
274.18723 1244.67
280.11072 497.974
282.16345 291.777
287.13550 422.108
289.18631 309.264
291.07880 318.292
303.14560 671.808
304.12985 519.087
308.10596 1016.24
314.68146 726.698
320.17206 555.798
328.67868 1932.77
329.17892 451.773
377.11218 482.494
388.21570 986.164
388.71747 474.226
389.21167 342.892
390.20520 942.943
393.20947 415.535
394.24146 386.96
400.26523 1413.2
401.22461 337.305
402.21310 3183.85
402.71387 1578.07
435.23312 657.009
438.23969 337.711
449.21301 420.041
458.75568 3155
459.25632 2089.74
459.76083 575.704
461.21609 636.827
461.71054 738.663
470.22040 3484.02
470.72287 1402.81
471.22650 340.684
481.28870 500.721
509.28229 4203.49
510.28647 1022.36
532.28766 754.499
532.78845 698.605
536.24664 1315.38
537.25128 361.892
543.75488 1870.64
544.25543 1194.39
544.75531 504.525
546.30713 392.59
560.34149 979.475
561.34613 518.756
563.32910 7672.73
564.33185 2181.43
565.32611 346.685
579.32593 320.445
600.29865 377.77
611.33087 680.474
628.35504 2907.78
629.36194 836.465
638.33966 708.398
638.84174 872.607
639.34021 648.733
651.30975 1237.06
656.35101 15284.3
657.35333 5670.58
658.35767 1382.18
667.29407 1857.29
668.00421 457.36
668.29095 743.099
668.33917 804.688
668.67255 679.251
669.31354 429.524
669.41406 353.421
673.42670 617.669
674.35773 530.135
674.43311 539.014
692.37152 4964.98
693.37732 1655.24
696.27338 1570.53
697.27832 566.704
701.35352 345.584
732.40588 381.008
739.36371 395.283
758.40454 393.023
760.40265 355.684
760.93268 654.534
761.39478 938.794
762.37488 1181.79
763.38953 477.732
765.39264 353.72
775.42389 7223.48
776.43085 3364.03
777.43164 1023.34
779.40381 16372.6
780.40649 7027.59
781.41156 1616.05
787.49731 412.387
803.41888 22315.7
804.42212 11207.9
805.42444 2740.47
806.42523 516.307
811.33936 1635.82
812.33313 537.954
820.49573 1062.97
821.49811 1898.99
822.49384 540.486
823.37317 434.996
831.36505 652.307
843.34454 1249.75
844.34326 396.349
844.49951 1074.65
865.92493 462.217
866.44299 613.708
871.50586 383.774
879.92041 937.931
880.41998 926.571
880.92535 453.229
888.50806 9873.45
889.51312 4287.75
890.51617 1450.15
891.50781 334.897
916.50214 16924
917.50415 8581.45
918.50867 2694.96
919.50732 549.585
921.42285 862.383
922.40625 2365.48
923.40845 1237.29
923.95392 559.463
933.58386 463.362
934.58014 1188.24
935.59198 342.849
937.44470 392.759
939.43378 20809.9
940.43622 9497.36
941.43555 3390.28
942.43799 652.251
958.40753 1548.74
959.39746 453.096
976.51489 352.146
977.50214 371.602
993.41925 422.086
994.39978 354.539
995.47797 444.773
1009.53772 725.108
1010.53455 589.186
1035.57849 3679.56
1036.57922 2282.11
1037.58398 794.104
1063.57043 4876.39
1064.57471 3143
1065.57861 1207.03
1068.48596 668.362
1069.48364 1211.1
1070.47974 746.455
1071.48413 411.536
1078.59998 663.429
1086.50256 14755.7
1087.50330 8485.71
1088.50537 3665.93
1089.50024 868.412
1107.51965 760.441
1108.51318 538.031
1109.54004 332.508
1118.66443 333.615
1119.66663 1169.69
1120.64368 327.377
1122.60010 435.71
1123.59900 708.528
1124.58667 452.016
1132.58240 348.379
1195.62122 404.871
1199.58655 2981.67
1200.58984 2078.05
1201.59277 823.43
1269.68689 330.957
1346.64343 651.129
1439.68726 391.905
