2496.92319 3
129.10194 8123.62
130.08638 386.31
130.10492 472.87
144.07640 396.613
147.11234 1564.99
159.07600 321.087
198.08723 590.529
198.12202 308.113
201.08633 401.734
216.09755 307.608
216.13373 1685.07
222.12325 1471.93
226.15454 3281.19
227.06508 427.798
227.15643 392.212
228.09854 490.91
239.14987 4580.27
240.13399 5727.57
241.08121 631.126
241.13658 556.313
244.16495 18404.9
245.07640 970.117
245.16830 2253.04
255.10802 930.573
256.09225 780.042
257.16022 1351.21
259.09207 476.171
291.14453 496.6
308.17163 408.655
309.15503 516.288
313.11438 941.06
313.14874 486.214
331.15894 773.764
356.10721 716.604
370.13489 1298.74
372.25964 2095.6
374.11874 685.32
385.13437 986.874
406.17133 526.482
407.13339 374.538
407.70184 1001.78
408.20056 367.259
423.20026 706.04
424.18146 2041.56
425.18509 350.801
442.15353 695.815
449.21457 343.66
459.29153 6957.03
460.20563 411.779
460.29492 1536.17
461.15259 402.261
467.22015 358.84
471.18170 455.207
474.22748 425.502
474.71655 385.744
477.20880 815.825
483.16306 776.688
483.65680 424.511
491.19626 346.895
494.23398 653.746
495.21814 2519.73
496.22055 524.455
499.17776 472.136
511.67151 330.173
514.17859 412.128
520.72980 392.903
521.17200 682.94
522.15753 1074.57
529.24451 934.97
529.73645 1603.6
530.23798 914.001
530.74231 332.612
535.21320 845.398
538.24542 782.47
538.74683 433.07
540.18640 442.944
541.71448 333.82
555.24432 482.806
555.74207 353.983
556.30780 378.824
564.25244 699.254
564.74536 395.665
565.19305 569.159
568.20074 937.888
571.24872 350.043
572.75732 3064.88
573.25708 1465.13
573.75922 481.559
574.31793 3859.45
575.32092 1163.87
576.17731 840.85
581.70117 338.986
582.19812 334.02
583.74811 418.722
585.22552 713.324
588.24121 542.512
589.24579 536.467
591.20026 437.785
592.20990 1027.28
592.26727 1070.49
592.75732 1914.23
593.19769 1335.39
601.26874 8354.92
601.76978 4538.64
602.27216 1717.58
602.77014 363.887
606.24951 1305.15
610.21509 621.767
613.74597 498.793
614.24756 404.244
623.27539 953.995
624.26147 2802.64
625.26581 886.145
628.21765 488.942
629.19781 477.025
634.27594 372.634
641.28607 584.321
642.78918 809.198
643.28564 1020.84
643.78369 447.443
644.72754 339.208
651.79327 3587.97
652.29498 1837.64
652.79901 555.213
653.72852 881.547
654.22858 364.73
662.23712 406.633
662.72870 807.632
663.22772 384.778
669.27197 393.68
671.30316 1123.99
671.79834 679.067
672.29578 519.845
680.30341 2161.53
680.80334 1232.1
681.30798 364.648
685.35046 949.674
686.21790 537.244
690.80420 490.849
691.30042 661.258
691.79565 395.568
699.80780 1605.01
700.31299 1631.2
700.79657 655.07
703.35968 4478.21
704.36322 1616.07
708.81671 4285.65
709.31854 2991.02
709.81873 1091.59
714.27631 337.039
717.75702 497.078
718.26227 583.795
718.76208 444.96
721.24921 1270.61
722.23969 1670.92
723.22900 442.2
725.32245 353.553
726.77911 674.205
727.28046 424.485
729.28638 414.906
735.29480 1444.67
735.63428 396.616
736.29388 464.149
740.29358 360.259
741.64313 368.112
743.24738 1037.19
743.97443 337.993
744.32452 433.507
744.64154 347.495
748.80920 801.243
749.31610 470.188
749.65692 475.223
749.98041 1623.71
750.31433 2025.01
750.64429 1306.83
750.97266 358.262
752.31580 1188.73
753.30603 2237.97
754.30566 659.38
755.65753 1607
755.98560 3399.04
756.31818 4374.79
756.64771 2127.47
756.97833 989.318
757.32324 1657.41
757.81262 1866.38
758.31281 1725.98
758.81683 568.397
761.65765 3152.07
761.98840 5586.86
762.32336 4501.37
762.65442 2862.64
762.99060 780.067
766.32733 3281.5
766.83356 2257.63
767.33624 1032.44
767.65637 735.895
767.99310 1023.56
768.33716 814.006
768.67389 392.849
770.32843 547.685
771.32214 377.007
773.64679 338.009
773.96667 505.815
774.29773 590.194
775.26959 561.009
775.77032 937.715
776.27979 410.783
776.63446 442.199
776.96808 526.613
777.30090 581.367
779.97137 339.697
782.31018 1117.91
782.64142 1774.95
782.96979 2448.19
783.30292 1824.37
783.63629 578.384
788.31232 1981.9
788.64435 4808.52
788.97534 4358.72
789.30817 2667.44
789.63995 1167.64
794.31897 3964.32
794.64844 7140.64
794.98157 7004.14
795.31488 3543.12
795.64471 1019.09
800.31067 613.579
804.32843 374.987
812.83990 695.806
813.34540 588.628
813.83765 538.412
814.39728 1656.49
815.30634 826.111
815.40259 835.602
821.84625 2008.34
822.34949 1472.62
822.84772 708.986
826.28180 441.454
827.30475 1190.72
827.64337 769.056
827.98138 382.948
829.27423 343.876
830.27850 613.196
830.84827 1701.85
831.35657 1530.24
831.85699 534.215
832.40375 8196.76
833.40619 3465.1
834.41113 847.936
844.28552 351.9
850.30237 1557.36
851.28009 1626.2
852.28229 604.315
867.34540 1254.82
868.33264 2123.01
868.86005 372.769
869.33191 810.371
870.82739 372.297
877.35938 604.616
877.86713 558.075
878.36084 525.274
885.36316 570.006
886.35980 1396.96
886.86584 1235.49
887.36957 819.903
895.37183 1096.63
895.87524 1222.34
896.38983 372.537
904.32898 576.943
907.33411 366.062
913.33862 663.658
921.88135 458.384
922.39679 479.944
922.88416 381.138
924.37238 606.884
925.35370 1051.68
926.35376 368.181
929.42035 997.039
930.42676 578.536
930.88928 927.385
931.39484 1187.96
931.90143 630.054
940.32623 510.36
941.33832 587.123
947.43005 6816.31
948.43280 3282.96
949.43549 943.797
958.35400 1125.98
959.34558 435.896
962.33655 617.117
964.36072 668.3
965.32245 1768.02
966.30896 2393.36
967.30695 917.76
979.89954 556.263
981.38977 1030.52
982.37665 1273.78
983.37598 718.473
988.41473 584.705
988.90564 447.35
999.40918 506.846
1005.40588 608.383
1005.89532 373.051
1013.90759 1073.52
1014.40564 1584.77
1014.90955 906.8
1015.40265 421.812
1022.33282 447.766
1022.90979 2026.06
1023.42084 2111.34
1023.91248 1280.84
1024.42053 429.651
1032.41296 361.27
1047.39160 366.8
1058.46533 1449.51
1059.45435 645.226
1060.88904 576.517
1061.38635 381.066
1063.88843 363.464
1065.41772 1009.53
1066.42188 471.612
1069.39722 361.587
1069.88721 556.335
1070.38220 512.936
1071.90015 722.394
1072.40344 773.278
1072.90747 477.555
1075.49133 1217.5
1076.48621 476.987
1079.35876 789.549
1080.35498 878.605
1081.36230 387.301
1082.44824 529.151
1083.42175 908.635
1084.42297 365.418
1101.46155 424.91
1110.46057 374.758
1122.42505 395.282
1127.48462 1442.91
1128.49719 814.85
1144.51416 969.074
1145.52344 464.208
1162.40527 412.238
1163.39063 969.589
1173.46985 360.856
1180.40796 373.127
1181.38281 343.429
1183.52563 790.975
1184.52478 775.16
1185.53064 370.099
1201.53125 6094.7
1202.53369 3743.96
1203.54272 1209.83
1209.47424 351.877
1242.50037 496.84
1271.44800 344.58
1299.50354 358.173
1302.57800 1085.99
1303.57922 762.93
1306.46033 369.602
1307.45532 507.992
1359.59338 814.064
1416.62244 1031.02
1417.63245 520.938
1531.68054 439.537
