1935.01860 2
110.07117 1434.26
120.08064 6382.82
121.08421 425.1
129.06577 2391.73
129.10211 4405.75
130.04953 731.903
130.08612 2147.23
131.11836 527.868
136.07584 2323.32
140.14328 746.889
141.06567 1066.83
141.10271 808.35
143.11768 925.629
147.07669 491.244
147.11275 4542.13
155.08167 652.794
155.11769 485.085
157.09714 598.185
157.13338 1772.14
158.09238 2707.08
159.07639 761.903
159.09137 2824.96
160.09508 518.741
169.06078 703.264
169.09676 659.431
169.13326 730.982
171.11296 1138.15
171.14920 1482.74
173.12842 1703.08
175.11900 2524.43
181.06129 745.244
181.09596 429.828
183.11290 4427.46
183.14923 664.263
184.07112 436.102
185.12845 2259.2
185.16461 2172.41
186.08725 6993.77
187.07132 3877.99
187.08679 497.031
187.14388 2410.65
191.11716 820.229
197.12770 981.891
198.08699 661.056
199.10791 539.658
199.14388 2065.3
199.18034 627.491
200.13898 1880.79
201.12331 4020.32
202.12741 701.789
205.09691 599.719
211.10764 3068.13
211.14348 409.613
212.10104 429.384
213.08681 955.466
213.15993 2263.82
215.13887 2436.88
217.09163 504.359
219.11255 2969.54
219.14882 1231.02
225.12228 579.845
225.16014 500.842
226.08247 1712.25
226.11815 1343.91
226.15211 471.927
227.10194 501.628
227.17545 761.329
228.13406 13296.1
229.11847 5265.19
230.07681 1089.1
230.11026 855.677
234.12245 682.05
235.10651 494.856
240.09862 495.338
240.13420 3049.32
241.12117 583.205
242.14929 1095.99
243.10873 3543.01
243.13329 2887.26
244.09209 1480.52
247.14371 2834.81
251.15054 863.51
254.07640 662.366
254.14955 2233.94
258.10815 8797.42
258.14426 5969.94
259.11130 797.163
259.14636 732.774
261.16052 488.649
262.11841 4433.65
263.12054 631.247
266.14948 743.792
267.20554 420.741
268.09198 546.832
268.12878 561.915
269.08871 1018.8
270.14468 458.147
271.10327 1065.03
272.15756 591.367
273.15875 506.633
274.11951 1403.77
276.15460 4294.08
277.11707 545.115
277.15781 458.468
281.16003 515.652
282.14536 1600.48
282.18121 2200.44
283.18005 431.686
284.16205 634.247
285.15518 720.655
286.13931 7685.53
287.09949 1246.39
287.14386 870.912
287.17413 590.958
294.14471 1142.27
296.19659 573.688
297.15741 577.076
298.13849 648.786
299.17114 4083.62
300.15329 2147.16
300.17657 670.687
302.11435 953.491
304.16544 1023.25
310.10315 826.838
310.17542 414.886
311.17117 4315.19
312.15433 2492.55
312.22763 619.62
314.16736 534.489
318.18112 2787.08
325.15164 872.378
326.16876 712.007
327.13010 831.529
327.20160 1715.84
329.18152 2292.37
330.16306 1642.24
331.15530 572.93
332.12531 483.646
332.19684 2108.6
333.19138 2565.29
337.11273 794.783
337.15176 435.598
338.09476 583.339
339.16595 4932.19
340.16177 955.043
340.19299 491.989
341.14340 1286.6
341.21802 908.924
342.20068 981.303
344.15607 1038.75
349.15021 1052.1
349.18863 653.963
353.21713 1829.44
354.14215 865.464
355.12427 4967.63
356.12933 759.468
356.19217 1827.53
357.17654 5728.14
358.17969 901.214
359.13580 637.218
360.22607 450.004
361.18698 4430.12
362.19003 787.39
365.18735 785.803
367.16232 980.951
369.17819 423.509
371.13760 484.164
371.19717 1262.21
372.15137 8400.24
373.15802 1114.75
375.20258 630.943
377.14661 2690.06
382.13858 608.673
383.12051 1422.32
383.19635 765.102
385.20825 2504.86
386.16776 621.39
386.20749 529.368
387.20370 744.356
388.15994 1877.33
389.14279 1175.19
389.19843 515.258
389.24142 4447.58
390.24194 949.665
391.16168 994.328
393.21432 1163.06
394.21399 755.637
398.23862 910.313
399.22299 1114.46
400.17877 839.303
401.18558 498.664
403.26813 489.137
406.17184 2721.58
408.18820 1262.92
409.16879 1207.95
410.24060 1950.3
411.22235 1043.7
414.20639 482.549
416.15646 2677.21
417.21277 541.113
420.22113 510.142
422.20422 1876.22
423.18692 903.336
425.24478 513.76
426.19852 2925.39
427.20117 471.011
428.25134 1218.17
429.25250 605.957
430.20758 608.35
431.19135 440.68
431.26590 549.014
432.22604 489.588
433.24857 487.698
434.16666 4376.57
435.16617 757.77
436.18167 1777.67
438.23444 1032.88
440.21457 2888.51
442.26599 903.1
443.22937 1003.23
445.20541 699.847
448.22168 583.201
450.19794 1634.73
453.20520 624.455
454.19147 4058.19
455.19330 823.389
456.24576 1320.58
457.24246 1583.32
458.20389 845.106
460.17975 837.621
460.27664 8130.29
461.27972 1805.4
462.23914 564.112
463.23007 585.216
465.24948 729.112
467.22519 1467.06
468.20813 4630.86
469.20648 881.192
470.25830 864.824
471.21933 3883.7
472.21814 946.996
474.23636 563.368
474.27429 508.56
476.21194 1484.72
479.25964 496.515
482.18649 871.883
483.18631 444.598
484.22473 529.633
485.23599 3329.61
486.23331 778.581
487.22604 503.963
488.21030 1657.54
490.22928 500.494
496.20303 645.695
498.28787 473.974
499.25006 653.965
501.24606 719.642
502.22845 2311.92
503.22836 514.276
505.24283 3006.11
506.24112 662.699
508.25751 1599.2
512.23773 463.249
515.22418 2771
516.22858 590.629
519.25513 2610.96
520.25751 533.328
521.27228 1018.02
522.26019 1404.86
525.26947 706.584
529.23737 1515.6
533.23425 4449.01
534.22925 692.467
536.20703 485.469
539.28284 4068.84
540.28412 984.516
545.26196 430.296
547.24805 1556.32
548.24609 451.457
549.26593 989.506
551.29919 867.777
553.25171 1263.8
556.31036 1568.31
559.24835 646.047
566.29309 814.42
567.27734 3364.92
568.27985 1072.55
570.28497 669.385
571.28485 522.458
573.26172 467.39
576.27051 508.213
579.29163 1766.58
581.22974 596.826
584.30255 2310.86
585.31006 555.339
586.26550 517.586
597.30341 924.861
598.31714 668.785
599.38019 541.47
601.29858 1933.98
602.29181 524.92
604.27374 919.072
604.34650 769.45
607.34509 9418.46
608.34882 2902.88
614.32788 2932.94
615.32318 1269.72
618.32843 2238.89
619.33337 559.379
623.28925 451.156
624.27722 486.863
625.28986 447.041
628.30804 1208.35
629.31201 591.134
632.30664 859.081
635.27667 844.684
638.35181 660.526
646.32050 2608.24
647.32050 543.493
649.29413 445.786
652.31812 512.126
662.29169 1464.7
665.36761 771.386
666.34399 1850.72
667.34314 573.988
672.33490 718.152
680.30139 1804.8
683.37982 520.44
692.37634 593.29
694.31421 698.522
700.36279 488.897
706.41296 2994.11
707.41858 986.529
717.37292 700.328
723.35004 1010.41
724.34766 530.525
727.37714 773.87
733.33270 1681.18
734.32813 627.749
745.37628 1570.79
746.38312 601.406
748.36389 1191.29
751.33929 2012.08
752.34222 645.888
765.38751 725.934
775.38208 475.681
779.36151 443.428
793.38959 698.743
797.47711 500.489
819.40149 539.996
836.42786 700.046
837.43079 501.933
846.41602 1219.27
847.40851 477.19
853.47943 551.268
864.42578 1617.59
865.41748 581.41
910.51367 571.124
967.52612 2317.79
968.51733 1295.27
969.46478 479.492
969.61475 632.882
1078.50940 1119.41
1079.51917 730.615
1082.54822 934.135
1083.54443 903.811
1117.45410 870.709
1118.44482 825.065
1119.44666 919.417
1139.57495 3638.83
1140.57996 2246.06
1141.57275 688.437
1165.54700 684.343
1166.55737 745.856
1252.65637 1990.47
1253.66077 1213.86
1254.66724 504.507
1351.72729 944.212
1352.73291 607.882
