1173.52629 2
110.07108 3227.01
112.08651 2120.02
115.08630 2572.63
116.07030 1764.95
126.05406 612.407
127.08634 1434.96
129.06610 694.884
129.10210 7302.81
130.04930 999.174
130.08588 1207.86
136.06158 3335.78
136.07530 857.284
139.08615 1177.49
140.08141 1669.67
141.10202 38858.8
142.10535 2317.94
143.08124 1207.66
145.09692 4455.48
147.11253 1936.14
153.10191 1699.01
155.08124 5684.73
157.10800 1149.29
158.09230 2521.4
167.08133 7026.98
167.11761 3937.19
169.06296 925.549
169.09697 29431.4
170.10091 2131.24
171.11258 15884.4
172.11604 908.513
173.09180 9562.42
174.09515 607.869
175.11874 13121.9
181.09698 16242.7
182.08990 1073.1
182.10207 1179.47
183.07620 2792.51
183.11285 890.687
185.09320 1182.12
187.10832 652.33
192.04131 990.89
195.07626 6351.63
195.11244 3418.51
198.12383 1540.36
199.10744 17096.4
200.11223 1483.17
201.08687 2680.75
208.10765 5472.49
209.09073 629.849
212.13902 5656.3
213.12421 711.715
216.13431 968.672
224.13931 2738.72
225.12296 1191.29
226.11839 13253.4
228.09602 770.496
230.15024 1284.43
234.12349 5697.98
238.11906 1282.95
239.62497 759.629
240.13525 1012.18
242.14943 1750
244.12892 4678.73
244.16553 1221.8
249.63611 1480.79
252.13399 37351.5
253.13750 4016.3
254.11302 1520.75
254.16058 2794.68
255.14478 32770.2
256.14832 3463.78
264.06302 1142.4
264.13293 772.962
265.05811 4574.38
268.12811 1148.58
268.16553 801.974
269.16046 2905.68
270.14456 38506.7
271.14813 4529.41
272.17126 91120.3
273.17429 10673.6
275.20734 755.269
278.14679 774.113
284.14737 1825.3
284.65149 621.616
295.17609 3404.75
296.12335 2442.15
296.15921 2616.22
297.15491 4922.53
298.14175 2342.43
305.15988 1125.05
309.15515 673.986
313.18655 12093.2
314.18948 1507.38
315.16632 1154.52
323.17093 15608.1
324.11810 3617.57
324.17554 2791.61
325.14636 956.728
332.67383 2819.61
333.17447 758.356
339.16434 739.371
341.18137 30893.2
341.67923 1197.37
342.18466 5117.06
343.19009 669.199
345.13013 1319.05
349.18668 1446.39
351.21353 661.97
352.19702 805.082
365.18155 1498.76
366.21182 1918.91
367.19455 1866.36
368.19528 1486.67
381.66190 12587.8
382.16415 3481.14
382.66403 981.487
383.20471 1770.26
384.22324 9871.47
385.22684 1923.52
393.17581 5645.77
394.20911 3120.67
401.21228 1749.6
411.18872 1278.2
412.21906 4381.76
417.18295 1230.5
438.23599 859.745
462.24377 1634.93
463.15936 1645.41
463.22748 1375.16
464.21301 875.038
480.25455 2595.79
481.23914 3211.77
491.15332 3778.87
492.15732 733.304
498.26599 65394.1
499.26904 16639.7
500.27036 1979.84
507.25677 2317.12
508.23853 686.854
535.25098 1375.71
536.24463 768.837
548.32434 863.803
549.27313 1312.1
550.25964 5099.7
551.26501 1467.83
552.28247 1081.44
553.26233 1081.47
565.26904 852.41
567.28723 14624.3
568.28931 4721.65
569.29541 663.105
577.26984 2000.6
578.25049 1614.78
585.29889 1257.53
586.29169 730.591
595.28204 28891.5
596.28540 8550.28
597.28180 1565.97
604.31091 1225.42
621.34076 874.379
622.32373 688.436
630.28162 745.445
634.33002 3709.1
635.33203 1402.83
636.36481 919.61
646.32977 3138.56
647.31647 8533.99
648.31897 3091.93
664.04633 679.225
664.09985 876.253
664.15222 923.286
664.33948 141566
664.66882 695.222
664.72424 709.191
665.34241 49228.8
666.34589 9454.39
682.35052 10770
683.35327 3926.96
684.36267 741.684
705.36707 8519.89
706.37000 3133.39
717.36621 6386.5
718.36884 2739.96
719.35382 807.472
735.37750 18119.1
736.38007 8445.36
737.38031 1460.24
753.38672 6123.28
754.39087 2153.27
762.31696 4559.42
763.30505 1463.58
768.41333 747.164
788.40710 1206.82
789.39111 1203.78
806.41333 53139
807.41595 21013.9
808.41833 5515.94
816.39874 1045.94
824.42438 7556.4
825.42987 3498.16
833.35461 2625.73
834.42224 1203.26
835.42505 721.952
863.43628 4453.93
864.43567 1915.08
865.43994 804.668
889.45203 4489.32
890.45343 3221.08
891.44598 801.375
904.38623 3467
905.40051 1177.94
907.46124 58673.6
908.46301 26113.2
909.46436 6660.68
917.44763 5432.49
918.44928 2721.64
925.47198 10759
926.47412 5573.05
927.48273 1390.58
935.46027 1153.41
936.45313 688.784
1004.51587 3937.97
1005.41565 2923.49
1005.58313 871.067
1006.42578 1386.09
1007.42780 679.63
1022.52704 824.85
