2550.17795 3
120.08044 1242.68
129.10225 335.162
131.11755 593.768
133.08578 198.301
136.07556 726.178
147.11250 562.154
155.08139 195.148
173.09198 202.736
175.11873 391.291
203.08383 242.987
205.09686 187.983
213.15874 230.88
235.10658 403.368
240.09702 393.704
241.08131 202.746
246.12633 346.68
249.12259 213.463
257.09515 215.14
258.10815 1069.49
258.14359 388.426
263.10184 287.932
263.13846 235.513
274.12140 1973.8
275.12393 226.459
276.15286 446.829
277.11783 297.394
300.15631 236.673
302.97055 464.727
304.16595 229.052
318.94266 233.098
324.09900 268.175
346.17465 423.601
348.95297 453.683
369.13849 216.244
387.14716 188.01
389.24026 287.113
392.14667 300.985
405.17807 244.148
423.16663 358.666
437.18439 1426.26
438.19000 248.154
476.27090 479.449
494.20618 392.055
508.26187 309.958
520.19971 201.431
536.25232 571.892
539.14795 264.778
562.28320 214.941
563.30206 402.358
579.29285 262.779
607.29034 852.596
649.24176 466.906
650.33337 781.659
651.33813 285.638
720.37177 844.248
721.37970 257.842
737.36584 1824.64
738.36920 719.927
762.33807 207.067
801.46106 436.382
801.95581 482.896
802.46967 197.685
808.40393 2351.37
809.40576 852.767
832.40930 219.646
833.38269 465.341
834.39307 278.376
835.39838 697.778
836.39032 202.87
850.41632 5701.58
850.92047 258.974
851.42389 2651.58
865.44275 418.55
869.40021 210.337
879.43939 1539.7
880.43665 643.327
932.44257 221.754
968.46503 276.726
980.48706 1729.69
981.48822 892.533
982.48297 436.23
1033.52234 258.862
1051.52527 1322.75
1052.52844 647.122
1058.60083 277.169
1067.53809 263.454
1164.54688 229.608
1182.56409 822.001
1183.56079 411.463
1240.60889 473.739
1297.64758 286.014
1298.62183 252.167
1311.61438 279.925
1312.58630 240.34
1368.61768 385.619
1369.58350 214.663
