1414.64507 2
110.07102 4905.37
111.07384 263.571
112.08661 1249.52
113.07059 392.924
115.08625 880.983
116.07022 924.626
120.08054 2364.63
126.05476 1372.88
127.05019 246.505
127.08665 282.905
129.06609 338.752
129.10205 3790.94
130.04999 321.948
130.06506 458.455
130.08607 937.1
130.09848 336.074
132.08104 241.143
133.04237 263.924
136.06137 630.806
136.07549 10754.7
137.07895 779.804
139.08612 478.933
141.06616 461.732
141.10191 344.752
143.08208 321.953
143.11710 293.944
144.06535 454.726
145.09715 614.845
147.11259 1443.8
153.06552 324.375
154.04959 1954.84
155.08136 623.348
155.11783 473.053
157.09737 1636.93
157.13309 846.621
158.09213 2090.53
159.07628 1035
159.09114 2331.93
162.09096 432.387
166.06038 331.38
167.08153 2193.2
169.09679 323.573
170.05957 763.109
171.07616 2361.69
171.11272 432.38
172.06065 298.842
173.09167 834.149
173.12825 801.129
175.11864 18033.2
176.12292 772.661
181.05988 382.086
181.09731 536.954
183.11223 616.778
183.14923 767.013
185.09181 3728.04
185.12859 647.554
186.12744 610.399
187.07233 458.514
187.08376 433.561
187.10654 255.448
189.08658 10288.7
190.09018 680.895
195.08725 692.254
195.11188 270.825
197.12877 315.09
199.07097 1320.46
199.10724 798.598
200.13904 331.584
201.12331 1159.03
207.08812 300.759
207.11226 2010.3
210.02536 350.416
211.14381 528.957
212.10271 496.579
213.08656 445.609
213.13673 419.246
215.10164 1122.42
215.13832 512.936
217.08160 11043.4
218.08478 864.573
218.64203 353.24
223.10727 844.944
224.10158 431.888
226.11682 420.053
226.15485 588.743
227.06630 1634.07
227.10152 551.877
232.14223 415.051
232.63885 301.7
233.09218 531.884
235.10579 2210.09
235.14334 881.202
236.11259 261.946
240.09613 260.437
240.13271 278.893
241.13319 1337.76
242.11340 1470.06
243.09689 878.23
244.12648 253.544
244.16438 405.044
245.07628 2716.08
251.10210 8510.43
251.15019 407.055
252.10669 867.785
254.14642 381.343
255.10803 680.365
255.14574 848.941
256.09119 373.572
256.12704 262.408
257.14746 365.699
258.16016 1326.5
259.14117 304.971
260.12366 1178.75
261.08643 447.544
263.13879 620.004
264.13257 254.467
266.12561 271.553
268.09082 274.466
269.12601 303.095
270.10733 776.878
270.14438 309.368
272.14172 270.987
272.17279 624.414
273.11893 2877.98
274.11902 295.664
274.18741 249.591
275.17209 434.118
277.13733 286.694
279.09686 7217.14
280.10080 994.37
280.16434 310.999
284.15927 473.01
285.14383 260.909
288.11710 355.795
288.19934 255.029
290.14481 1433.69
293.11136 257.11
294.18533 281.568
296.08661 678.244
298.17560 533.359
299.13361 277.324
302.14453 431.404
303.17300 300.688
307.12613 320.482
308.17398 288.437
311.16855 258.945
312.15234 357.276
313.14948 261.825
314.09726 2561.05
315.10205 289.349
319.17172 2262.9
320.15518 454.687
322.13754 428.248
327.20023 287.453
330.14383 3795.01
330.69879 513.317
331.14655 646.682
332.10800 14969.9
333.11038 2189.61
334.11166 347.121
335.12219 496.733
344.12225 366.662
348.15488 5450.86
349.15814 896.423
350.13419 3395.4
351.13895 639.321
351.20651 362.13
355.19531 359.822
356.19443 472.08
358.12381 1898.62
359.12567 332.851
362.13550 644.284
368.68304 353.458
369.22208 541.895
372.18796 1334.97
378.16434 616.848
385.12851 450.503
389.21408 1175.2
390.12906 1244.9
400.17053 1514.57
403.14520 1091.28
404.15915 257.077
408.13858 897.569
417.17548 269.361
419.15945 647.931
419.22672 1930.6
420.22098 1226.88
429.21320 287.921
433.17435 346.163
433.24628 302.978
434.16537 281.437
434.20026 308.037
436.27637 847.704
443.23068 365.709
447.22125 1723.24
448.22482 511.459
449.16757 561.236
450.14804 387.371
452.24844 1315.4
452.74274 342.709
461.16385 498.841
464.27203 2186.52
465.19510 394.595
465.27219 320.244
467.17590 1938.29
468.18198 415.372
477.16025 679.358
478.21362 279.515
479.17542 394.368
493.19226 455.447
495.16888 701.344
516.24475 271.759
520.20319 671.957
521.18524 766.482
521.26642 1859.43
522.26550 461.261
525.23730 464.143
529.30811 727.952
535.24646 1177.01
536.25226 265.758
538.21472 684.106
544.23767 268.173
548.19733 877.674
549.20258 321.225
549.36127 1536.74
550.24927 327.361
550.35828 311.955
552.27698 1528.22
553.27875 456.684
561.25726 292.254
562.24969 2422.21
563.24365 577.171
566.20856 860.004
574.32867 328.808
577.35645 1552.7
579.27856 516.918
580.26147 300.627
581.31439 281.037
583.35944 283.28
604.27264 391.283
621.29755 451.918
622.28760 502.41
633.39020 300.686
634.35492 1921.04
635.35510 477.106
638.03473 339.054
638.36963 317.726
639.30768 2791.56
640.31226 934.193
643.36859 264.266
650.40765 1919.15
651.41425 444.331
655.35339 437.285
658.32336 275.526
659.84882 288.154
660.39630 1626.5
661.39990 405.316
675.34729 381.778
676.31287 688.779
676.40479 418.101
676.71124 524.059
677.32898 314.841
678.40289 1839.09
679.40991 511.086
687.33838 485.896
689.34412 319.668
697.39911 1721.57
698.40247 833.823
700.34393 434.682
701.32489 550.592
705.35236 809.973
706.34619 600.326
718.35114 2664.22
719.33655 3962.48
720.33832 1410.64
734.39130 440.372
735.37012 428.354
736.36017 30306.7
737.36353 11566
738.36572 2286.95
739.36353 420.727
744.35577 362.042
749.37329 736.055
750.40460 319.103
751.94635 297.905
752.38959 356.596
758.38190 374.315
766.41968 677.79
767.43896 1791.67
768.44647 618.596
776.39221 529.768
784.43231 318.774
786.41473 379.612
794.41760 347.907
795.40936 294.869
813.42847 292.59
831.44037 556.611
832.42224 866.889
833.42761 414.266
834.50037 543.838
834.98260 299.358
835.50037 351.999
836.40698 1679.59
837.41412 560.626
839.44031 366.396
844.48523 509.544
845.39539 561.329
846.40460 296.744
849.44562 7859.69
850.44977 3490.21
851.45264 870.709
862.49017 584.118
863.40643 735.971
902.46503 367.132
903.47394 876.075
904.48309 438.867
914.51154 540.038
920.48230 7653.87
921.48492 3974.66
922.48663 988.033
923.50092 299.285
946.45721 512.593
947.44305 450.907
964.46985 1016.64
965.42908 473.88
1034.46680 712.289
1062.44409 319.345
1083.54382 3023.76
1084.54834 1880.38
1085.55273 573.13
1146.57507 280.906
1165.50854 582.367
1166.52625 302.168
1198.57385 2176.59
1199.57434 1468.73
1200.57019 452.468
1252.54553 905.902
1253.55396 340.104
1349.58960 405.535
