1512.51164 2
110.07108 2054.36
112.08671 1033.67
113.07077 714.401
115.08636 733.893
116.07034 468.937
120.08051 1024.38
127.08643 347.146
129.06616 682.084
129.10213 7794.29
130.04959 386.596
130.06450 228.925
130.08614 709.468
130.10466 543.631
136.06163 1103.76
136.07558 2594.51
139.05037 406.385
139.08635 390.018
140.01035 323.699
141.06573 244.694
141.10178 334.755
143.11714 184.19
147.11275 1065.1
153.06578 328.768
155.08138 1287.64
157.06067 499.712
157.10760 532.93
158.09221 1818.91
159.07613 343.102
159.09134 557.189
167.08157 1230.13
168.06535 382.522
169.09740 408.085
169.13416 187.426
170.09262 195.855
171.07648 292.752
171.11314 193.651
172.10791 693.476
173.09193 2732.81
174.09584 270.14
175.11877 5658.23
176.12286 359.899
181.06122 380.618
181.09810 280.806
183.07697 407.817
183.11227 338.269
183.14899 270.766
184.10706 284.352
185.05560 809.803
185.09213 638.387
186.12361 404.827
187.07098 813.916
195.07614 1432.83
195.11241 775.508
196.06131 187.481
197.10313 192.803
197.12715 230.156
198.08699 365.939
198.13460 416.419
199.07111 656.058
199.10693 403.509
201.08685 2524.8
201.12297 399.987
202.09238 322.065
205.09673 350.594
207.11214 456.299
209.09155 634.305
210.02524 214.704
211.11909 949.921
212.10300 513.638
212.13837 412.749
213.08679 1494.44
213.12312 394.719
215.11360 1380.03
215.13771 298.408
217.08185 620.499
222.12328 421.562
223.07076 965.552
223.10628 191.526
224.06618 853.609
224.10248 573.558
226.11827 1129.25
226.15440 728.316
227.06601 661.726
227.10162 612.39
228.14731 429.927
231.09749 2672.93
232.14011 3382.25
240.13406 1917.13
241.08134 2658.7
241.13849 221.941
242.07628 1821.08
242.11186 566.097
244.12711 293.548
244.16422 353.277
245.07663 2366.1
247.10786 247.155
249.12247 222.905
250.07945 243.378
254.16266 322.691
255.14526 899.039
258.14447 1089.7
259.09094 889.376
264.06329 197.437
264.09711 619.128
268.09225 203.058
268.12680 252.986
270.07193 270.525
272.17160 5655.43
273.17447 1259.7
276.15372 405.109
277.12000 222.75
279.09656 981.054
282.10834 370.27
282.14484 191.735
284.08606 215.326
286.13834 349.981
292.09219 740.598
296.08673 545.088
300.08179 208.175
307.10477 442.892
307.13956 408.311
310.10266 1103.51
312.04794 367.038
316.11050 225.232
318.14523 221.054
323.16940 296.957
323.20670 462.449
325.11362 802.35
328.07837 243.426
328.11115 251.925
330.05838 281.994
330.13007 338.555
335.13525 981.178
337.15149 210.412
341.19318 662.904
343.12650 215.312
351.16473 380.975
353.14151 2729.95
354.14557 299.152
355.16125 385.777
356.10748 765.133
357.11539 213.942
359.20554 194.778
361.11392 1117.83
362.18167 1488.48
369.17621 599.55
371.12033 593.078
373.17059 409.758
374.11823 678.11
375.12201 200.967
379.12384 1991.92
379.20822 5417.07
380.21179 562.712
381.10712 202.924
387.18698 829.963
389.19391 202.574
390.13443 449.899
392.14716 280.293
395.15524 214.178
397.13470 404.042
407.11926 807.087
408.14084 1107.62
409.13773 231.268
418.13470 1203.58
418.22089 213.095
419.25558 389.361
419.75803 410.13
425.12970 2115.39
426.13232 213.991
427.14957 253.394
429.28400 249.666
436.14627 1061.31
437.13400 227.594
441.24658 267.829
445.15460 433.768
446.12369 500.454
446.18497 258.751
449.16959 205.832
454.15726 575.777
458.27136 512.926
464.14044 2657.09
465.14233 289.827
475.27136 369.509
475.76727 247.113
480.26538 215.305
481.16553 327.196
482.15088 3354.54
483.15414 486.331
483.77759 1039.79
484.27853 1765.8
484.77893 558.222
485.15411 224.789
490.23972 1926.14
491.23749 266.533
492.17435 246.747
492.78229 231.933
493.28250 574.809
495.26691 685.433
496.26834 254.505
498.21542 447.265
508.25095 8531.27
509.25177 1258.69
510.18848 256.158
516.23273 324.957
519.17889 308.781
529.16351 490.869
529.24323 280.638
533.29175 372.84
535.30078 369.22
541.29120 276.457
541.79089 494.766
547.17706 975.156
548.17578 221.003
553.31006 561.626
554.31421 270.719
556.18640 212.761
559.31238 213.459
565.18793 1152.86
566.19745 224.406
574.19916 579.12
575.16290 345.339
577.28552 242.674
581.19513 238.624
583.19733 213.91
588.23816 258.344
592.75610 227.428
593.18390 1205.54
594.18060 233.644
594.31079 686.274
595.31366 447.14
597.30719 268.252
605.27209 443.616
605.80994 262.704
606.25195 597.173
606.31329 600.914
606.81140 287.702
611.18958 384.741
611.33978 314.676
612.34308 290.256
615.31873 236.78
623.27716 6215.65
624.27954 1442.44
626.31396 287.609
630.35809 523.317
633.26495 307.421
644.32483 372.3
662.33594 339.505
665.38477 240.39
670.83209 395.85
682.40240 304.24
683.41168 248.777
690.37665 256.036
691.37170 208.972
692.23090 329.929
694.36438 286.543
695.38348 314.053
697.33319 462.217
697.84174 360.804
705.85278 987.961
706.35254 3673.55
706.85345 2386.34
707.40533 850.3
708.39734 1042.3
709.40656 268.077
710.24249 580.399
714.85547 347.544
715.35693 1599.05
715.86176 944.202
724.42688 290.636
725.41394 483.239
726.40448 313.563
731.40778 304.126
749.33514 221.549
755.35016 318.928
757.40741 235.55
768.32349 301.715
769.31610 478.549
773.36542 359.681
786.33923 9293.15
787.34155 2588.24
790.43164 207.807
796.32037 350.02
796.50031 218.042
820.48578 439.687
821.48456 473.024
843.91705 570.458
844.42273 473.673
857.49725 579.746
858.50427 476.024
875.50818 672.832
876.51276 388.994
877.51355 223.536
884.39575 245.406
893.37415 218.616
897.37103 1149.33
898.36694 306.022
915.38287 2399.25
916.38385 720.609
936.36932 246.801
937.38202 216.7
949.53400 229.19
950.41217 314.924
950.53351 351.256
954.39069 749.887
955.38666 378.195
972.40332 5428.43
973.40533 1613.35
1030.49207 221.627
1048.50391 215.601
1064.53760 212.921
1065.55176 491.953
1069.42200 216.304
1082.58130 215.143
1087.42908 1018.97
1088.41370 357.762
1104.49402 231.357
1138.42590 268.994
1139.54846 523.469
1140.53845 845.7
1141.53564 459.528
1156.45129 1506.61
1157.44714 621.011
1159.54504 304.399
1174.45898 415.23
1177.56494 292.161
1184.43445 295.344
1194.59900 377.874
1195.60742 245.658
1255.61597 320.991
