2627.13198 4
129.10190 106693
130.10497 6154.86
136.07526 17481.1
147.11244 6087.84
155.08118 2923.91
157.09647 5270.75
185.09172 8489
199.18001 77045.8
200.18329 7636.85
209.09082 3389.92
217.08183 4719.26
227.17494 31624.6
228.17886 3750.99
234.14421 17161.4
242.18607 16838.3
284.12323 15461.9
296.12430 6088.29
314.13406 7746.7
316.11130 2727.57
319.69659 3793.69
349.18506 3384.42
353.19345 3955.35
355.27054 5933.85
358.18900 24349.4
358.69159 10288.4
370.21991 11467.9
370.72354 3559.48
371.20248 22783
372.20609 3869.42
384.21777 28457.3
384.72018 8369.28
385.17072 3468.2
385.21912 2709.44
395.15826 3211.74
412.21738 11341.4
413.16556 52002.5
414.16800 10674.6
415.70358 5990.5
432.74384 8609.77
433.24417 3599.42
463.18234 2796.74
466.30130 3697.6
471.22211 6018.1
476.26163 4028.53
477.19818 4755.75
480.22354 7939.82
480.72543 5847.53
481.23053 3059.85
483.87637 4960.67
486.22958 13263
487.23425 2997.98
496.23807 3670.49
510.22064 6637.08
513.26526 10835.5
516.53394 6898.35
520.88489 6768
521.21716 6588.23
521.55560 2828.64
523.24799 4751.07
526.25055 4236.16
535.74280 6070.89
536.24268 3706.71
541.26001 54505.3
542.26318 14274.7
544.74524 18315.2
545.24683 10854.1
553.29431 3487.91
560.23376 3717.47
569.25842 3465.76
576.57153 3237.01
576.91345 2953.14
582.24628 20285.1
582.57959 16378
582.91541 8169.17
583.24408 2878.65
588.25006 72727.4
588.58453 62865.7
588.91858 30964.9
589.25171 13313.2
593.25336 2968.41
597.25372 4617.79
602.25909 17472.1
602.76074 10736.8
603.26465 3807.91
607.77881 9693.18
608.27356 5333.36
614.32361 6224.14
614.90576 17216.7
615.24115 18210.4
615.57251 9435.43
620.37451 5076.21
620.90881 89501
621.24323 73511.8
621.57721 45458
621.91187 9747.23
622.24738 2986.38
623.98389 4815.33
624.28381 4117.82
624.53583 2989.89
626.35266 2900.03
628.54303 5831.46
628.79297 9618.48
629.04199 3631.18
633.28278 3193.65
634.77332 10095.2
635.26819 7920.22
635.77161 4331.65
638.38007 23435.3
639.39020 8476.74
643.77679 59603.2
644.27795 36885.5
644.77911 15613.9
648.53564 4909.07
648.77734 5095.94
649.03119 3186.07
649.27435 3968.93
653.03925 3664.64
653.28674 10200.5
653.53479 10160.8
653.79102 3561.58
654.34381 15641.5
655.34625 5699.98
656.64490 3705.63
656.97327 6776
657.32410 6410.77
657.65436 4744.59
657.77283 15766.8
657.97943 2987.78
658.27301 8298.88
658.77765 4551.64
672.77533 2924.63
675.25940 3660.75
682.34119 10818.8
683.33490 3047.06
692.76703 4680.54
707.34125 2935.72
708.27203 4602.83
713.62958 5721.43
713.96478 8331.84
714.29364 4594.48
715.37030 14108.6
716.29742 10913.8
716.80115 9759.04
717.30573 6593.2
719.63477 21975.1
719.96716 26857
720.30341 15702
720.63226 8407.27
725.30621 68941.9
725.63538 33572.8
725.80896 53087.1
725.96967 31688.8
726.30530 47713.3
726.64099 7915.61
726.82385 5167.88
735.24103 3280.71
746.28687 3130.15
746.62177 4475.75
749.41681 6995.3
750.41205 4026.84
750.65656 3761.58
751.39685 4765.13
752.29413 15466
752.62665 20436.5
752.95703 9997.71
753.28668 4319.13
756.32611 8342.02
756.66229 11052.4
756.99615 7709.62
758.29529 21940.4
758.62793 25620.3
758.96289 16520.6
759.30042 4812.23
762.33130 27510.3
762.66498 34467.3
762.99872 21626.3
763.33130 13369.3
763.66479 3031.19
767.42792 82482.8
768.34314 66596.4
768.66846 65968.1
769.00128 39751.4
769.34351 17766.5
769.66998 5681.45
771.81824 6014.2
772.31677 3942.76
774.29504 17591.5
774.79681 12382.1
775.30389 4489.9
780.82458 21815.8
781.32672 15720.5
781.82581 6155.48
788.98712 5067.63
789.31531 3338.3
789.65906 3198.24
789.83136 17850.3
790.32953 15623.4
790.83038 7087.32
794.34778 3699.19
794.98920 13807.4
795.32300 17068.7
795.65729 13229.3
795.98944 5568.86
800.02161 8447.16
800.36432 7148.52
800.70435 4642.08
800.99182 23644.2
801.32697 34122
801.66162 24569.3
801.99567 8716.22
806.03040 7265.6
806.36334 12801.2
806.70313 7068.05
806.80096 5238.44
807.03210 6963.65
808.82257 2994.74
812.37598 3228.65
817.82001 3844.04
820.82428 4042.02
824.34094 10960.5
824.84082 12851.3
825.34937 4311.35
827.34814 3067.36
829.31458 3013.25
829.81433 20515.6
830.30225 11898.3
830.41449 12079.5
830.81989 5486.46
831.41064 5136.26
832.68591 4697.62
833.02393 3093.02
833.34583 53933.2
833.84583 37239.7
834.34766 21428.7
834.85364 6181.15
836.37689 3850.24
838.33118 9197.88
838.82159 14087.9
839.02344 9160.35
839.33380 12681.1
839.71045 3071.5
839.80444 3116.45
854.38385 9113.97
864.82269 3702.19
872.86499 21035.9
873.36407 16005.6
873.85999 9909.24
881.87134 69230.3
882.36725 66557.8
882.85175 37134
883.34515 16580.1
883.83844 4836.64
887.32318 7807.89
887.82471 5090.51
921.85345 13769.6
922.35413 11699
922.85773 7481.88
930.86053 48673.1
931.36096 37534.2
931.86371 24130.1
932.36151 9626.89
933.49957 4918.03
937.88733 6243.54
941.44086 4078.52
951.51550 6614.59
959.43958 13576.6
960.44525 4924.58
986.38867 3360.85
1039.43323 3752.02
1039.92126 3700.04
1048.37158 3551.87
1069.93152 4913.68
1070.45374 4411.72
1078.93689 9204.3
1079.44116 10625
1079.94287 6826.08
1080.57031 8508.56
1081.54785 5335.27
1087.94971 21363.3
1088.45959 27983
1088.94836 13247.9
1089.46375 9128.33
1127.93420 9805.1
1128.43933 7657.67
1128.94214 6837.59
1136.93872 17191.1
1137.44189 24829.2
1137.93689 10658.3
1138.43799 5873.98
1146.33972 4325.83
1203.51355 9165.69
1204.50623 4910.84
1286.54236 9176.51
1287.55090 3759.11
1449.59875 3543.68
