1850.97124 2
110.07096 267.39
120.08027 1270.08
129.10187 1150.28
130.06464 1165.65
130.08583 325.712
132.08006 231.561
136.07555 543.205
141.10202 212.194
143.08073 442.22
143.11725 341.466
144.08051 432.362
147.11247 901.399
157.09679 607.46
157.13289 558.062
159.09123 4631.53
160.09431 291.6
170.05934 576.759
175.11847 593.269
183.11122 205.485
185.10654 297.179
185.12782 1455.11
187.08589 1540.7
197.12778 281.983
198.12711 571.08
199.17943 511.057
200.10204 409.001
200.14282 1965.35
201.12462 193.83
201.14838 276.516
210.12701 273.163
211.14366 321.161
214.11816 303.829
227.15396 1218.32
227.17392 919.234
228.13365 477.633
229.11682 461.799
230.12958 242.241
231.11200 490.258
233.16414 411.764
240.09753 544.249
241.08141 694.548
242.14922 672.654
248.13860 201.674
249.12274 567.153
253.19035 240.945
255.14856 4120.07
256.14618 321.671
256.16702 931.511
258.10632 893.872
258.12436 961.751
259.08966 528.772
259.10852 543.758
260.19592 755.2
271.13968 418.474
271.17593 325.545
272.17480 10402.5
273.17807 1320.02
276.13297 443.43
277.11755 1462.5
282.17981 318.73
283.14273 826.195
286.13702 576.208
298.21158 896.042
299.16992 435.708
300.16986 5938.51
301.17307 742.758
324.22751 212.692
325.18597 236.527
326.18610 441.577
327.20212 397.204
329.15991 730.68
342.21402 247.582
356.22580 226.168
357.17569 573.382
359.16797 197.583
360.15347 237.952
368.23172 502.617
369.13940 919.755
369.24847 257.418
370.20758 315.416
371.20657 742.325
384.22519 239.232
387.16516 524.329
388.14883 1154.81
389.21738 305.575
397.22375 212.939
405.17548 749.814
406.15768 1160.85
407.26358 1216.63
408.26736 267.568
413.25333 1070.52
414.25095 327.049
423.18719 231.833
428.21216 339.669
433.20584 228.094
439.26752 332.601
442.24283 660.067
473.14594 253.814
474.14551 221.949
476.25177 232.1
484.28897 269.377
499.17975 235.151
499.24771 221.714
504.24274 326.608
510.30759 255.324
516.20624 431.968
517.19031 350.715
517.31415 425.991
518.29590 971.77
519.29608 212.442
534.21436 963.635
535.20459 372.408
535.32245 947.779
536.32513 218.095
552.22870 223.477
562.24854 411.032
575.11047 303.408
633.28363 282.168
645.25610 231.845
646.35944 329.104
663.25555 479.235
664.36438 1121.83
665.37018 392.701
681.28290 347.034
689.35663 454.906
691.28821 231.88
793.41022 593.744
861.30469 401.372
924.17059 212.651
924.52344 223.505
925.28186 525.022
925.60999 3107.58
926.30225 208.255
926.62445 1354.89
926.98877 226.414
927.06604 296.552
927.24469 271.817
927.32568 271.86
927.61871 52604.2
927.92273 407.333
928.00751 349.537
928.61774 4300.76
940.47595 737.092
941.48267 241.171
1051.50171 263.672
1069.51160 533.468
1070.52856 273.654
1225.60364 503.962
1226.61072 306.134
1296.63318 347.8
1367.68359 251.94
