2626.30954 3
120.08038 1084.74
129.10156 355.445
130.08580 343.647
133.04277 221.413
136.07518 1881.83
141.10229 339.043
143.11688 269.137
147.11232 1118.24
157.13350 184.027
169.09665 608.714
171.11237 242.211
173.12794 385.2
183.11119 201.574
185.12781 484.562
186.12231 193.503
187.10721 1084.62
197.12767 532.652
201.12289 513.831
215.10205 808.177
229.11723 247.975
235.14200 196.838
242.14905 268.777
243.13264 691.209
258.14294 192.123
260.19647 400.131
272.12320 1801.87
273.12766 198.564
276.15262 193.645
279.09579 289.427
296.19476 212.826
297.15430 1357.55
310.21115 523.469
314.16968 410.543
331.23248 1001.2
342.20313 295.084
347.10062 227.513
355.23132 275.178
357.21170 556.524
383.22845 268.159
385.20856 638.036
389.24109 347.42
392.18094 271.066
413.23718 364.152
427.25409 254.154
430.30048 596.726
439.12732 266.504
456.24597 306.121
460.21112 356.253
476.14328 334.913
490.70563 343.719
498.28754 267.796
501.33801 462.831
504.26459 278.404
547.24243 302.205
559.28601 220.839
569.32391 650.943
570.32513 198.808
572.37207 533.674
573.37634 219.927
588.76318 1193.77
589.27490 349.918
589.76563 380.541
597.76697 362.848
598.27039 241.366
605.31519 562.212
610.78729 202.095
625.19458 240.861
633.25055 247.406
638.29633 657.229
638.79822 494.882
639.30072 218.448
672.31793 222.989
674.30933 269.139
682.40540 230.145
701.41882 416.031
702.30536 328.189
703.84204 481.587
704.34796 409.937
704.83948 221.524
716.34851 203.449
733.37079 607.944
754.23334 791.248
777.37689 245.25
791.31989 214.041
811.45355 539.073
812.46130 210.586
817.33514 343.372
830.46771 609.023
831.47162 224.646
839.32294 203.32
848.39709 1818.69
849.40277 669.351
867.31653 1768.7
868.31396 569.394
869.31317 209.318
875.01917 293.552
875.51263 4287.68
876.51532 2031.84
876.93658 292.331
877.51392 1035.14
910.52277 472.03
911.52307 265.541
931.51074 1286.1
932.50995 691.117
947.46204 1346.53
948.46637 621.715
980.39954 1491.98
981.39984 814.704
982.40698 252.056
1062.54492 1162.53
1063.56250 512.42
1073.59509 206.462
1083.54248 448.698
1093.47961 506.432
1094.48816 260.858
1110.52649 1376.16
1111.53101 856.09
1112.54114 208.596
1133.57849 651.144
1134.58899 345.598
1176.51465 707.228
1177.51318 436.189
1220.61121 1251.67
1221.60852 785.475
1222.59949 431.827
1238.58447 399.54
1239.58203 314.606
1275.58972 230.402
1309.62207 444.829
1310.63159 324.508
1333.70300 646.436
1334.69702 256.898
1389.63196 205.267
1406.67676 1890.72
1407.67883 1477.13
1408.68054 446.755
1553.74622 358.555
1554.74683 271.862
1717.80298 285.076
