1679.78830 3
110.07085 1176.26
112.08675 960.369
129.10213 9277.72
130.05023 774.907
130.08601 809.764
136.06166 3313.85
136.07530 968.131
141.10207 872.47
147.11230 2202.93
157.10818 2107.13
173.12790 654.217
175.11938 1555.41
217.13713 970.655
226.15460 3830.41
227.06654 1357.17
243.13341 985.558
244.16515 9492.59
245.07646 1204.04
245.16862 1173.58
249.16283 2436.56
252.12302 1510.28
254.11272 963.436
272.17218 1484.74
283.67474 1091.27
285.16785 951.565
296.08688 829.09
302.19421 758.631
304.20520 3216.84
304.69965 1597.67
312.04898 781.259
313.21051 26535.1
313.71191 9637.13
314.09903 1132.67
314.21350 1433.34
319.21106 1902.8
322.66229 1571.71
325.21072 1800.62
325.70978 731.599
328.20721 1069.85
338.71524 1046.26
339.20761 6451.87
339.70895 2514.52
341.14661 1152.21
341.18732 2299.47
341.68915 686.218
345.13013 3190.78
346.13498 965.482
347.72116 19164.7
348.22284 6166.95
348.72296 988.457
356.72568 1266.19
361.71835 2053.99
364.24490 866.136
382.25668 2091.89
383.16565 2255.55
383.23502 1027.3
387.71552 1482.78
396.22900 3424.81
396.72061 3864.68
397.22461 1724.26
400.19345 37860.7
400.26651 8003.67
401.19653 6723.79
401.26691 1173.96
402.19928 1130.27
405.23441 26620.8
405.73642 10826.4
406.23843 2366.71
418.69226 3663.51
436.70517 889.768
438.23636 745.531
443.23505 1445.57
446.89008 1733.87
447.76807 909.802
451.27362 883.841
452.24048 1581
452.89355 1125.03
454.22223 2287.52
454.72397 778.799
460.75012 6404.6
461.25015 3717.59
461.74548 973.979
469.75870 11297.6
470.26080 3989.28
473.23349 776.653
475.23431 1949.49
479.24142 2738.84
479.57550 3114.2
479.90930 2132.41
485.24445 25875.2
485.57898 18742
485.91351 8317.97
486.24664 2810.62
491.24866 1743.95
491.58096 1339
495.59845 1322.25
495.93564 1039.65
496.59808 910.125
497.32053 2445.48
502.26532 786.921
503.23871 1866.09
506.93933 1935.83
507.27472 1202.47
507.60623 1540.02
507.93137 815.21
508.26254 1742.34
508.59512 1516.2
509.73676 1519.85
510.59012 967.623
511.89719 1021.47
512.22986 1314.23
512.77289 960.14
512.94128 2087.73
513.27734 883.831
513.73285 1339.49
514.20172 1969.83
515.93536 1642.54
516.26709 5397.49
516.59839 3737.29
516.93250 1977.47
517.26257 778.067
517.90326 10932.8
518.23712 7133.49
518.56989 2984.42
518.74982 3608.72
518.90192 853.413
519.25128 1520.46
521.94019 24714.8
522.27081 33808.7
522.60370 21538.3
522.93768 10518.1
523.27032 2988.56
526.29877 1856.86
526.79840 1032.14
527.30707 934.713
527.94312 141732
528.08459 1109.93
528.11847 1190.94
528.14880 1286.21
528.27667 114321
528.61035 61470.4
528.94354 24357
529.27863 3347.18
529.36322 1435.97
531.23279 50466.3
532.23480 12977.2
533.23267 3637.21
533.94556 12264.7
534.27850 12092.9
534.61176 5162.91
534.94794 2117.37
538.34509 1097.67
539.29596 1208.08
539.59375 1371
539.92987 1128.76
544.20361 763.159
549.26044 846.195
554.59735 6738.45
554.92999 11072.6
555.26270 5981.79
555.59406 3266.58
555.92865 1096.67
559.79187 1085.48
560.31982 1576.79
560.60132 49078.3
560.93561 42978.3
561.26794 23447.1
561.60284 9978.95
561.94037 986.263
566.28754 829.619
591.82349 4783.8
592.32355 2841.78
592.82654 1033.13
605.82385 1711.2
606.32599 1381.18
607.39789 1242.7
608.39337 928.18
616.32251 10328.3
617.32428 3145.87
618.32715 933.861
625.41357 10678.5
626.41559 3344.33
627.29071 1673.5
637.41699 1034.68
640.32263 767.587
640.81042 1445.51
641.31049 883.768
644.31787 31046.1
645.32043 10158.1
646.32159 2762.83
648.82013 865.908
649.82410 839.757
652.31189 1237.62
652.81592 743.96
655.83331 755.778
656.34058 730.945
660.82642 3666.74
661.33221 3572.43
661.82379 1538.13
662.32465 1143.95
669.83191 5976.64
670.33313 4612.13
670.83105 2210.05
677.40295 935.703
677.84503 1601.25
678.34076 1356.12
678.83972 1868.91
679.33997 1382.98
681.36853 3827.95
682.37030 1539.19
694.43463 9690.06
695.43805 3227.27
696.43420 831.082
704.35028 827.228
709.81427 2683.52
710.31561 2632.53
710.82074 813.508
712.44568 1352.15
713.36414 2939.78
713.86108 2309.07
714.36200 915.943
718.35431 1148.92
718.85480 998.755
719.36102 938.595
727.36322 5772.68
727.86743 3643.24
728.35870 1811.84
745.36499 8106.75
746.36414 2257.6
747.37042 834.328
756.32941 1243.83
761.88483 2222.24
762.39374 1369.38
773.35962 22280.7
774.36096 8316.08
775.36761 2047.59
776.35529 1530.88
776.85962 916.141
790.38745 2506.56
791.46503 1355.04
792.42664 3056.22
793.44055 888.303
809.46130 23085.7
810.47260 9351.68
811.48553 1678.11
816.39746 1357.12
827.46613 797.791
870.38141 1217.47
871.36456 1513.38
872.36743 765.476
888.38696 15243.5
889.39008 6607.88
890.38831 2177.59
902.49884 733.702
903.47266 847.781
907.44141 1371.19
909.49335 827.005
912.38928 755.639
913.41217 789.467
920.49347 6194.15
921.49194 4377.69
922.49402 1716.95
926.51575 2805.17
927.51202 964.409
938.50507 19054.7
939.50928 8989.49
940.50836 2681.84
945.40698 927.548
948.49158 848.131
957.40637 16849.6
958.40997 7761.45
959.40723 2941.62
975.41785 1646.84
1018.47534 751.114
1024.48853 1918.2
1036.48022 1298.65
1051.59021 1690.99
1052.56970 786.331
