1896.96892 2
110.07117 1839.41
112.08705 471.557
115.08660 403.69
116.07006 377.177
119.04908 190.971
120.08064 3494.86
121.08409 324.79
127.08678 533.745
129.06601 576.896
129.10217 2790.3
130.05031 266.138
130.06503 253.388
130.08601 462.214
130.09784 182.491
133.04321 273.25
136.06017 184.349
136.07565 7195.25
137.07863 396.818
139.08765 181.519
141.06555 200.774
141.10184 396.166
143.08150 225.862
143.11787 1352.27
147.11284 837.943
149.07430 1998.19
153.10252 185.75
155.08110 347.449
155.11708 218.188
157.09859 277.88
157.10736 255.824
157.13339 2161.18
158.09238 1300.87
159.07570 318.889
159.09140 1428.52
165.10164 224.419
167.08173 481.749
169.09717 655.598
169.13341 2032.31
170.13762 202.261
171.07544 195.173
171.11276 959.278
171.14847 195.478
172.11659 215.625
173.09195 251.499
173.12833 512.15
175.08990 852.079
175.11884 6272.79
176.12257 296.07
181.06075 214.321
181.09766 304.76
183.11313 413.099
183.14915 584.257
185.09196 976.899
185.12828 3895.8
185.16458 405.058
186.08595 184.801
186.13373 276.384
187.07123 275.364
187.08405 184.958
187.10728 232.433
187.14389 431.869
189.08661 206.302
195.07640 533.935
195.11227 198.136
197.12839 1593.53
198.08731 357.717
198.11945 192.022
199.07025 254.413
199.10785 593.403
199.14421 444.448
199.18073 475.523
200.13892 366.908
201.08665 345.994
201.12309 698.489
202.08141 297.571
203.08516 1247.23
203.11757 281.865
207.11223 598.953
209.10406 570.378
211.14392 817.951
212.10289 762.573
213.08688 1347.38
213.16034 401.362
214.11807 200.371
214.15356 237.383
215.10205 272.77
215.13863 897.21
216.09735 560.349
217.08238 505.729
217.13614 1002.82
218.15089 186.198
220.11082 254.397
221.12720 223.399
223.14201 299.407
225.10001 271.008
225.12302 284.027
226.08133 235.295
226.11856 1073.89
227.10275 775.504
227.17522 694.956
228.13441 574.591
230.07693 318.059
230.11305 989.527
231.11139 543.744
232.11316 212.408
233.09338 188.258
233.16464 363.215
234.14545 287.412
235.10674 563.059
238.11800 217.242
240.09749 1221.63
240.13344 385.667
241.08174 1383.68
242.14975 517.888
243.08014 739.608
243.13446 613.391
244.09488 359.266
244.16530 195.993
245.07744 279.672
245.13083 1005.99
247.10657 202.731
249.12318 979.887
251.12134 767.825
251.15341 233.461
253.19113 219.359
254.14970 2463.58
255.15376 362.144
256.12860 830.72
257.12375 373.206
258.10828 4122.16
258.14017 273.091
259.09192 496.049
259.10971 775.973
259.18008 204.523
260.10629 5287.24
261.10773 534.404
261.15884 618.753
263.14023 210.057
265.11798 1172.19
267.10797 214.005
268.16415 283.47
269.14734 289.722
270.10822 250.867
270.14377 398.89
271.14737 1157.03
271.17661 334.932
274.11948 269.482
276.13474 324.808
277.11765 2303.31
278.12140 409.639
279.11572 1967.17
282.14261 291.153
282.18207 241.408
283.14087 547.657
284.12036 221.716
284.15994 225.147
284.19821 210.647
285.11844 590.379
286.12375 251.001
287.17389 503.793
289.15408 230.561
293.11304 1522.82
294.14282 332.284
296.12210 386.218
296.16150 228.085
296.19894 227.781
297.15714 360.402
297.19135 1083.73
298.21222 294.494
299.17181 199.069
300.15262 276.256
301.13419 322.295
304.13034 380.808
305.16037 1354.4
306.16501 289.976
307.14023 251.368
309.15585 916.197
310.17715 295.23
310.21207 303.175
311.16934 204.57
312.15320 515.926
313.15820 265.768
313.18558 469.201
314.16998 250.928
316.12766 235.764
316.16861 1271.73
322.18680 1204.5
325.18665 2435.44
326.16635 301.756
326.19543 268.959
327.16611 1783.37
328.17007 258.644
329.14786 208.225
330.16318 280.762
331.14307 1433.51
332.19760 511.068
333.19638 1029.35
334.17468 383.456
341.18634 243.05
343.16763 359.711
344.12250 198.724
347.16641 795.936
348.15363 222.49
353.17963 316.991
354.11081 252.588
354.16208 593.84
355.16550 320.179
356.14008 301.137
358.21393 475.367
359.14456 224.152
361.15073 311.877
366.17731 360.257
367.15677 210.407
367.23181 467.818
371.13580 224.172
371.18994 446.273
371.24054 254.225
372.12149 636.804
372.19412 523.179
373.19067 523.91
377.18481 274.864
382.17883 357.644
384.20175 480.735
387.16498 1080.71
388.14886 2343.99
389.14905 3165.13
390.14868 1481.23
390.20111 546.69
391.15082 341.487
391.20517 203.413
392.19727 1838.58
393.20306 261.976
394.21014 540.17
398.20322 491.21
404.19492 281.275
405.17636 2876.77
406.17947 485.105
408.15747 1707.79
409.16052 285.788
409.21866 841.207
410.19348 248.305
410.27399 197.296
412.21967 1386.46
413.22198 348.716
415.15646 420.679
417.21600 213.17
422.23770 478.61
424.22159 219.683
425.21060 348.551
427.16736 203.347
427.20282 326.412
429.24069 254.507
431.18958 358.004
432.18805 754.075
433.19174 217.156
436.21902 221.994
437.21457 325.342
438.27124 620.6
440.25095 509.074
442.23404 275.963
443.19348 1667.7
444.19019 418.543
444.23358 646.705
450.20172 278.813
454.22955 211.867
457.21027 217.056
459.18369 223.483
460.18393 1289.08
461.17560 273.983
463.23386 549.189
464.24042 233.217
469.23538 402.585
470.23502 218.386
473.23987 384.081
474.24097 217.732
475.23761 384.126
476.21671 234.149
478.20612 222.515
479.22513 796.264
480.22516 317.762
481.23807 773.736
482.24426 365.689
485.24963 231.841
488.17624 263.632
496.25223 1254.87
497.25931 287.42
499.24957 572.223
499.33463 717.069
500.25632 331.824
501.23053 557.925
502.23447 397.787
503.23251 694.238
505.28516 253.692
508.21875 313.291
518.20935 652.551
519.18915 1729.64
520.19165 627.257
521.23969 657.7
522.24860 219.336
528.24744 394.459
536.21533 1220.46
537.21606 417.284
546.27502 236.215
547.26471 331.317
555.25775 214.659
556.23615 215.715
562.22986 525.897
563.23120 221.796
564.28076 204.722
567.28662 766.43
568.29199 433.958
572.27203 372.562
573.27020 1057.06
574.20905 259.344
574.28296 430.64
579.25269 236.316
582.28998 211.584
589.30554 333.363
590.21490 269.126
592.28180 357.483
594.32898 275.787
600.31268 204.602
604.27765 497.777
605.27728 234.263
607.28632 1050.99
608.29675 385.9
611.28723 387.474
618.32886 482.472
619.31964 269.62
621.30206 364.703
624.30927 2839.12
625.31232 871.622
626.31323 267.503
628.30872 526.528
629.32373 212.41
631.29144 269.739
632.27948 779.452
633.27319 308.575
646.32819 321.951
649.30548 364.841
650.31702 299.855
663.35004 430.841
664.33734 395.176
667.26172 263.941
675.31525 509.55
679.34448 280.4
687.30560 215.508
692.33813 868.729
693.34235 218.436
703.31647 334.876
704.31201 297.032
706.35620 387.305
720.33698 622.228
721.34149 315.794
723.38580 789.857
724.38367 578.449
738.28815 288.836
742.40717 221.333
760.40131 999.572
761.40533 415.482
778.40350 560.76
779.41443 235.084
785.39526 562.04
786.39154 424.882
790.42682 293.695
791.41260 225.503
802.42047 1914.96
803.40668 4484.94
804.40936 1957.69
805.41290 462.572
820.42993 20446
821.43365 10174.8
822.43622 2475.49
823.44464 308.302
825.45679 225.516
898.47522 241.686
915.50421 891.058
916.49371 1640.42
917.49194 829.367
933.51343 11004.7
934.52216 5975.34
935.52698 1394.27
936.53345 251.609
950.44727 376.751
951.42334 272.491
972.51447 640.972
1028.58911 397.06
1029.59497 377.853
1046.59912 7749.51
1047.59998 5194.42
1048.60510 1383.7
1049.47864 738.696
1050.49463 345.455
1070.48071 314.27
1159.62622 300.003
1160.64221 237.423
1162.57617 723.935
1163.57739 396.676
1177.63757 6011.18
1178.64355 4513.09
1179.64502 2083.84
1180.64587 369.27
1201.70007 224.118
1299.63123 954.529
1300.63025 570.203
1306.69287 393.448
1307.69739 217.271
1324.71069 4634.38
1325.70972 4388.17
1326.71130 2046.19
1327.71802 555.191
1370.66809 980.749
1371.67578 485.717
1372.66675 294.832
1435.74158 417.481
1436.73901 420.332
1437.73657 279.311
1453.75183 2313.71
1454.75452 2122.62
1455.75439 1161.22
1456.75220 355.327
1507.73730 522.651
1508.72815 373.015
1564.77002 395.795
1565.78174 219.087
1581.80542 458.143
1582.81226 583.504
1583.79834 297.258
1670.79346 301.654
1671.79468 220.912
