1986.98490 3
110.07113 2814.24
112.08701 1704.19
115.08596 560.205
120.08054 3069.98
129.10213 5821.49
130.06485 3212.77
130.08644 970.249
132.08051 1000.17
136.06189 614.568
136.07556 5181.06
147.11227 2063.3
157.10811 1169.25
158.09224 919.911
159.07628 761.307
159.09149 18268.5
160.09518 1646.26
166.06313 581.923
170.06024 1147.63
173.12822 3086.49
175.11880 6429.93
177.10226 797.529
183.11301 588.926
183.15063 573.726
185.16472 45672.9
186.16843 4210.77
187.08606 809.091
187.10712 603.932
187.14397 707.865
199.18019 1266.26
200.13878 1254.9
201.12308 2006.33
205.09622 673.932
213.15962 21854.1
214.16350 2390.61
215.13828 1319.55
228.13411 1069.76
243.13338 1226.99
244.09196 793.546
244.16536 585.727
251.14986 796.494
253.16635 580.8
255.10825 725.281
258.12698 794.555
265.13107 2074.48
271.15167 803.156
272.13556 2453.98
274.10345 629.789
284.10309 1254.73
289.16174 11874.3
290.16467 1184.65
293.12552 1645.22
301.13037 1094.08
306.14166 774.23
326.24286 3436.43
327.24634 605.958
352.75183 684.695
353.70343 1045.01
366.14206 663.752
372.16574 607.893
383.16479 667.126
383.27518 2335.76
388.21082 838.428
395.25858 1042.55
397.22195 1236.73
398.68967 1025.38
399.18182 1294.32
400.19339 6346.73
403.23721 1048.66
407.69568 2435.78
408.19397 952.159
416.20987 828.22
418.20447 7955.03
419.20615 2059.32
423.73108 1368.08
424.23499 898.101
428.18799 2001.57
432.73550 872.523
437.74847 918.973
445.78528 744.212
446.75021 671.463
459.77866 3673.77
460.27972 1553.77
473.26596 1218.04
482.27066 750.583
485.28873 1113.34
487.76587 605.04
494.29108 4703.42
494.79178 2191.3
495.29691 765.554
499.75952 795.025
503.29553 4728.18
503.79764 2154.53
504.29648 787.792
513.27875 2984.55
514.26404 838.337
515.81000 1487.67
516.31744 1093.96
520.33728 990.996
520.80383 769.909
524.81531 1467.77
525.31610 1096.44
525.77179 652.921
529.80786 4594.02
530.30841 3176.57
530.81158 868.331
531.28790 12971.2
532.28949 3308.03
534.27295 1331.98
538.81335 3294.65
539.31537 1634.77
539.80743 843.265
541.27484 1409.57
543.28320 849.882
553.95178 1106.75
554.28143 1156.47
554.61841 639.878
559.62543 1691.78
559.95813 1719.18
560.28821 667.82
566.30951 657.879
573.79187 1173.85
574.28918 1244.28
575.31268 693.175
577.35663 654.548
582.80017 1323.97
583.29816 1083.64
586.97668 1208.59
587.32245 726.478
592.64661 1312.94
592.98010 1752.4
593.31531 1976.88
595.42761 2652.3
596.43604 1036.53
596.64093 661.132
599.32251 1273.44
603.30353 775.957
605.33832 1013.2
608.85010 2048.58
609.35065 896.792
609.85742 1378.9
610.35089 1596.51
611.28522 1018.48
615.32654 695.316
617.85590 2108.49
618.35864 1481.44
618.66565 962.849
618.85626 672.501
622.84552 694.84
623.33936 735.935
624.34009 1338.59
624.67120 2765.19
625.00232 3337.51
625.33765 1794.91
627.31897 4567.13
628.30688 4671.92
629.31006 1392.39
630.34430 5148.45
630.67554 8322.26
631.00885 5951.74
631.34290 3162.53
631.85242 2018.06
632.35229 1657.19
632.84082 669.674
636.34729 2834.51
636.67871 1753.77
637.01898 1125.41
637.82318 736.072
638.29327 782.339
639.27356 689.115
645.33142 26827.8
646.33374 8612.55
647.33783 1738.62
647.79895 1783.5
648.29089 1196.1
655.31848 755.916
656.29987 2260.16
656.81042 691.629
657.29846 1403.59
662.32129 6866.02
663.31958 2274.38
663.41052 1424.01
664.41614 10899.5
666.37714 831.451
678.40735 997.845
679.87054 2039.83
680.36584 2949.63
680.87689 699.305
688.87646 3878.69
689.37659 4079.17
689.87958 1926.79
706.40149 2842.9
707.40796 850.651
716.36401 943.136
717.33795 2231.06
717.83435 1433.71
718.33203 662.341
725.84943 5813.7
726.34583 4093.02
726.85114 1887.77
727.34808 1082.74
731.33179 1030.09
732.48975 1853.51
733.37262 688.937
734.85583 3790.48
735.35712 2569.71
735.85669 1396.8
739.84656 3668.44
740.34930 3043.19
740.85059 1141.52
745.41455 961.346
745.91418 663.257
761.38013 1030.82
765.34991 818.892
768.39606 1124.02
768.90356 752.086
773.40900 993.76
773.88074 3284
774.38647 2128.4
774.88733 988.206
775.42096 1775.96
776.42700 775.478
782.39148 12378.3
782.89264 13150
783.39465 5997.99
783.89343 1724.72
787.38062 1345.97
787.87390 2853.38
788.37714 2547.88
788.87708 1460.44
789.49487 787.593
791.39728 8298.91
791.89948 6148.03
792.39337 2790.66
792.90350 837.311
793.43512 1301.71
796.38855 20630.3
796.89026 18389.9
797.38898 8716.66
797.89447 1930.01
801.43872 801.141
807.46405 728.038
809.91858 1035.65
813.40723 3290.05
814.39685 2424.05
815.46991 1015.8
816.45154 1365.87
816.92847 649.013
817.91840 649.136
818.43433 972.925
821.42096 1343.37
821.92078 1263.92
822.41040 1262.24
822.90125 723.211
823.93286 785.659
824.93475 3559.16
825.43701 2981.56
825.93756 1981.84
828.44409 648.953
829.92725 3600.31
830.42395 11533.8
830.92340 10041.2
831.41284 20453.5
831.92395 1181.73
832.41150 8299.04
833.41650 1974.16
836.47241 753.836
838.93268 55886.4
839.43390 57250.3
839.93488 31200.7
840.43549 9859.74
840.92987 1838.63
843.92859 828.231
844.42212 1817.63
844.93146 1036.13
845.42346 1259.79
846.44922 2194.68
847.44885 1392.06
847.93756 29334.6
848.43958 27819.6
848.94098 13439.8
849.44678 3767.46
852.93109 10305.3
853.43237 10238.7
853.93268 4624.63
854.43762 1607.39
864.47174 1589.11
865.47552 1042.97
871.44934 698.722
874.47479 1452.39
874.97089 934.867
879.48071 678.777
879.95886 2823.83
880.46246 2155.98
880.96118 1550.31
884.45410 805.024
885.44489 917.131
887.92633 1274.81
888.46887 12783.4
888.96954 13274.4
889.46893 7362.11
889.97339 2954.91
893.45221 1151.08
893.95642 2986.43
894.45380 1971.85
894.95190 755.089
897.47461 5319.81
897.97601 5667.82
898.47589 3602.16
898.97583 754.605
900.54529 736.428
902.46265 23464
902.96613 21672.2
903.46405 12477.1
903.96790 3261.15
904.46399 1208.95
912.41028 693.87
918.54889 2343.13
919.55914 706.085
937.57678 733.346
938.44440 674.166
954.50317 842.096
955.50226 727.206
971.46802 2125.17
972.46246 1420.2
973.52185 2098.6
974.52283 1115.53
987.57758 2184.34
988.57330 1263.33
989.47656 4890.31
990.48627 3300.04
991.49640 1596.97
999.43823 1736.51
1030.61157 1853.96
1031.61853 847.204
1048.62134 2149.56
1049.63843 1127.47
1058.60986 6088.24
1059.61389 3530.08
1060.61877 1120.78
1076.62061 5953.32
1077.62769 3475.52
1078.62585 1240.9
1100.50769 1945.76
1101.51514 1226.16
1146.58398 928.799
1147.55896 677.778
1157.53125 2512.27
1158.53564 1164.34
1164.58911 847.74
1175.54358 1904.64
1176.53320 1163.57
1218.58496 1613.97
1219.59143 1074.46
1262.70544 898.328
1263.69910 733.535
1294.59326 1352.36
1295.58630 1676.21
1312.60547 1718.14
1313.59766 1362.52
1388.71545 694.104
1406.71741 713.77
1520.76111 642.858
1537.78711 905.103
1538.78870 900.913
