2996.44315 3
110.07116 371.251
120.08050 5138.02
121.08392 403.124
129.10222 1410.49
133.04251 366.974
136.07558 1351.48
147.11298 562.141
158.09206 452.301
159.09140 600.084
173.09174 660.978
175.11905 1820.47
185.16505 585.372
187.14400 757.222
191.11761 708.724
197.12822 2303.33
201.12239 491.842
212.10251 630.152
213.15924 869.39
215.11360 621.768
215.13876 2007.79
219.11285 1473.23
219.14832 892.209
226.11858 2863.46
228.13461 660.525
229.11800 359.229
230.07669 704.359
232.14006 3282.4
233.16473 750.576
234.12358 566.534
241.08098 597.929
243.13348 781.351
244.09355 496.046
244.16519 341.279
245.07594 987.152
247.14362 911.548
259.09232 585.846
261.15866 550.142
262.11911 388.727
268.16507 5560.37
269.16806 889.229
275.13934 474.472
286.17575 2492.67
296.19614 601.898
302.14963 419.702
304.13129 362.205
314.20709 450.571
318.17990 1116.08
320.16006 5781.11
321.16458 846.933
327.12982 1677.39
339.20154 1093.27
340.22440 363.437
341.10831 731.482
355.12662 516.634
359.11853 1047.53
362.18042 588.844
367.23233 976.53
375.20270 960.88
379.20804 1451.93
384.15195 928.212
385.24072 695.167
390.19592 433.487
391.23334 1402.49
401.21857 1283.02
405.24930 4436.37
406.25217 912.667
415.23752 402.468
419.22925 6705.24
420.23300 1753.94
431.26584 453.742
433.24402 4569.04
434.24713 1273.87
436.22980 9282.03
437.23254 2146.94
443.26346 614.506
453.16260 501.851
458.18246 358.227
458.30814 1196.36
468.24643 1374.28
470.14996 1328.58
471.12851 355.9
487.29111 779.577
488.15976 944.143
488.29010 425.055
490.23752 567.718
504.31720 2468.35
505.32114 827.223
507.26678 14351.7
508.26953 3957.29
509.27243 555.344
514.30371 1818.72
515.30176 710.824
516.18829 773.739
527.15613 482.998
532.31195 4512.52
533.31604 1445.69
544.17999 1810.88
545.18823 514.77
566.25714 641.144
567.31488 792.333
573.33893 599.593
586.32117 1484.99
592.24927 368.88
599.19202 451.539
600.17889 379.255
606.33502 9121.78
607.33765 2877.03
608.34436 361.112
617.20349 629.26
629.26813 932.006
630.27698 402.202
640.23785 463.148
657.26581 2331.68
658.27155 554.853
668.36023 362.369
672.40167 1093.59
687.37122 385.914
716.27545 399.479
719.41901 11703
720.42249 5039.7
721.42389 966.215
726.27612 945.879
743.31238 621.577
754.27911 1909.98
755.28320 611.459
771.30780 4953.17
772.30939 2200.3
773.30835 841.194
787.43726 485.897
818.48730 5666.72
819.49310 2332.1
820.49786 482.046
870.37000 522.051
873.36243 421.788
875.43121 1037.71
876.41400 442.323
890.38110 1356.74
891.40051 603.507
900.38794 716.142
900.49457 734.632
901.35229 1725.6
902.34497 743.325
913.98560 448.286
918.37628 5450.71
919.37878 2573.96
920.37512 876.126
922.49030 1258.58
929.52118 944.733
947.53113 4934.48
948.53284 2843.54
949.54291 515.422
967.45374 973.313
967.78162 843.072
968.42950 439.146
986.43555 820.975
987.43719 381.431
988.51862 501.533
998.57495 409.89
999.52338 1816.34
999.99768 485.752
1000.48792 1233.13
1000.64331 1601.39
1001.01355 1420.78
1001.47144 1052.97
1003.46295 704.214
1004.45514 386.771
1014.43884 1189.03
1015.43262 673.223
1017.44763 798.564
1018.43750 452.961
1029.55969 806.476
1031.46167 1766.76
1032.46228 996.942
1033.45264 496.327
1062.55750 3426.96
1063.56055 1983.91
1064.56006 677.276
1075.48853 919.908
1076.49072 498.652
1099.49878 440.58
1114.57043 677.671
1143.48218 678.534
1150.01331 402.807
1159.57605 797.861
1160.49512 1123.02
1161.50146 1005.77
1176.60461 6033.52
1177.60571 3792.97
1178.60327 1259.33
1188.58972 474.72
1189.56592 459.119
1224.55969 392.613
1225.07349 560.701
1225.57373 524.455
1233.06592 745.346
1233.56946 925.949
1234.07666 847.842
1234.56335 441.872
1277.67212 3028.81
1278.67200 689.734
1287.63672 736.296
1288.62891 1425.43
1289.60706 575.379
1290.55408 472.813
1302.61389 1190.54
1303.63916 644.902
1305.64233 5203.23
1306.64331 3401.44
1307.64966 1426.54
1313.09229 618.073
1313.59131 651.923
1314.08777 395.142
1374.54004 472.017
1376.74976 1267.06
1377.75391 452.071
1398.66187 456.076
1399.65674 603.176
1403.58472 519.536
1416.68018 1473.63
1417.66968 2011.07
1418.66943 1102.91
1434.68799 8929.02
1435.68933 6999.76
1436.68823 2555.89
1437.70105 823.031
1445.64954 482.877
1449.68958 1058.38
1450.68384 843.432
1451.69263 434.645
1505.78308 1762.58
1506.80737 582.233
1518.61475 786.65
1519.61108 634.906
1520.60754 447.364
1530.74524 572.207
1531.72388 506.143
1532.71655 394.248
1547.76978 2641.26
1548.77124 2277.46
1549.77405 1207.23
1618.86523 1157.82
1619.90576 427.938
1630.63196 425.038
1647.64551 608.953
1648.66064 591.542
1677.80432 398.932
1694.83862 1186.23
1695.84924 1200.27
1696.84070 593.184
1808.86682 606.405
1809.86951 1127.99
