1610.82383 3
110.07119 7211.53
111.07438 411.536
112.08677 826.659
115.08660 632.649
127.08668 652.953
129.10231 12038.1
130.05002 406.892
130.08624 5262.1
130.10529 856.789
131.08969 416.118
136.06169 2348.46
136.07576 1772.03
147.11287 10930.6
148.11642 583.611
149.04454 469.604
155.08141 2457.56
159.07634 952.05
159.11264 628.441
166.06131 315.963
167.08217 318.563
171.14958 391.624
173.09209 5672.13
174.09496 380.882
175.11887 3261.58
185.16505 1277.78
187.07121 985.933
187.10759 526.73
187.14413 837.667
197.12793 434.772
198.12392 664.546
199.10591 405.018
199.14424 465.873
201.08716 3035.1
204.13440 410.264
209.13974 857.88
211.64099 586.615
212.14040 328.239
213.16006 596.955
215.13895 1457.07
216.13312 492.029
225.63754 1449.93
226.11862 2246.38
226.15250 570.267
227.10411 519.775
234.14453 1836.77
237.13448 2254.95
242.18645 2136.63
243.13422 561.855
243.17178 386.886
244.16402 355.165
255.14461 626.78
258.10782 1086.65
260.14835 5576.92
260.19672 10791.1
260.64978 1087.35
261.19992 1286.81
269.16098 769.802
271.18805 807.851
272.17120 727.888
283.17633 365.535
288.65909 816.561
291.16507 658.871
298.10349 366.732
299.06207 1303.66
300.06204 1217.86
301.05856 718.127
303.66772 418.164
309.13608 558.411
312.04999 568.507
313.20966 1158.48
318.19330 392.483
324.17776 872.11
332.17819 642.018
332.68515 387.148
336.20303 2083.15
338.18076 377.573
338.69135 638.808
343.18149 1165.08
343.51669 659.57
347.73141 375.416
349.20505 462.436
352.16714 407.132
352.51297 6122.3
352.68884 848.55
352.84695 3768.57
353.18027 1402.83
355.16174 443.238
358.51648 1495.91
358.68878 2693.49
358.85156 631.321
359.19052 810.08
359.26517 3755.47
360.26852 626.567
362.24072 913.955
367.69333 815.113
369.22452 1960.21
370.23294 387.704
375.84033 3236.98
376.17459 1745.16
376.24985 1033.78
376.53036 810.629
376.75140 460.322
379.50525 339.478
383.21463 521.85
385.17166 15340.2
385.50571 9502.88
385.84711 2328.66
385.87042 2981.64
386.20465 1123.01
387.15262 447.598
387.67871 386.89
391.53915 851.62
391.87259 743.661
401.68283 659.918
402.18607 457.256
402.28256 378.594
406.19073 454.023
407.67664 1348.63
408.17929 449.638
408.86349 1506.86
409.22821 2201.23
409.56393 1175.55
410.20212 6698.9
410.70370 2703.1
411.20377 732.77
416.03754 634.069
416.29312 343.175
417.03436 385.942
418.19470 5665.76
418.52338 2416.45
418.56448 2516.88
418.89499 1971.29
419.20276 1602.69
419.70755 631.972
424.56421 411.404
424.89774 645.438
425.78534 653.407
426.28632 480.159
435.27136 676.088
436.21585 350.777
437.22464 385.173
439.25607 1038.3
439.75668 468.635
440.26404 818.554
441.88547 1691.65
442.21967 731.583
445.74136 624.658
450.21664 841.735
450.67865 511.689
451.21896 2310.63
451.55151 1428.61
453.23956 518.577
456.25491 562.23
456.58774 440.826
458.33469 945.304
459.19043 7308.22
459.73132 3745.32
460.23752 2050.73
460.73981 625.183
462.25739 650.928
462.59128 518.261
465.58865 770.574
465.91833 1867.22
466.25104 1211.88
466.58401 627.388
466.91486 375.067
468.74146 748.339
471.59268 5105.02
471.92587 5480.68
472.25656 2159.52
472.59329 1659.43
472.92795 1177.67
473.25281 426.392
477.59451 3487.94
477.92850 2995.08
478.26880 1215.24
478.59705 583.791
478.93228 436.298
484.19894 420.182
487.76068 548.977
488.23486 2635.97
488.73727 1648.94
489.23984 1969.51
489.75198 685.928
492.63797 407.46
493.26740 452.7
493.60803 620.649
494.72534 1663.3
495.22467 578.287
496.25021 580.259
497.24921 467.452
498.25232 498.567
498.57687 504.556
498.74258 418.263
498.95273 1539.71
499.28381 3659.88
499.61774 2657.19
499.75363 681.954
499.95013 1002.37
501.26239 1436.18
501.76443 1464.13
502.26614 667.133
504.25262 2943.54
504.58212 2287.14
504.63461 374.888
504.95514 24330.6
505.29025 19981.7
505.54590 412.385
505.62439 9455.96
505.75677 1702.5
505.95895 2386.67
506.27252 1498.53
506.76431 519.808
508.72427 8753.32
509.22482 3646.01
509.72720 1119.92
510.25565 555.833
510.57950 398.227
510.95837 6081.89
511.29395 4656.96
511.62875 2116.31
511.96552 361.891
514.26788 6599.59
514.76929 3749.41
515.27148 1134.71
515.36591 1087.09
519.24890 651.636
519.30981 525.134
519.75250 2578.79
520.25360 1287.32
521.21375 432.701
523.27344 838.372
523.77563 619.444
528.26532 25531.2
528.76654 14242.6
529.26837 4380.61
529.66565 622.503
529.77606 788.285
531.61334 394.209
531.94055 1062.41
532.28461 434.621
536.29968 759.152
536.66089 863.932
536.77509 394.655
537.21002 1231.99
537.27368 3506.06
537.33398 1566.74
537.61414 6117.96
537.77228 2380.64
537.94873 5794.76
538.21063 402.723
538.28088 2584.62
538.62189 670.444
538.76074 443.274
545.28448 888.923
548.34869 430.506
549.28497 413.032
553.22302 490.247
553.79755 584.64
554.30823 674.892
554.73944 1024.49
555.23987 806.479
555.81122 387.207
562.80029 6474.22
563.25085 7281.83
563.31366 3686.45
563.74548 3125.6
563.80823 7642.63
564.30750 4321.69
564.80859 1522.99
568.24805 866.718
568.73981 1657
568.80841 514.859
569.22595 625.686
569.29456 1841.13
569.79675 930.952
570.19757 661.141
570.29596 448.166
571.80438 651.688
572.37354 1393.65
572.80957 1004.71
573.31384 849.251
577.25366 24734.3
577.74146 9983.15
577.81238 10846.7
577.98053 423.189
578.23920 2952.06
578.30804 7106.73
578.72668 387.578
578.80701 2559.46
579.19788 1316.76
579.30536 595.773
579.69720 412.888
583.27643 418.959
583.97345 609.032
586.80499 2277.09
587.30573 1176.89
594.26721 439.996
595.39038 888.15
600.83191 416.909
604.27911 450.951
605.33984 377.919
606.33069 792.323
607.33362 410.289
608.31860 440.75
611.78900 2722.61
612.28986 2407.32
612.79108 4514.19
613.26544 1084.59
613.34766 3544.64
613.75940 423.118
613.84558 2286.53
614.43311 2155.74
615.43683 781.232
616.29370 707.644
616.79071 709.871
617.30286 416.05
617.78528 488.214
618.26312 642.558
618.34436 496.908
618.82623 1767.68
619.32825 742.688
619.82593 511.541
622.33655 596.617
622.64441 726.45
626.78705 6629.54
627.25159 1667.1
627.34076 10857.5
627.73334 673.323
627.83832 7912.12
628.20532 557.27
628.33716 3662.06
628.83630 1098.8
629.33472 827.405
636.34222 2013.36
636.71338 1445.19
636.84235 1399.59
637.21741 620.151
637.34204 688.071
641.39825 586.32
646.28503 682.213
649.81390 509.725
655.83264 696.28
656.34070 423.306
662.32324 563.025
663.29016 1364.92
663.37390 608.905
667.81317 465.197
668.32153 370.781
669.87866 1518.4
670.38080 864.474
670.87817 425.803
675.37415 428.82
676.32080 2680.86
676.82196 1923.66
677.32544 847.861
678.36401 369.611
678.88068 560.851
679.38562 497.999
683.22150 786.032
683.87573 3692.87
684.37683 2833.1
684.87634 1319.09
690.32922 562.725
692.22772 2002.53
692.38995 453.963
692.72858 1182.45
692.88269 2596.61
693.38385 1991.62
693.88666 1027.33
694.45941 1057.83
697.39935 3666.35
698.39587 1331.83
701.23627 963.127
701.73126 866.112
705.32867 508.134
732.87439 544.374
733.36780 421.54
735.37732 648.316
747.33807 1839.46
748.33746 396.663
750.38641 509.391
751.47089 637.991
762.36163 833.737
763.36432 990.327
766.42181 571.265
770.43994 570.347
802.36652 684.762
807.40680 899.644
808.41638 743.662
809.49817 481.264
819.39502 1325.14
820.39075 597.029
860.42865 1542.19
861.43787 409.93
881.48053 435.635
891.44897 613.14
899.48669 1409.26
900.48743 761.686
901.44495 430.354
902.44666 418.697
904.46295 951.341
905.47693 547.99
917.37201 1793.8
918.35657 649.924
961.47119 834.517
994.56970 786.752
995.57721 507.501
997.46619 406.997
998.48187 499.109
1010.51337 369.528
1016.44421 1463.09
1017.44733 812.485
1027.55078 445.104
1124.59070 664.078
1222.57324 381.981
