1763.94277 4
110.07110 690.886
120.08066 319.491
127.05000 632.514
129.10194 2074.92
130.08607 940.854
133.08554 700.4
136.06183 436.076
147.11255 1498.32
155.04535 664.97
169.13330 4264.1
171.11279 483.108
172.07132 2672.13
184.13318 446.567
185.16460 15511.1
186.12334 764.199
186.16838 1458.49
187.08954 2136.34
199.18021 6322.27
200.18321 654.309
204.13412 5415.68
205.13849 357.386
210.08713 676.884
213.15955 9484.03
214.16333 1021.83
217.13646 9043.3
218.09541 350.894
218.13962 903.422
227.17525 4350.78
228.17892 714.844
235.09293 2598.79
237.19597 715.372
240.13457 454.167
245.13135 4159.26
246.09004 705.27
246.13638 478.273
251.14903 1812.61
258.09018 831.648
263.08777 886.927
265.19040 1456.99
275.12411 661.489
279.16928 511.677
284.19766 714.415
285.15518 3609.02
286.08514 1781.53
291.19339 954.568
296.17130 726.752
297.12723 483.584
299.17737 824.292
303.11139 3775.73
304.11441 349.088
307.15939 327.688
307.68808 1123.06
314.13489 704.663
317.21771 3028.6
318.22070 495.279
320.10858 341.869
321.68518 566.649
322.20688 369.979
323.17056 366.596
324.68173 2185.53
325.18274 532.152
326.12735 747.26
326.18201 402.142
326.24301 446.96
332.14584 1217.81
334.70700 481.833
340.19711 1876.1
341.84570 405.707
344.19965 2638.33
353.21777 1864.21
354.22058 321.865
358.21527 555.832
359.17453 834.88
370.24417 1427.81
371.17358 3599.49
372.17462 549.636
381.19257 895.416
381.69815 434.667
388.20123 2231.54
389.19934 387.11
390.20190 7542.81
390.70355 2900.5
391.20306 692.738
398.23914 9862.08
399.16916 3747.69
399.24200 2461.08
400.17126 849.392
411.29227 477.345
416.19562 5809.28
417.19876 1132.2
424.25558 427.342
429.17252 612.787
435.19147 954.498
436.25760 1907.84
437.26230 463.662
438.20328 540.016
441.14212 411.821
441.24530 2204.39
441.28580 627.37
441.76859 1096.9
442.16193 413.887
442.23544 476.799
442.28345 1513.59
442.77707 605.493
445.22940 1599.04
446.71689 2423.11
447.21774 1491.35
447.71606 612.549
453.28122 6258.37
454.27774 6992.12
455.28055 1716.79
455.72171 17119.8
456.22327 8298.15
456.72238 3344.11
457.17191 903.017
457.21796 928.211
463.18646 1705.16
466.29816 366.491
477.82388 356.084
484.25766 4644.81
485.25894 980.367
498.23630 532.236
501.28412 3884.89
502.29333 1015.02
503.25513 1730.29
503.75882 842.709
504.25986 386.651
511.27463 551.327
512.26013 16780.8
512.76471 6033.91
513.26141 4444.74
513.76477 674.395
514.25262 610.38
515.26367 558.797
529.27887 14639.1
530.28229 3674.91
531.27954 1073.7
542.25775 532.942
548.27594 586.082
552.79279 1456.06
553.29431 981.715
556.29010 336.06
561.79785 9441.13
562.29938 5987.88
562.79871 3087.52
563.29810 1047.12
566.23242 1285.82
566.35876 405.939
567.23798 516.643
570.25262 459.245
576.27020 2592.76
577.27185 816.837
583.32330 617.222
591.33582 2875.86
592.33832 722.324
594.22595 2688.23
595.23077 928.271
597.34204 1886.73
598.34363 511.076
611.32178 920.03
612.32306 434.454
613.32098 1044.76
614.37830 927.427
618.34027 1222.45
618.84247 1133.1
619.34320 368.089
625.33759 2651.89
626.34149 1021.34
627.33960 359.018
628.34393 652.939
630.34839 1179.43
631.35449 412.521
633.29016 721.764
634.29187 362.382
641.32666 444.845
642.36432 2502.86
643.36584 728.382
648.35583 12530.8
649.35944 3991.12
650.36224 975.243
651.30115 532.725
669.32007 638.374
679.31335 1500.46
680.32373 562.227
683.85901 452.116
684.35577 428.251
689.28638 337.528
696.41095 543.002
699.39880 458.55
707.30951 4614.71
708.31189 1553.13
709.30823 660.738
724.40491 931.554
741.43701 742.082
761.38763 2094.02
762.38855 853.621
764.33441 1142.88
765.33551 623.391
778.38202 525.648
779.39661 17604.9
780.39899 7357.96
781.39746 2179.62
782.32520 803.95
783.33704 403.149
806.37885 1058.18
807.37195 409.121
820.39227 1169.85
821.39136 528.156
877.41077 623.681
892.42639 2437.41
893.42749 967.515
894.43073 354.187
895.42395 642.924
910.43701 19102.8
911.43927 8860.2
912.43762 3979.51
913.44293 859.128
919.46210 1119.28
920.46600 576.587
976.47449 461.039
1023.52057 2695.8
1024.52002 1607.92
1025.52698 466.02
1122.58606 1043.19
1123.59900 439.47
