1739.74272 2
110.07120 6707.2
111.07429 340.755
112.08687 310.012
115.08656 425.286
120.08075 5708.11
121.08418 510.071
127.08647 444.77
129.06584 352.083
129.10226 2450.34
130.06505 424.714
130.08614 611.847
133.04300 2053.01
136.07574 2003.27
137.07849 206.488
140.08276 191.033
141.10172 304.758
143.11786 399.273
147.11276 1103.8
155.08192 613.055
155.11761 400.788
156.07597 306.393
157.09761 358.225
158.09218 549.333
159.07640 283.178
159.09160 1703.51
159.11198 198.72
166.06078 335.378
166.08653 1083.91
167.08398 577.051
169.09720 634.898
169.13379 552.841
171.07660 329.686
171.11253 416.396
171.14932 1349.69
173.12830 1463.02
175.11897 1948.78
177.10104 321.881
179.09244 323.094
183.11287 526.586
183.14941 417.582
185.05560 467.147
185.09204 488.383
185.12872 217.079
185.16489 5377.09
186.08705 606.897
186.12340 563.024
186.16858 743.896
187.07120 287.174
187.10767 300.73
187.14455 221.116
189.08604 286.725
193.09677 205.958
195.08745 702.308
195.11288 203.709
197.10297 266.939
197.12866 634.448
198.08812 190.573
199.07207 448.557
199.10753 391.85
199.14429 1022.79
200.13762 239.302
201.12338 1735.18
205.09714 456.802
207.08798 665.502
207.11243 336.356
210.02573 260.493
211.11922 1551.25
211.14351 271.773
213.08698 319.979
213.15982 7140.83
214.16403 983.656
215.10284 525.343
215.13899 847.455
216.09801 222.696
217.08289 596.46
218.05962 201.233
218.15033 190.036
223.15559 412.712
225.09831 1718.14
225.12122 192.433
226.11821 676.819
227.06691 252.487
227.10153 420.656
228.14641 1146.16
229.11520 512.583
229.13538 205.807
230.06042 336.785
230.09583 349.074
231.09857 330.043
233.09398 233.507
233.16505 318.576
235.10431 552.779
235.12291 404.693
237.13548 281.016
240.09708 235.964
240.13432 774.253
241.08110 382.334
242.11264 292.798
242.15044 367.9
243.13281 430.192
244.09303 450.449
244.12837 218.493
245.07707 1037.43
246.12529 303.557
246.15775 218.032
246.18059 292.703
248.06937 328.572
249.10231 202.11
249.12204 253.57
251.15070 466.569
252.13463 231.134
253.09338 195.415
254.14847 217.301
255.14560 1060.88
256.12640 217.016
258.05627 205.642
258.09085 612.706
258.14163 295.402
259.03818 435.327
259.09048 345.091
261.09048 294.256
261.15814 292.904
263.10165 377.861
266.13083 219.699
267.20544 250.568
270.10764 238.51
270.14435 488.292
272.17285 1112.83
274.12076 653.508
276.06461 4069.09
276.13315 245.329
277.06818 383.65
278.06122 200.383
278.11111 218.994
279.17020 593.346
281.11041 279.493
283.14359 309.116
288.13574 520.978
288.20050 254.091
289.13562 253.2
290.16190 308.775
297.15536 280.944
298.14017 385.347
307.14386 1089.74
311.17075 353.402
312.15356 245.487
312.22781 1213.68
313.23096 238.485
314.17038 890.229
315.11209 899
320.17252 348.09
326.18295 219.548
328.18655 204.888
329.19354 760.021
330.12817 314.748
334.18860 392.381
338.18188 478.217
341.18381 199.878
343.20770 403.773
350.13245 243.453
352.16138 336.723
355.16208 391.396
357.18802 834.718
358.15854 268.562
361.15442 452.376
362.17609 218.638
366.20273 788.852
366.70093 312.82
368.22803 241.869
375.17816 298.139
376.18784 240.098
377.11044 411.512
380.19818 2080.79
380.70148 568.035
386.18250 234.068
387.09720 579.642
389.15054 569.358
389.20801 596.976
389.70703 230.61
393.18515 228.255
400.70877 226.152
401.20514 290.802
403.20334 326.642
404.19565 2181.91
405.10721 3865.66
405.20004 404.919
405.70267 214.524
406.11166 513.581
407.19318 337.47
409.71677 573.283
414.70947 2868.28
415.18356 1560.07
415.22461 472.302
415.68591 570.414
416.19550 325.526
418.72101 224.246
421.21713 409.163
423.71448 3613.09
424.21667 1627.62
424.71762 418.2
426.20914 7791.25
427.21417 1517.36
428.22348 249.634
429.18631 4023.51
429.68759 1377.76
430.19150 360.633
432.71915 1011.94
433.21265 449.25
438.19839 242.329
443.20731 260.707
444.21780 462.32
449.69846 755.369
450.19604 674.888
457.25232 820.112
457.75543 345.426
458.70459 670.242
459.20770 348.075
461.21753 3450.74
462.21771 784.506
463.69754 5197.71
464.19879 2117.92
464.69989 446.336
466.25961 816.021
466.76160 407.329
471.25217 886.025
471.75299 436.958
472.18112 342.179
472.70300 2990.65
473.20395 1585.54
473.70480 468.623
475.14178 225.843
475.25992 328.176
476.17978 534.945
479.26947 279.651
480.25397 565.138
480.75684 339.279
483.21951 238.984
490.19354 259.245
493.26648 240.089
496.18707 280.599
498.21320 355.512
500.18573 258.703
504.23486 253.645
506.23608 817.707
506.74435 321.237
515.24548 1207.35
515.74719 495.666
516.29626 214.266
518.18976 739.152
520.24103 839.564
520.74011 456.476
522.22607 271.667
523.26349 417.654
524.18549 1526.71
525.19159 248.204
529.24255 385.949
530.23877 291.772
546.27411 486.499
546.77570 253.83
560.27191 655.687
560.77362 357.426
563.75537 362.338
572.27899 458.949
572.78491 292.77
581.78064 218.13
587.26428 211.223
588.20905 207.647
594.33655 3233.18
595.21320 310.458
595.33984 934.75
600.76263 314.037
601.26709 293.602
603.37177 266.09
604.21796 394.33
605.22363 457.948
608.77972 838.431
609.27466 829.383
609.77002 341.751
611.31738 382.989
612.34637 777.528
613.23932 1627.62
614.23871 489.429
617.78455 3544.05
618.28613 2354.35
618.78589 854.08
619.28314 307.358
621.24707 2649.77
622.32831 3585.38
623.33215 1173.93
626.79077 977.438
627.29254 688.366
627.79553 294.303
640.34521 1019.36
641.34265 509.168
654.37311 211.69
657.76398 494.531
666.77209 1708.28
667.27448 1145.79
667.77545 403.012
668.30780 528.611
668.81543 261.819
673.29675 272.08
682.30487 863.955
682.80499 488.689
683.31238 259.239
690.39508 539.661
691.31732 449.17
692.31183 2282.95
693.31409 764.036
700.34607 234.762
709.28827 279.387
714.28400 345.992
714.36597 363.517
715.40131 237.157
717.37103 239.52
720.30597 3049.21
721.30896 1206.62
722.30621 397.787
724.26593 227.959
731.39502 1920.88
732.39697 749.098
733.41064 221.277
742.28448 742.834
743.36420 361.153
749.40253 622.909
750.40753 303.047
759.38922 2673.08
760.39301 1034.01
761.43658 792.723
762.43976 272.272
772.39545 514.21
772.89978 315.093
777.40198 1259.38
778.40881 475.225
801.39844 353.549
807.31952 1089.39
808.32391 734.778
809.35498 676.745
810.34906 311.063
811.36902 225.914
818.43170 469.267
819.43335 275.446
825.41357 695.615
827.37439 227.783
828.41138 1067.42
829.38843 707.287
836.44147 222.826
846.42249 1160.47
847.42395 585.32
848.46387 2214.75
849.46698 881.152
857.36523 1102.46
858.35632 441.107
864.43353 446.496
908.37372 741.555
909.36652 573.993
910.38574 345.953
913.51184 275.127
923.38458 665.527
926.38611 830.265
927.36835 474.033
931.51172 1609.9
932.51483 778.531
933.52228 259.905
938.38202 264.023
941.50323 239.214
949.52100 593.796
950.52271 342.039
959.50616 784.173
960.50665 380.824
977.52332 361.384
979.40063 335.475
980.40082 372.149
985.52979 581.123
986.52325 332.136
1007.41498 227.19
1009.56989 229.329
1023.54956 221.968
1024.53394 347.228
1028.59546 226.096
1029.48291 231.831
1039.46521 216.241
1042.54297 1428.76
1043.54675 719.667
1044.54163 323.982
1066.42810 468.73
1067.43213 363.439
1117.56787 315.335
1155.62195 411.715
1156.64355 361.655
1213.49670 253.242
1214.51746 266.795
1217.54846 231.256
1234.56470 929.387
1235.56555 626.439
1236.57849 341.052
1242.66321 215.592
1252.56848 469.657
1253.57410 361.459
1254.57703 226.256
1299.68347 533.667
1300.69751 334.251
1328.53540 271.281
1329.54358 340.319
1335.60132 256.686
1336.60327 280.014
1337.63806 312.575
1363.61829 261.601
1503.77710 286.411
1504.78101 280.307
1574.81653 336.746
1575.81030 222.97
