1379.64219 3
110.07117 525.684
112.08671 1731.71
115.08592 221.281
129.10222 850.758
129.11371 381.417
136.06158 278.655
139.09738 416.607
157.10802 385.316
158.09190 181.565
175.11873 1852.87
181.09637 231.336
195.11284 434.564
205.14105 338.208
212.13995 266.493
212.64758 230.347
213.12276 221.912
213.65613 355.894
214.14761 1862.38
214.64928 338.678
226.15373 349.462
226.64526 475.474
233.64159 701.403
234.14285 297.588
235.15875 2903.95
235.66182 672.86
239.65312 704.223
244.16431 556.602
247.61450 199.303
247.67418 224.888
248.65799 469.311
254.16148 385.968
255.14453 708.771
260.66449 368.525
261.15594 2171
261.65787 501.951
263.66882 283.081
269.66940 4945.46
270.17206 1108.79
271.18723 502.77
272.17126 1115.41
272.49518 361.019
272.80713 209.395
275.14200 248.813
278.49893 228.276
278.67349 221.548
287.68503 184.54
295.82294 259.705
296.17206 233.188
305.15457 312.33
309.19162 506.946
309.65292 677.501
310.14584 872.607
310.64471 233.141
311.69254 306.409
313.20868 763.384
318.19608 250.498
318.65829 300.276
327.20132 278.391
330.65189 412.125
338.70322 479.693
339.20236 246.645
342.19461 247.754
342.68976 282.325
347.70895 516.735
349.68423 1353.15
350.18542 594.802
351.20050 2496.51
351.70135 805.325
352.19708 1079.66
352.53275 217.722
353.20129 236.493
359.71439 4211.86
360.20871 2171.11
360.70905 677.401
367.18427 270.688
368.71960 6034.55
369.22226 4253.12
369.72330 309.171
370.22723 434.579
372.67303 197.119
375.22440 363.44
375.55295 581.303
375.88843 293.272
379.17963 618.897
380.89169 220.524
381.22781 2581.13
381.56030 1718.91
381.89465 915.188
382.23273 248.684
383.55728 599.067
383.88565 1363.52
384.21988 690.145
384.55078 201.472
385.22498 259.081
385.55936 396.037
385.89993 342.866
386.56400 241.765
386.70822 199.932
386.89542 321.684
387.23160 2271.81
387.56613 1536.01
387.69006 535.602
387.90076 546.603
389.23114 963.142
389.55969 5651.06
389.89355 3731.59
390.22906 1129.36
390.56210 469.231
391.18375 348.918
391.23566 285.535
391.56793 291.618
391.67874 495.169
393.23727 241.206
394.70267 493.502
395.23499 12188.4
395.56580 13574.4
395.71616 210.411
395.89886 6519.73
396.23499 1763.25
396.56537 240.111
399.20813 213.426
399.69705 534.867
400.18906 4491.41
400.69052 1754.33
401.23825 16399.4
401.57227 10292.5
401.90622 4026.03
402.24081 869.473
402.53867 223.003
407.24307 1380.65
407.58054 525.258
407.87872 545.077
407.91620 250.777
408.21243 981.237
408.55469 689.854
408.70227 23527.7
408.86920 275.53
409.20346 9455.41
409.70532 2018.76
410.20844 277.622
412.21848 224.015
413.21915 498.842
413.55099 517.037
413.88611 2701.37
414.22031 1621.44
414.55389 484.687
416.21460 924.496
416.54593 1282.42
416.87692 770.636
417.21225 211.293
417.70999 313.451
417.89041 481.268
418.56458 198.995
419.22180 513.854
419.55768 327.938
419.89124 490.859
421.89050 2253.46
422.21896 9598.27
422.55289 7106.41
422.88715 2510.5
423.22256 291.047
427.75122 213.237
427.77957 207.945
427.89377 39282
428.00891 254.833
428.05887 234.799
428.11407 208.801
428.22723 29806.4
428.56097 10538.7
428.89572 2446.12
433.89688 13474.4
434.23083 7898.75
434.56552 3494.78
434.90048 733.007
436.24658 224.404
445.24963 362.353
445.87769 209.118
446.54541 250.602
448.26563 728.289
448.68369 911.823
448.87708 292.255
449.24820 1014.85
450.25076 367.908
453.88733 203.67
454.54846 1346.82
454.88019 2302.74
455.21301 1002.64
455.54807 429.912
457.22821 487.406
457.69006 712.363
458.19034 302.168
460.55255 11342.4
460.88702 7215.24
461.22098 2592.96
461.55432 533.494
466.27628 24723.4
467.27951 5873.36
468.28226 840.859
469.30960 256.618
485.23511 374.217
486.33527 415.659
505.74582 302.092
506.21280 266.994
506.30392 324.321
507.28363 284.714
514.29590 306.698
514.80994 572.892
515.31476 290.989
519.78284 574.021
520.28094 270.888
521.30627 576.359
523.30432 733.46
525.25665 211.085
528.29626 1084.59
528.79492 820.679
529.29193 271.925
537.30005 639.429
537.80121 468.633
538.33569 242.074
549.31573 666.035
554.27496 387.143
554.78339 302.537
555.28497 255.136
559.29938 613.416
562.83063 237.313
563.27997 717.256
563.79742 518.568
564.29590 282.175
568.28192 399.614
568.77191 290.862
569.28125 212.896
571.84229 214.419
577.28729 1225.02
577.78687 764.186
578.28760 296.274
581.26544 214.063
589.77136 639.949
590.26764 620.338
590.77930 311.663
611.81427 381.311
612.27338 265.766
629.27747 302.507
646.36578 2716.14
647.36829 1119.28
657.26923 199.66
660.29132 225.786
664.37726 2037
665.38000 816.288
709.33838 263.367
715.38599 673.511
716.39166 243.915
733.40009 596.541
734.40625 200.74
744.34534 276.819
757.34326 206.777
813.36591 465.36
816.39789 262.445
