2129.93574 5
110.07099 8269.44
113.07080 844.933
115.08623 1163.38
120.08064 1679.84
129.10190 2464.93
130.08591 2055.19
136.06152 14335
140.01074 964.787
143.08139 1033.61
147.11259 4040.23
161.09180 1554.17
166.06061 4162.58
171.07603 1338.68
175.11818 838.594
185.09175 826.803
185.16454 7996.95
189.08698 1909.76
200.10188 1078.37
201.64453 29574.2
202.14601 5751.89
209.10324 1200.39
213.08647 4668.27
213.15942 3657.57
219.64436 1059.47
223.15469 3754.61
227.06595 876.439
228.09802 1745.12
234.12318 4524.94
239.15051 1529.09
245.07674 788.238
251.14984 15738.7
252.15321 1673.52
256.09268 1440.07
256.17593 1029.32
259.15784 9734.4
259.65826 2405.63
262.80847 1104.93
269.16028 816.859
270.10754 1904.41
273.47403 2362.66
273.80820 1538.94
274.18658 4222.24
280.13904 1344.27
282.10757 2853.5
282.80579 1988.87
286.18707 828.319
289.47110 3087.27
289.80463 979.637
290.14240 787.128
298.09604 1212.57
302.48483 1659.13
302.81958 953.708
303.21329 5416.49
303.63095 5982.04
304.13214 1654.62
305.81293 2650.05
306.14246 862.315
311.81580 4086.16
312.15027 2244.11
314.67380 11251.1
315.17572 3032.51
317.62799 3400.63
318.12927 1478.35
322.18762 2033.11
323.67886 6188.26
324.15887 814.381
324.18298 1046.42
324.49060 1373.2
324.82025 1185.99
325.15103 2314.28
326.17908 1233.9
326.68134 1279.27
327.49716 810.133
328.66620 828.615
329.65817 857.91
330.16351 6636.93
330.49673 3575.06
330.82712 1657.23
332.20651 881.731
333.50113 14016.9
333.83536 6684.01
334.17075 1515.96
336.16714 6279.27
336.50134 2690.03
336.83487 1567.14
339.49533 3698.87
339.82849 2004.45
340.16455 1049.72
340.41122 2482.21
340.66287 901.261
345.49783 2076.91
345.83029 1297.31
350.21735 6651.92
351.22040 1487.67
352.13879 2585.57
352.64001 887.611
353.14456 3426.73
355.85168 1818.35
356.51065 2438.3
356.84543 1628.13
359.19806 6228.89
359.69861 1712.2
360.17468 6479.34
360.67484 3122.36
361.14496 4288.7
361.64389 1094.12
362.50992 814.881
366.15970 7644.08
366.49469 2374.33
368.15259 813.132
371.20078 1794.71
374.17050 6178.13
374.67258 1932.24
375.17450 810.859
376.82660 1009.84
378.70145 996.808
380.08444 993.385
380.64813 992.977
382.82843 6672.52
383.16208 4135.46
383.49738 1696.99
383.82889 1084.27
384.18777 1528.1
384.52286 1107.47
384.70245 2419.09
385.12903 1058.2
385.19748 1651.59
388.66537 1834.68
389.21411 2555.69
393.70789 28654.2
394.15613 1424.49
394.20944 11448.1
394.71158 2479.24
394.87119 1365.78
397.67004 2450.25
398.16937 1038.84
398.39212 1702.22
398.59262 1992.19
398.79373 1318.06
399.99307 2462.62
400.19705 3759.68
400.39383 2999.88
401.68945 1179.8
401.93887 2416.44
402.18915 829.91
402.28180 18135.6
402.66284 6692.27
403.16449 3762.13
403.28418 4830.61
403.45029 1162.44
403.59552 3830.37
403.69543 885.524
403.79568 3218.99
403.99609 2297.1
404.19589 1190.27
404.39804 869.187
406.18216 911.756
406.44226 859.123
407.19830 6952.71
407.39828 5822.02
407.59912 3973.22
407.70685 2108.64
407.79913 1280.55
408.20657 1364.7
408.51624 1007.51
408.67908 1937.27
409.18100 1395.35
409.70749 9369.44
410.20920 4067.58
410.70895 2391.5
411.21237 945.673
411.66855 3759.01
412.17139 1687.58
414.52112 1508.63
414.85403 1735.67
415.19153 1039.57
417.20111 982.79
417.68707 5549.6
418.18768 2338.51
419.70691 4679.23
420.20551 2350.46
420.52347 15187.4
420.85770 9884.63
421.19131 4525.44
421.25449 1845.5
421.52493 1089.06
423.70505 9651.31
424.20648 3603.31
424.70596 1821.76
425.21515 1594.31
425.55060 2095.89
425.88501 2019.22
426.14404 859.032
426.24435 18111.7
426.42957 1303.86
426.55679 942.006
426.70352 3907.21
427.20132 3481.9
427.24936 4084.56
427.52502 3307.67
427.71005 1138.98
427.85693 1029.6
427.94162 951.772
428.03534 15196.3
428.21844 2718.1
428.72049 1327.17
430.19443 900.655
433.70374 2026.2
435.70029 3691.33
436.20187 2838.14
436.70145 869.969
437.19391 1307.87
439.20230 1588.98
441.88004 1497.72
442.21579 3069.77
442.70602 2234.46
443.20401 1239.89
444.21426 1234.74
444.70496 2864.78
444.95395 2183.78
445.20740 6826.32
445.70486 3027.15
446.20288 2106.1
446.70245 4215.53
446.95404 2586.49
447.20340 2209.08
447.54169 1811.87
447.87744 1318.48
448.20740 1160.66
450.20447 882.189
450.69296 912.314
451.22073 21103.9
451.45551 8269.6
451.72382 8537.82
451.95386 2126.12
452.22656 2003.47
453.22681 2057.04
453.54645 12381.5
453.72537 1018.2
453.88083 7495.33
454.21329 11555.4
454.55331 1142.57
454.71497 3975.82
455.21750 1577.31
455.70731 27306.8
455.95834 26499.3
456.20950 16130.8
456.45966 5686.88
456.71246 3155.94
458.21533 9748.02
458.71613 4393.81
459.20544 7766.26
459.70764 2941.02
460.20926 909.441
467.22131 10355.5
467.72165 5930
468.21240 6138.79
468.47006 1789.88
468.71375 4688.14
468.97052 1824.37
469.20746 1111.81
470.71851 1576.35
470.97064 1433.66
471.22150 959.587
472.73523 844.703
472.97217 5441.7
473.22354 5093.21
473.47318 3696.86
473.72192 840.961
474.97366 9151.18
475.22311 10600.1
475.47272 7142.33
475.72488 3381.25
475.97623 1029
479.47626 18710.9
479.72665 20340.8
479.97711 12036.9
480.23169 5329.85
480.48267 1703.73
480.72702 991.203
482.18991 1214.01
483.97900 60934.6
484.22919 62429.5
484.47968 34154.4
484.73019 15591.3
484.98001 7098.13
485.23233 1740.3
485.73868 1071.85
486.22467 1151.47
486.72662 2686.88
487.23163 1151.52
489.54758 938.81
490.74265 5958.87
491.24524 2012.86
494.74075 2868.1
495.22409 2972.89
495.55750 1692.74
495.73193 4076.57
496.23404 1817.73
497.18997 2148.66
499.29721 3040.13
499.74713 51729.3
500.24863 24881.6
500.75146 8080.93
501.24747 1754.32
502.74213 991.017
503.23459 918.107
503.74420 1943.86
503.97049 2076.83
504.20853 1108.95
504.47797 958.224
505.20728 2097.9
505.70853 1031.74
508.47430 2701.86
508.73904 24888
508.97137 1357.78
509.24075 13956.9
509.73996 5099.33
510.23892 1168.41
517.30823 25424.6
517.74561 17636.3
518.25214 11538.8
518.74463 2926.18
519.25562 1291.65
525.30573 1739.81
526.23389 1215.5
526.31512 1353.96
528.25891 853.678
531.91003 1352.22
532.23645 3595.64
532.56897 2121.97
532.90906 975.175
537.31854 851.926
537.91248 1089.91
538.23743 931.73
539.73157 1784.94
541.26996 1059.91
541.76489 1059.35
546.91205 1503.1
547.24823 1051.33
548.73590 10633.5
549.23853 5365.66
549.58057 3129.68
549.74054 1533.01
549.91382 3019.49
550.27411 4312.19
550.57886 1188.27
550.77258 2778.53
552.22076 1633.02
555.58398 5066.65
555.91882 4397.16
556.25122 3296.49
556.58136 1066.25
561.58844 22000.6
561.92310 18456.4
562.25616 9503.87
562.58862 2939.15
562.91962 1160.74
565.24524 884.469
567.26440 4329.05
567.76569 2468.23
573.73914 1885.65
574.24896 3330.03
574.73077 908.638
574.80365 987.364
579.19501 1011.78
584.22485 1458.67
587.73816 1886.75
588.24194 2153.52
589.30890 2565.33
593.78784 2681.79
594.29913 1473.87
595.26685 1380.32
595.59998 1191.15
596.27881 1086.85
597.21381 4676.76
598.21619 1087.41
599.75800 933.435
601.27161 1435.72
601.60199 1241.37
602.27222 1002.93
606.26471 921.038
607.27655 3079.52
607.61041 3608.34
607.94452 1775.14
608.76202 2967.4
609.76147 873.941
610.27014 2189.15
623.78467 3144.54
624.28522 1627.9
624.78790 1133.19
628.33881 5969.37
629.33612 1849.61
630.28577 1082.26
630.78271 983.86
634.25037 1572.83
635.27191 2224.89
640.27704 875.115
644.27759 5661.74
644.78137 2894.61
645.28070 1156.31
646.35089 15142.1
647.35339 4973.98
648.35266 963.855
652.25909 953.273
657.27472 1698.12
658.29285 5289.55
658.79529 4420.67
659.29181 1466.95
662.31750 932.091
667.25854 2879.57
668.26294 1130.83
679.81720 894.965
680.32312 1051.66
685.26788 2550.67
693.81348 2819.15
694.31494 2217.08
695.18994 1131.36
704.33649 1487.94
708.80066 1428.38
709.35559 2158.36
710.35065 890.64
717.38568 1867.74
742.33215 1659.25
742.83411 1325.31
747.33270 1242.53
758.33203 998.638
766.30920 1252.75
766.81171 1157.3
773.34711 1337.49
786.40704 2893.45
787.41064 1880.26
804.31573 1157.72
822.33051 1781.29
846.40771 917.192
901.43579 8291.86
902.43872 4383.5
935.41803 1150.23
998.48889 2901.2
999.49341 1399.51
1016.47491 890.687
1034.49475 1286.55
1035.49475 897.226
