1896.87870 3
110.07111 4115.52
119.04906 1899.34
120.08059 10652
121.08406 801.34
129.10220 2023.64
130.08601 1790.74
133.08539 516.999
136.07556 54581.2
137.07890 4861.48
143.11780 1784.97
147.04411 1161.53
147.11258 3212.52
156.07663 777.861
157.13327 693.187
159.09175 1671.4
169.09700 987.886
171.07634 1033.02
171.11264 2793.83
175.11877 1210.02
183.11176 685.324
184.10802 720.248
185.12753 558.581
185.16536 560.527
187.10757 8525.15
187.14391 6022.33
188.11197 616.356
189.08676 2887.77
197.12762 778.485
199.07130 1246.77
199.18045 554.222
200.13901 752.959
201.12334 1414.78
203.12088 1721.22
206.08124 732.678
207.11267 4054.84
212.10280 9095.29
215.10252 7729.39
215.13910 2430.36
216.10719 604.838
217.08165 6735.61
218.08449 474.327
219.07896 1323.75
219.14867 998.799
225.09764 1310.67
228.13448 644.489
229.11745 2819.65
231.11520 947.228
233.09187 11876.4
233.12805 2726.19
233.16425 1549.9
234.09445 1219.17
235.10788 1562.1
245.12849 484.517
247.07455 2660.09
251.10242 15367.7
252.10606 2304.2
253.09293 2509.42
261.12262 2411.92
261.16019 925.077
262.07150 667.919
263.10236 749.383
266.16315 1020.59
273.16003 596.056
279.09708 19102.6
280.10034 2941.7
284.15274 549.445
284.17706 1355.19
286.13889 2857.16
288.17075 628.063
296.14944 1536.52
297.19223 696.694
298.13773 2450.04
312.15503 4583.73
313.15842 723.165
315.18408 489.836
316.14780 4370.36
317.14972 632.613
324.14520 3669.82
325.18619 4721.06
330.16479 6332.21
331.16867 1470.49
332.15976 868.189
333.19138 7747.41
334.19495 1308.18
342.15408 866.671
346.14334 1775.87
348.16779 590.354
359.17261 1042.96
360.15668 1281.62
366.17676 3525.99
374.20657 1265.71
376.18527 1405.55
378.16144 1319.81
383.22940 1023.22
385.20453 568.746
394.17502 527.869
397.14688 544.589
399.22418 1316.18
405.21133 1207.47
410.21381 708.002
411.22278 1153.86
413.16556 3243.21
414.16986 580.52
423.21893 1956.93
423.72031 1155.11
427.18109 2822.54
428.22418 4722.27
429.22754 1032.83
431.17667 4208.11
432.18088 745.514
433.20807 2045.19
439.17282 2354.23
444.25598 727.42
445.19254 7519.64
446.19467 1386.28
447.19247 571.769
452.24094 535.415
459.22305 590.015
461.20749 1079.11
470.24994 12832.2
471.25348 3383.11
472.25330 1503.62
472.75119 756.316
477.15482 500.888
482.23227 666.412
485.25092 3027.52
486.25473 1115.67
493.18958 1557.56
494.19757 523.393
495.16916 501.567
498.25381 814.217
499.24231 695.534
500.23483 1271.08
510.23215 504.243
513.24506 4796.71
514.24811 1183.73
515.27136 2364.18
515.77228 1273.65
516.27057 625.445
518.29926 1409.46
518.73193 1328.51
524.25861 1044.63
525.17694 510.319
525.23975 819.997
526.24982 2817.03
527.25555 652.696
528.24072 513.644
542.26556 984.864
543.25165 5486.97
544.25940 4232.1
545.26294 1165.57
546.29510 1561.54
547.29993 658.343
548.23413 519.633
552.25610 1567.27
553.25958 595.686
554.25110 2240.54
554.75287 703.193
558.22400 1437.27
560.27667 601.701
564.31830 678.078
567.26544 1337.49
567.77039 750.83
568.26880 1191.11
569.26550 633.938
570.26740 780.04
571.81091 677.923
576.22986 4034.02
577.23688 944.956
584.32050 1393.55
585.27576 9719.82
586.27997 2928.13
587.28217 1490.57
594.24030 2147.65
595.24255 524.848
595.78479 1200.76
606.29828 712.704
608.25305 521.067
612.31348 1851.96
613.32587 726.67
631.35211 541.1
631.82037 638.587
632.34491 2630.67
633.31732 1819.66
633.39368 1297.9
634.33008 644.813
638.32196 1022.67
643.34473 665.006
644.29529 545.997
652.32715 1242.08
652.82843 523.593
653.31805 840.758
656.33484 5759.42
657.26941 1124.55
657.36035 924.829
659.28400 1728.46
668.84979 644.555
669.29791 821.76
671.32825 3894.21
672.33514 1480.13
675.30060 1586.65
676.30145 713.821
677.36127 1788.32
677.86304 1222.72
680.35016 1319.18
689.30743 816.184
694.35754 516.439
698.36035 11151.9
699.31268 3335.21
699.37323 2985.24
700.32257 1822.15
703.35120 605.499
707.32080 955.871
717.33014 1029.47
729.38898 594.899
740.36438 690.386
743.34998 1500.64
744.35657 654.06
746.37189 706.524
751.41022 574.055
756.35895 627.656
757.38599 3064.09
758.39264 795.391
760.36761 1254.56
760.87329 926.232
769.41980 5173.9
770.41705 2223.7
776.36475 559.038
798.39252 1931.83
799.39600 816.992
804.34009 1213.55
805.32355 815.579
809.90405 614.316
810.38397 611.564
822.35083 3914.8
823.35266 1829.71
824.34680 518.572
827.41852 2736.25
828.41693 1311.93
830.38416 956.946
831.39014 762.019
845.42859 29822.8
846.43213 15208
847.43427 4249.19
848.44122 694.577
853.44171 562.172
855.42883 599.549
858.38068 2441.46
859.38202 1259.57
870.47168 1733.93
871.47467 718.752
883.43018 1234.31
884.42041 541.526
886.52057 582.851
901.43604 2002.77
902.44025 638.717
917.49103 772.982
926.48767 1368.35
927.47424 692.401
929.42963 1092.9
932.48193 3797.01
933.48871 1710.83
944.49835 12513.3
945.50122 6853.82
946.50385 1896.29
953.38550 754.337
971.46393 659.472
1011.52637 1854.96
1012.53333 760.421
1016.46277 856.394
1017.46722 814.636
1029.53381 18468.1
1030.53577 8477.3
1031.53491 1626.19
1044.46069 1556.71
1045.45227 972.947
1057.53674 727.664
1075.53931 7779.67
1076.53979 4711.72
1077.54187 1989.79
1078.53967 616.736
1142.62134 1683.87
1143.61707 952.474
1157.55542 534.572
1172.55725 1553.52
1173.55725 1032.95
1174.56006 754.927
1190.56348 15731.8
1191.56384 9681.84
1192.56848 3993.85
1193.56787 1124.91
1256.66785 1048.08
1257.66296 670.14
1303.65210 3836.83
1304.64807 2617.73
1305.65991 1072.63
1353.72229 1926.73
1354.73181 1148.41
1404.70142 1332.9
1405.69885 1320.05
1406.69299 528.049
1501.72058 522.572
1519.72034 1528.85
1520.71741 1248.78
