2429.09214 3
110.07117 1616.54
120.08075 383.269
129.10219 3967.52
130.06496 227.386
130.08612 381.659
130.10545 189.796
131.11761 351.286
136.06171 703.837
136.07571 620.084
147.11263 847.951
148.06056 227.037
155.11786 379.79
159.09171 830.244
169.13416 280.564
171.11272 409.394
173.12865 339.59
175.11917 1003.64
183.11293 273.273
183.14915 316.378
185.09235 262.752
195.11203 222.56
197.12807 364.054
199.07224 312.485
199.10751 1094.9
210.02600 225.991
213.08685 321.729
215.13800 218.887
216.13345 470.191
218.14972 466.529
225.12137 217.591
226.11835 553.864
227.10257 1149.95
235.11882 2460.58
237.13527 207.276
238.11835 265.486
240.13361 469.997
241.08142 615.943
242.14972 373.661
243.13435 189.961
244.16495 305.865
245.07669 1097.04
246.18095 1133.9
253.09427 195.952
256.09290 285.599
258.14456 554.479
264.06348 245.15
264.13394 507.989
266.16098 891.704
272.17230 723.487
276.15417 429.098
280.16519 1235.7
282.14468 1149.63
293.15283 198.784
295.67252 196.046
300.15497 568.395
305.18076 491.619
312.04886 306.426
314.09512 235.596
323.17169 838.647
324.14999 262.505
325.18607 224.347
330.06070 445.933
330.16650 424.606
344.20041 1775.23
344.70230 563.396
346.15070 1235.64
351.16568 444.486
353.20435 740.497
354.21252 716.421
355.19730 217.434
356.14401 656.958
363.20282 198.723
364.16095 555.2
365.22998 204.1
369.17651 1391.47
371.11969 807.42
371.22867 548.554
375.22516 194.891
381.21329 1305.05
383.24039 1685.7
384.24155 250.096
393.73193 351.626
394.24597 506.647
399.22430 602.882
402.73932 7174.23
403.18634 265.065
403.24103 3298.4
403.74121 606.854
413.16495 257.169
418.26761 330.194
422.23984 1179.87
423.22086 760.731
424.22571 232.946
438.19675 424.062
440.22876 216.374
443.13647 215.752
446.23856 1148.37
447.24271 196.653
459.28113 343.728
459.78708 200.554
462.24338 334.621
464.25009 1431.83
471.68912 526.979
482.14880 355.571
482.31042 579.556
493.28860 206.902
500.16153 879.036
501.16415 237.695
501.27530 203.612
514.27856 282.562
514.80182 212.716
521.23254 199.469
531.30243 412.707
532.28778 448.324
535.32703 378.909
537.26453 697.617
542.27106 1637.51
543.27325 518.661
544.21722 273.604
547.31030 218.358
549.27771 1793.59
550.27869 354.41
553.33234 323.403
559.29846 1629.5
560.28210 6678.45
561.28583 1867.53
562.23157 287.752
563.31891 1651.39
564.32434 482.289
571.75836 399.652
576.75031 333.155
581.32996 506.119
583.24280 256.174
585.30243 850.118
585.75452 599.853
586.24341 315.913
586.31793 299.897
589.24066 310.128
590.34698 749.348
590.81250 210.07
591.34320 314.246
593.33380 623.968
610.36615 389.578
611.23486 384.088
613.24011 226.894
618.35809 299.172
621.81018 242.703
622.31036 224.156
629.20294 317.251
634.26367 960.998
634.76984 421.547
635.26752 256.699
642.31366 414.358
643.26978 1768.1
643.77118 1751.85
644.26923 588.602
646.85571 279.773
651.37268 239.192
651.87048 258.059
658.30371 659.273
670.79541 729.84
671.29883 565.504
684.79138 236.109
687.39386 2113.26
688.39453 886.773
689.38867 756.31
693.79565 345.479
698.78412 687.517
699.28174 729.405
703.85785 269.092
704.36157 425.589
704.85944 255.01
705.40723 370.546
707.41864 3497.54
707.79266 995.991
708.21301 230.101
708.31091 551.629
708.42218 1511
708.78308 372.08
709.43762 257.826
712.36890 232.461
712.86566 1115.36
713.36511 2961.21
713.86713 1475.52
716.26508 311.768
721.87439 282.993
726.25513 1578.36
727.25830 604.87
729.34235 307.161
737.34290 295.8
744.35022 242.079
752.85663 480.023
753.34747 793.454
753.83539 233.828
760.42273 869.557
761.42352 487.376
761.85187 1415.86
762.35083 3246.32
762.85480 1485.43
763.36499 229.144
768.36707 526.021
769.36298 292.568
771.39026 214.137
771.71588 281.362
775.33502 426.44
777.70251 267.149
778.07739 495.454
778.41364 735.561
778.77625 216.212
779.33649 250.414
783.28900 269.653
786.37738 1555.65
787.37378 691.43
795.43555 2596.57
796.44043 1431.83
797.44189 436.425
801.90588 266.208
803.88580 211.515
804.47144 16576.6
805.47443 7849.88
806.47693 1990.63
807.31775 218.389
807.47296 235.589
809.42676 496.025
809.65967 788.673
809.91254 954.767
810.16351 413.28
810.41602 893.498
810.81006 308.532
810.92731 418.882
811.31677 431.445
811.43658 4708.36
811.93573 2221.09
812.44592 618.063
824.23785 787.208
825.24768 256.8
826.38574 375.339
827.28986 418.905
837.27917 403.697
838.29187 219.226
844.39349 6377.47
845.39777 2549.01
846.39874 427.784
855.29797 1619.36
856.30237 664.447
862.40442 547.831
863.41119 226.831
877.41907 286.048
886.42877 948.084
886.92395 805.434
887.43549 565.91
889.46448 1428.41
890.47058 407.361
896.39636 506.978
897.40100 551.634
898.40912 295.867
906.35101 267.101
914.48242 222.853
915.42010 1842.89
916.42169 872.335
917.55261 1121.88
918.55847 575.114
922.37152 275.293
942.36926 5436.65
943.36115 1906.01
944.35059 235.368
953.27991 402.936
968.37952 669.945
972.44397 458.087
988.53693 662.2
995.92590 221.8
1004.44519 597.079
1004.95782 234.073
1008.45526 275.261
1024.45581 243.313
1029.46411 281.645
1041.45178 1027.7
1042.44568 474.186
1044.51392 544.557
1046.60730 355.587
1047.59448 243.03
1051.40479 363.086
1057.55249 2559.82
1058.55920 805.671
1094.43274 227.616
1121.51550 217.459
1137.53479 254.753
1142.48926 621.991
1143.48438 287.034
1145.55322 490.819
1146.55420 232.507
1152.48682 224.354
1155.52673 696.281
1156.53076 231.587
1161.63257 579.059
1162.63147 521.194
1170.49670 588.3
1171.49841 422.363
1179.62329 302.18
1242.62781 238.002
1243.54529 375.72
1244.53918 278.759
1277.52563 242.468
1285.54285 512.791
1286.53101 424.766
1384.51904 228.897
1396.56140 474.027
1397.56775 345.935
1414.57300 1936.16
1415.58252 1348.47
1416.55164 452.983
1499.65405 312.891
1500.67712 269.255
1509.64807 417.695
1510.66992 344.77
1512.54126 577.426
1513.55688 755.143
1514.56689 220.152
1527.65527 1380.85
1528.66211 1176.27
1529.66455 449.574
1625.63879 562.571
1626.62952 328.365
