1580.65605 2
110.07102 2126.99
112.08669 993.957
115.08629 435.392
118.03189 480.325
129.06564 872.564
129.10201 3531.67
130.04936 433.634
130.08585 273.845
135.05887 333.837
136.06158 2831.47
136.07524 364.489
139.08595 425.929
141.06561 374.713
141.10194 1486.53
147.07623 851.146
147.11295 669.583
155.08076 402.59
157.09807 341.265
157.10747 508.653
158.09232 623.825
167.08127 1270.22
168.06531 291.582
169.09694 1775.69
175.11862 8617.95
176.12231 341.586
181.09752 798.439
183.07625 1515.3
184.06894 253.277
185.09161 874.687
186.12323 271.098
192.04164 490.395
195.07611 1642.59
200.10255 4578.23
201.08643 690.646
201.12143 284.962
208.10760 811.459
209.09145 1033.31
211.07086 388.275
213.08667 2016.07
218.11235 301.893
226.11795 1077.35
228.13434 306.902
231.09711 5584.97
234.12308 299.005
238.11835 2592.49
240.13306 635.626
241.08130 6123.29
242.08504 617.114
244.09259 405.336
244.12776 292.236
244.16495 364.393
250.09203 254.386
251.15024 273.895
253.09271 844.74
254.11310 1408.75
255.14510 479.015
256.12912 460.499
258.10855 326.514
259.09174 8090.61
260.09525 980.141
264.06311 945.724
266.11200 447.762
268.09290 272.463
272.17172 670.374
273.11884 377.138
280.12805 440.744
283.13962 274.082
284.12344 3220.37
285.12521 348.173
285.16650 300.748
290.14502 1286
294.10788 907.83
297.15778 268.947
308.09897 562.306
311.13449 933.724
312.04913 1587.07
312.11807 6453.89
313.12384 618.824
318.14685 1055.02
323.13443 519.263
329.14478 2632.39
330.05914 1241.78
330.12714 2151.7
331.13095 349.844
336.09497 2335.13
341.14355 578.411
347.15482 1269.04
348.16528 620.076
349.14944 842.731
353.18030 290.093
354.18747 546.67
366.17798 451.075
383.16718 398.462
384.14935 418.488
394.69873 763.698
398.11246 507.983
400.19434 375.343
401.17645 1130.35
404.19431 306.209
412.18420 714.668
418.20395 3463.58
419.20932 389.479
420.20505 362.045
422.20190 927.406
429.20834 6406.3
429.70908 2611.74
430.21790 408.339
434.19897 357.658
440.17892 755.732
441.21942 1590.47
443.20660 295.733
452.03525 310.266
458.18295 362.731
464.72748 1537.09
465.22913 475.055
487.26501 330.927
500.24963 272.677
501.23254 364.627
502.16687 411.675
509.23398 441.811
513.25574 694.359
513.75189 354.731
517.27228 2410.06
518.27454 543.332
533.23456 394.841
559.76154 285.527
560.26349 300.437
562.23956 985.875
562.74103 420.509
568.27734 1523.06
568.77643 1130.94
569.27081 447.515
577.78149 315.334
578.26044 310.748
586.29382 486.096
590.29749 277.305
595.27966 781.813
595.78259 481.718
604.30426 4265.78
605.30536 1264.08
608.30969 385.616
614.27557 599.533
642.33722 344.414
650.84631 881.457
651.34155 290.365
659.85168 419.705
663.39398 737.886
673.32526 1071.7
674.32892 449.581
683.29791 832.436
684.29224 488.518
684.84143 751.392
685.35968 792.479
685.84851 1294.33
689.30139 327.128
691.33563 3609.52
692.33606 1071.23
693.35260 2584
693.85406 2155.07
694.36035 5008.29
694.85126 566.04
697.39545 945.207
701.31934 1108.65
702.36169 1872.61
702.86115 1670.9
703.36829 2692.27
707.32562 346.322
722.35919 402.705
728.35333 313.387
763.35358 453.679
763.84613 322.434
770.37775 1514.33
771.37079 1337.3
771.86047 1468.3
772.36212 1718.5
772.86151 392.255
773.35974 323.467
788.38794 18319.3
789.39105 7081.31
790.39008 1663.82
821.37531 801.725
822.36884 449.773
839.39685 980.992
840.38849 1228.17
841.38434 481.084
851.38733 1058.85
852.38623 411.329
857.40833 5769.97
858.41388 2391.22
859.41199 714.301
869.40338 435.663
875.41608 711.184
885.40161 627.699
886.41895 339.409
911.42529 425.538
928.44562 6034.44
929.44763 2682.37
930.44885 698.983
937.37177 420.212
938.43268 492.544
946.44592 384.681
955.38776 461.127
956.44592 1107.26
957.45142 406.902
958.44745 287.47
965.46722 411.212
977.47736 518.036
978.47638 586.003
979.48523 300.32
989.48267 363.033
995.48859 3106.77
996.49146 1474.73
997.50092 940.454
1007.48749 2485.7
1008.48322 2000.16
1009.48712 799.246
1025.49817 24971.6
1026.50012 12341.1
1027.50525 3580.89
1043.50830 3944.64
1044.51123 2152.74
1045.51196 575.838
1102.50366 397.656
1103.53174 286.091
1123.47571 913.976
1124.47192 437.425
1136.53235 1249.36
1137.53943 616.042
1154.55737 327.276
1189.56238 354.739
1218.52466 508.466
1224.58972 679.545
1225.59277 365.477
