1660.88518 2
110.07098 3181.28
115.08605 472.329
120.08047 14985.6
121.08389 909.833
125.07072 1227.72
129.06581 436.997
129.10201 6690.93
130.06470 630.257
130.08607 1325.82
130.10435 373.386
131.11749 907.491
133.04276 1665.21
141.10161 530.624
143.11745 943.787
147.11250 2837.52
155.08128 966.278
157.06149 325.877
157.09793 360.057
157.13336 804.027
158.09167 481.494
159.07599 723.217
159.09135 3563.99
160.09492 416.37
167.08170 697.002
169.09659 513.047
169.13341 588.439
171.11263 751.524
173.09195 329.831
173.12802 3415.93
175.11865 3851.13
183.11244 1021.3
183.14897 738.218
184.10724 637.739
185.05472 432.322
185.09151 523.766
185.12680 668.78
185.16455 18586.8
186.12326 487.006
186.16803 1811.12
187.07100 370.306
187.10748 438.577
187.14339 818.181
195.07596 834.854
197.12906 580.436
198.12299 413.933
199.07024 492.081
199.10767 546.232
199.18028 1222.79
200.13881 547.097
201.12292 2284.11
209.09171 747.695
211.14377 571.493
212.10274 1615.04
213.08664 771.083
213.15941 27485.7
214.16335 2557.07
215.10164 393.989
215.13837 749.841
217.08234 387.209
217.13666 381.75
219.14871 11477.1
220.15215 1377.79
226.11830 2652.99
227.10300 879.097
227.17497 1339.08
228.13348 2086.18
229.11617 876.759
230.06209 761.61
233.16368 600.565
240.13370 771.755
242.14908 574.428
243.14700 774.533
244.09238 596.913
244.12845 2264.5
245.07855 441.01
245.13159 531.62
246.12639 980.549
246.15547 6264.77
247.14360 9847.66
248.06927 1183.98
248.14687 1355.99
249.12184 402.758
252.13383 478.855
253.09378 521.13
253.22580 389.982
254.14873 662.612
256.14417 4865.83
257.09546 461.545
257.14642 647.558
258.14386 356.705
260.10596 368.063
261.15533 11489.9
262.15848 1101.92
267.20569 464.236
269.12436 508.756
270.14325 932.335
272.15915 887.408
274.12140 2351.72
282.18054 543.108
284.10242 654.018
284.13892 6713.31
285.14102 894.801
287.21176 616.495
294.18045 441.197
299.16931 742.701
300.06378 588.723
301.09552 2249.65
301.12943 1047.54
301.17047 465.7
315.20605 3726.04
316.20917 522.23
319.10648 3839.32
323.16989 362.186
325.18793 392.899
326.24298 1086.69
336.13391 521.12
341.14456 1059.23
343.13651 798.993
345.10403 475.611
346.21182 2687.97
347.21371 373.873
353.21484 592.483
360.22714 13700
361.15591 1043.82
361.23053 2782.15
368.19168 369.686
370.18845 557.054
373.19077 923.82
381.15491 813.761
386.20966 787.511
387.20392 811.901
398.18124 7202.5
399.15958 2014.2
399.19861 608.249
400.16483 622.927
402.20987 350.608
404.19562 861.888
414.17972 1755.59
414.26389 410.348
416.19128 1265.74
428.28732 455.545
429.25528 618.624
430.20944 1004.22
431.30084 1726.11
432.18948 2663.09
433.18970 453.514
447.23428 3976.96
448.23846 814.64
459.29520 2525.37
460.29877 625.855
466.22815 408.422
470.18970 483.831
473.31375 498.8
483.20258 411.854
483.25653 434.932
484.18304 495.788
490.22568 1852.24
495.19687 365.992
500.29227 582.424
501.21173 493.328
509.25003 708.248
512.22229 578.266
517.27936 584.75
520.25806 534.48
523.25641 363.718
526.27606 1383.52
527.25964 3278.25
528.26764 841.78
529.20319 575.231
531.25751 544.442
544.28693 21693.9
545.29010 5853.16
546.23468 1116.13
547.23792 393.22
579.25433 432.071
585.21503 559.963
596.28253 1151.69
602.31079 429.655
623.28870 410.924
624.27179 544.123
640.31635 844.811
641.30420 1809.22
642.29437 897.224
643.29138 396.606
658.32971 3676.04
659.32434 1365.29
678.32446 696.921
716.27771 378.73
758.41388 562.095
771.41797 1274.37
772.41400 435.75
812.33862 458.573
813.33179 949.103
830.35968 9172.09
831.36176 4097.29
832.36163 719.363
842.45355 899.826
929.48273 1575.26
930.48425 782.424
932.48016 568.178
1045.56030 555.393
1072.50195 392.577
1089.51099 1477.79
1090.52563 811.46
1091.51428 391.725
1202.59753 885.703
1203.59814 582.631
