2488.01639 3
110.07108 8308.58
111.07413 384.967
120.08055 26293.6
121.08393 2167
129.10220 1557.32
130.06456 474.712
130.08647 427.277
136.07549 2055.16
147.11230 924.813
155.08076 374.719
159.09152 1700.91
167.08092 780.644
169.13321 879.778
173.12817 429.463
175.11882 1429.65
180.10167 1254.33
182.08095 520.628
185.09210 1393.28
185.16472 563.857
197.12869 1101.79
199.10745 669.657
201.12297 1482.6
210.02562 444.739
213.15883 521.593
216.09683 391.811
217.08177 1257.11
217.13606 1344.22
219.14897 37566.5
220.15245 4450.2
225.09889 507.627
227.10239 1193.28
229.11809 2760.8
233.09511 2424.95
243.07887 583.246
245.07657 1795.88
245.13084 952.075
247.14383 13898.7
248.14706 1900.74
253.09286 4643.12
261.08987 3258.73
261.12579 1427.42
261.15787 589.809
268.16580 389.68
270.12509 379.422
284.15933 377.881
285.13400 485.223
286.13968 797.58
293.11212 833.173
301.12863 902.205
306.12509 522.946
328.17108 640.937
333.18787 407.382
334.11948 640.226
340.12494 1027.77
348.19186 646.365
356.16336 2779.67
357.16776 467.068
358.17688 435.916
360.15820 883.4
364.12592 649.719
374.17484 2125.63
375.17590 482.93
376.18616 7857.1
377.19025 1228.02
382.13394 1580.08
382.18576 1091
390.16760 726.471
392.16687 1278.95
400.16083 433.852
411.20248 487.222
439.20059 458.119
446.27518 617.83
472.18378 405.644
473.23947 421.535
497.21396 2792.67
498.21176 1817.37
499.21411 588.236
503.19855 1711.56
507.22531 994.361
508.22446 817.704
521.20514 759.426
526.20074 891.057
527.21783 617.12
536.17944 869.825
545.20056 709.448
556.23596 420.603
563.20898 9304.55
564.21075 2267.82
581.24982 565.784
598.26074 596.421
598.74646 799.969
599.24738 492.784
602.31934 742.997
609.24268 641.733
613.24805 630.837
626.25665 2398.06
627.25983 620.768
645.24622 833.153
649.26465 498.763
660.27454 968.591
661.27899 543.672
667.27228 610.787
667.77997 624.015
668.28082 443.836
673.23663 1107.54
688.39673 1353.35
706.28674 1255.53
706.78778 1080.98
707.28064 649.984
708.29785 422.956
710.27655 1176.96
711.27716 682.012
720.25195 438.962
722.32532 859.85
723.31799 486.161
724.78937 578.175
725.29004 425.227
729.28143 683.208
743.35144 767.662
747.80170 842.216
748.30762 667.642
752.29120 425.421
759.31897 785.563
764.82660 499.412
768.30469 1198.02
768.80780 1135.39
769.30548 496.068
770.80829 1074.87
771.33301 1529.14
772.34875 659.439
779.80786 1214.23
780.30743 1070.46
780.80774 464.724
781.41766 443.119
786.31818 779.133
789.31891 1861.36
790.30963 761.127
798.33643 488.172
801.48254 1339.99
804.36200 550.273
804.84851 569.854
807.32990 9573.45
808.33264 4324.14
809.33392 1028.21
812.32245 668.078
812.82336 738.543
815.36627 430.842
825.36658 438.85
829.38611 1076.57
829.52393 621.527
830.43591 2560.01
831.44281 1810.36
836.34241 934.892
836.84692 1237.23
842.38544 468.489
844.33063 897.896
844.83527 799.271
845.33020 534.346
852.32776 501.566
852.84216 569.043
853.35907 643.351
854.87836 418.437
855.35260 460.245
861.34564 2848.73
861.84778 2623.37
862.35272 1460.24
869.36182 498.857
869.86652 770.926
870.37048 645.533
886.37183 2963.34
887.37274 1668.35
888.34943 450.624
889.35114 423.721
894.86688 531.583
895.38226 508.543
898.43109 532.473
899.45001 656.029
900.86224 556.76
901.37109 776.494
901.86737 1213.11
902.36627 805.261
902.86401 2301.7
903.36493 2583.13
903.86676 964.472
904.35852 449.841
914.56274 901.766
915.36237 1093.96
916.36212 557.099
917.36414 1152.19
918.35492 872.478
925.38324 578.816
925.87439 902.742
926.35870 878.017
934.37836 813.785
934.87555 2774.9
935.36688 2513.53
935.87439 1578.67
936.38159 908.078
950.89020 421.342
952.38318 610.31
953.37732 424.667
954.40448 534.448
957.39178 464.696
957.88574 479.055
958.37665 480.946
959.40295 1575.39
959.90851 1821.87
960.40741 849.598
965.40588 438.812
966.38898 1106.83
966.89532 1463.62
967.38782 779.291
970.39191 3725.21
971.39252 2241.67
972.38025 597.392
973.40686 807.226
982.40131 1405.2
983.39941 1206.03
984.39728 524.158
984.90912 488.875
987.42615 426.666
989.90155 617.028
991.40515 1911.31
991.90582 1838.26
992.40076 1036.99
992.91119 424.435
998.39307 492.658
998.90741 885.758
999.40845 1128.04
1000.39990 815.958
1014.43665 989.236
1015.41846 2009.41
1015.92865 544.96
1016.41815 1689
1016.92828 421.926
1017.41425 809.123
1018.39832 1050.18
1019.40082 614.017
1022.40686 564.979
1023.41058 972.45
1024.92590 1330.56
1025.42505 982.262
1025.92542 585.998
1028.37732 752.782
1030.91455 800.574
1031.40637 725.422
1031.91736 571.278
1046.39929 1720.98
1047.40466 859.792
1048.40662 504.697
1056.92432 652.83
1057.42908 1242.44
1057.93311 1049.6
1058.43298 757.529
1062.39258 937.661
1063.40723 469.002
1074.59399 649.461
1080.44080 1297.58
1080.94666 1081.05
1081.43469 1274.48
1082.44543 506.224
1089.44592 1486.47
1089.94653 1903.67
1090.44397 1329.99
1090.95544 726.775
1099.41235 648.126
1100.42859 524.552
1111.47717 822.388
1112.44458 1148.47
1112.93787 1190.06
1113.44006 937.106
1121.44287 1313.27
1121.94653 1440.33
1122.44189 1176.59
1131.62500 1998.99
1132.64929 472.429
1138.97351 482.897
1139.46863 613.349
1144.47083 570.701
1159.48303 1173.77
1160.47217 902.105
1175.48511 813.128
1176.47559 703.827
1178.46899 853.447
1196.48694 10178.3
1197.48767 5959.17
1198.49146 2412.05
1208.47668 433.291
1225.48633 789.608
1226.48499 525.898
1242.51257 1170.68
1243.52075 714.75
1244.50769 570.017
1254.49622 436.382
1260.65625 795.189
1272.49500 811.514
1306.51855 1558.9
1307.52002 1018.15
1308.52246 545.534
1315.53162 888.726
1316.53687 714.357
1333.54480 1788.05
1334.54590 1666.63
1335.54187 647.395
1354.53821 649.348
1355.58582 835.698
1356.59070 502.979
1361.59778 1005.27
1362.60352 503.003
1371.56726 1175.9
1372.55884 915.174
1373.56458 625.029
1375.68945 681.444
1411.57422 581.05
1417.53967 593.565
1419.58423 726.013
1420.60242 534.259
1435.55896 929.195
1436.55737 878.452
1448.58044 972.578
1449.57593 936.993
1487.65869 464.699
1535.60474 2385.25
1536.60754 1591.42
1537.60474 678.861
1550.65735 432.289
1551.64063 469.281
1597.66858 485.315
1615.68457 697.463
1616.68298 723.564
1617.66833 430.353
1679.68982 681.736
1680.67810 944.482
1721.69116 1397.81
1722.69116 1590.1
1723.68994 910.795
1805.68970 482.953
