2043.84739 3
110.07100 542.323
116.07050 756.129
118.03205 374.49
120.08077 745.247
129.06744 379.464
129.10217 13561.9
130.04985 433.348
130.08556 511.233
130.10498 602.676
131.08141 1168.38
135.05832 412.627
136.06163 3411.32
136.07538 361.725
141.06573 1306.85
143.08139 678.555
145.06087 834.866
147.11293 949.161
155.08179 372.557
155.11743 447.661
157.06038 706.642
157.09726 460.629
159.07625 981.446
161.09187 3011.64
171.07626 2412.75
173.05571 637.112
173.09216 822.74
173.12820 2347.87
175.11876 2647.27
177.10237 768.245
181.06082 390.458
183.11255 1221.63
185.05574 687.184
186.12357 684.414
189.08679 2849.33
195.11223 733.039
199.07127 525.362
201.08693 1087.08
201.12311 3579.02
203.06613 1340.17
212.13914 713.816
213.08669 459.548
217.08124 584.899
226.11778 634.054
226.15492 3780.88
228.09747 1255.86
231.09776 782.332
238.08223 925.798
241.08128 960.025
241.13719 456.925
244.12816 595.499
244.16528 5699.37
245.07713 1132.43
245.16847 388.639
250.09428 649.289
255.14441 529.218
256.09265 3169.82
258.14343 665.024
259.09064 658.598
260.08725 462.395
264.06281 1174.36
270.14551 502.135
272.11450 388.909
272.12909 428.851
272.17151 29123.8
273.17480 3459.17
274.10333 628.251
284.15747 508.327
285.11844 1125.39
286.10223 887.269
287.17029 641.36
297.15588 396.157
297.66602 648.685
300.08334 569.379
302.17105 440.919
303.13028 387.257
304.11499 507.118
312.04901 2013.48
313.11472 761.545
318.14859 1096.26
321.16760 485.491
327.16501 733.952
330.05972 970.14
330.17123 664.548
333.65894 747.416
337.14957 404.749
338.18350 376.176
341.19284 2645.61
342.19626 397.105
351.16553 1409.3
355.16098 1202.83
359.20398 641.39
369.17676 2173.35
372.26141 869.793
373.16809 588.414
374.12094 416.645
380.19247 375.818
382.16467 754.413
387.15308 483.331
387.18414 452.569
391.17105 1773.66
391.67566 480.031
392.67456 387.393
393.67218 493.577
396.15982 416.574
398.11307 1216.09
398.20578 418.354
399.14554 1664.75
399.64847 370.032
401.68234 1309.17
402.18561 567.457
409.16885 418.652
412.18173 505.365
413.18155 429.413
416.21329 1906.74
417.21375 440.542
426.19418 651.398
430.19315 940.692
433.01474 1355.67
433.65588 746.385
434.02191 1497.25
435.19550 377.485
438.19888 645.119
439.16629 3111.04
440.16840 734.191
441.69632 378.84
442.65955 1839.87
443.16132 734.134
444.20630 441.049
446.68958 374.912
448.70801 1457.04
449.20877 852.713
451.02576 665.302
452.02917 375.393
454.26755 561.484
455.69275 541.812
456.22003 5282.94
457.22141 2409.35
457.71439 3410.12
458.21384 1848.53
458.71359 472.479
459.21857 385.481
462.16846 840.787
462.20825 763.155
462.70767 1634.97
463.20877 485.391
466.71902 688.198
471.21896 1600.81
471.71198 4729.63
472.21109 1979.42
472.71609 498.776
474.22131 491.327
475.17551 874.763
475.67404 467.831
480.22314 1134.6
480.71927 1459.01
481.21982 1073.05
482.26059 1019.3
484.17172 599.554
493.18771 433.43
498.24521 1123.42
498.74478 669.85
499.24683 629.042
501.30347 675.872
501.75888 809.241
506.18579 481.739
506.75745 1612.45
507.24930 4678.28
507.75003 2239.29
508.25204 750.259
513.22900 1563.69
519.15918 415.118
521.24506 960.827
521.29498 513.007
524.19800 724.291
527.25684 3103.77
528.25946 800.142
530.25208 660.446
531.23962 4015.35
532.24335 1092.37
541.22412 428.983
541.29639 655.93
542.20850 443.779
550.26520 620.765
554.19653 4568.83
555.19446 763.752
557.77863 399.672
559.27789 625.252
559.76978 398.549
562.76416 1745.63
563.27161 951.354
563.76349 480.269
566.26563 441.444
567.25427 591.647
568.07043 440.978
570.24878 709.998
571.26331 533.751
571.76917 1681.94
572.26483 902.217
572.76843 530.891
575.26318 407.594
576.33459 1256.78
576.83441 795.406
580.28564 869.577
580.77606 3891.08
581.27692 1993.11
581.77747 463.254
583.31909 429.965
583.83423 484.428
584.27777 17579.7
585.33917 8257.99
585.84131 2255.6
586.28461 1017.64
587.27759 955.422
588.26221 3613.7
589.26544 1186.32
594.34729 1746.43
594.85406 397.896
601.28571 542.827
602.28809 1919.55
606.94794 499.645
614.78387 416.896
615.28766 745.229
615.79041 680.463
623.79993 524.604
624.29346 393.086
625.23242 3739.63
625.82898 465.042
626.22803 725.374
630.35193 773.97
631.24976 447.446
632.81903 459.198
633.32080 581.968
633.82440 569.612
634.32971 5113.84
634.83142 1461.97
637.61676 427.365
643.33875 500.975
643.97058 399.392
647.22827 439.988
648.67810 447.17
649.01440 665.508
649.97870 425.403
650.31378 418.22
651.31171 516.606
653.29669 402.101
659.34247 1299.56
660.34473 546.078
664.24933 826.757
666.30817 1677.23
669.32233 1901.88
670.32611 801.215
671.31696 505.442
679.31268 602.82
681.29309 2135.47
681.80878 787.315
682.10535 1779.46
682.25305 12489.1
682.38507 519.295
683.09900 546.759
683.24646 3440.99
683.34106 1552.47
684.26672 967.817
686.34692 1720.63
686.65985 550.13
686.99048 528.59
687.33020 10088.5
688.33270 3749.08
688.80707 432.532
689.33575 701.29
692.66077 628.039
693.32599 514.657
698.31989 1586.38
699.30493 11510.7
700.30804 4162.52
701.30145 1043.77
702.29730 647.072
703.29474 481.553
717.31024 1052.43
718.31952 549.662
723.99097 523.709
724.35022 430.355
729.66644 1804.4
729.99994 1263.34
730.33820 580.742
735.66998 908.594
736.00427 605.514
743.82874 484.731
744.34332 554.575
745.37903 1424.93
746.38788 402.561
750.31342 628.135
752.83588 614.899
756.34045 404.929
759.34882 617.295
763.32770 964.115
764.33124 414.284
766.33344 576.847
766.67712 832.09
767.00995 854.365
767.34497 822.715
768.32520 3143.83
769.32428 1359.53
772.68079 2525.45
773.01312 1322.22
773.33887 890.55
778.68677 1460.83
779.01807 1254.03
779.26489 1693.03
780.25470 803.047
781.33838 3928.64
782.34229 884.265
784.34937 1551.06
785.35321 2925.25
786.33679 14719.3
787.33868 5907.11
788.33606 1693.26
788.83582 416.159
790.69019 552.568
796.28540 1191.3
796.69647 763.433
797.01355 618.31
797.28033 11263.1
798.28345 4113.06
799.27948 1158.13
801.37317 1994.2
802.36035 9838.16
802.69928 2168.06
803.03027 1157.39
803.36188 3874.91
804.34967 2313.98
805.35516 577.159
814.31586 594.183
816.87909 482.297
825.35120 478.729
830.38287 623.281
831.38599 464.849
833.35272 587.177
833.71729 421.769
839.37201 708.541
839.70648 814.384
841.37097 1720.99
842.36652 1167.06
843.35339 860.737
843.86389 424.587
844.35516 722.097
845.37250 581.391
851.36243 1520.6
852.36621 1084.76
852.87305 484.451
853.35236 726.803
856.40271 761.436
857.41272 451.529
858.39471 2073.05
859.37952 7331.9
860.38037 3245.23
861.38617 669.962
866.30273 3136.11
867.29828 1408.75
869.37463 2998.97
870.37787 1845.14
871.37292 660.358
874.41864 1555.6
875.42395 508.956
879.29492 540.091
883.32269 1845.96
884.31433 11612.1
885.31317 4782.89
886.27527 754.576
886.41583 2234.74
887.38647 14135.7
888.38739 6865.79
889.38507 1850.12
892.36084 645.148
898.38708 631.262
900.92029 694.422
901.41364 915.546
904.40259 423.789
905.39856 1871.17
906.39526 1257.75
907.40472 526.806
908.37708 547.123
909.91455 2037.82
910.39001 2267.64
910.90704 497.501
911.37738 902.73
913.40649 419.331
914.42157 615.878
915.41699 1029.93
916.40863 2053.08
917.41022 1274.03
923.43085 599.382
924.40985 2152.34
925.40924 1204.57
932.43457 1863.99
933.43567 629.263
941.43329 5311.16
942.41687 21575.9
943.41901 9555.16
944.42212 2881.76
945.41595 1008.57
949.33923 1583.27
950.33228 513.618
955.07727 521.742
959.44385 4500.16
960.42731 19509.4
961.42963 9311.43
962.43207 2346.69
963.41156 670.504
967.35126 2621.29
968.33337 958.05
973.96796 1144.18
974.46759 555.788
981.41608 1095.3
981.89746 488.027
982.41315 740.785
984.37726 2020.24
985.36133 11871.9
986.35034 4910.49
987.33801 1282.84
987.50354 651.847
1002.49902 434.782
1013.48804 780.577
1014.49323 481.722
1015.48004 746.759
1016.47949 753.058
1023.47620 769.071
1024.49011 566.274
1031.50354 2224.89
1032.50562 931.721
1033.51294 424.698
1036.94250 435.248
1038.47607 547.468
1040.51050 757.613
1041.48633 3810.05
1042.48596 2217.66
1043.47986 906.366
1045.95215 538.464
1046.44812 442.712
1058.51001 2054.64
1059.49670 9561.59
1060.50134 4687.23
1061.50500 1574.08
1081.45447 597.278
1081.97595 556.851
1084.42859 1096.46
1085.44006 708.537
1117.53516 534.228
1142.53625 1860.07
1143.53796 1202.18
1159.52966 420.768
1160.54578 1305.75
1161.54028 843.361
1261.50525 519.25
1575.64160 435.346
