1739.93570 3
110.07107 1072.75
113.05090 514.156
113.07070 73330.8
114.07378 3595.79
120.08051 22736
121.08379 1776.55
129.06604 845.141
129.10207 10247.7
130.08612 2018.46
136.07547 5652.38
141.06567 5564.76
141.10210 556.134
143.11790 1102.1
147.11252 4173.47
159.09102 850.99
161.07407 44371.1
162.07796 2172.65
163.06972 1604.46
166.08583 1272.94
172.04242 1377.01
173.07339 558.898
173.12781 511.648
175.11905 1536.38
185.16463 7470.46
186.08701 12409.1
186.16843 601.518
187.09030 1501.61
189.06897 14185.5
190.07326 734.289
191.11771 2145.52
193.09705 540.075
201.12392 578.335
213.15948 7975.61
214.11823 560.367
214.16403 874.214
215.13849 747.458
217.09532 790.272
219.11217 2997.74
219.14888 6848.09
220.11540 547.95
220.15172 854.853
224.10356 767.647
228.13467 645.355
231.11226 1243.02
240.13387 3401.43
241.13707 592.022
242.15039 484.785
242.18602 3272.96
243.10822 484.858
243.13312 898.938
245.07634 3065.39
245.16319 707.373
246.09100 1911.98
247.14380 6640.33
248.14716 706.701
249.15945 1910.32
250.16484 555.629
251.10301 486.243
254.15036 765.161
257.12357 554.181
257.16025 1575.04
257.19690 2594.94
258.18137 708.69
271.17520 576.673
272.17786 492.296
273.15891 1679.98
275.20724 11715.8
276.13370 4402.83
276.21103 1384.91
277.15457 1796.68
279.09576 2319.43
285.15518 4252.99
286.15726 487.42
288.13336 3832.67
289.13480 550.461
298.15091 1899.79
299.17178 1353.5
300.17142 604.163
303.17682 729.031
305.16025 17309
306.16327 2666.53
312.22757 1888.21
315.20563 734.224
318.18054 2716.94
322.18738 691.559
326.24307 1755.68
333.15509 19794.1
334.15790 3063.35
339.11273 1069.73
347.20715 1174.63
353.21771 2109.33
358.15976 3512.83
359.20691 3059.51
360.22873 3166.08
361.18738 649.55
361.22919 533.047
368.15872 900.891
370.24942 545.509
371.17923 878.631
373.22412 836.096
374.14862 696.53
375.20261 2662.53
380.14197 475.919
387.20200 6788.15
388.20270 1201.75
388.29150 6122.96
389.29269 1482.03
392.17981 3528.77
393.18350 673.566
398.20023 534.29
398.24435 1591.17
401.21722 3018.54
402.21814 641.525
404.22873 13351
405.23129 2918.25
408.13934 10611.8
409.14365 2180.61
409.22089 480.965
414.21262 724.491
418.24423 2502.64
425.31302 584.164
426.17255 491.465
428.19025 589.098
431.26556 1054.35
432.22351 13991.9
433.22629 3029.6
443.26147 834.617
445.21210 647.046
446.23868 4136.85
447.24304 699.029
452.28867 493.953
454.75748 2102.68
455.25311 629.774
457.22852 1679.43
458.22455 738.523
459.29675 1038.54
460.28925 765.418
463.69727 647.111
464.19589 825.127
470.23764 910.196
471.24396 1732.29
472.29059 1296.88
473.28104 489.346
475.22354 556.532
476.19986 752.743
486.18094 1507.13
486.27112 1474.72
487.27045 800.959
488.28699 1317.84
489.29999 595.995
491.24951 1367.19
493.22672 3900.97
494.22931 1069.72
497.30560 846.202
499.32330 2154.97
500.28531 4074.5
501.28809 1176.55
503.20914 2237.8
503.29770 612.471
504.28784 1431.91
504.79834 553.575
507.20358 665.548
517.32684 7390.06
518.32672 2015.48
521.22235 14098.2
522.22498 4423.1
523.22748 673.245
527.29987 964.804
530.33667 755.539
531.28516 1235.82
545.30682 9254.96
546.31067 2637.82
559.27631 798.568
559.78137 636.343
560.83368 2069.86
561.33423 909.056
563.26025 1017.34
567.33154 491.199
570.31146 1846.9
572.27521 974.88
575.26862 860.86
579.32642 833.998
580.32703 590.024
581.26477 1045.4
585.24872 887.307
587.35736 701.302
588.30048 509.874
589.27985 687.375
592.29413 2163.75
599.35449 1336.44
602.27460 4324.36
603.27673 1526.63
604.33521 1211.99
606.31354 2771.34
607.31232 943.914
610.36963 719.833
610.86932 918.114
614.34283 770.322
616.37604 1888.27
617.38757 499.011
618.28424 594.262
620.29065 7573.94
621.29370 2282.76
626.36621 545.316
630.39398 801.193
632.36005 10218.3
633.36493 3164.94
634.30554 5166.43
635.31195 1740.41
640.81799 504.93
641.33069 1080.99
644.37433 3306.11
645.37781 1083.41
658.39423 836.116
666.77423 1287.23
667.26727 577
667.33997 770.802
673.36627 848.913
676.34534 625.934
683.39618 574.42
683.90289 905.776
684.40271 614.856
685.36902 659.769
687.36847 610.272
688.35278 1298.58
705.38007 2807.87
706.38617 947.927
715.36005 4457.93
716.36139 1689.38
733.37408 8131.31
734.37762 3334.14
735.37457 777.039
742.38397 2620.84
743.37952 935.084
747.39349 865.839
757.45392 887.191
762.40833 747.357
776.43787 1084.22
776.94629 830.755
777.41431 1221.58
778.41699 566.022
780.41162 806.881
781.41919 536.934
784.39648 529.626
784.90070 854.105
795.42322 26601.3
796.42596 11085.9
797.43030 2208.25
801.42377 1244.66
814.42651 1503.35
815.42645 644.056
818.46576 506.304
832.44385 1527.99
833.45239 633.81
841.45288 1830.15
842.45416 828.855
846.46075 1858.24
847.46667 1148.13
861.47656 534.423
879.47583 752.819
890.50140 1117.11
891.49805 687.744
908.50635 36575.9
909.51019 18080.1
910.51196 4773.39
911.51520 975.197
929.48492 792.335
970.49243 1217.68
971.49640 698.95
989.57111 877.716
990.56647 638.862
992.57074 805.482
993.58527 519.886
1007.57410 32870.3
1008.57794 17756.1
1009.58466 5033.09
1010.58038 1054.38
1102.65002 1313.81
1103.65930 497.968
1117.56567 1193.7
1120.65833 37194.4
1121.66138 23526.4
1122.66479 6989.32
1123.65930 1004.99
1219.72766 10087.8
1220.73010 7779.58
1221.73682 2613.33
1366.79333 1582.42
1367.80420 946.539
1368.81042 552.911
