2238.85527 2
110.07091 1256.61
112.08636 892.34
115.08599 767.405
116.07020 1132.3
120.08038 3233.51
129.10194 1475.56
136.07469 1007.92
142.09712 2216
153.10190 2469.6
155.08109 1508.68
157.10808 850.73
158.09195 3325.41
167.08067 994.652
171.11235 16071.6
172.11591 1214.41
175.11836 19550.5
176.12233 1072.52
181.09673 3679.07
185.09250 675.053
187.10750 794.642
197.12793 2055.68
199.10716 29121.5
200.11098 2647.24
201.12340 617.266
209.09177 992.701
213.08626 2323.86
215.10229 681.368
215.13847 2401.34
225.12285 1476.88
227.10199 21010
228.10678 2223.04
229.11765 1210.29
231.06075 887.458
231.09686 4628.13
235.10623 996.28
239.14926 1150.78
241.08116 3647.93
243.13268 1044.6
245.07553 788.481
256.17657 797.428
257.16010 5139.38
259.09164 6092.47
263.10178 1867.08
264.13293 1765.86
266.11246 2682.9
274.18643 85895
275.18979 8882.13
276.19046 753.497
277.11844 877.975
282.14417 765.179
284.12225 972.53
284.17114 1781.9
292.12845 1854.16
300.08167 2931.94
300.15298 840.167
310.13846 9675.04
311.14310 1460.49
326.16864 798.288
328.14902 17106.1
329.15292 2206.1
332.12457 995.664
338.13312 1406.46
340.15057 1387.83
342.12827 1526.61
344.14572 666.437
346.12173 1833.47
354.16870 1596.44
356.14423 23374.8
357.14716 3554.74
372.18298 2043.77
373.17032 792.328
378.12860 2503.53
389.21332 4198.39
395.15878 628.698
397.09964 1134.92
411.18646 844.46
413.16269 836.74
415.10840 2882.22
419.15363 1070.8
421.17010 1013.51
423.19391 714.181
429.19696 3986.39
430.20181 946.157
439.18158 4518.06
441.23190 1848.19
442.23917 629.113
447.15143 660.07
451.22009 718.602
455.17291 726.947
457.19211 15051.3
458.19586 3096.28
461.16760 912.753
469.22934 4101.75
470.23218 1048.11
489.15823 856.731
498.25735 751.702
507.16336 848.492
519.25415 1405.7
528.19464 1135.79
534.17816 877.552
536.28094 20219.2
537.28308 5375.04
538.28967 739.814
542.27948 2213.32
546.26758 850.034
552.26691 1400.52
562.16669 839.436
566.24860 968.929
570.27728 1552.85
576.18634 1141.71
584.25604 3924.25
585.26068 1227.68
604.22388 1045.16
608.22009 1164.53
616.27399 953.001
634.27814 1453.33
639.22687 1503.58
651.30682 8497.41
652.31244 2647.5
659.22546 649.69
667.29083 718.647
673.19855 653.052
685.30219 1549.56
691.21539 1311.95
699.27832 996.854
762.34137 1418.43
768.26898 715.8
780.34961 4893.57
781.35443 1767.09
786.30695 689.819
800.32355 675.103
806.26056 669.44
837.37103 879.637
863.38556 1094.14
864.38672 774.791
881.39703 13304.8
882.39935 5491.56
883.28076 718.668
883.42865 1302.56
984.38287 859.293
992.42651 3106.08
993.42804 1346.67
1010.44086 7094.5
1011.44287 3519.84
1121.47974 678.965
1139.49231 1430.01
1140.49695 965.966
1157.50745 14778.9
1158.51074 8547.18
1159.51123 2823.04
1237.50696 917.939
1238.50964 721.478
1254.54602 696.662
1255.52283 912.172
1272.53467 3231.83
1273.54248 2059.52
1274.54016 786.768
1323.55701 662.281
1341.55872 5693.83
1342.56042 4600.23
1343.56958 1408.45
1359.57349 1409.09
1360.57251 957.529
1438.56592 1190.57
1439.56787 1516.66
1440.55127 777.228
1456.58179 8029.83
1457.58264 6859.03
1458.58704 2597.26
1474.60010 872.343
1475.61060 787.141
1553.58875 1014.88
1554.58850 2200.69
1555.59802 1115.23
1571.61145 7145.24
1572.61243 5736.15
1573.61975 2010.85
1589.62805 1178.52
1590.62561 1018.26
1666.68799 749.123
1684.69946 2811.27
1685.68530 2629.92
1686.70300 1345.04
1795.73535 818.126
1796.73584 1147.49
1813.72937 1117.15
1814.72559 1379.07
1943.79370 939.085
