2099.96636 2
110.07105 1602.08
120.08052 6902.76
121.08400 634.515
127.08651 310.561
129.10204 2330.15
130.06467 539.994
130.08607 708.984
133.04279 986.911
136.07553 1605.61
141.10190 352.131
142.12273 261.309
143.11758 203.066
147.11269 1584.19
155.08147 296.92
155.11786 337.521
157.09761 258.441
158.09163 282.404
159.09143 2338.59
159.11191 179.198
160.09476 310.565
167.08156 479.662
169.09692 594.046
169.13345 632.561
171.07654 187.272
171.11224 318.068
173.12836 1432.63
175.08920 320.831
175.11861 1802.54
181.06035 193.596
183.11246 665.233
183.14900 321.089
185.09167 639.614
185.12874 266.225
185.16451 595.464
186.12300 272.643
187.07280 319.467
187.08348 284.963
187.10777 234.09
187.14369 500.929
191.11722 292.423
195.07666 448.403
197.12793 537.889
198.08710 185.811
199.07140 369.385
199.10773 368.35
199.18013 6280.27
200.13933 349.356
200.18384 679.532
201.08649 383.591
201.12305 1936.81
203.08583 352.766
204.13501 188.157
209.10396 184.461
211.14345 248.218
212.10315 215.695
213.08669 2063.97
213.15913 557.594
214.11787 229.248
215.10223 424.437
215.13834 703.062
216.09766 465.423
216.13300 327.402
217.08220 443.19
217.13292 234.316
219.11292 333.976
226.11716 486.867
227.10333 443.988
227.17517 5412.69
228.13435 411.432
228.17894 797.055
229.11752 812.041
230.11111 219.032
231.09792 687.152
233.09412 238.955
233.16457 1566.52
234.14426 189.268
235.10587 303.476
240.13399 830.537
241.08180 286.269
242.14987 231.921
243.13280 512.899
244.09334 320.998
245.07809 302.069
245.12730 204.995
246.12740 243.438
249.12288 2424.08
250.12791 209.982
251.11307 190.808
251.14957 422.591
254.14796 280.031
258.14410 1965.94
259.09183 250.795
259.14987 210.1
260.13901 298.187
261.08911 466.623
261.15927 1720.31
263.10156 246.663
264.13318 748.405
266.14743 392.341
270.10620 220.182
271.14841 193.732
274.12088 543.568
274.18558 231.586
276.06427 1460.19
276.15366 1417.09
277.11774 4073.6
278.12088 521.123
283.19958 275.684
284.16034 322.963
286.13501 206.731
288.13416 875.42
293.10913 214.851
294.14456 465.174
296.19693 530.285
297.15762 206.353
298.13858 548.201
299.10248 321.313
300.12137 197.278
302.11432 250.608
310.21207 354.652
311.17255 329.61
312.15448 1040.58
314.11298 218.242
315.16376 201.713
316.14999 1601.23
326.17099 411.991
328.11288 223.44
328.18958 236.116
329.22156 617.728
330.16266 364.003
332.12894 376.746
334.13809 430.746
341.18054 202.314
342.14944 225.147
342.20288 256.17
344.12390 219.548
345.18018 203.658
353.68918 230.676
359.10107 1218.21
360.15463 3427.85
361.15720 596.499
367.68845 202.457
374.24301 697.892
377.11191 1997.94
378.11182 239.601
378.16519 1761.8
379.17047 256.431
381.17419 285.344
385.14954 327.546
387.16547 984.416
389.14856 987.161
390.20166 373.841
401.24191 249.176
403.16006 199.198
407.19562 1752.26
408.19559 307.446
409.27786 229.95
411.22028 238.982
417.17590 704.269
425.24185 254.876
427.18158 690.158
429.23880 267.681
431.22961 360.926
445.19315 338.393
459.22498 477.977
460.22391 433.48
472.17993 340.614
473.23938 753.82
474.24133 358.96
475.29041 238.474
476.26538 207.525
478.23260 3191.09
479.23303 405.169
488.21277 538.289
489.22748 234.645
490.19159 232.291
491.24954 260.008
503.28632 345.689
504.16962 389.338
517.18298 308.794
532.19977 491.814
533.20135 203.241
540.26575 246.371
543.25513 232.567
545.17883 564.359
563.18921 401.962
574.24835 461.475
585.22736 250.436
586.32587 241.174
587.20917 415.461
589.26685 681.98
592.26099 478.083
597.30695 208.941
603.23932 495.146
603.31805 221.768
605.22339 915.266
606.21832 245.477
607.27386 1936.4
608.27405 553.644
658.26483 243.903
674.22003 229.091
675.21381 217.582
692.23383 605.424
704.29163 286.99
705.34644 219.504
706.36816 222.397
734.35968 300.698
745.25793 444.36
763.26886 563.991
773.28864 464.893
774.28473 205.821
787.30750 230.976
793.35260 1240.7
794.35376 544.921
819.45782 311.358
887.46228 253.075
894.40143 839.386
895.40485 430.168
973.36902 227.649
1002.50665 297.74
1009.42365 404.565
1010.43402 254.822
1024.49622 276.012
1050.54956 226.446
1090.58801 233.588
1169.45410 882.734
1170.45044 568.722
1261.64893 235.548
1282.53674 318.575
1283.51355 246.33
1397.56750 565.109
1398.55969 377.513
