3262.26267 3
120.08025 6559.67
129.06543 3119.56
129.10205 1167.7
141.10182 7764.94
157.09709 1266.68
169.09671 10087.8
171.11237 1251.62
173.09140 1263.23
175.11838 6175.45
184.10744 4891.57
185.09151 5476.32
186.12367 1084.08
199.10664 1594.13
201.08626 1292.77
201.12296 1645.46
202.11708 1164.24
212.10226 1818.29
229.11734 2780.52
230.11282 9340.64
245.07693 1652.55
246.15526 3253.4
252.13333 2845.69
259.09070 1096.59
270.14420 2502.81
281.15982 955.628
283.13943 1522.34
287.66980 1394.15
298.13876 9183.46
299.14319 1150.75
309.15625 2109.51
317.19244 8645.2
318.19644 1170.07
342.09631 1061.69
344.14667 1147.75
345.10281 1032.5
360.10162 1491.74
371.11893 1320.12
380.19052 2494.9
389.14758 1093.81
398.20200 1564.42
399.18381 1113.74
413.16559 9028.26
414.16846 2009.98
446.23465 6822.72
447.23813 1189.97
458.18466 1463.04
465.21439 1518.68
474.22455 2708.94
500.16504 1291.14
501.16531 1148.64
509.23297 3198.26
510.18442 1765.35
514.21143 1089.9
518.18683 1162.04
527.24573 1560.68
528.19202 7753.9
529.19611 1914.14
529.74030 1462.34
538.74536 2667.27
539.25140 1359.44
573.21368 1153.23
574.32916 12105.2
575.33118 3036.32
589.17444 1355.7
594.26337 1054.59
594.75726 1058.47
603.26624 4827.16
603.76758 2199.75
606.71423 1717.96
639.22961 1719.08
657.23370 4617.37
660.77728 2582.34
661.28076 1894.93
689.35449 7609.95
690.35779 2577.18
695.29010 6936.75
695.78955 2904.08
696.29944 1327.24
704.19421 1966.89
705.19739 1156.14
714.79706 2328.2
715.29761 1945.87
715.79309 1330.64
723.79980 24727.4
724.30115 17040.8
724.80579 5208.13
725.30029 1434.85
772.26019 7496.29
773.26733 2923.59
788.32843 3163.14
788.82806 2207.76
797.33447 16992.7
797.83569 14296.2
798.33698 5650.04
798.83917 1201.31
800.25781 1628.28
815.22504 1119
816.21881 1034.76
817.28363 1138.31
818.39606 7764.67
819.39905 2311.13
833.23944 1528.97
844.87335 1272.06
845.37732 1235.57
846.32037 3633.33
846.82330 1924.64
847.33459 1145.48
853.87604 11510.4
854.37860 8932.48
854.87787 4178.41
855.39343 1233.02
886.30463 1404.38
887.29468 1813.92
902.86688 4026.15
903.37054 3023.97
911.39136 8559.22
911.89270 7363.86
912.39124 4008.63
912.89972 1169.94
947.44226 9239.26
948.44446 3431.35
960.37317 2966.87
960.87891 2688.56
967.93610 3853.52
968.43134 5649.87
968.93445 1738.58
973.06238 3047.03
973.39703 4349.65
973.72882 4595.82
974.05756 3732.98
974.40295 1647.15
979.06689 9561.49
979.39777 23466.7
979.73004 21644.7
980.06140 11927.1
980.39349 5046.56
983.32520 1628.56
984.30658 2214.97
1001.32947 10252.3
1002.32294 6930.58
1003.32471 2741.8
1006.37988 1186.92
1006.73004 1451.72
1007.07440 3064.27
1007.40454 3070.31
1007.74463 2033.3
1011.72406 2800.9
1012.05957 5452.04
1012.39063 6220.16
1012.72980 4121.84
1013.06860 2859.16
1013.41846 2138.08
1013.73975 2090.31
1016.92157 2596.17
1017.42719 1896.05
1025.44226 2214.09
1025.93958 2445.45
1026.44592 1963.82
1038.48303 1257.59
1058.47717 2355.99
1074.43604 1741.74
1074.93457 1348.49
1076.48120 6851.97
1077.49207 2588.69
1082.46313 3452.15
1082.96008 5520.33
1083.46704 3074.18
1083.96558 1409.76
1087.47009 1645.26
1089.48767 1450.33
1096.38818 1397.25
1102.37244 1459.31
1114.41357 2970.48
1115.39941 2340.15
1131.45776 2432.88
1131.95728 2746.76
1132.48083 1807.38
1132.95117 1136.33
1139.98352 2591.65
1140.47400 4192.27
1140.97375 2198.9
1141.47815 1794.18
1187.51025 2755.56
1189.47070 1995.27
1195.99573 2182.76
1196.49817 2573.97
1204.49426 2727.76
1204.99792 4295.36
1205.51721 9582.83
1206.52429 3900.07
1207.52502 1065.86
1211.44800 1327.93
1212.41467 2302.79
1213.41162 2104.23
1229.43713 10083
1230.44043 8465.45
1231.43201 3566.94
1245.47546 1531.74
1253.51257 1529.64
1253.99536 1112.01
1254.49792 1287.65
1262.01270 2831.09
1262.51331 5168.5
1263.01880 3588.89
1311.01025 1985.5
1311.50793 3238.35
1312.00720 2147.68
1312.50000 1539.76
1319.52173 4387.37
1320.02588 7286.95
1320.53223 8863.63
1321.02856 2701.99
1321.53796 3221.22
1325.51917 1739
1330.49097 1324.21
1342.52100 2727.11
1343.51917 2943.14
1369.01978 2356.9
1372.55566 1400.24
1375.05896 1963.24
1375.53723 3703.07
1376.04492 3466.23
1376.53650 2279.91
1384.04626 3627.43
1384.54797 6953
1385.04407 6110.85
1385.54993 3711.72
1386.05383 1349.06
1389.57227 2625.18
1390.57642 1348.66
1411.04419 1472.35
1411.57312 1421.31
1412.06482 1110.37
1419.56287 4468.08
1420.06836 6960.44
1420.56433 5348.53
1421.06726 3741.97
1425.54590 1385.63
1428.58325 2467.34
1429.59229 2671.89
1446.59619 25751.4
1447.59802 16336.9
1448.59753 6368.24
1449.59595 1638.21
1459.09143 1219.26
1459.58655 3471.08
1460.09631 1984.46
1460.59338 1902.06
1461.07568 1186.34
1468.08960 7161.77
1468.59265 12549.5
1469.08997 12598.6
1469.58948 7763.27
1470.08679 3512.73
1517.58899 1515.87
1518.09131 1160.55
1518.59814 1547.49
1544.56812 2447.74
1545.57996 1758
1575.67017 1109.83
1593.66711 11419.4
1594.66772 8557.28
1595.66907 4195.22
1691.64758 2113.29
1692.63635 1370.1
1706.74878 3645.85
1707.74902 3111.43
1708.78320 1611.09
1804.72876 1861.32
1805.74231 1322.38
1821.77197 4614.37
1822.77820 3897.92
1823.78223 1923.25
