2187.87503 3
110.07095 2847.2
115.08630 6374.91
127.04978 7311.68
129.06563 1323.17
129.10190 9148.38
130.08612 2167.32
131.08105 4083.53
136.06125 4054.06
141.10194 1471.19
145.06020 4011.53
147.11249 5719.26
157.06003 1315.18
159.07620 4003.21
173.05525 15954.5
185.05550 3066.54
198.12315 9653.23
199.07054 3860.97
200.10153 1926.06
203.06613 2017.95
210.08635 2094.38
214.08232 1791.17
215.06601 1789.28
224.06624 3603.43
226.11816 48860.4
227.12146 5219.65
228.09689 1669.63
230.14934 1933.54
232.09256 3998.08
235.11841 3723.98
239.11305 4730.42
241.09425 2723.09
242.07658 72642.1
243.08017 6415.01
244.16367 2003.34
248.15970 10201.4
260.08710 43556
261.09082 4189.94
267.10822 3916.24
268.09225 13345.2
269.09604 1316.75
270.10806 3428.23
272.08609 1550.25
279.14560 1640.47
280.12732 1679.72
285.11856 25679.7
286.10178 3747.85
295.10272 6541.7
297.15469 32375.8
298.15970 3955.11
303.12997 6772.39
312.04922 1424.31
312.16620 3687.09
313.11343 29935.5
314.11731 3693.78
331.12381 7066.86
336.16208 1278.24
340.15994 1279.95
342.68176 1730.5
351.68677 10504.3
352.18835 5209.78
360.69196 44751.2
361.19345 17176.9
361.69534 2872.92
366.17517 3861.81
367.15894 1496.01
367.20859 4210.33
384.18640 6469.86
385.21860 13062.1
386.22089 2540.51
398.11090 1841.95
418.20581 4427.82
427.18307 1432.33
435.19672 1612.84
436.14310 2570.25
438.19980 1709.54
453.20935 2644.14
454.15314 1358.61
455.22092 1598.68
466.71735 1362.4
468.25491 5580.83
469.20331 1750.28
473.22519 4246.02
475.71866 3171.79
476.21918 2323.73
486.26584 16371.6
487.26758 3304.2
496.20132 2493.57
522.23163 1338.59
531.23224 2962.14
540.24084 5007.64
540.74213 1793.09
542.19769 1443.97
543.24310 1442.22
549.24127 1986.75
550.22491 6387.58
556.26709 1921.89
567.24237 1849.43
568.23615 7093.38
569.24579 1881.22
574.27112 3984.27
575.27051 2198.32
575.59009 5691.6
575.92059 3113.58
581.26221 11109.5
581.59546 14760
581.93085 7461.73
582.25970 2954.42
587.26477 19325
587.60034 18147.5
587.93585 6928.12
588.26697 4284.84
592.28113 3753.59
593.27490 2713.69
596.78094 6549.48
597.27997 3495.71
605.31860 2649.28
608.25049 2860.18
608.57922 1811.06
609.25562 1352.31
613.92340 3744.94
614.25317 4325.03
614.58496 3655.7
614.91260 1503.53
619.92462 21519.1
620.25928 22121.8
620.59174 10414.1
620.92688 2969.77
623.32471 7743.34
624.32928 1715.4
627.26953 1371.77
643.60181 1640.6
645.29840 1405.7
654.29211 3674.68
654.79669 2186.27
657.22882 2190.6
663.30847 4903.73
664.31714 1380.02
666.21136 7657.09
667.21222 1977.8
679.79779 3900.7
680.30139 5232.92
680.81384 1666.74
681.31445 1711.65
684.35541 2522.1
688.80499 11457.1
689.30536 9657.76
689.80560 1951.08
702.36646 16757.3
702.80615 1735.15
703.37329 6891.36
704.36682 2103.02
705.80548 2776.62
714.31519 1420.02
714.80267 7656.01
715.30554 4604.94
715.80542 1854.04
717.31732 1901.21
720.37616 84374.4
721.38043 30915.8
722.38367 5387.77
723.31647 5477.35
723.81757 3226.7
726.24841 3239.92
729.35974 18771.9
729.97968 1414.7
730.36346 4724.98
732.32074 11473
732.82300 6992.92
733.31757 2837.06
744.26056 1419.85
747.81305 2125.67
749.83105 3073.3
750.33112 3901.18
751.30005 1485.16
758.83545 13080.7
759.33533 9753.57
759.83362 4237.01
767.83850 6369.86
768.34039 6495.34
768.83789 2538.92
779.29529 2849.97
792.35193 2635.64
797.29321 3621.89
798.34937 1722.29
798.83679 2311.85
805.34918 3050.99
805.84070 1940.24
807.35059 1550.8
807.84247 3961.99
808.33698 2594.22
810.36481 1902.26
813.86511 3446.14
814.35284 10686.7
814.85138 8798.33
815.35645 2049.54
816.34344 1381.65
816.82794 6829.97
817.30353 2931.33
817.42902 1772.93
817.83154 2015.7
822.86359 5364.11
823.35999 7677.66
823.85822 6111.86
824.35529 2414.2
828.36005 1451.24
831.87439 2799.05
832.38007 1890.14
835.40430 13018.4
836.40662 4787.03
853.87219 4501.72
854.37457 3579.88
854.86780 1806.68
862.38861 6911.34
862.88287 12815.1
863.38287 7455.68
863.88861 1499.46
865.40131 2180.77
865.91223 1634.21
871.39008 31500.3
871.89087 29238.1
872.39240 13521.5
872.89642 4657.5
880.39612 21261.5
880.89594 20521.2
881.39734 10156
881.89520 2780.21
889.40149 1920.84
889.89081 1741.25
906.90015 1588.37
907.38104 4948.84
908.34705 2263.42
911.86914 3056.57
912.36224 2741.49
920.37823 3837.23
920.87775 4326.08
921.37915 2246.84
925.37378 3178.39
929.38379 14442
929.88446 12110.4
930.38623 5551.75
930.88660 1709.44
932.42877 3140.29
933.39954 1379.23
950.42871 16177.9
951.43457 6459.82
952.44012 1527.96
1004.40387 1605.5
1005.37823 2633.94
1022.40576 15552.4
1023.39825 10527.1
1024.40173 2955.17
1040.41528 9485.82
1041.41833 6625.17
1042.41394 1395.43
1058.43323 1552.74
1061.45923 5029.74
1062.45874 2281.02
1079.47192 12610.5
1080.47534 6443.3
1081.46399 1734.74
1138.39038 13822.3
1139.39294 7369.85
1140.38831 1978.02
1174.54846 1710.87
1192.55750 8394.97
1193.56030 5327.75
1290.56335 1473.79
1307.58350 4854.6
1308.58472 2955.33
1309.56543 1464.79
1357.57141 1467.77
1359.58008 2321.81
1360.59094 1553.23
1376.60693 3349.91
1377.61230 2510.37
1428.60156 11606.5
1429.60229 7141.14
1430.60986 3394.6
1445.62048 2678.52
1446.63135 2164.51
1463.64307 4413.9
1464.64099 4310.56
1465.65698 1684.73
1516.65820 4689.68
1517.66516 2855.81
1518.65869 1936.01
1534.68042 4384.94
1535.66895 3483.35
1536.67078 1750.58
1632.64929 1634.77
