1965.76499 3
110.07113 5832.03
113.07072 362.258
115.08619 319.686
120.08065 8854.92
121.08384 769.538
129.10220 5739.53
130.06496 1715.52
130.08618 1430.51
130.10512 489.155
132.08112 1125.51
133.04292 1778.06
136.07571 2326.66
137.07813 280.988
140.07047 2679.31
141.07384 297.542
141.10188 551.136
142.12254 336.505
143.04486 619.979
147.11273 2167
155.08115 302.419
156.07663 774.339
157.06085 545.08
158.08133 1363.87
159.07686 391.573
159.09157 22731.5
160.09496 2478.46
165.10207 1267.27
167.08163 1046.41
169.07635 318.522
170.05972 1525.14
171.11249 389.71
173.12808 1171.33
175.11876 1707.35
183.11273 388.659
183.14830 309.267
185.09196 3079.08
185.16484 529.994
187.08624 2219.23
187.14401 722.769
188.08968 296.654
191.11765 1104.47
195.07631 4846.59
196.08119 346.044
197.12799 408.813
199.07184 431.908
199.10843 286.024
200.13837 465.736
201.12315 652.472
203.06610 335.929
203.10258 2274.96
204.13345 476.667
209.10306 395.187
210.02573 336.811
213.08690 2330.65
215.13893 2683.23
217.08679 649.827
217.13347 11431.9
218.13693 1711.49
219.11363 385.752
220.07407 481.434
223.15503 1784.8
226.08325 378.903
226.11894 332.655
227.06662 302.58
227.10117 365.994
228.13379 344.366
230.15021 902.671
231.09778 1294.51
233.09431 320.814
233.16447 877.081
239.11586 337.325
242.11346 412.635
242.14967 464.292
243.13354 1885.19
244.09253 367.037
244.16525 312.855
245.12825 5718.82
246.13170 1072.2
248.06990 461.08
249.09879 329.423
251.15013 1700.92
252.11006 622.844
256.10852 681.945
256.14523 333.885
261.15924 982.94
262.15399 336.981
266.16110 1862.9
267.10831 568.687
272.17413 331.427
274.11838 3361.94
275.12146 737.381
280.11249 436.648
282.10709 682.01
283.14294 325.489
284.10425 1490.39
284.14130 416.96
284.17145 3167.02
285.17596 424.552
288.13409 822.119
291.08047 308.254
292.12793 421.877
292.65085 289.76
294.18106 341.191
302.11319 2308.1
303.11676 446.991
304.13196 285.838
307.68347 468.664
308.10568 1200.21
310.10294 1517.31
322.18500 304.934
328.11353 2454.18
329.11707 378.08
346.12399 1716.81
347.12680 433.924
350.14258 716.309
355.19992 397.228
363.09686 579.378
372.17468 964.849
375.23242 470.025
376.18042 546.741
377.16266 1002.14
381.18442 571.42
396.13739 316.675
398.14859 1719.55
398.21390 2315.04
399.15201 317.842
399.21921 571.447
401.18085 383.259
405.15829 3341.6
405.67990 432.081
406.15933 797.674
408.18845 473.054
414.14413 1979.5
416.30029 346.402
416.74719 435.023
436.23184 466.853
438.18875 421.776
439.22995 484.006
448.89648 864.266
449.22873 421.417
459.26117 549.072
461.25555 672.952
461.75244 389.782
463.22815 549.152
468.18881 641.955
470.26260 8181.59
470.76248 3740.94
471.26233 1667.39
471.76251 370.148
472.19922 304.622
475.25180 1011.96
478.85944 324.165
479.19849 454.858
482.57507 305.977
485.90933 443.111
486.19760 8367.86
487.20084 2920.77
488.20865 526.763
490.28195 362.613
492.19128 512.05
496.18109 723.586
499.23459 1499.07
500.23700 508.359
503.32962 2872.27
504.20816 923.584
504.28671 955.765
505.21982 337.291
505.77975 2942.63
506.27921 1336.91
506.78091 659.802
511.23645 404.931
514.19171 2148.84
515.19318 675.604
515.71466 393.447
516.21033 360.71
519.24976 1393.36
519.75305 620.239
520.24658 446.116
527.22723 1771.46
528.22681 570.351
532.20026 335.956
549.25317 307.394
550.25610 322.919
554.76697 530.005
555.27380 396.979
564.28424 327.253
567.26758 798.277
568.26849 383.318
579.31702 1694.34
579.81476 634.147
580.31696 363.968
584.29303 3468.64
585.29694 1650.98
586.29938 1180.81
586.72351 533.737
587.21722 1162.91
587.71918 951.799
588.21838 394.096
588.34033 699.463
595.72980 2723.32
596.23138 2204.26
596.73047 988.029
598.32355 506.647
599.32581 378.148
607.15283 558.335
607.22430 1084.76
608.22137 509.77
608.33038 880.884
608.83087 529.286
614.36871 553.557
615.36365 409.712
617.37274 387.932
624.99261 379.899
627.32440 494.6
628.32111 374.028
629.25354 384.16
630.99457 651.518
631.31732 534.265
632.37292 4487.29
633.37415 1267.15
635.85529 1001.96
636.36090 674.729
638.31165 1486.92
638.81287 1163.5
639.30664 623.091
645.23822 530.045
648.29535 391.309
653.74225 476.834
654.23145 537.263
654.75537 351.96
656.29749 436.344
656.37781 465.751
656.80212 1004.39
657.36731 1188.13
657.80408 360.163
657.89886 481.511
658.39618 575.882
660.75360 425.083
661.25055 342.417
662.32501 5250.21
663.33173 1703.43
664.34448 347.533
668.01996 407.913
669.26263 2456.93
669.76532 2253.84
670.26074 971.947
671.30328 536.048
673.69055 1579.36
674.02539 1132.74
678.32056 516.991
685.34589 540.876
691.37366 533.48
691.86884 337.625
699.31561 2299.36
700.32813 971.195
700.76758 368.217
701.41858 927.365
704.40411 612.15
706.34808 380.575
708.78638 802.272
709.28076 2419.14
709.78076 1750.26
710.27863 846.924
717.78992 8539.2
718.29163 11395.9
718.79193 5320.28
719.29138 1758.2
719.79059 447.326
728.35144 602.603
728.85767 384.755
737.36151 383.714
745.45563 1986.85
746.46021 797.509
749.39429 1193.91
750.39948 668.002
763.86707 374.772
765.35938 367.179
765.86017 409.89
772.37793 495.906
772.88007 569.843
773.37854 628.864
773.87946 583.91
777.34589 1828.14
777.84247 949.353
778.34564 624.822
790.40967 454.905
794.32648 344.806
802.31390 404.874
802.82190 580.278
810.34955 624.441
810.83380 563.346
811.33105 1592.5
811.83411 744.649
812.45081 1003.63
812.85339 541.965
813.34998 516.968
828.36169 2495.5
829.36658 1478.08
830.33783 331.042
830.92120 430.898
832.49121 2859.85
833.49713 1100.44
842.46442 855.174
851.28284 1475.47
852.29028 968.71
853.29065 329.085
866.88568 608.209
876.42377 761.912
884.30731 431.039
886.40179 360.796
889.44037 360.016
890.43732 510.581
896.38159 530.517
902.31342 427.757
913.39423 484.837
921.50555 375.798
922.50580 505.782
923.50055 426.152
925.36499 407.495
926.36432 710.195
927.37109 462.339
929.49042 432.087
939.51691 4927.19
940.52411 2480.99
941.51556 1322.02
942.56238 483.725
943.38623 2493.02
944.39142 1918.63
945.39734 573.271
979.57233 995.178
980.57257 495.983
990.54486 441.766
998.45703 667.294
999.05170 464.126
999.56256 478.933
1000.52570 355.362
1010.56018 1115.53
1011.55750 732.536
1012.40869 939.59
1013.38837 1457.8
1013.56512 474.864
1014.38208 684.894
1018.53339 493.883
1027.46118 592.042
1030.42163 7224.22
1031.42297 5302.06
1032.42505 1542.92
1037.49683 910.666
1038.37769 392.866
1038.47412 379.392
1044.34802 577.419
1045.33716 708.469
1046.33887 376.585
1050.60071 615.352
1055.00720 353.254
1062.35144 489.218
1063.34180 367.081
1071.60205 1055.95
1118.52563 367.021
1126.56201 344.857
1127.55408 476.258
1151.42297 464.393
1152.39856 674.404
1153.39282 331.885
1155.40552 418.42
1156.41418 488.526
1157.61877 929.517
1158.63757 418.26
1159.63440 392.115
1172.43994 1223.81
1173.42590 2746.56
1174.42944 2229.2
1175.40601 777.653
1190.45276 7401.33
1191.45361 7376.54
1192.45215 3050.31
1193.45923 855.871
1234.62744 487.256
1235.61145 362.66
1289.45227 356.592
1307.46289 357.435
1320.50293 1024.59
1321.49194 680.274
1337.51892 2865.35
1338.52222 3189.38
1339.52136 1354.45
1340.52954 601.012
1434.56885 755.348
1435.57544 1336.99
1436.57166 514.097
