2466.11808 3
110.07108 466.033
120.08063 1101.86
129.06583 242.238
129.10193 672.171
130.08588 278.18
133.04283 972.951
136.07582 598.226
147.07637 181.809
147.11250 992.425
159.07607 553.92
159.09198 253.918
171.11304 245.859
175.11848 250.321
185.16548 248.619
187.07118 1470.31
187.14340 334.4
197.12817 225.602
199.07089 450.182
201.12361 209.876
213.08658 197.07
215.13884 494.401
241.08136 341.213
243.13335 378.946
244.07779 202.584
252.10919 477.978
258.14523 252.343
259.09256 307.985
262.08527 484.733
272.07022 440.27
276.15332 248.808
290.08020 1328.14
298.10312 205.192
300.15518 362.58
301.13208 193.01
310.10138 234.57
316.11383 491.946
326.17020 193.602
333.17609 1464.61
334.17892 200.344
350.21777 826.82
356.69315 236.575
381.15250 312.408
391.15765 213.424
401.11252 674.424
403.16394 374.049
416.21249 224.968
419.12512 307.457
421.21262 205.775
429.19583 208.696
434.22351 2456.76
435.22662 410.09
464.25946 592.3
506.26709 222.514
528.22217 259.432
532.20569 204.649
565.26227 1555.84
566.26862 238.88
570.78632 259.956
590.25867 202.827
593.30389 1500.96
594.30566 444.541
599.25464 395.375
611.25616 563.13
648.30200 248.845
666.31116 3507.73
667.31519 953.846
668.31360 259.704
712.37732 328.235
724.34076 637.497
740.37280 1639.61
741.37573 449.9
742.34918 309.014
777.34424 859.507
778.34314 401.167
795.35370 4355.48
796.35553 1292.91
797.36548 462.055
806.37628 263.283
821.47424 232.962
821.55328 228.097
822.36389 609.475
823.41107 2900.83
824.40784 1314.29
825.40839 274.927
841.41962 2132.78
842.42236 981.043
843.43384 213.843
872.40424 218.575
890.42932 257.008
908.43726 3497.91
909.43994 1438.08
910.44800 489.338
928.37256 243.992
936.49292 1216.86
937.49426 601.716
954.50275 1266.65
955.50574 702.602
956.51172 224.889
1011.52509 1498.51
1012.51953 574.028
1019.47241 596.639
1020.47485 267.318
1037.47974 2115.32
1038.48352 1024.02
1039.48743 387.19
1140.56848 1426.29
1141.56653 917.139
1142.57483 281.204
1179.50195 293.499
1180.48071 247.761
1197.51392 2083.42
1198.50867 1200.58
1199.52356 505.573
1269.60681 1073.15
1270.60437 641.183
1271.61243 273.395
1308.54236 398.67
1309.53113 233.409
1326.55530 812.066
1327.55884 566.6
1328.53503 237.035
1512.61914 516.102
1513.61182 260.733
1558.68408 317.915
1559.69006 238.137
