2148.99883 2
120.08025 1543.48
129.10175 320.098
136.07529 381.119
147.11174 206.113
173.12611 182.459
175.11827 1353.44
197.12749 562.143
199.07050 483.443
207.11253 353.381
215.13831 2676.17
217.08168 387.669
225.12215 323.649
233.16389 254.222
235.10643 672.819
243.13300 4986.82
244.13710 361.144
259.13889 362.774
261.15744 218.882
276.16608 295.27
277.11734 597.374
302.09744 215.617
312.15366 727.033
317.18335 198.044
330.16010 353.546
345.17877 406.177
346.13858 652.941
356.21793 334.372
364.14661 262.583
372.17328 191.863
389.25131 320.203
390.20102 235.571
413.12958 213.279
423.18668 201.614
441.19464 290.097
459.22217 383.06
490.29663 979.953
491.30331 217.519
619.34106 248.48
706.37421 548.55
853.43823 2194.58
854.44067 800.853
968.46350 663.703
969.46692 357.997
1073.72571 228.351
1075.69177 2538.82
1076.69434 1398.87
1097.49939 290.348
1098.50085 210.897
1136.51941 273.523
1154.52820 1816.44
1155.52783 916.902
1265.55298 347.871
1266.55957 260.97
1283.57056 1008.71
1284.56616 530.703
1430.63867 1315.18
1431.64587 1000.71
1577.70691 388.729
1578.70801 246.335
1664.73523 608.692
1665.73804 409.269
1793.77893 274.917
