2446.25113 3
110.07105 3592.14
114.09143 465.19
120.08063 5620.08
121.08413 523.545
129.06607 494.588
129.10217 4022.36
130.08615 724.359
131.11765 630.735
133.04283 621.445
136.07561 3982.87
143.11792 1096
147.11270 1127.89
153.10161 614.54
159.09177 1022.49
159.11267 23522
160.11612 1600.71
166.06094 3123.67
171.11232 741.04
171.14908 587.457
173.12874 705.363
175.11882 3782.2
183.11243 634.094
183.14922 1416.08
185.16406 552.067
186.08733 1827.49
187.06679 574.589
187.10759 25876.3
188.11104 1976.4
193.09703 1166.59
199.14438 836.086
201.12291 4595.61
207.12434 1515.18
211.14369 1030.09
215.13870 984.902
216.09807 515.674
221.09177 1707.9
225.12347 540.294
228.11665 717.588
228.13252 891.374
229.11798 15196.7
230.12201 1038.76
231.11002 816.424
233.16454 4356.09
234.16756 644.425
235.11890 5519.6
236.12199 745.841
241.15446 2951.47
242.14919 3143.39
243.13486 880.642
246.12737 1084.61
249.12337 2744.48
249.15955 882.023
259.10812 813.362
261.15933 3930.65
268.16519 1743.48
273.13474 2284.69
274.12000 599.171
275.20889 705.099
277.11792 4498.73
277.15433 609.42
278.11548 763.537
284.10242 2469.52
286.17581 10897.9
287.17877 1603.62
289.15414 2230.59
292.14243 676.927
298.13889 1332.77
299.17093 2222.34
300.11700 700.686
301.12924 6631.29
302.13232 1597.98
316.14389 940.096
316.17670 565.555
321.15463 965.182
327.16577 573.601
330.18042 715.606
331.16568 676.307
332.12375 668.623
334.17581 4612.63
335.17865 621.738
344.19775 669.597
346.14191 532.007
349.14996 4957.53
350.15439 961.662
363.20294 2088.17
372.19193 1747.94
376.18643 7807.85
377.18979 1556.86
379.20374 513.205
387.22385 2113.6
388.22537 763.878
389.21820 1965.59
390.19974 1206.96
391.19785 8186
392.20074 1630.65
395.20001 538.231
397.20779 4082.52
398.20987 862.677
402.20798 1412.51
402.25089 592.418
407.22772 596.597
415.21848 8117.8
416.22238 1855.37
417.21295 3920.4
418.21890 867.995
419.23837 8265.49
420.24191 1925.34
434.23996 2471.67
444.22113 539.175
445.20743 5385
446.20206 1143.64
446.25159 798.125
447.26401 696.989
456.22867 581.239
459.22214 529.725
461.27948 802.562
462.23419 2234.42
463.21353 1044.95
468.23734 718.89
474.23605 1537.14
476.28748 2860.62
477.28986 674.426
481.24042 570.169
483.28076 747.398
485.34274 933.634
489.27176 1459.67
491.26093 1271.35
496.22894 2088.9
497.23401 536.288
500.25204 931.403
501.24786 1023.23
502.22873 6577.5
503.23245 1521.29
504.28238 2029.89
505.28653 798.466
516.28778 558.777
517.26361 1090.95
518.26019 868.184
519.25726 3547.83
520.26074 840.271
522.25598 9143.81
522.75690 4732.22
523.25830 1556.8
527.24811 12574
527.74890 6896.63
528.25073 2594.24
530.30054 1521.73
531.30157 690.648
534.29352 1854.19
544.27557 4016.42
545.27887 1142.16
547.28864 613.708
547.31305 634.439
553.26312 908.089
557.26666 1459.83
558.29065 1461.88
561.77734 6359.83
562.28265 7198.76
562.77985 1544.01
563.28760 1269.86
564.28644 836.698
570.78253 20517.8
571.28351 12739.6
571.78467 4135.26
572.28693 968.702
576.30322 629.915
581.30719 1544.27
585.63098 754.098
587.32111 1839.37
588.32751 682.858
604.34387 2028.89
605.35150 633.123
609.30322 1274.16
610.30353 735.683
614.33252 1026.36
615.31470 1543.27
627.32422 2049.42
627.82574 1241.46
628.31543 970.324
632.33960 2767.74
633.34509 922.371
645.33521 8864.39
646.33783 3439.89
647.33191 744.704
655.83429 3391.83
656.33484 3020.26
656.83838 1464.48
657.35638 1236.51
666.32544 1039.81
674.34589 658.209
675.37408 1156.52
677.36859 735.26
712.37604 3470.73
712.87854 2997.74
713.37756 1621.38
717.43188 746.457
722.32080 2085.91
723.32605 754.71
725.32800 753.786
738.33002 600.369
745.42566 913.985
754.31024 553.663
758.87836 573.468
779.41571 1374.43
780.41089 806.028
792.40356 2347.32
793.40717 1377.97
793.91193 1542.05
794.41187 1917.54
815.49103 1176.13
816.38446 6346.18
816.53363 597.619
816.88782 6465.85
817.39008 3438.55
820.42651 683.619
821.41193 578.401
822.41925 7086.19
822.91974 6532.17
823.41992 3305.1
823.92285 1046.67
824.43024 551.242
837.42230 665.949
842.42700 548.515
849.42340 5025.55
850.42810 2065.01
851.42932 1064.64
852.42786 651.571
860.45209 558.031
868.92902 563.903
877.44354 3284.37
877.93945 5854.6
878.43823 6148.99
878.93597 3241.32
879.44250 1421.65
886.44940 3518.85
886.94958 3216.25
887.44434 1823
887.95007 808.675
890.43182 547.903
891.43829 586.016
906.44537 18047.3
907.44983 9038.61
908.45001 3374.88
909.44781 786.35
925.47815 638.904
925.97424 669.311
927.56274 642.798
934.47498 619.727
942.99170 3213.6
943.49176 3412.05
943.99542 2311.88
944.50012 1201.49
966.43536 990.917
986.49347 1019.62
987.49866 1360.69
988.50531 758.669
1008.51904 793.306
1016.52380 1170.55
1017.02655 2119.9
1017.53137 1388.21
1018.01813 596.255
1043.50415 6045.31
1044.50928 3357.29
1045.50012 1064.4
1080.52283 753.807
1081.04700 971.056
1081.54956 1902.39
1082.04797 962.699
1101.50537 880.936
1102.52930 786.076
1122.55493 1178.1
1123.53662 2961.38
1124.53821 1699.35
1131.08777 679.235
1140.55713 80600.6
1141.06055 557.813
1141.56055 54594
1142.56421 18590.6
1143.56860 4398.39
1144.57007 1193.59
1225.60437 782.477
1240.63599 815.268
1253.64136 3015.09
1254.65002 2120.93
1255.66040 826.823
1272.56360 723.466
1293.62158 585.444
1294.63330 603.243
1310.66321 16448.2
1311.66443 13644.3
1312.66431 4616.85
1313.66772 1140.3
1329.61084 5682.27
1330.61096 9147.6
1331.61194 4625.4
1332.61340 1726.88
1423.75122 6123.06
1424.74988 5411.7
1425.75281 2219.35
1586.81506 1341.54
1587.82715 867.823
1588.78857 591.856
1643.83459 5239.91
1644.83508 3988.05
1645.82715 1874.23
1646.83435 790.563
1755.88135 593.118
1771.88208 1368.9
1772.89075 892.031
1773.85583 702.169
