1751.83243 3
110.07127 2234.83
114.09138 486.31
119.04913 260.122
120.08076 22612.3
121.08409 1996.68
129.06721 212.38
129.10229 6419.07
130.08620 1523.66
130.10509 525.234
136.06036 400.108
136.07574 12743.4
137.07922 1037.15
142.08615 648.652
143.11809 340.789
147.11284 3528.91
157.13347 310.045
158.09169 270.945
159.07649 202.06
159.09155 352.115
161.09229 416.308
169.13411 211.976
171.07646 667.842
171.11310 215.512
171.14891 302.642
173.05597 245.095
173.12833 1199.06
175.11905 2428.18
181.09767 420.985
183.14935 412.426
185.12900 237.026
185.16444 212.872
189.08708 1264.34
191.11781 225.737
192.10207 1232.87
193.09457 249.88
197.12895 782.867
199.07117 792.751
199.18065 683.934
200.13945 212.166
201.12331 652.199
202.08585 352.395
202.63431 255.638
207.11243 215.306
208.10809 339.672
209.09166 528.272
210.02548 327.032
211.14398 299.063
215.13907 11413.9
216.14320 1234.46
217.08194 2119.38
219.11142 280.673
219.14977 271.423
221.12833 269.179
223.10742 1275.04
226.11896 1963.11
227.06786 224.689
227.17599 228.51
228.13385 236.221
233.11639 213.836
233.16498 37188.7
233.22473 345.873
234.16829 5338.53
235.10431 214.606
235.17155 406.776
237.12323 2970.86
238.12625 349.795
240.13417 228.545
243.13397 13447.6
244.12740 1924.02
244.16502 361.846
245.07684 459.413
245.13155 243.037
247.10767 2333.33
248.11067 290.067
249.09798 234.947
249.12367 268.154
249.15935 254.834
251.10254 797.164
251.15077 343.551
255.14600 515.846
257.19687 1024.06
258.18399 348.38
260.19522 240.568
261.15973 17391.9
262.16287 2667.98
263.16669 209.126
265.11816 8546.41
266.12115 1209.94
271.12869 1462.92
272.12122 227.063
272.17175 2350.23
275.10272 1162.76
275.20770 8779.97
276.10498 223.71
276.21133 1160.95
277.11749 205.116
283.14282 200.814
285.13330 323.122
286.10394 496.141
288.20300 527.278
293.11304 2260.27
294.11630 242.47
294.18112 500.033
300.11911 732.49
301.12726 254.131
306.12024 553.192
318.12949 689.166
330.67685 302.974
334.13898 602.991
337.15012 677.621
338.18045 216.832
341.67377 500.952
352.15259 249.595
355.16281 724.811
358.13858 704.943
359.21869 314.162
361.17426 273.638
362.13477 1239.51
362.20981 223.39
369.14233 316.624
372.22418 827.179
373.17221 839.49
374.24283 1401.15
375.19678 341.326
375.24820 360.329
376.15079 1513.01
377.15176 232.599
379.20346 208.129
380.14532 1716.26
381.15121 294.956
385.18729 427.626
385.69379 272.156
387.15091 628.579
390.23166 4477.38
391.20682 1228.81
392.20105 622.392
392.70316 238.028
393.68665 1504.16
394.15466 442.695
394.19354 389.35
401.23849 286.749
404.26324 555.436
405.16043 290.534
406.19720 1944.16
407.20200 489.151
407.26428 273.481
408.14023 1251.6
410.20868 268.798
419.20166 274.745
423.22125 407.498
426.70819 383.465
427.15430 209.66
430.73318 259.439
434.27664 263.231
435.71393 1540.93
436.21487 455.919
443.20230 473.271
444.20486 233.996
445.16986 349.395
449.16821 603.144
450.22784 656.514
456.75812 432.407
463.18176 648.357
465.76532 400.57
472.28870 409.025
473.16574 677.964
475.29379 373.953
479.25549 917.078
479.75806 420.544
481.19312 953.375
482.30875 2510.16
483.30643 484.191
484.22113 330.285
485.26837 246.056
487.32608 318.237
488.27863 261.164
489.23724 501.589
491.17624 529.76
492.18359 238.652
493.22995 1277.34
493.72787 464.394
495.17197 888.2
501.26743 1598.09
502.26984 447.551
503.28891 1199.71
504.29523 260.667
505.74292 752.092
506.23734 263.076
507.24179 577.536
508.24701 273.343
509.18750 584.972
514.75195 471.341
518.22180 232.703
519.27832 4882.54
520.28174 1398.86
521.27344 587.96
522.26807 236.867
525.27008 382.943
527.25897 956.168
527.75964 966.406
528.26306 744.559
532.20282 476.36
534.74597 1427.94
535.24811 929.203
535.54755 323.663
535.80597 331.556
536.23352 444.306
536.30585 2042.68
536.80396 660.346
537.22516 261.279
537.31781 256.377
540.60767 375.456
541.33466 392.501
543.75122 3243.83
544.25323 1488.42
544.75433 530.256
545.30945 898.094
545.73804 855.196
546.22095 319.916
546.28058 1083.71
546.60870 954.896
546.94403 378.404
547.27875 223.725
548.72827 244.416
550.21356 931.852
551.21906 367.178
551.33313 1279.71
551.63318 243.288
551.96832 363.141
553.26447 435.806
554.24365 253.566
559.31879 389.878
559.73291 1230.85
560.24017 546.906
560.73199 231.397
563.29987 289.457
568.22040 468.498
569.34521 341.78
574.21442 435.894
576.26581 295.468
578.20813 435.343
579.65387 297.208
579.98376 394.192
584.20807 895.054
584.28931 477.249
584.36707 545.987
584.78564 224.201
585.26709 2530.57
585.34198 959.007
585.38855 939.493
585.65631 1217.56
585.77942 1762.63
585.99359 562.914
586.32227 652.229
586.39520 332.396
590.29401 757.683
591.29608 336.116
592.22046 969.254
594.27997 291.829
596.21887 1317.61
597.21667 330.594
602.27521 1070.54
602.77942 643.678
603.27625 331.289
604.25208 270.453
605.24969 239.055
607.26959 464.76
607.77380 449.52
608.27081 800.658
608.77234 694.309
609.27173 232.094
616.27789 1860.24
616.77789 1216.22
617.28186 371.213
621.32642 365.939
622.27057 676.66
623.26611 669.658
625.28235 5938.75
625.78436 3816.17
626.28546 1223.54
626.78528 494.538
636.31458 348.591
638.35614 268.193
641.27765 496.514
643.23303 470.934
646.35217 1543.16
647.35980 240.223
648.33472 860.079
649.30658 593.32
649.78772 341.748
650.30890 444.526
658.82178 503.782
659.31812 445.498
660.34644 692.868
661.24646 673.852
662.78448 259.247
663.29510 259.98
664.33429 498.629
665.32465 277.136
666.35651 292.854
671.79309 1869.62
672.29279 1268.44
672.79480 486.021
673.29297 492.635
673.40106 235.748
679.25616 793.427
680.26514 249.844
680.79840 4624.07
681.29968 2937.64
681.79669 2109.91
682.23456 336.657
682.34430 6212.58
682.78650 288.01
683.34552 2282.55
684.34644 567.56
688.38910 2185.14
689.39343 1005.25
689.80414 2185.7
690.30481 1818.37
690.80548 588.416
691.31616 295.887
693.23022 282.805
697.26379 564.959
697.40295 300.477
705.29846 225.04
706.31378 296.444
711.24438 413.267
713.27258 286.068
723.32251 258.424
724.31982 516.627
728.33594 584.939
728.83679 594.333
730.45142 315.081
731.27869 244.696
731.45905 225.491
734.33392 420.718
737.33936 773.818
737.84247 556.943
741.34766 257.918
742.32214 404.249
746.34595 2348.09
746.84814 1981.54
747.34949 1041.67
747.84363 380.578
750.32617 295.248
750.83630 251.463
751.36810 1112.46
752.38019 302.691
759.45374 320.195
765.38300 461.231
769.37262 9326.64
770.37573 3810.64
771.37341 1021.57
772.47058 245.233
777.36194 828.948
777.84277 302.621
780.40442 257.939
784.39856 366.81
786.36707 437.004
792.33264 252.665
794.27618 354.146
801.48224 452.494
802.47827 249.241
806.45331 402.395
810.88239 248.712
812.28918 812.474
813.29700 364.704
819.87885 554.923
820.37842 623.003
820.88239 336.516
824.29688 274.749
826.39203 282.082
829.40558 224.009
834.37347 229.588
835.38519 419.164
839.33398 336.155
842.31946 469.91
852.40979 1105.57
853.40564 538.625
857.34784 334.242
860.44330 1003.57
861.44641 347.897
868.50586 1481.83
869.51257 871.214
870.41858 11051.9
871.42206 5104.07
872.42438 1302.2
873.43219 279.766
882.41791 265.402
891.43347 301.602
892.39014 449.375
898.41431 981.744
899.42871 442.63
926.38062 230.739
930.51862 436.295
940.38123 575.063
949.42731 441.584
950.43158 306.618
957.34247 383.153
958.39435 384.04
967.43506 2129.41
968.43134 1179.39
969.38593 272.115
969.54974 541.752
970.53668 305.273
975.35205 754.902
976.35413 416.858
985.44733 12510.4
986.44836 6356.95
987.45099 1817.12
988.45013 362.943
997.42816 296.166
1042.46729 399.754
1050.48132 342.412
1051.45483 282.876
1068.48499 2245.65
1069.48694 1519.24
1070.48767 534.878
1085.44446 273.787
1086.49573 15356.4
1087.49622 8291.6
1088.50024 2920.07
1089.49890 594.349
1090.48633 273.485
1096.46851 386.053
1103.45105 582.185
1104.43628 368.002
1118.45349 455.477
1119.45825 381.764
1121.46497 451.452
1122.46472 287.83
1205.52332 297.794
1213.55090 360.239
1214.53906 223.597
1231.54810 2018.94
1232.54883 1353.22
1233.54382 608.092
1249.55713 11660.2
1250.55920 7542.47
1251.56177 2835.63
1252.55786 686.693
1360.59009 1401.59
1361.59326 1018.62
1362.60400 579.719
1363.59021 251.757
1378.60046 3833.89
1379.60413 2889.2
1380.60388 1143.43
1381.60291 466.941
