2611.35147 3
110.07124 5937.88
111.07438 261.404
120.08079 3290.12
121.08434 269.687
127.08646 436.556
129.06641 370.715
129.10231 4165.69
130.06479 425.733
130.08629 1458.77
133.04298 951.712
136.07564 1634.01
143.11790 1197.62
147.11292 3456.74
155.08162 913.522
155.11784 427.956
157.09737 344.923
157.13312 291.446
158.09291 276.03
159.09151 1429.53
166.06105 398.418
166.08656 440.598
167.08183 425.152
169.13333 374.782
171.11278 669.144
171.14848 337.941
173.09238 363.168
173.12898 474.349
175.08937 325.024
175.11891 1940.14
181.10809 448.417
183.14877 542.88
185.09192 982.684
185.12865 358.69
185.16492 2642.4
186.08667 456.507
187.07159 369.038
187.14401 250.086
197.12840 471.555
199.10803 251.6
199.14432 487.133
199.18105 609.995
201.12311 1061.15
203.08496 802.791
209.10399 601.332
210.02580 465.238
211.14342 339.188
212.10263 566.611
213.16005 2127.08
214.11971 305.107
215.13939 799.187
223.15588 259.384
226.11734 311.444
227.10194 592.046
227.17517 295.295
229.11525 810.782
230.07765 426.679
230.11276 653.227
231.08125 411.284
232.14085 471.422
233.09547 648.064
233.16498 619.045
234.12357 472.657
237.13406 319.581
239.15028 294.205
240.13429 1104.16
241.08026 434.183
243.08012 310.501
243.13379 823.913
244.09386 395.658
245.07770 498.146
246.12694 5156.58
246.18225 537.616
247.12979 390.541
251.15022 729.067
253.09312 3369.32
254.09686 384.411
254.14943 266.472
256.12906 266.103
257.12372 343.307
257.16068 1355.74
258.14456 2164.91
259.09174 646.479
260.10660 2507.71
261.09042 475.021
261.15936 480.832
262.11868 513.599
268.16425 273.941
270.18011 388.262
272.17535 372.735
274.12192 2406.38
275.12497 262.664
275.17090 1315.39
276.06534 490.484
276.13626 328.42
277.11734 266.948
279.14755 521.025
283.14114 336.315
286.13931 918.588
300.15570 387.609
302.11349 439.343
302.15326 339.998
312.22815 602.387
314.16901 425.795
318.17905 448.393
319.13934 434.067
322.18835 350.571
332.20975 742.747
338.18219 554.545
339.20181 261.798
345.19638 1425.79
347.15802 312.299
349.12320 347.498
350.21860 4377.18
351.22278 688.705
366.17728 567.854
367.13528 1024.51
371.22913 370.476
373.19083 1324.02
376.21924 1917.55
377.14749 301.875
377.22330 354.671
391.23587 640.957
403.16489 2235.57
404.16138 285.658
405.10672 1228.6
406.11655 414.264
417.13718 355.085
426.20963 1690.07
427.21262 630.427
429.18442 554.211
429.25171 346.394
432.22592 276.787
434.16623 897.653
434.73773 284.085
435.24527 2542.44
435.74854 985.838
436.25327 281.899
438.27328 268.769
447.18817 300.71
447.25845 1440.75
448.25931 279.631
451.23135 303.734
459.26492 315.034
461.21463 272.428
463.70029 485.818
464.19711 375.577
465.24600 2059.84
466.24170 577.476
472.70358 523.212
473.20532 640.749
476.26971 341.884
484.78265 345.715
485.21820 446.038
486.20874 656.231
490.19370 506.892
494.27353 347.615
495.23151 356.473
498.27350 276.258
498.76779 344.928
502.23242 410.101
510.26923 274.756
514.20325 1317.17
515.25635 270.884
515.74939 581.518
518.19031 615.796
519.20874 356.582
520.23810 376.558
520.74298 521.498
522.26233 590.524
524.18738 694.147
529.24359 399.21
529.74652 306.815
530.23541 574.236
530.28583 491.461
534.26575 289.047
535.30792 384.011
542.27100 269.466
547.24957 525.311
548.30463 2963.34
549.30804 743.168
550.31171 298.163
560.77411 283.234
561.26251 279.336
562.79047 312.018
564.31451 1189.46
571.22461 835.472
577.31201 571.971
579.28906 1426.49
580.28589 450.292
585.82898 640.669
586.32941 367.85
587.27039 288.834
591.30457 614.753
591.80597 536.071
593.29773 451.878
595.31891 277.138
595.75787 292.085
600.75970 568.763
601.25104 336.684
609.27045 627.497
609.76025 709.979
610.25684 296.02
613.27057 327.788
617.78778 715.58
618.28503 1774.07
618.78351 674.85
619.28699 449.818
622.33173 456.037
623.34259 491.58
627.28656 492.402
627.35638 470.652
627.85309 471.543
629.29187 383.4
630.30792 285.162
641.33588 399.095
656.31946 571.046
657.30212 576.605
658.28900 686.141
659.35480 689.303
659.85217 605.767
660.35718 355.244
661.38940 2095.87
662.39825 700.788
666.77167 1713.88
667.27454 3133.03
667.77301 1482.33
668.27777 555.461
668.82214 411.552
669.31128 366.347
673.79993 338.276
674.29059 358.587
676.38171 408.162
679.34399 1729.66
680.35004 513.429
681.34222 505.078
682.30566 1058.68
682.80719 3246.6
683.30896 1666.48
683.80969 446.396
684.30988 2055.18
685.31165 871.411
691.81439 752.459
692.31036 816.179
693.38696 403.066
698.36810 1012.95
699.37054 463.169
708.32495 300.551
709.33917 391.685
712.40643 484.35
716.39410 349.569
717.28754 398.078
717.79681 1186.11
718.29291 828.668
718.80042 315.988
720.29791 719.86
721.29578 512.849
721.40106 286.351
722.77997 544.873
723.30054 397.522
723.37280 440.113
724.33789 811.228
725.34570 906.98
726.35406 2431.79
727.35724 901.5
728.36438 325.618
730.34888 391.412
731.29279 1784.41
731.79669 5860.69
732.29706 3605.97
732.42621 3904.53
732.79425 1511.47
733.42932 1327.13
734.43817 324.635
737.36145 397.018
738.34497 323.901
739.34949 1285.26
739.84790 894.473
742.37958 677.858
742.86133 378.178
743.37366 727.485
744.39807 1039.13
744.89948 944.291
745.40057 578.463
748.35406 812.65
749.36401 288.185
755.36969 361.437
756.37097 365.161
759.39478 688.345
760.39471 705.348
761.41254 532.918
766.35101 749.089
767.91852 337.615
770.42273 507.895
771.38397 979.169
772.38153 324.335
772.89648 526.132
773.06561 353.347
773.40692 553.732
773.74609 386.943
774.06586 333.727
774.33270 649.546
774.83759 312.555
776.91400 513.319
777.42743 546.468
778.42554 408.142
778.92908 662.591
779.07373 1595.21
779.41644 3257.19
779.73969 1198.88
779.92603 990.427
780.06805 535.463
780.42188 474.78
783.37811 4124.14
784.38135 1840.58
785.39539 689.155
788.32715 831.679
788.83240 758.838
789.42810 386.996
792.44458 432.203
794.36676 2794.98
794.73553 1161.73
795.07080 862.291
795.36731 821.443
797.40558 347.116
799.91162 598.136
800.40985 3028.65
800.74103 3378.93
801.07233 2374.93
801.40808 1454.18
801.73743 434.586
802.38831 312.887
804.40118 459.235
808.92157 1033.2
809.42676 707.561
809.91559 465.08
812.87714 620.488
813.40314 335.381
813.88635 420.08
814.41724 405.803
817.44421 499.018
818.43896 379.886
821.46130 331.47
821.88818 2419.66
822.38538 1554.29
822.89124 701.005
824.45166 317.77
825.38904 301.502
826.46033 811.978
826.96655 394.252
827.40485 365.762
830.37524 309.125
830.89301 392.776
834.38184 703.566
834.89789 314.061
837.91516 303.439
838.09863 426.263
838.43903 803.407
838.77612 584.284
839.36340 625.926
841.46204 422.562
844.10846 431.773
846.42950 372.596
847.41388 336.406
849.45215 322.41
849.78864 505.246
850.12659 522.621
850.45197 545.189
851.46320 641.572
852.45996 598.887
854.43811 485.285
857.35968 923.23
858.34583 765.861
858.47479 889.266
858.95459 843.03
859.46533 628.727
860.44891 628.321
860.94049 315.816
861.43860 319.281
862.40240 346.735
863.44226 349.009
865.46680 332.456
865.79193 355.109
866.13043 464.492
868.46625 1615.83
869.48413 6464.95
869.91119 486.545
870.49939 2927.97
870.85388 984.841
871.10895 622.1
871.36475 1337.9
871.51788 1762.25
871.79224 1081.82
871.95367 450.325
872.16119 774.65
872.38397 866.045
872.52332 972.537
873.00311 311.175
873.49121 858.209
874.42621 339.516
878.47522 363.49
879.44366 429.241
880.44940 308.963
881.40533 343.331
882.42572 452.353
884.46625 477.915
886.53052 387.147
893.43713 2334.07
894.44452 839.643
896.46259 4908.3
897.46680 2404.22
898.47687 885.411
899.55096 400.502
900.43561 311.799
900.54150 351.078
911.52258 458.933
912.01312 403.038
912.40936 597.157
912.95190 341.663
913.40918 427.004
915.46832 323.718
915.96912 576.693
916.47412 318.901
923.48303 1403.46
924.47717 560.083
924.97369 384.984
925.48212 463.709
926.48535 665.325
926.96301 850.474
927.48352 483.975
935.51239 326.638
935.98267 356.293
939.41125 305.462
940.48425 702.712
940.97626 453.438
941.48785 443.567
942.50763 362.796
943.50635 1159.57
944.00568 1002.89
944.51062 630.111
945.00476 592.174
945.49451 321.19
950.52271 866.121
951.53833 376.748
956.46832 327.678
957.55939 336.428
959.51465 390.343
960.52856 449.006
962.51331 328.768
967.53107 338.825
967.97949 367.456
968.55951 2077.65
969.42657 1027.87
969.57007 959.695
970.42938 502.826
971.50098 621.712
974.00537 398.029
974.50232 378.488
975.98883 822.425
976.49481 801.201
976.99731 518.056
977.53296 890.517
978.52594 603.799
984.49750 347.9
985.52563 459.383
986.51605 314.559
995.53125 2049.68
996.53821 1435.27
997.53558 404.223
1008.54468 331.361
1010.52032 298.632
1011.38123 320.364
1013.47681 438.94
1017.04840 371.181
1017.55017 383.999
1020.43329 329.412
1021.44116 709.234
1022.47125 412.149
1023.49677 422.497
1024.53125 455.629
1025.51855 612.55
1026.53308 297.852
1028.52551 858.079
1029.50696 414.88
1032.53284 476.378
1033.03491 333.743
1033.53406 474.35
1039.46252 360.06
1040.49805 2165.21
1041.49780 721.72
1042.56616 452.158
1043.07410 298.927
1044.51526 472.205
1048.04431 372.491
1049.95874 642.347
1050.46106 619.408
1050.96753 577.853
1051.45654 334.615
1054.52319 479.356
1055.52649 610.921
1057.48804 421.475
1058.48938 404.177
1063.46436 336.823
1065.55334 307.19
1068.43958 708.568
1069.60657 1534.15
1070.60791 996.202
1074.05603 821.409
1074.55859 900.729
1075.06555 560.833
1075.56433 432.118
1079.53638 548.689
1081.56409 428.144
1082.52625 1256.98
1083.54053 774.938
1084.55200 473.594
1095.55127 311.594
1099.41602 359.786
1099.61560 382.551
1100.08398 472.911
1106.52771 543.837
1107.00781 642.643
1107.54614 387.602
1109.54492 419.673
1110.58484 489.801
1113.64465 638.314
1114.68970 417.112
1117.56665 982.305
1118.56311 721.187
1119.55811 467.477
1124.57776 1474.64
1125.58740 923.619
1126.59607 428.083
1127.53638 1804.66
1128.53918 1065.31
1131.59888 518.738
1132.07849 598.246
1132.57544 480.825
1141.62585 583.388
1142.62146 361.123
1148.56250 454.443
1150.59546 810.906
1151.60205 481.572
1152.64490 365.451
1153.62329 389.468
1154.60571 430.206
1155.59680 314.074
1156.65930 387.327
1157.61975 516.076
1159.62268 367.397
1160.60974 478.382
1162.54114 455.071
1164.58350 354.203
1168.11865 312.401
1168.60876 487.671
1169.11084 530.451
1169.59229 584.554
1170.65527 2259.82
1171.02844 569.265
1171.67297 1180.38
1172.03247 431.77
1172.63611 649.702
1177.61267 311.977
1181.59583 2186.47
1182.59705 1568.14
1183.59802 700.324
1184.58752 372.948
1191.60510 442.889
1195.61243 543.384
1200.10193 309.158
1201.10217 399.207
1214.71948 384.898
1215.50830 331.238
1217.55872 387.726
1224.55591 388.156
1225.62170 617.412
1226.62134 345.994
1227.59204 335.196
1241.58118 2500.83
1242.58398 1138.13
1243.57581 356.499
1248.64954 631.443
1253.69250 1271.26
1254.69214 1101.98
1255.69312 448.375
1257.51978 1506.3
1258.52112 702.068
1271.75415 372.37
1272.72766 501.256
1280.63281 376.369
1281.57910 368.724
1294.67920 1072.74
1295.69189 855.028
1296.68530 434.11
1317.68921 983.11
1318.68359 774.359
1319.69238 424.22
1324.66760 363.297
1328.56335 1704.85
1329.55823 1305.16
1330.54297 1258.78
1331.54309 517.129
1337.65308 612.172
1338.65186 561.557
1354.61548 316.116
1355.58728 439.624
1372.62000 2542.03
1373.62292 1172.32
1423.80115 626.866
1424.81079 490.648
1429.60425 380.374
1441.64661 1324.18
1442.65076 784.44
1443.62463 354.7
1485.73145 417.241
1487.78650 716.926
1488.79309 639.91
1489.80579 411.294
1528.69604 391.394
1542.73840 391.109
1552.83630 600.879
1553.84509 497.757
1604.71448 866.886
1605.71313 700.644
1616.83118 561.147
1617.82776 450.524
1651.90247 341.648
1715.88025 367.553
1716.91858 403.487
