3455.55283 3
130.06470 9392.38
159.09117 64784.7
160.09468 5516.56
175.11838 14102.8
189.06828 8321.24
201.12267 56013.8
226.11798 23726.5
228.09799 6772.51
229.11758 109312
230.12125 9037.72
272.10376 7767.11
272.17096 191103
273.17410 20815.9
274.11728 12699.4
285.14221 5694.71
290.11563 10903
341.19226 14967.7
355.15982 29100.4
359.13571 7090.58
360.15906 9532.63
383.13791 11101.3
387.15314 7643.25
401.14767 17083.8
412.22873 27050
417.17871 11195.6
438.20123 9193.55
439.16690 21314
444.17374 6875.63
445.16614 9141.42
446.16837 5912.58
456.20743 13775.5
470.16702 5436.97
500.21469 14323.4
502.17270 9852.73
510.20416 8216.62
518.22168 8048.81
520.18188 8234.05
532.19690 6859.6
540.32196 9134.51
551.28436 6486.34
554.26917 5640.11
555.20203 6357.78
569.29089 9871.06
587.24512 12079.3
592.23193 5917.94
612.34369 7600.66
614.23804 6486.51
633.26746 7866.1
638.30945 7636.16
654.36566 25006.6
655.36377 7190.77
661.33276 8279.14
674.28003 6123.9
676.86511 10411.7
677.36633 8052.48
683.33466 10572.6
752.34155 25748.4
753.34271 9258.95
767.44897 12961.8
771.90552 10307.1
772.31195 6481.73
772.39496 6993.59
773.27106 5883.76
780.41571 11548
780.91113 28519.1
781.41217 21888.3
781.90698 6274.85
784.32965 6229.81
789.42023 226552
789.92175 185032
790.42340 84158.3
790.92450 22060.7
798.42334 13370.7
798.92712 12814
802.34442 9175.19
811.39111 12827.3
820.34229 8870.29
820.89441 8355.94
821.28851 6546.01
829.41052 9445.1
829.90186 19824.9
830.40082 10289.6
830.90643 7129.36
838.40839 145200
838.91028 128592
839.40936 54150.1
839.90991 17614.2
845.96173 26954
846.46472 22782.5
846.96173 12448.8
865.42310 16751.1
866.41754 5875.16
894.95062 28248.2
895.43762 11180.9
895.96130 7429.63
924.46515 6142.76
939.00293 7752.96
939.50861 8378.52
982.51532 8360.31
983.01886 13437
983.52307 6757.38
988.49103 5955.03
993.49341 6800.67
1009.55273 19158.8
1010.55426 13474.7
1031.53137 6525.97
1032.01221 7553.48
1032.53137 6628.3
1035.39600 7084.12
1036.39722 6013.73
1048.03674 11312.2
1048.54614 10104.8
1049.03870 6975.9
1049.41736 8673.54
1097.02417 9921.83
1097.53223 10066
1098.05347 6612.79
1105.55493 13980.3
1106.05725 11871.2
1106.56067 9459.65
1107.53015 21099.7
1108.52466 12315.3
1122.62585 8803.82
1148.47473 6740.67
1154.54211 11580.3
1155.05518 12047.6
1155.56921 16283
1156.08093 6948.23
1166.60620 7581.84
1204.08118 9944.66
1204.58167 10387.4
1213.09155 10175.5
1220.61169 12001.9
1223.68079 19181.9
1224.67590 9087.64
1237.66125 6807.43
1261.59509 8145.57
1262.10461 11559.3
1263.50208 11251.5
1264.53174 8831.99
1270.11462 12241.9
1270.63086 19624.3
1306.67285 49439.8
1307.67798 37598.3
1308.68628 10811.9
1319.09204 10789.8
1319.60022 8227.73
1321.65808 12279.9
1322.67212 10281.9
1325.65198 12251.5
1326.14172 8648.97
1334.64551 6707.38
1352.73206 15407.6
1353.72534 12402.4
1374.61047 6318.9
1377.16479 6023.01
1377.68665 8217.64
1378.18213 7962.33
1378.68726 7448.36
1419.78174 6523.18
1420.71167 6227.72
1421.17871 14053.6
1421.69653 11352.6
1422.19165 7711.98
1450.68555 7702.35
1463.52966 7899.25
1464.56543 8681.71
1469.70044 6733.64
1470.17993 6271.02
1500.23633 8051.6
1500.72253 7312.61
1501.19226 7562.46
1560.82983 11252.9
1561.82434 10020.2
1577.83582 120719
1578.83899 103849
1579.83813 46002.5
1580.83557 12987.1
1595.84827 15647.1
1596.85071 13335.3
1657.77100 8238.12
1658.80334 13703.6
1659.81580 9053.59
1675.81128 102237
1676.81665 78366.3
1677.81812 32195.5
1678.81458 10506.4
1690.93823 9572.18
1691.93445 9432.42
1789.93604 6200.79
