1405.60454 2
110.07103 6036.83
111.07416 367.481
112.08659 969.781
113.07072 291.797
115.08632 571.525
116.07030 561.909
118.03170 405.858
127.08648 197.796
128.07071 212.65
129.06609 570.181
129.10205 6312.47
130.05005 281.67
130.08626 546.508
130.10469 372.034
136.06165 1924.31
136.07562 715.545
139.08644 197.316
141.10168 222.585
147.07657 247.155
147.11256 921.235
153.06558 383.277
155.08128 2641.01
155.11751 646.912
157.05988 245.41
157.10736 359.236
158.09209 1583.64
166.06148 254.698
167.08205 350.22
170.09232 372.865
173.09186 7380.16
174.09546 522.278
175.11867 9376.35
176.12309 491.545
180.07646 598.814
181.06032 817.032
181.10603 341.104
183.11234 579.57
185.09204 293.419
197.10396 303.757
197.12906 233.809
198.08705 3674.39
198.12140 218.742
199.07117 420.848
199.10703 425.201
201.08675 3667.85
201.12242 580.871
202.09074 248.276
209.09099 209.431
209.12862 213.956
210.02603 217.425
211.10753 226.11
212.10144 257.559
213.08684 435.603
215.11411 687.595
215.13857 203.061
216.09683 388.599
217.08167 486.907
222.08737 288.389
223.15439 296.153
224.10332 226.951
226.11790 1043.53
226.15471 568.395
227.10229 843.623
229.11600 328.934
231.09787 357.29
234.12567 198.595
238.15370 319.509
240.09787 1053.9
240.13374 1592.56
241.08182 1055.52
241.15388 840.151
242.07402 229.441
242.14832 546.66
244.12836 537.368
244.16484 455.204
251.15027 631.742
252.09323 200.62
253.09300 2560.88
254.14748 260.567
257.19492 265.152
258.10791 1105.84
258.14429 647.539
259.09244 590.135
264.06305 528.968
265.16553 1152.43
266.14941 2485.84
267.15359 299.384
268.09119 290.382
269.12540 969.429
270.10675 227.043
272.17188 370.935
274.16599 306.31
275.20761 351.195
283.17627 685.196
286.10251 229.639
286.15207 348.557
287.13416 1165.41
291.10919 207.349
292.09232 547.77
293.12418 340.521
293.15933 584.938
294.14487 481.393
302.16046 370.452
303.14432 203.978
304.16122 2196.37
305.16223 223.245
309.11877 807.128
310.10229 675.697
311.13571 305.281
311.17120 799.396
312.04861 1359.01
318.14786 371.355
320.17133 1383.38
327.12985 1050.7
329.14630 628.402
330.05951 696.296
337.11566 313.356
338.18085 351.374
348.16629 944.776
351.16519 326.643
355.12527 618.356
357.17557 442.883
358.14166 367.663
362.14520 291.785
366.17639 1419.93
367.18411 231.852
369.17755 427.556
371.12018 206.774
371.19312 241.032
377.18130 1044.33
378.18729 247.762
380.15558 1097.41
383.19809 265.246
387.18771 223.373
390.19443 421.024
394.20789 1751.27
395.22000 258.604
397.17972 778.819
398.16605 2505.17
399.19800 7116.61
399.69928 2491.16
400.19922 562.467
402.22244 362.295
403.20758 1435.22
404.17929 254.346
405.17181 240.84
412.21945 387.946
414.21021 445.091
415.19196 1093.94
422.20184 275.961
430.21555 395.974
431.20273 1396.82
432.21927 3450.13
433.22354 607.928
435.19772 1399.53
436.19818 231.697
438.22153 511.762
447.23438 440.53
448.22128 476.066
452.03458 211.814
455.73676 373.213
460.73019 221.588
463.19128 362.17
465.24600 270.598
466.23026 889.026
472.73145 386.545
473.22879 251.998
476.21054 243.29
479.26321 246.872
481.24353 309.286
481.74124 509.473
482.23212 214.826
483.25568 1111.27
484.25839 398.718
490.25055 3218.54
490.75220 1565.28
491.25119 371.596
493.24216 302.502
494.23328 979.696
495.24033 390.338
498.21677 243.584
504.25162 797.75
504.74991 401.815
510.26749 252.248
511.24985 724.911
513.34875 337.885
523.25598 256.423
527.29590 296.711
528.27869 630.603
531.26465 443.373
531.77167 255.277
532.27313 232.267
536.76331 778.021
537.26636 478.324
545.30750 13766.9
545.76898 5662.48
546.21356 1647.13
546.31750 3123.98
546.76880 974.917
547.22900 637.644
547.30884 657.194
548.28522 428.599
554.28070 553.036
554.77417 535.979
555.28540 451.732
559.26404 573.954
561.31763 225.77
563.25110 427.812
577.27551 252.872
592.28320 225.187
601.28082 1103.46
601.78290 764.169
603.28754 245.595
605.25934 255.274
609.79541 1301.76
610.29663 1029.18
610.79114 242.374
618.80121 445.917
619.29895 359.001
620.31848 556.307
621.32251 287.925
623.27454 899.683
624.28430 462.031
625.29199 548.055
631.32483 261.666
636.30627 440.942
636.80273 484.356
640.30646 336.592
641.29651 314.827
642.30536 398.719
643.30194 1448.47
644.30756 328.246
645.80701 332.144
648.30322 328.403
654.32324 583.738
654.82391 450.021
658.32703 376.904
659.31226 795.673
660.33002 17773.8
661.33295 5882.64
662.33643 948.486
670.31134 600.66
674.28375 796.096
675.28687 283.529
676.34918 944.641
677.34558 339.693
703.37830 1048.08
704.31549 318.72
719.34869 240.926
727.41779 402.791
728.30286 231.057
737.35803 671.545
738.35901 289.179
746.30701 259.802
756.44397 230.121
762.34650 268.437
763.33636 1190.72
764.33679 477.19
779.38245 595.338
780.36426 1846.84
781.36346 721.07
786.39856 253.429
787.37402 971.329
788.37195 402.067
797.38782 16758.8
798.39166 6188.92
799.39447 1336.27
804.39337 269.331
805.38177 585.51
807.37170 1188.23
808.37598 542.931
848.41614 226.264
876.42358 298.146
892.45233 223.402
893.45276 382.554
910.47375 4126.2
911.47668 1968.71
912.47729 338.105
915.43378 446.379
916.42242 544.007
917.41644 243.784
920.46045 471.269
933.44617 499.912
934.43201 309.634
961.48889 325.979
962.47931 419.102
979.49481 4426.66
980.49475 2513.77
981.50146 502.557
984.54657 239.125
989.47723 253.389
997.50348 961.722
998.50983 393.338
1004.47229 252.605
1007.49084 943.341
1008.49420 394.566
1030.50427 259.829
1072.51831 251.54
1073.51624 263.605
1089.54333 565.125
1090.52905 2579.62
1091.52515 1520.95
1092.52979 358.765
1107.55249 3328.93
1108.55371 2033.18
1109.54980 697.341
1236.58582 224.134
