2719.10952 4
110.07101 11775
112.08708 953.646
129.10234 1275.37
136.06160 1732.73
136.07555 20533.5
137.07881 1719.25
138.06602 1326.55
155.09181 1777.19
157.10768 917.832
166.11339 21672.1
166.61482 2049.78
172.10760 1971.33
175.11874 6418.23
200.10295 2980.13
207.11249 4615.42
213.08650 7462.28
223.10742 9111.56
235.10712 4904.96
249.09818 1742.52
251.10220 1101.4
265.11734 3074.43
266.12442 9733.51
267.12744 1472.64
272.17181 3285.39
280.13419 1201.76
293.11240 5071.9
301.12793 1502.58
305.15909 2011.31
313.20834 1424.46
319.14941 1554.96
331.21939 6484.29
336.66446 1509
337.16196 1937.52
344.17212 1320.05
346.13889 1297.23
353.15070 1516.08
361.66611 9732.32
362.16730 4244.98
362.67023 1186.65
363.16650 2682.15
364.14719 945.518
370.15005 11387.4
371.15375 2684.15
372.18341 1771.43
375.66187 1510.29
378.70776 955.159
388.16132 24617.6
388.69699 1657.28
389.16330 4582.1
397.20044 52116.9
397.70203 20662.2
398.20334 5372.31
405.18787 4587.8
413.53970 2949.37
413.87332 1362.61
418.69781 1070.45
426.18768 2896.48
426.69101 1197.77
440.18469 3124.13
440.68887 1025.08
446.19882 2775.8
446.53162 2282.25
457.18307 966.246
463.17850 1155.75
474.19647 1141.04
475.17426 1029.47
488.22440 1383.89
489.21112 1109.62
492.20755 1317.32
500.22610 2619.55
505.19272 1330.61
505.56296 1111.46
509.73785 1907.6
510.90631 21101.4
511.24069 14982.4
511.57574 6919.95
511.91110 1980.92
513.24146 1250.59
516.21906 16869.6
517.22076 4276.93
518.23090 1650.07
528.22388 1033.77
529.28198 2063.01
529.77179 1189.53
538.29144 1549.23
538.79132 1066.37
543.56573 12117.6
543.75726 2504.25
543.89984 10085.9
544.22498 2544.39
544.28784 1136.66
544.57068 1255.59
544.74762 1665.4
545.24347 1119.92
559.25983 2199.48
569.24628 1236.17
570.23224 1034.75
573.81781 2272.29
574.32086 1691.29
575.59521 2913.4
575.92804 4738.47
576.26117 3067.11
576.59381 1356.84
576.93329 1032.98
578.27423 7472.47
578.77734 5414.35
579.27521 2805.46
580.27197 1052.71
581.60010 43923.9
581.93451 44820.2
582.26831 22755
582.60107 8136.26
582.93823 2098.44
583.26935 1028.53
584.75702 3386.78
585.00751 3546.52
585.25897 3042.68
585.51062 1553.7
587.25623 23366.6
587.59979 1078.13
587.94165 1088.14
588.26031 7247.63
589.01495 3288.15
589.26276 5743.4
589.51202 2290.77
589.76196 1457.18
593.51685 32835.5
593.76697 43943
594.01849 27974.4
594.26935 13066.8
594.52106 6784.86
594.77228 1913.11
598.01031 1083.16
598.27118 2299.81
598.52148 2097.87
598.77319 1349.03
608.26276 2774.93
608.59180 3390.05
608.92230 2110.33
609.25580 3447.9
609.50629 1597.82
609.75104 1125.78
611.29211 1844.61
613.50598 2390.17
613.76050 5009.89
614.01434 3555.83
614.26398 38522.8
614.60303 30877.3
614.93713 15518.7
615.26501 5964.05
615.59161 1188.99
615.66626 1460.1
618.01147 18062.5
618.26129 22907.9
618.51166 15178.1
618.76239 9115.33
618.94244 8566.31
619.27600 6541.5
619.61597 1263.68
619.80402 5714.55
620.34375 5055.55
620.67029 10409.2
620.80560 1983.2
621.00476 4991.78
621.33887 2186.5
624.61383 2384.93
624.94641 2781.02
625.28229 1990.88
625.61523 1442.37
627.75598 1487.44
629.26587 6137.87
630.26837 2076.2
630.33398 1456.4
630.83557 3936.27
631.30566 1211.24
631.34705 1407.57
631.85242 1056.71
632.30804 1952.27
632.78540 1299.4
634.53229 2312.77
634.78680 2692.44
637.28033 1515.41
640.99048 2510.44
641.32227 6580.97
641.65619 5462.76
641.98767 3295.48
642.32440 1160.7
642.77783 2664.42
643.02826 2504.07
643.28180 2134.75
643.53381 1349.8
646.99274 47925.5
647.32739 64360.9
647.52722 2938.16
647.66095 37983.5
647.99536 15899.5
648.32959 5831.71
648.66687 2287.85
651.25677 3740.38
651.34406 1587.68
651.53723 5549.7
651.67389 1377.13
651.78705 12327.6
652.03607 10977.5
652.28571 8674.86
652.53601 4798.19
652.99377 2361.52
653.33246 4332.53
653.66516 3386.4
654.00842 1112.26
656.04071 49690.8
656.29059 77503
656.54077 52222.6
656.79108 31636.5
657.04163 12699
657.29279 3641
660.28497 1487.37
660.54724 3022.85
660.79254 4714.91
661.03986 1985.62
661.29395 2270.01
663.30927 1028.62
667.52124 1482.97
668.79236 9138.71
669.29425 6776.16
669.79639 1735.53
671.76550 1324.37
672.03247 1295.97
673.64691 3183.1
673.98224 4186.66
674.31219 4450.59
674.64484 2320.52
674.97925 1157.52
675.30963 2343.34
675.81451 2625.24
676.03369 4107.49
676.28070 9925.16
676.53339 6357.9
676.78058 4564.28
677.03857 2223.56
678.96869 5683.51
679.30682 8801.49
679.65125 54597
679.81421 4403.56
679.98438 75090.9
680.31897 48818.7
680.53351 22222.1
680.65295 21064.7
680.78180 30384.2
680.94159 3996.31
681.04614 20454.6
681.27917 12364.6
681.53638 4604.28
681.65625 2278.11
681.78638 2984.71
682.24542 1035.43
684.32526 8408.85
684.82611 5854.76
685.32544 1665.11
696.64447 1764.75
696.97858 1537.67
702.64661 13731.6
702.98041 16015.7
703.31561 9667.16
703.64984 3826.06
703.98236 1133.45
711.63593 1237.46
716.29456 1920.1
722.32410 2845.9
723.31903 1087.46
724.30353 1931.55
732.30444 1340.37
733.31372 9675.66
733.66125 3225.06
733.81354 4875.94
733.99426 4526.38
734.32117 3862.26
734.65808 1273.67
735.30414 1565.39
735.63983 1912.39
735.97583 1550.15
738.32172 2158.43
739.33014 8259.67
739.66089 20423.1
739.99396 16941.6
740.32520 8353.19
740.65912 4128
740.99194 1206.99
744.85211 1159.8
745.33679 9324.31
745.66772 11183.2
746.00183 7998.92
746.33649 3924.91
746.66321 1078.91
750.31885 16655.9
751.32214 8053.25
752.32813 1884.74
753.82117 1535.96
756.85565 1206.03
757.35120 3573.91
757.85126 1806.02
765.85706 13138.5
766.35840 10089.5
766.65204 1541.44
766.85986 4668.22
767.35498 1947.78
771.98792 5731.21
772.32111 8444.72
772.65338 6400.87
772.98828 4311.11
773.32159 1998.1
778.00421 1381.52
778.33014 1066.01
784.42975 10043
785.02313 1064.09
785.42963 3996.1
785.68433 1040.92
786.44531 1051.06
789.83398 6208.49
790.33411 5953.81
790.83051 1678.04
791.02039 4256.66
791.35284 6472.74
791.68781 4352.45
792.02386 1693.36
792.34833 1113.66
793.84827 2563.8
794.34473 2123.25
802.36102 1202.94
806.33545 1188.5
806.84973 1410.64
814.36975 1208.91
814.84668 15968
815.34644 13241.1
815.84595 5931.23
816.34253 2051.56
823.37238 8280.88
823.68170 1555.45
823.87445 8392.57
824.36517 4338.57
836.37927 1319.33
837.37018 1511.81
841.34937 2893.61
842.34998 1688.56
842.82825 2020.12
843.34003 1558.19
850.88495 4523.26
851.37988 4861.63
851.88074 2355.75
852.37915 1517.23
853.46143 1136.23
853.88892 1358.71
854.88879 1247.4
855.35095 1224.95
861.34808 1338.12
862.33917 1489.04
862.89124 8599.75
863.38879 9640.6
863.88873 5615.11
864.38556 3588.91
871.89636 39067.2
872.39624 35394.7
872.89563 18181.2
873.39441 6898.35
873.89429 2005.53
879.36292 25010.3
880.36316 12280.8
881.36499 3767.33
884.31293 1378.38
891.47308 1815.39
906.37122 1667.52
906.86926 1798.14
911.88104 3062.15
912.37781 2675.82
912.87708 2219.88
913.37152 1450.53
914.88153 10319.1
915.38440 11503.4
915.88025 5863.4
916.38049 2050.99
920.88428 31965.9
921.38550 32564.6
921.88647 18442
922.38812 6154.5
922.88806 1298.49
927.40851 2208.91
927.91443 2703.49
928.40942 2339.6
928.91541 1087.24
936.41437 4409.29
936.92047 5609.62
937.42072 3217.61
941.42218 1294.63
949.46375 1412.79
950.39172 4555.05
951.40900 3750.65
952.40930 1291.36
959.44684 1530.49
976.40161 2178.3
976.89911 1828.25
984.38055 1108.17
985.39227 2867.94
985.91217 2623.09
1017.95129 3822.77
1018.44958 5460
1018.94733 2024.82
1021.41003 1123.68
1036.49072 1172.54
1053.46753 1977.11
1053.96826 2598.32
1062.46350 1335.32
1066.93530 3375.25
1067.43311 3341.91
1067.94434 2563.44
1080.44202 1049.71
1091.44373 7199.95
1092.44421 3976.12
1093.45801 1710.16
1102.95166 1985.14
1145.97656 1830.33
1146.46533 1700.33
1146.96094 1583.03
1194.96729 1562.84
1195.95227 1450.38
1242.50098 1475.67
1243.50427 1148.67
1313.54968 1420.65
1314.53833 1278.37
1412.56421 1065.69
1510.55444 1744.09
1511.59192 1234.2
