3037.59079 3
110.07080 263.951
120.08054 3883.57
121.08416 273.678
129.06653 209.478
129.10205 927.353
130.08600 390.096
136.06148 736.033
136.07555 677.795
143.11719 342.756
147.11272 851.304
159.09204 219.948
159.11293 466.988
171.11281 209.437
173.12843 493.463
175.11819 197.798
187.10744 373.703
197.12816 890.696
198.08731 201.26
199.17987 330.676
201.12314 548.324
202.08231 416.118
207.11264 385.166
215.13876 7632.52
216.09738 1070.16
216.14270 676.823
217.09686 523.418
225.12320 1583.85
227.17563 525.963
228.13290 242.963
229.11775 286.691
230.07686 674.625
233.16461 1714.82
234.14500 203.49
234.16890 207.75
235.10710 1165.15
243.13364 12657.9
244.13692 1477.47
257.16000 670.172
258.14459 1218.95
261.15952 1287.73
275.17133 1129.3
277.11749 274.856
285.11835 805.907
292.12885 571.331
297.15668 303.785
298.13873 496.849
299.09848 1281.32
302.13184 422.494
303.12912 709.81
310.21252 783.621
311.17462 286.919
312.15430 401.874
315.16422 323.721
316.16675 539.902
317.10867 1101.49
318.11426 222.931
327.20203 324.344
329.14816 243.154
329.18057 255.361
330.05832 265.474
330.18445 899.06
338.20700 2863.87
339.21021 482.922
345.17990 215.261
346.14081 210.022
348.19156 792.309
349.19507 289.089
356.21738 5092.06
357.22079 937.994
364.14926 266.171
367.16013 317.649
383.22614 277.551
384.18872 452.046
385.16769 415.094
390.19958 343.892
394.17188 235.106
396.22424 317.609
397.20465 309.245
398.19647 995.855
402.23633 333.247
403.19971 246.609
411.22318 1074.08
412.18344 939.522
416.18027 725.12
425.23947 542.5
428.03690 414.345
429.25079 282.256
430.19302 555.427
431.19415 215.376
438.23456 2325.58
439.23709 631.585
443.26242 209.925
449.20340 652.361
457.28156 356.898
459.22424 296.427
459.73572 285.467
460.23825 227.144
466.23038 227.274
467.18631 418.282
475.29160 488.064
477.23553 215.59
481.19910 215.707
485.19528 767.927
485.27762 699.358
486.18201 236.85
499.21341 543.689
500.20966 237.907
503.20743 718.744
503.28894 705.674
509.31061 262.172
512.23724 287.334
517.22437 327.813
524.30853 662.227
530.25665 252.623
533.26819 351.815
551.31909 963.553
553.26001 355.583
554.29968 648.983
555.30054 279.071
558.29138 213.809
563.24194 373.304
571.27515 299.914
572.31049 955.14
573.30994 222.019
580.26648 498.993
581.25732 334.606
590.31763 655.556
598.27771 569.794
599.27289 423.735
601.32440 236.835
611.30438 293.861
612.29926 278.024
615.24005 304.632
616.29309 310.746
617.28760 262.721
622.32825 218.691
628.31506 431.16
629.32495 352.713
633.25061 265.365
644.29926 261.477
646.36011 273.388
650.27802 403.05
652.36646 1630.13
653.36884 773.935
667.30664 274.125
671.37891 339.603
714.29669 271.385
715.29626 294.796
718.34906 233.466
724.39954 838.856
725.40173 359.373
728.32654 355.742
736.36560 570.987
737.36060 329.409
741.38763 535.958
742.40503 312.314
745.34393 297.913
746.34674 303.671
752.90863 1054.55
753.41364 758.137
753.90564 272.44
763.38306 302.597
772.35840 379.071
773.36139 292.353
781.40991 1711.81
782.41577 740.172
791.37103 461.552
796.32733 276.041
809.46094 562.303
809.95074 419.177
813.37183 312.35
814.36920 308.183
831.38324 272.787
837.48132 237.388
849.45038 505.134
850.45056 247.412
852.96942 892.895
853.46545 1523.18
853.97424 275.788
854.46893 505.087
855.49005 277.594
900.47021 278.275
901.45209 366.285
904.45758 357.544
908.48883 383.804
908.98840 553.637
909.48547 237.407
916.99835 395.393
917.50287 495.577
918.46729 4067.99
919.46918 1977.89
920.48010 1475.86
921.48132 610.615
922.48212 244.856
951.51935 246.591
952.00580 470.198
952.52045 318.562
954.50708 350.862
960.51678 2499.54
961.01501 2440.63
961.52521 1362.15
962.02057 359.498
978.44287 327.948
987.48151 391.554
988.48315 272.256
996.48346 234.3
1005.48828 285.702
1012.54736 502.587
1013.48755 451.437
1014.47333 544.826
1014.82849 383.587
1017.05280 820.683
1017.55469 1147.54
1018.06140 487.111
1018.54926 238.926
1032.51929 340.064
1048.50903 237.409
1049.58044 315.271
1052.57031 267.693
1053.59485 265.321
1058.51099 306.787
1060.57068 686.251
1061.07605 823.815
1061.57568 482.321
1065.53577 3706.21
1066.54126 2236.28
1067.56250 980.169
1068.59094 416.003
1076.51428 342.294
1090.58533 231.598
1097.47229 305.425
1100.55640 295.047
1109.08997 293.632
1109.59619 251.904
1117.59741 817.851
1118.09753 1015.37
1118.59460 853.561
1145.60498 419.703
1158.09326 272.7
1160.57971 292.909
1162.59473 309.184
1166.60791 681.124
1167.09045 677.301
1167.60791 333.886
1175.10938 1227.93
1175.60779 1793.3
1176.10828 1342.86
1176.60620 538.517
1178.61938 3830.38
1179.62073 2573.23
1180.62744 778.07
1181.63611 243.892
1216.14771 295.939
1224.62732 509.082
1225.13977 774.626
1225.64856 495.081
1226.14575 434.31
1230.64636 737.253
1231.64661 544.322
1259.14014 325.526
1259.64722 668.572
1260.15088 468.729
1260.65039 427.807
1267.69958 333.948
1268.15796 1211.63
1268.66028 1972.39
1269.15759 1311.49
1269.66040 948.668
1274.68567 288.241
1291.70337 3278.42
1292.70654 2313.37
1293.71252 898.453
1333.17615 361.688
1333.67883 470.397
1334.19312 285.99
1341.69983 786.698
1342.19421 953.972
1342.69751 1080.77
1343.18958 432.547
1343.72131 345.226
1358.70764 715.332
1359.70764 511.312
1360.71350 334.695
1376.71716 243.822
1390.77686 517.491
1391.76929 374.146
1392.72656 239.53
1398.72937 303.744
1430.77673 253.342
1431.74292 278.447
1447.79382 1730.12
1448.79468 1384.47
1449.77795 406.222
1486.81348 532.304
1487.79211 436.317
1488.80444 243.423
1504.81372 6334.47
1505.82056 5686.85
1506.82458 2236.45
1507.84094 655.062
1558.83997 252.225
1559.82642 292.726
1617.89893 1620.2
1618.89893 1271.28
1619.89954 482.008
1687.94104 274.559
1704.92664 2163.37
1705.93530 2097.03
1706.93188 1036.62
1707.93713 306.57
1773.90991 245.115
1815.95129 344.187
1816.97815 293.918
1832.99597 373.314
1833.97986 440.008
1903.00537 242.153
1920.02356 1771.03
1921.02795 2104.98
1922.02563 1165.02
1923.04382 258.355
