1745.85331 3
110.07110 1805.97
120.07980 1460.07
129.10179 5959.35
136.07535 54309.7
137.07899 3595.08
175.11852 25191.2
189.08626 3676.08
192.10162 7604.42
197.12822 2280.65
199.07303 1583.03
199.18001 147699
200.18362 16594.3
201.12285 1397.69
202.08569 2272.81
215.13841 48526.8
216.14249 4719.91
217.08125 8638.63
223.10742 1833.23
227.17494 86324.3
228.17851 8608.18
237.12289 15938
238.12656 2455.33
240.13457 1676.32
243.13333 66330.2
244.13637 7291.15
247.10699 12433
248.10997 1368.32
265.11758 44004.3
266.12091 4684.77
275.10172 6444.73
286.10303 2105.49
286.18701 1653.53
293.11246 9773.27
303.21310 26527.5
304.11365 3646.16
304.21619 3146.42
340.25867 4832.8
355.12564 1519.04
356.21719 7693.29
358.13718 2850.96
362.13336 6196.6
362.68433 3565.33
376.14890 7525.05
380.14423 7132.49
381.14886 1742.43
394.16086 1494.81
406.19739 13042.3
406.70032 1582.84
407.19864 1736.7
415.22595 1599.9
422.15271 2150.21
427.16080 1765.04
432.25519 18684.9
433.25983 3008.78
440.71118 2512.3
449.71634 17660.6
450.21628 7023.48
467.17456 2695.05
469.30249 2215.54
473.16306 3561.12
489.23611 2323.96
491.17517 4845.78
498.22537 2319.04
507.22955 15468.9
507.73047 7591.96
509.19299 2707.15
518.18597 1542.47
525.31763 1682.38
533.79999 2445.95
536.19690 1763.72
540.24487 2316.75
543.28625 2047.86
548.74890 8148.98
549.24933 4928.76
557.75281 38409
558.25476 17493.9
558.75476 5698.55
560.19403 1802.83
561.29791 24372
562.30200 5362.66
562.74573 2886.58
578.20575 2656
581.33600 4132.15
581.83325 1493.59
582.28833 2345.41
582.36041 1916.19
583.29175 28502.2
584.29388 1780.96
621.27692 1909.92
621.77289 2279.22
622.27148 3887.19
629.21698 1576.67
630.27869 12036.1
630.77979 7434.98
631.28052 3343.73
639.28430 47077.8
639.78522 32030.1
640.28601 9988.3
640.78589 2846.7
685.79462 10278.1
686.29468 6440.29
686.79907 1935.11
694.79938 26310.8
695.29932 19969.9
695.80054 6752.35
703.80548 19735
704.30640 13107.4
704.80890 5712.99
724.35999 34447.5
725.36371 11264.7
726.36810 2157.42
742.33673 3944.52
742.83710 3452.65
743.33691 2010.03
751.34491 3975.33
751.84064 2225.61
760.34808 18727.5
760.84790 13641.1
761.34949 6696.01
761.84564 2454.72
793.38434 3071.16
794.37695 1513.24
811.39264 45665.8
812.39441 20029.9
813.39856 4561.57
816.89117 2620.85
862.40314 1496.84
863.39996 2160.73
880.41608 3700.7
881.40533 3976.13
898.42468 77196.7
899.42651 33483.6
900.42902 8053.87
995.44025 5739.03
996.42871 5949.61
997.43243 1449.8
1013.44983 82556.9
1014.45386 42949.5
1015.45276 12044.5
1016.44897 1724.59
1070.46899 2562.8
1071.48987 1420.92
1096.48975 8960.43
1097.47900 5720.38
1098.47485 2218.07
1114.49744 92461.4
1115.49976 48844.1
1116.50452 15376.1
1117.50391 2670.79
1124.49951 2295.64
1259.55151 4933.44
1260.54578 5033.4
1261.54199 1712.05
1277.56250 56473
1278.56189 37925
1279.56567 12458.9
1280.56653 2472.54
1388.59619 3628.9
1389.59668 3238.01
1406.60864 14285.9
1407.60632 9626.51
1408.60144 3905.18
