1495.70476 2
110.07102 5625.45
111.07380 263.694
112.08695 425.227
115.08630 617.208
116.07022 401.116
120.08054 1033.87
127.08611 466.826
129.06653 399.859
129.10207 8198.05
130.04977 263.498
130.06514 280.594
130.08606 2186.68
130.10484 512.444
131.11729 363.117
133.04314 487.094
136.06152 952.96
136.07552 3163.5
139.08653 621.52
141.06569 256.693
141.10213 620.922
142.08588 361.836
143.11746 622.278
147.11258 3844.8
148.11526 303.39
155.08125 954.118
155.11758 480.189
157.09807 560.597
158.09216 489.227
159.07623 445.881
159.09131 787.348
166.06134 540.906
167.08119 1351.36
169.09700 1195.36
169.13344 388.306
171.07564 559.98
171.11259 645.138
172.10776 281.816
173.09222 422.36
173.12827 932.045
175.11870 2684.8
181.06032 317.41
181.09773 637.086
183.11290 499.499
183.14867 753.567
185.05428 284.456
185.09146 763.704
185.12509 357.442
185.16461 21540
186.16818 2336.47
187.10741 8778.16
188.11113 592.298
189.08650 278.588
195.07655 526.81
195.11168 334.713
197.12825 348.283
198.08662 263.929
198.12398 369.45
199.07076 577.406
199.10786 542.811
200.10268 912.336
200.13873 783.417
201.12309 1673.98
207.08711 324.892
208.10727 325.532
209.09157 530.374
210.02528 379.052
211.14342 303.081
212.10257 634.353
213.08659 493.73
213.12172 429.637
213.15942 6685.32
214.16374 623.476
215.10234 5094.05
215.13966 708.325
216.09361 345.729
217.08253 579.748
218.14949 2327.04
219.07922 919.354
223.15514 566.219
226.11816 1483.69
226.15486 599.744
227.06706 621.803
227.10068 634.579
228.13284 342.761
229.11752 1173.27
231.09715 386.033
234.12210 321.315
235.11885 755.442
239.11398 396.456
240.09685 351.673
240.13335 421.664
241.08154 382.572
242.11324 825.131
244.12721 270.36
244.16473 588.831
245.07672 2115.14
246.09096 1875.29
246.18088 509.686
247.07394 1087.36
248.16054 306.16
250.11806 1431.15
251.15015 1164.47
254.11154 414.843
255.14604 419.406
258.10739 356.941
258.14368 453.909
259.09106 273.684
261.08890 308.613
262.15170 299.836
264.13416 409.783
268.12668 307.213
270.14258 283.31
271.14072 701.702
272.17233 989.249
278.11288 1504.86
282.10660 437.974
283.14145 328.143
284.12262 274.385
289.18643 3993.19
290.18936 405.307
292.12857 2045.85
295.13971 343.026
309.15378 368.902
312.04791 338.433
314.17133 373.342
315.20111 285.332
319.17145 905.103
328.18588 9577.64
329.18930 1621.31
344.14478 2512.87
345.15030 380.765
355.19894 299.913
358.10593 1023.17
361.11716 2331.66
362.11887 324.335
363.16608 1353.29
364.13614 319.551
364.16104 318.779
376.11649 699.889
388.16348 284.685
389.14493 533.506
399.23090 1406.74
400.21771 3182.51
401.21957 546.76
406.17062 1743.8
409.14972 883.794
417.24500 2653.52
418.24731 578.166
427.12506 606.204
432.24487 1124.91
434.19986 457.354
441.19778 480.934
445.13498 352.547
459.17068 3011.76
460.17773 841.684
472.14920 915.019
472.28928 387.726
473.13165 717.928
477.20871 857.136
490.15924 1267.38
496.19064 439.107
514.21484 642.843
520.18958 382.969
523.25824 313.602
524.17963 1321.04
525.18109 403.508
544.20929 318.219
545.27203 393.095
562.22296 313.546
572.19135 372.761
580.30823 3186.65
581.31348 814.4
590.20947 962.567
591.22266 292.822
608.18604 412.724
625.22418 386.615
627.30243 597.575
635.21265 1733.52
636.20313 416.627
652.22662 294.752
653.21979 1400.42
677.32452 495.819
678.32648 387.565
687.23846 309.071
687.33368 423.529
694.35010 1875.72
695.35748 531.373
697.39996 309.85
698.88153 602.547
699.38635 305.554
704.25018 763.022
706.24341 296.801
748.34827 406.157
758.37634 563.189
764.24835 379.348
808.37610 340.847
825.39124 1584.22
826.39142 766.406
827.39124 329.141
835.29639 339.683
838.44885 445.322
845.41064 674.861
867.31946 1084.37
902.45099 297.434
940.41626 1265.7
941.41498 885.948
942.40204 364.329
946.46246 829.985
1051.45691 331.492
1052.43250 397.436
1069.46155 1445.6
1070.46008 659.232
1168.50757 414.377
1283.55066 604.476
1284.54150 355.224
