1949.90395 4
110.07109 2926.96
115.08634 582.75
120.08063 1432.45
129.10210 4320.89
130.08609 868.225
133.08560 489.016
136.06123 1016.76
136.07545 2401.24
140.01010 496.13
141.10223 522.439
147.11285 1837.18
157.10757 950.507
169.09700 638.422
173.12759 606.083
175.11890 2636.41
198.12344 595.086
199.10791 832.618
201.12357 514.505
204.13455 513.312
207.08623 525.107
207.14006 745.572
221.13779 964.965
226.11833 2441.66
229.11905 451.892
230.14243 1370.6
244.12903 1756.6
247.13382 465.64
251.15056 449.974
255.14500 2459.98
255.64838 7329.01
256.14981 2320.12
262.13672 474.622
272.17160 5120.03
273.17361 765.752
282.67215 1239.56
283.17447 514.935
291.18555 1391.08
291.66779 463.373
295.13895 791.218
299.13928 1376.93
300.14307 662.523
304.63715 1715.35
305.18228 2759.34
305.68484 835.077
313.15054 835.909
320.17126 730.856
320.85541 764.055
321.18808 553.016
330.18945 737.212
331.16068 596.827
340.19955 1134.4
340.68988 3318.73
341.19202 1271.35
349.20270 16878.1
349.70435 5886.95
350.20566 1086.02
353.19269 3944.85
353.50909 2143.92
353.84369 1145.94
354.18555 2376.58
354.68573 466.126
355.70874 702.955
362.84427 2334.52
363.17844 1441.13
363.51541 605.927
365.74487 577.168
369.70386 2215.94
370.20578 836.894
375.20337 629.691
376.21173 2507.12
376.54733 1719.48
376.88303 542.242
378.71091 478.771
382.21570 540.05
382.69766 907.955
383.19772 679.881
383.71362 4865.67
384.21518 1911.55
385.25546 2946.18
385.54584 788.107
385.85144 9656.56
386.18542 5006.32
386.25909 540.66
386.51950 1340.53
391.22040 1652.02
391.55270 900.434
404.69568 777.661
408.87152 3177.2
409.20554 1480.84
409.54398 590.68
415.27826 1602.05
415.78128 602.649
418.20407 1591.12
418.50668 3423.76
418.55255 582.853
418.69226 4815.47
418.84375 1970.43
418.90057 1846.4
419.19720 2069.2
419.56573 506.1
423.25531 582.056
423.87936 4404.26
424.21207 2139.12
424.48172 941.92
424.54816 747.479
424.73178 607.381
424.97760 643.948
425.23996 509.389
426.24326 1924.82
426.74844 1115.92
428.22995 3177.88
428.56464 1611.15
428.89563 584.768
430.48508 1296.09
430.73416 2110.53
430.98300 1102.01
431.74438 592.247
431.99304 644.706
432.87241 680.959
434.74265 7233.58
434.99030 16116.2
435.24020 14030.2
435.49042 6667.17
435.74109 1458.99
435.98877 679.832
438.54767 1180.86
438.99924 1150.85
439.11600 495.301
439.24420 97414
439.36179 822.228
439.39087 890.542
439.49423 93788.5
439.64340 565.218
439.74445 51246.1
439.99478 18797.8
440.24368 5229.64
440.49692 746.56
443.24301 588.369
443.74701 15226.1
443.99673 13989
444.24783 7212.94
444.49893 2549.35
444.74930 521.861
449.20944 491.763
449.46771 661.6
450.56100 542.723
451.23944 758.112
451.55798 3628.07
451.74506 3190.69
451.89035 2435.27
452.24615 3124.85
452.74634 1857.29
453.22870 496.532
454.97977 897.094
455.22049 1127.07
455.48019 522.424
455.58069 867.639
456.23755 506.599
456.53546 2251.4
456.86978 1606.95
457.24988 554.014
459.23639 5869.63
459.33215 785.049
459.48373 15836.4
459.73303 13288
459.98370 6348.95
460.23318 1650.85
460.48322 865.719
460.88928 3473.19
461.22394 2627.54
461.55511 1247.41
463.48102 797.335
463.50031 863.181
463.56955 494.333
463.73819 98445.3
463.82465 726.226
463.85568 912.651
463.88199 854.458
463.98834 96474.6
464.09604 741.785
464.12109 580.545
464.15811 631.231
464.23828 49262.3
464.48846 18999
464.73953 6411.64
468.24057 3632.83
468.49118 2901.44
468.74219 1721.62
468.99072 882.564
472.28702 20456.1
473.29053 4360.05
474.29440 591.756
475.23334 3837.8
475.73495 2077.81
478.80496 522.406
479.27283 586.974
480.22952 726.542
480.77762 2669.9
481.28033 908.283
483.73163 893.037
483.89603 2133.29
483.97736 2555.09
484.22644 5708.99
484.47678 1550.28
484.55508 1175.65
484.72531 785.324
487.20181 537.536
487.30573 17436.6
487.80762 9238.78
488.23026 10605.1
488.31039 3237.02
488.48279 8515.54
488.74982 7174.15
488.97745 1660.09
489.25623 3931.78
489.89404 1038.05
490.23465 1189.58
493.54800 1060.39
493.88171 726.038
494.77438 3287.98
495.27609 2375.13
495.77499 798.304
501.23108 639.972
503.77731 540.313
504.28406 508.361
507.29004 518.28
508.78650 2122.25
509.28830 1423.69
516.55463 1416.67
516.88727 518.256
520.28406 580.679
520.77338 1287.99
521.26837 599.314
529.28601 12356.7
529.78656 7965.42
530.28003 2195.8
530.36444 2369.33
530.78479 703.127
531.36578 600.593
538.29108 3121.91
538.79230 1474.38
542.95441 518.047
543.76331 2471.83
544.26428 1124.72
547.28955 1538.99
557.77539 569.166
564.30267 1457.41
564.80176 1123.67
565.30853 582.961
565.64197 1987.11
565.97699 1407.05
566.30768 870.58
569.26849 796.511
569.76245 625.949
573.30725 2441.07
573.80676 1826.82
574.30878 687.68
577.81757 609.899
578.27277 12288.4
578.77417 6826.92
579.27313 2479.25
579.77313 511.148
583.31976 2570.41
584.32758 839.856
586.32135 543.843
593.28033 2794.28
593.77979 2138.49
598.30048 1432.41
598.63867 640.515
598.96954 584.725
600.34607 7214.91
601.35065 2299.15
610.32861 713.273
612.31171 507.188
622.84125 3631.29
623.34302 2242.76
623.84241 958.615
630.28558 704.421
643.45032 2287.85
644.44891 803.939
647.30902 1989.5
648.31390 1434.89
649.32330 724.937
657.35382 1267.49
657.85150 698.723
662.37311 609.42
671.82574 668.776
675.33093 612.262
676.34344 503.082
677.37390 2053
678.37622 953.531
680.37604 720.925
685.35211 577.517
697.39978 11024.5
698.40369 4372.55
699.40735 1260.58
725.33917 1017.68
725.83978 788.29
730.48157 9547.96
731.48279 3520.65
732.48804 885.267
747.39740 559.27
764.38782 1101.84
766.41919 2007.24
767.41913 753.916
805.43665 1245.4
806.43066 729.203
810.37976 510.485
829.54767 497.541
830.39307 784.827
836.37659 1002.45
903.47833 701.045
949.46210 1719.96
950.46362 1123.85
