1740.82834 3
110.07092 3514.88
113.07024 742.082
120.08045 42828.3
121.08372 3245.24
127.08642 2027.52
129.06555 20804.1
129.10178 5328.56
130.07074 706.566
130.08549 1021.14
136.07542 32040.8
137.07863 2208.72
141.06555 4719.48
147.11247 2360.79
155.08109 8397.18
158.09204 1090.56
159.07648 2139
159.09146 1760.23
166.08601 1269.85
173.12814 804.958
175.11861 7246.71
177.10201 1660.42
183.11229 762.81
186.08696 37921.6
187.07143 1948.32
187.09077 2593.6
191.11763 4184.74
193.09682 10167.3
194.10030 810.678
199.18013 735.958
200.10260 1577.22
201.12262 2283.32
203.11690 1514.33
204.13388 889.696
205.09659 6192.91
211.11911 1384.46
212.10236 4772.66
215.13838 861.336
217.08209 694.031
219.11243 2217.48
221.09158 6519.66
222.12347 2366.08
223.10794 846.476
229.12932 20517
230.13231 1347.11
231.11234 4830.71
239.11354 2216.2
240.13359 1520.15
247.10788 1353.79
249.12285 4570.87
253.09244 871.417
257.12393 11439.4
258.12656 1744.52
259.14172 933.911
262.11618 1137.64
265.11703 717.551
276.13336 4649.78
276.16614 4075.59
277.11761 14679.3
278.12100 1331.79
283.14343 6934.45
284.14563 835.808
288.13394 4901.85
288.20273 1359.31
294.18100 696.067
302.15045 2466.63
305.16080 1866.41
311.13815 4164.25
314.14700 723.33
316.11166 977.796
317.21912 709.142
319.17508 750.55
321.17175 5405.63
321.67224 1680.43
323.13788 3509.38
331.17459 1450.51
333.15479 5435.01
338.18103 679.492
340.16486 1147.18
349.14984 863.348
354.14236 1408.55
358.18790 780.833
359.17041 4004.71
366.17514 750.917
368.15942 15129.1
369.16196 3184.82
371.69485 7561.33
372.19653 1886.26
376.19608 4994.34
377.19666 943.035
389.24991 14134.6
390.25266 2809.23
394.17462 1429.18
404.19260 1324.17
411.20349 824.067
417.24741 779.785
421.22980 6579.58
421.73129 3241.85
426.17740 797.091
433.21970 977.212
440.18115 3332.53
449.21255 818.906
451.19626 1916.81
452.17960 830
453.20975 1083.7
467.22476 1604.2
468.22244 2975.84
469.20413 2307.86
470.20114 738.418
476.74426 4671.47
477.24539 2468.04
477.74567 911.046
485.75043 8052.12
486.25174 4513.08
487.23380 1787.89
495.57605 803.918
496.21674 978.371
497.20206 6016.25
498.20413 1589.36
504.27686 15320.7
505.28052 3649.41
530.33209 1832.55
531.33063 1178.8
541.27545 2366.31
541.77124 1127.5
542.28009 746.91
550.27551 1833.36
550.77588 896.413
551.24359 857.587
559.28375 24652.6
559.78540 14099
560.28613 4246.9
566.29364 739.506
568.27795 1615.3
572.34235 775.648
574.94598 1418.86
575.27362 1718.78
578.26666 730.391
581.34180 3958.02
581.83594 1760.83
582.24017 753.275
596.27271 1585.95
597.27399 771.915
598.25977 754.742
606.26282 2247.27
616.27417 1771.69
624.30927 1362.29
631.80975 1020.41
632.31024 729.392
640.81580 9716.66
641.33374 29035.4
641.81738 2345.41
642.33813 7872.83
643.39838 1671.3
644.27441 1432.71
644.42401 835.724
651.81128 975.288
652.30609 748.894
660.31818 1279.04
660.82544 1120.45
667.26990 1005.43
669.32635 23764.8
669.82770 17867.6
670.33002 6472.44
670.83032 1381.22
698.36060 1311.56
724.37793 1606.6
725.35907 1431.41
729.32172 1213.69
733.85455 1190.92
734.35681 1461.47
742.38263 55204.6
742.85974 9767.49
743.38049 22951.9
743.86127 3730.42
744.38605 3507.73
744.46613 1577.62
745.46973 1035.59
753.33215 1361.19
778.37897 1351.36
778.87939 871.674
797.44421 1279.46
805.47418 808.421
806.88934 1239.85
807.39069 2101.07
807.88751 866.297
823.44702 1218.62
824.42615 1067.48
841.45111 37355.5
842.45538 15438.4
843.45612 3674.39
845.50739 2854.53
846.50378 735.786
868.48853 1391.41
882.37640 1806.24
904.54047 1542.03
926.52588 771.047
949.39185 928.607
952.48578 3655.71
953.47644 2993.46
954.48279 1068.15
970.49243 40446.9
971.49359 17526.7
972.50055 3830.27
974.55475 965.912
975.55029 729.356
981.46448 827.922
1081.53564 922.168
1096.46033 801.177
1097.45605 897.896
1099.55591 921.282
1100.53357 1122.25
1101.54163 817.205
1117.56189 32278.5
1118.56177 19451.5
1119.56616 5524.41
1127.53577 728.825
1280.62329 4716.22
1281.63049 2799.92
1282.62109 871.928
1337.64807 6938.56
1338.64771 5517.17
1339.64990 2014.76
