1550.73088 2
110.07102 5141.56
120.08060 2346.22
129.06569 2161.89
129.10201 18175.8
130.08606 7305.59
136.07545 3643.32
147.11261 10422.7
153.10199 6450.09
155.08070 1372.02
157.06023 1239.59
159.09132 1729.43
167.08083 1367.41
171.11243 7016.96
173.12804 2154.15
175.11841 3027.9
181.06044 8974.4
181.09692 13763.1
183.14888 13814.1
185.05495 2502.76
185.09187 1784.16
189.08635 2235.45
197.12794 1607.56
199.07106 9046.34
199.10744 6463.2
199.18022 7462.76
201.12354 2505.15
203.06598 1485.42
211.14384 9849.4
213.08652 2212.73
215.13879 2527.46
217.08151 101723
218.08528 6295.76
225.12280 1769.3
227.17447 1962.98
228.05031 3439.67
229.11682 1959.08
238.11743 2263.93
239.14998 3087
240.13390 8061.5
243.13318 1609.34
244.99059 1399.67
245.01480 1383.42
245.02629 1339.38
245.07642 295262
245.11865 2217.41
245.13264 1316.91
245.14171 1609.48
246.07965 22561.3
247.08174 1435.05
248.17532 1354.92
257.16028 13095.3
258.10922 1885.23
258.14447 22801.5
259.14816 2922.74
264.13385 19898.3
265.13721 1967.53
266.11221 1424.2
266.18576 10169
275.17068 17472.9
276.17380 1938.49
280.16437 2881
282.14410 10005.6
292.12854 1965.19
294.18039 23998.2
295.18433 2161.66
298.17532 6408.14
301.18591 1304.89
307.14261 2664.79
310.13855 2159.74
312.15457 5561.72
312.19290 1841.5
313.13733 2877.09
327.12936 2541.15
330.16550 14507.5
331.16925 2085.54
333.19037 1383.66
340.14905 2925.23
342.12991 1907.57
345.13995 8885.63
351.19516 5710.73
351.69574 2070.31
352.12704 1581.19
353.17984 1939.7
358.16000 49904.5
359.16290 7018.84
361.18631 2398.85
362.11050 7076.4
363.20200 5310.03
369.17560 3223.04
377.21719 5032.66
379.19470 2256.26
380.12103 27353.3
381.12436 3164.85
381.21252 6762.26
382.21619 1732.62
384.21127 1760.31
386.20242 11988.4
387.20941 1767.29
392.71301 11341.8
393.21494 3249.52
395.22784 3415.43
399.22180 2372.65
404.21356 5783.74
409.20642 7218.34
420.19565 1644.84
421.22516 4489.38
427.21790 12426.7
428.22055 1999.37
434.23187 6611.79
434.73364 2140.71
437.21353 1463.64
438.19479 1906.83
444.24509 4689.58
446.27554 2300.05
455.21771 1617.96
456.20901 2390.47
462.19827 2032.22
464.24847 3097.8
473.23444 6807.83
474.22833 5212.39
474.26682 5170.05
475.26962 1395.21
482.25940 1786.22
482.75674 3104.65
491.24481 61953.7
492.24484 18608.2
493.24277 2813.01
510.25223 11001.3
511.25476 2622.16
517.26282 1992.11
527.28168 5092.61
528.28650 1729.84
530.29077 1587.27
535.30579 1748.82
537.26917 2797.41
540.75201 4662.79
541.25348 2524.15
543.29321 2063.3
555.27710 12538.8
556.27673 2996.53
561.30127 4296.61
562.26099 14100.5
563.26605 2846.08
567.27930 1607.18
573.29028 3820.44
579.31433 1886.27
590.25812 7406.44
591.26288 1697.85
593.29010 3197.01
594.29340 1720.32
604.33014 9301.47
605.32483 2365.53
610.31946 1744.45
614.31470 3755.97
620.30090 1459.51
621.29010 3453.74
638.31299 8796.71
639.30890 2907.96
656.32025 2694.71
659.27820 3651.74
664.32715 1927.1
666.35571 2047.4
672.33350 3890.65
683.37006 14945.1
684.36432 8515.71
685.36700 1394.92
690.34473 7470.6
691.34863 2069.94
701.38098 96599.9
702.38519 29689.3
703.39081 4189.9
708.35626 2984.16
721.35144 1686.66
766.40948 10071
767.40070 7830.29
768.39465 2424.12
784.41907 68947.8
785.42242 28550.2
786.42053 4994.25
792.38147 1457.04
802.43152 1624.72
803.43359 1561.74
818.40466 4775.17
819.39966 1626.58
841.43866 6138.14
842.45013 1798.57
850.42639 7432.87
851.43182 4079.2
867.46014 4870.66
868.44305 1395.41
877.44226 1701.81
885.47113 4275.74
886.47491 2556.73
894.47211 1395.16
895.45380 5058.57
896.45313 2133.04
903.47998 1971.91
913.46039 3946.8
914.46857 2141.16
920.48529 7247.24
921.48602 2612.44
938.49213 4508.14
939.50238 2765.03
964.51154 8835.74
965.51678 4646.43
982.51862 11698.5
983.54169 3923.26
993.41882 1677.42
1000.52832 8508.94
1001.53638 4348.41
1051.57825 1967.23
1059.57898 2657.22
1060.60352 1486.48
1077.59521 1487.05
1080.49353 6669.86
1081.50415 3426.04
1095.60046 1405.88
