2678.37101 3
105.06521 898.299
110.07106 890.344
120.08065 2945.34
121.08379 229.128
127.08657 4576.49
128.08987 254.246
129.06650 380.433
129.10222 2750.54
130.06516 217.558
130.08612 524.189
136.07558 1534.84
143.11769 397.684
147.11264 1143.95
155.08115 632.18
157.09627 329.665
159.09155 922.145
165.10168 532.759
171.11285 310.253
173.09135 306.214
173.12781 324.501
175.08978 5820.31
175.11859 826.07
176.09331 409.295
181.06049 749.573
183.11197 366.438
183.14877 419.804
185.09229 485.626
185.12866 256.12
185.16457 557.152
186.05812 307.617
187.07059 245.525
187.10902 255.311
189.12303 321.582
197.12772 367.323
198.08725 668.416
199.07050 558.841
199.18028 871.777
200.13925 855.568
201.08699 418.934
201.12315 651.78
203.08487 3827.04
210.02684 244.736
212.10204 260.997
213.08675 384.444
213.16055 598.854
215.13879 1866.39
216.09778 4484.94
217.09714 534.962
217.13208 358.259
219.07867 351.683
225.12277 292.828
227.10281 286.272
227.17558 994.829
228.13365 579.462
228.16945 237.207
229.11792 610.487
230.11285 286.794
231.10896 238.631
233.16438 360.293
235.10553 245.166
237.13557 729.587
240.09776 293.85
241.08174 499.877
242.11249 222.485
242.14977 834.335
243.13370 5031.6
244.09264 1503.92
244.13808 714.284
244.16551 263.076
245.09605 227.658
256.12790 264.459
258.10800 1408.99
259.10855 309.767
260.15912 322.75
260.19693 233.838
261.15942 387.09
266.11423 404.838
272.10626 419.623
275.20776 1894.28
276.13458 1369.89
276.21265 255.026
277.13565 224.699
284.08740 256.15
286.13913 263.62
287.13312 252.242
288.13556 468.568
289.13281 640.224
290.11630 1197.9
301.11127 233.241
307.14276 452.125
308.10507 302.774
313.11365 640.34
314.09702 762.378
314.17126 779.296
315.17709 248.189
326.14642 230.747
327.12967 347.186
328.16306 277.007
329.12918 252.66
330.05984 292.155
331.12424 2577.06
332.12793 362.907
347.13864 296.68
348.15451 233.289
350.21805 727.964
354.16620 474.411
355.12366 418.572
356.21783 766.731
357.17661 666.647
357.21112 307.035
359.17502 244.356
363.16547 526.08
370.13696 312.171
371.19333 863.06
372.17538 479.436
374.27524 592.495
379.14401 408.966
385.18173 580.56
386.18713 949.264
387.19641 240.445
388.14648 430.933
400.16415 334.342
404.19205 358.75
405.17685 1153.93
413.17780 347.234
418.17560 287.906
424.14725 505.962
425.20523 265.665
430.21133 300.76
441.17053 906.113
442.15460 437.747
443.21121 979.215
444.21478 372.125
459.18173 920.459
461.30859 2382.12
462.30878 503.166
474.19730 356.26
484.27240 316.603
485.25772 598.07
491.22397 731.071
496.21774 550.177
497.22342 957.709
498.22043 436.98
500.24445 292.553
504.24252 685.196
512.21045 396.717
514.23962 438.471
515.23309 634.834
516.20276 255.803
528.30511 729.127
528.80426 605.559
529.30426 414.647
532.25568 252.347
533.19196 461.364
537.31708 295.13
554.23694 324.475
556.29797 1174.84
557.30389 592.499
574.39124 2156.77
575.39465 679.439
579.25549 633.313
580.25909 1468.02
581.25952 739.976
590.21814 346.819
593.85443 668.256
594.36084 467.729
597.27582 650.818
598.27179 1298.26
599.27032 605.503
602.25128 359.836
603.23895 310.533
606.24890 378.779
613.32245 643.989
615.28186 537.047
616.29224 326.17
617.33698 294.971
619.28271 347.166
620.26593 1101.63
627.33722 277.982
631.75708 252.39
634.31055 289.612
640.76501 570.112
641.25110 319.145
643.24097 318.784
647.80750 282.071
648.31647 423.332
650.31061 381.04
651.29968 286.947
656.26031 244.223
661.25623 558.31
664.32593 258.083
668.31378 654.668
669.30878 906.014
670.31647 461.511
674.26184 360.576
684.30255 270.241
686.33398 486.96
687.33368 357.147
701.32025 277.307
702.31738 283.225
703.43475 1895.89
704.43512 759.319
705.34595 360.231
706.30756 339.3
707.38635 674.395
708.38464 569.233
717.28290 474.994
718.83014 459.731
719.33276 1156.01
719.82990 248.979
720.33612 418.35
726.40527 563.406
727.33447 580.06
729.26178 442.827
730.26385 357.826
731.27081 377.107
732.35046 318.118
733.37012 379.246
734.30194 348.307
740.34381 314.867
740.85199 532.154
741.34882 543.406
741.84711 461.53
744.34253 307.583
748.31274 352.188
749.36401 428.465
749.85510 368.532
753.86536 254.054
754.34656 339.991
756.28198 272.971
762.36664 471.927
762.86487 738.673
763.36554 315.866
764.37891 290.197
771.87463 498.144
776.86395 511.777
779.35693 306.853
781.41248 488.097
783.35870 253.224
800.39557 326.708
804.87189 366.049
805.37305 368.057
805.87079 286.791
809.43146 303.383
813.40540 312.302
813.87280 251.592
814.40179 307.708
815.40192 351.629
816.51794 2461.45
817.52551 929.192
819.97400 352.969
821.33228 375.984
825.47650 285.449
827.39014 348.518
827.88190 257.911
828.49762 369.382
828.98492 317.198
830.42755 424.528
831.42828 261.256
832.43109 295.911
835.89227 386.265
836.39191 677.637
840.40021 275.161
845.34595 294.969
847.39435 497.338
853.41974 295.446
857.43549 360.771
858.33398 467.177
859.33252 276.709
861.41663 285.776
861.91974 256.94
862.42523 260.976
863.34174 501.053
864.34766 294.958
870.42633 375.684
870.92291 259.839
871.42059 305.365
874.44989 2467.65
875.45074 3066.72
876.33795 379.255
876.46021 684.025
878.44446 404.943
883.92743 402.872
884.31183 292.784
892.46661 2039.89
892.92615 1158
893.46558 2688.62
893.88190 342.881
894.43854 1389.61
894.96454 342.441
895.43109 928.726
902.01416 810.383
902.51917 1123.72
903.02246 343.311
925.45538 267.079
927.55682 419.572
935.45862 319.489
936.46094 260.595
939.46326 367.454
944.39575 294.339
945.56171 3319.63
946.56891 1629.96
947.58289 355.265
951.44397 272.992
954.52686 302.014
957.54303 456.382
958.04779 376.868
960.49152 289.373
962.41534 547.636
963.42108 355.389
966.04565 296.347
966.55090 387.723
974.37054 279.995
982.40564 265.622
991.39191 283.407
1001.55780 400.208
1005.42010 277.344
1007.58807 297.908
1009.56586 1492.4
1010.06201 1393.88
1010.56665 792.433
1011.41382 265.028
1023.41956 459.427
1026.93994 404.019
1027.43042 680.169
1027.95154 274.799
1028.41992 440.423
1032.47900 275.002
1045.61511 313.045
1053.43518 693.107
1054.43945 729.706
1055.61072 572.85
1056.59595 1809.3
1057.61243 849.195
1058.62317 382.29
1061.42090 315.437
1064.56311 265.804
1065.11755 287.98
1073.61743 5715.45
1074.08862 1008.87
1074.61719 3219.1
1075.45483 358.141
1075.64661 731.219
1078.43066 363.06
1080.45264 448.098
1090.47900 271.336
1111.98279 258.628
1112.50208 674.244
1122.62903 268.845
1123.09021 266.943
1131.11035 691.154
1131.60901 1517.2
1132.10547 894.481
1132.61548 394.377
1136.61658 270.943
1140.50610 345.152
1141.51147 387.675
1159.47900 302.703
1160.46655 324.837
1166.52417 463.35
1167.53394 410.007
1168.54553 384.695
1169.71960 349.961
1176.53601 508.299
1177.49524 449.115
1184.54724 508.59
1185.53967 394.473
1186.70776 7148.19
1187.10034 448.649
1187.70728 4405.22
1188.71582 1449.38
1193.54272 271.37
1211.55310 404.192
1213.58679 303.392
1221.60327 339.436
1226.56519 612.094
1227.07764 399.381
1230.64282 334.716
1237.57495 450.286
1238.64429 449.869
1239.14600 774.334
1239.65234 480.929
1247.60461 263.949
1263.50415 359.277
1265.58875 280.677
1280.52136 646.496
1281.53967 445.722
1282.77405 325.015
1299.79065 5144.3
1300.79333 3533.57
1301.79675 1391.88
1302.80066 314.327
1322.59094 318.974
1323.57837 299.268
1340.58752 299.742
1344.66602 264.166
1345.68750 910.012
1346.70081 294.94
1348.59265 280.75
1349.59265 364.147
1361.57190 294.711
1366.60742 323.634
1367.61255 560.325
1379.57825 324.518
1380.59497 277.283
1398.85608 2406.6
1399.86304 1652.99
1400.86646 677.255
1480.69299 311.16
1515.79150 383.934
1527.90222 1959.48
1528.90198 1497.79
1529.91260 704.275
1638.94019 337.35
1639.94287 381.209
1655.95398 1323.28
1656.96497 1038.85
1657.97583 512.853
1803.03955 944.827
1804.03015 1081.03
1805.04114 435.066
