1935.02007 2
110.07108 2004.05
120.08047 6353.81
121.08381 529.064
129.06564 1905.43
129.10207 5316.65
130.04982 478.583
130.06433 358.862
130.08592 1810.78
133.04272 376.594
136.07555 2027.61
140.14362 729.104
141.06567 778.382
141.10188 1132.7
143.11681 404.449
147.11252 3719.08
155.08107 695.681
155.11778 355.34
157.09712 480.914
157.13301 1063.6
158.09206 2453.14
159.07631 703.429
159.09120 1186.23
167.08165 394.955
169.05946 445.382
169.09666 627.567
169.13356 465.623
171.11258 821.492
171.14900 1217.24
173.12788 712.542
175.11844 1658.81
181.06046 922.548
183.11246 3796.56
183.14882 936.921
185.09123 830.047
185.12793 1657.01
185.16463 1735.48
186.08698 6841.81
187.07104 4042.8
187.14374 374.81
191.11763 741.063
195.11205 434.442
197.12856 1044.6
198.08665 464.695
199.07257 417.051
199.14375 1639.58
199.17966 503.02
200.13879 1922.1
201.12311 1616.07
205.09662 622.606
211.10725 3494.72
211.14348 809.852
212.10094 482.942
213.08653 1113.26
213.15971 1860.49
214.11768 376.669
215.13889 1336.08
217.09631 408.758
219.11244 3247.99
219.14902 1523.63
222.12305 541.677
225.12236 455.777
226.08151 2012.3
226.11850 782.837
226.15352 596.019
227.10280 711.92
227.17447 495.79
228.13374 13741.3
229.11819 2880.83
230.07669 1155.12
230.11156 838.058
240.09589 365.887
240.13367 3079.14
241.11943 387.145
242.14874 635.634
243.10835 3268.93
243.13335 2443.66
244.09218 832.961
247.14366 2422.72
248.14661 371.943
249.12242 593.62
254.07567 663.834
254.14932 1762.64
254.18547 443.056
256.12952 435.737
258.10800 8011.85
258.14435 5971.43
259.11053 902.351
259.14578 560.353
262.11819 3724.8
266.14951 479.662
268.12683 575.733
269.08804 869.691
270.14474 581.139
270.18079 418.741
271.10275 1059.25
273.15894 617.822
276.15454 4311.52
277.11795 395.111
277.15775 606.819
281.16101 467.692
282.14365 1322.75
282.18073 2444.12
283.18085 379.853
284.12183 514.306
284.15875 404.655
285.15363 709.024
286.13895 6744.5
287.09848 879.734
287.14246 980.364
287.17273 517.471
287.21167 436.614
294.14279 979.893
297.15897 568.001
298.13773 544.567
298.17499 386.68
299.17053 4093.81
300.15411 921.424
304.16495 964.054
307.14182 466.803
310.10110 726.533
311.17081 3703.6
312.15381 2309.83
314.16968 519.439
315.20734 471.226
318.18027 2551.59
319.18500 463.664
320.12296 400.408
321.15512 383.907
325.14951 855.854
325.18549 406.375
326.16968 562.221
327.12900 902.804
327.20248 1371.92
328.18301 488.263
329.18167 2585.93
330.18704 381.725
332.12369 416.49
332.19644 2215.4
333.19147 1781.47
337.11517 528.475
337.18250 372.644
338.09650 457.865
339.16544 4549.08
340.16495 626.697
341.14429 977.374
341.21680 568.9
343.16476 611.301
344.15640 1185.54
349.15118 1303.37
353.21756 1912.36
354.14087 780.656
355.12408 5141.03
356.12656 664.449
356.19183 1435.53
357.17587 5938.15
358.17935 1221.06
359.13327 648.502
361.18643 4297.99
362.19067 632.387
365.18396 617.138
367.16086 818.26
368.15891 389.829
371.19479 915.294
372.15088 8026.13
373.15314 1295.75
375.20172 689.324
377.14609 2320.37
378.14902 456.391
382.13519 613.687
383.11978 1319.07
383.19730 625.349
385.20947 1757.4
386.16968 799.277
387.20566 483.701
388.16000 1590.95
389.14166 810.216
389.23877 4720.93
390.24255 857.185
391.16086 971.081
393.21362 847.189
394.21317 1077.25
398.23526 617.681
399.22098 536.539
400.18408 761.537
406.17093 2634.88
407.17297 539.177
408.18686 1774.33
409.16971 1067.3
410.23932 1491.77
411.21970 841.374
416.15643 2387.78
417.16232 696.919
419.19052 578.169
420.22510 560.271
422.20261 2003.13
423.18976 734.002
426.19705 2434.1
427.20236 482.318
428.25098 893.772
430.20660 637.605
431.26389 639.746
432.22464 717.974
434.16599 4421.35
435.16617 527
436.18103 1940.39
437.16055 456.638
438.23163 946.96
439.22623 398.141
440.21298 2833.93
441.21237 535.541
442.26538 807.483
443.22729 898.616
445.20538 389.796
448.22052 530.71
450.19733 1458.63
453.20016 516.922
454.19113 4198.99
455.19580 763.022
455.26401 426.844
456.24506 1115.79
457.24106 1448.34
458.20126 1030.2
460.17969 1029.03
460.27594 7271.7
461.24194 1130.48
461.27991 1505.61
463.23590 536.761
465.25079 714.691
467.22455 1208.52
468.20624 4279
469.20526 677.635
470.25729 1206.16
471.21854 3707.19
472.22095 1116.92
474.27121 515.203
476.20984 1154.35
480.26505 558.332
482.18689 794.03
484.21631 411.839
485.23456 3525.56
486.23654 659.147
487.22668 506.513
488.21191 1522.17
499.25308 530.241
501.24619 476.679
502.22910 2308.35
503.22781 426.855
504.24298 665.865
505.24228 3052.36
506.24612 638.721
508.25607 1474.32
515.22235 2484.67
516.22388 504.111
519.25635 2450.26
520.25970 584.735
521.27124 1114.84
522.26141 993.152
525.26550 695.023
529.23883 1161.79
533.23480 4313.66
534.22876 806.165
536.20801 531.705
539.28094 3850.39
540.28625 1171.17
542.29541 490.695
547.24988 2217.05
549.26385 913.433
551.29596 808.587
553.25311 1304.18
556.30792 1416.42
559.24854 587.059
566.29492 690.999
567.27515 3647.48
568.27594 1183.33
570.27863 969.022
571.28406 701.167
573.25446 400.985
576.27344 587.583
579.29358 1635.41
580.30670 679.213
581.23669 496.696
584.30115 2356.08
585.30554 431.561
586.25787 757.406
587.25330 417.406
589.34540 422.77
595.28650 415.338
598.31891 501.768
601.29578 1992.66
602.29919 439.314
604.26501 821.07
605.27081 448.759
607.34467 9769.3
608.34808 3203.86
609.36346 480.935
618.32959 2803.03
619.33002 586.457
623.27148 475.941
624.28149 527.88
628.30725 1504.21
632.29633 861.34
634.24731 518.08
635.27393 569.63
638.35913 571.585
646.31683 2228.96
647.31512 722.508
649.28955 680.733
652.31018 718.588
662.28937 1181.04
663.29224 395.375
666.34265 1385.78
667.35345 413.227
672.32788 643.953
676.30280 488.199
680.30048 1399.85
683.37305 798.395
692.37665 633.112
694.31708 878.297
695.31958 477.692
700.35809 424.482
705.33441 406.39
706.41235 3009.25
707.41797 869.368
717.35315 486.389
723.34515 1209.45
727.37823 403.694
733.32904 1663.86
734.32745 834.435
745.38464 1131.56
748.36548 628.072
751.33923 1916.28
752.34302 746.745
765.35748 620.227
775.36932 471.791
793.38831 522.119
819.40485 422.435
836.42554 568.479
837.44189 421.936
846.41388 1065.33
847.41980 780.667
853.48096 864.591
854.48596 425.877
859.41278 426.899
864.43011 1177.06
865.42810 638.876
910.50494 425.058
967.52460 2378.42
968.52716 1368.03
969.52057 481.068
1082.54968 626.791
1083.56567 488.35
1139.57227 3172.23
1140.57336 2377.72
1141.58484 539.125
1176.67529 468.885
1252.65942 1868.75
1253.65845 1131.21
1254.67151 431.404
1351.73022 741.664
1352.73560 615.814
