1657.84861 3
110.07070 480.775
120.08027 1176.9
129.10182 1710.9
130.08604 885.326
133.08585 439.598
136.07535 1779.34
141.06531 366.721
141.10205 560.498
147.11252 1711.73
156.10150 396.04
157.13312 701.563
159.07591 580.169
159.09117 387.694
169.09654 385.185
171.07658 238.693
173.12817 240.973
175.11806 760.423
183.11221 748.243
185.12808 1154.11
185.16464 2127.19
187.07079 2221.12
187.10728 2691.73
187.14436 295.813
197.12819 295.351
201.12285 13282.3
202.12738 689.126
213.15948 1228.98
215.10214 3112.94
215.13834 1003.41
216.10503 261.919
217.08076 558.218
226.11780 385.549
229.11769 4028.64
243.13319 1432.24
244.12787 366.616
245.07613 2705.88
249.12347 239.626
255.13307 311.178
258.10834 298.893
262.13901 4959.36
263.14313 328.926
277.11835 316.772
296.15988 308.124
298.10110 319.165
300.15439 2387.7
314.17007 2128.65
316.11298 3380.81
328.18564 2336.11
340.14926 460.386
342.20145 306.661
353.18115 245.242
355.16129 252.824
358.15973 3175.42
359.16089 248.128
368.21790 405.106
371.19366 367.907
373.17068 4592.46
374.17548 447.028
381.24570 337.9
383.19229 703.878
384.17337 489.726
387.14859 289.769
391.18088 4358.83
392.18387 421.569
399.22916 746.015
401.20013 416.497
411.18668 977.118
413.24051 395.859
415.18152 1224.45
427.25424 1247.31
429.19687 3024.02
430.20087 356.197
431.13803 276.977
433.26938 381.083
455.21228 323.069
457.22974 924.836
468.24268 246.656
472.23926 315.471
473.18762 572.7
480.20859 272.034
482.22131 430.123
483.24326 277.683
486.21503 358.925
497.26028 411.853
498.21533 377.752
498.29016 451.829
500.23392 1326.06
504.26492 6471.31
505.26663 751.014
514.28760 303.566
516.22742 469.509
524.26941 750.527
526.21179 1088.25
535.29480 586.208
536.24005 247.094
542.28088 828.887
544.22266 3227.01
545.22107 456.704
552.21936 249.508
552.32611 950.942
553.30554 3917.52
554.25195 3280.2
568.29913 412.579
572.25897 341.187
581.28845 257.894
585.32117 372.732
595.30273 268.855
597.24481 504.296
599.29901 327.906
603.33258 4569.42
604.33545 691.969
611.30591 253.876
612.28333 468.636
613.31866 906.086
615.25958 1416.95
629.31140 618.412
639.30078 632.738
657.30652 2741.88
658.31494 657.898
659.39063 367.771
683.31934 539.414
700.35095 860.593
701.34125 392.169
710.33453 889.448
718.35870 12543.6
719.36432 2846.01
720.36572 265.736
728.34363 3967.99
729.34448 926.021
817.42688 6931.42
818.43140 2276.49
841.43121 697.499
930.51294 3257.07
931.51489 1118.5
1001.54584 2419.41
1002.55463 1061.6
1114.63464 586.562
