3798.91330 3
120.08041 2483.19
147.11252 3148.82
157.13361 1708.56
169.09685 5581.11
185.12794 3589.77
213.08672 2313.57
221.12750 2643.47
228.13367 1788.06
242.15025 2331.11
243.10876 3690.9
243.13339 2350.57
249.12309 4450.11
259.09293 2347.96
268.16537 3269.53
277.11850 3829.89
284.12335 2004.81
299.17075 10687.8
314.14493 3757.55
333.17773 2164.35
341.21771 2458.71
342.21570 2333.34
370.20792 14661.6
378.16522 2453.88
390.19733 12451.2
391.19943 2336.51
396.22391 3196
406.16086 2146.5
427.22983 2217.55
438.26889 3334.84
445.18207 2194.44
455.29877 3175.5
483.29135 6683.41
491.24506 18359.9
492.24713 3706.98
509.30804 3798.51
521.18347 2465.56
556.27155 3032.65
604.32971 18554.1
605.33044 4874.31
606.35425 4191.42
606.85315 2106.19
608.37720 3623.6
622.22955 2722.21
624.32703 1977.79
640.29645 2305.29
643.32281 3277.57
667.30951 1988.96
668.28778 2261.88
685.31586 2326.9
703.39783 18133.5
704.39954 5645.87
757.35956 1932.91
781.36914 2176.96
797.35461 3707.12
798.39185 2322.2
814.38763 3398.55
815.38043 2278.17
816.48053 7950.95
817.48590 2806.52
827.91504 2733.09
828.41925 2408.08
862.93347 2701.39
863.42908 3450.42
863.94086 2251.8
882.44568 2569.95
887.51343 5060.58
888.51807 2165.77
899.47876 2210.19
910.44659 4506.37
911.44104 3458.2
927.46216 5539.36
928.45795 6300.56
929.45764 3633.44
944.54016 35558.8
945.54254 17616.1
946.55719 3633.15
1023.51593 3281.7
1024.52161 2364.47
1040.55334 5417.63
1041.55176 6182.23
1042.56628 2328.63
1043.60986 10057.3
1044.61243 5150.9
1114.64600 3178.18
1169.58606 2755.69
1170.59167 2064.92
1211.69861 42716.8
1212.69861 30227.3
1213.69409 8961.93
1243.57690 2003.73
1298.61938 3341.58
1299.63171 3370.15
1300.61670 1968.6
1326.72437 15279.7
1327.73035 9562.46
1328.71021 3228.86
1412.72778 2177.23
1455.77271 9331.44
1456.76929 8842.29
1457.76611 2624.48
1584.80200 9149.97
1585.81042 8252.66
1586.80798 3858.67
1731.86633 3945.65
1732.86072 5076.83
1733.84375 2029.78
1832.92944 3657.59
1833.93848 3270.02
1834.95264 2906.61
