1789.94756 2
110.07113 1611
112.08663 525.348
115.08667 434.018
116.07005 263.013
120.08065 4776.55
121.08379 304.777
125.07134 194.508
127.08684 190.029
129.10223 2001.03
130.06537 257.185
130.08620 430.322
133.04288 197.013
136.07562 4603.43
137.07896 420.77
139.08641 182.347
141.10233 305.565
143.11778 2746.19
147.11261 651.589
155.08105 451.653
155.11771 346.016
158.09224 1304.02
159.07642 181.427
159.09142 1081.15
167.08154 1477.78
169.09700 434.337
169.13364 400.799
171.11270 5387.36
172.11652 413.05
173.09128 186.671
173.12796 302.267
175.11880 4504.24
176.12221 230.021
181.09738 387.49
183.11256 1427.34
183.14919 610.52
184.10744 1103.12
185.09247 606.087
185.16479 492.501
186.08635 184.878
187.07149 325.725
187.10712 265.634
187.14377 304.829
188.14357 575.232
195.07642 476.2
195.11252 238.258
197.12845 407.615
199.07176 238.34
199.10806 251.281
199.18016 929.591
200.13947 725.302
201.12325 1797.61
207.11282 184.467
210.02586 213.647
211.14404 586.482
211.18073 744.706
212.10283 10186.2
213.08757 640.559
213.10597 872.232
213.16025 328.653
214.15417 323.697
215.13991 488.69
216.09787 223.219
217.09460 428.735
217.13448 578.621
223.10788 474.581
226.08272 302.843
226.11902 344.076
227.10291 384.852
227.17552 958.016
228.13405 602.177
229.11749 2886.08
233.12848 1844.74
233.16458 1904.52
234.16847 198.214
235.10727 2513.16
236.11156 353.001
239.17528 990.687
240.09904 202.567
240.13376 1459.32
241.08179 259.196
242.15004 276.602
243.13286 529.734
244.09119 338.307
244.14343 199.997
244.16389 247.521
245.09526 693.633
245.12723 1058.95
245.16472 1416.47
246.16931 243.708
248.16112 248.37
249.09866 273.754
249.15961 1178.49
250.16248 192.673
251.10254 469.094
251.14925 235.479
252.13344 375.773
254.12482 581.329
258.10574 253.647
258.14386 288.479
261.12323 3835.55
261.15872 774.79
262.12900 540.024
262.14877 585.196
263.10223 1921.64
264.10791 230.414
266.18521 210.459
267.11145 220.243
268.16574 510.878
269.12576 200.508
270.10861 280.55
270.14328 228.914
270.18005 198.911
273.15945 4273.99
274.16302 527.985
277.15375 1003.56
279.09634 267.518
280.16528 1250.91
284.13937 653.13
284.19690 1507.99
285.19931 246.924
286.13937 6184.85
287.14252 796.72
292.12607 218.009
296.19641 189.375
297.19315 650.205
298.14023 291.718
298.17523 365.318
299.17249 339.658
301.16141 1079.67
302.14606 802.161
303.17078 586.714
307.17615 441.285
308.15851 395.998
312.15662 245.765
316.13181 289.703
318.18073 632.678
319.17194 22401.3
320.12384 219.782
320.17502 2813
321.17813 283.19
325.18649 5064.8
326.19202 754.393
330.18201 459.877
331.16455 761.054
337.18805 475.738
342.20190 498.1
343.16537 217.818
346.17688 1088.68
353.21750 959.431
354.20135 1121.54
358.17996 339.028
358.24631 335.762
359.17130 952.366
360.15097 266.342
365.18137 319.047
374.20700 5524.81
375.20996 1238.98
376.18524 1040.72
377.21732 367.526
381.21475 462.461
382.21179 350.411
383.18896 231.85
384.19147 209.977
386.24277 959.881
387.20813 357.553
388.18600 1085.22
389.18604 209.278
392.18176 704.996
393.24979 294.027
394.24039 198.129
399.16467 508.503
399.22424 3654.93
400.22720 932.685
405.21332 1638.93
406.21579 391.53
415.19873 374.471
417.17245 1611.75
418.17575 356.331
422.23911 588.296
427.23639 288.191
433.20786 1722.41
434.19992 2852.63
435.20279 614.269
438.26764 215.085
440.21194 228.987
443.22903 377.013
444.25900 544.583
450.27502 437.802
451.23087 256.03
459.29776 837.592
460.29623 329.339
460.74426 360.051
461.24536 211.367
467.28622 887.621
471.22144 220.405
472.25653 471.578
473.27982 247.084
474.19711 243.95
475.22803 515.976
478.26852 522.001
487.29272 1540.89
488.29550 426.898
489.23584 217.008
495.29248 276.68
497.23300 206.675
500.28720 493.303
501.27026 2041.17
502.27460 562.519
505.26334 424.302
512.24744 361.873
518.29895 842.739
519.30487 292.877
530.25775 618.861
531.24860 274.34
540.28131 412.484
545.33167 577.211
546.30103 288.509
547.28387 2542.59
548.28894 519.774
557.31201 441.406
568.27686 593.286
569.27271 331.546
584.31024 321.92
585.30359 991.76
586.30219 305.572
587.28424 353.478
593.29523 248.978
601.32904 228.772
602.31934 1563.15
603.32214 689.136
610.31451 273.856
633.29089 229.459
643.34943 464.346
653.36877 273.967
660.36731 2190.66
661.36877 632.349
670.39685 916.642
671.40057 326.205
681.36493 508.98
698.38611 1365.73
699.38849 406.635
712.36725 216.601
740.36084 222.55
763.40448 238.298
764.39697 266.847
811.47314 402.299
823.42975 2139.53
824.43494 738.611
825.44525 211.211
860.45837 390.93
861.44910 263.09
878.46375 375.397
885.44867 343.939
887.42499 623.078
895.46234 412.331
896.45441 692.281
902.47107 759.897
903.46063 1641.35
904.46021 952.368
920.48315 19310.3
921.48456 9205.56
922.48767 2256.49
923.49335 279.635
926.50208 305.564
1015.55408 224.46
1016.55139 483.615
1033.56775 2977.31
1034.56958 1771.93
1035.58093 331.284
1043.56116 215.476
1081.51929 231.904
1130.58069 821.385
1131.58667 639.881
1132.58423 243.318
1147.60901 2759.71
1148.61121 1697.08
1149.62354 486.376
1158.57263 549.936
1159.57751 301.983
1226.65637 668.253
1227.64734 1367.67
1228.64551 578.521
1244.66260 15698.7
1245.66479 10498.6
1246.67041 3480.8
1247.68469 703.949
1373.73218 238.41
1391.73218 1678.54
1392.73413 1302.9
1393.73975 436.992
1506.75586 663.415
1507.76611 666.988
1508.74402 208.372
1609.70532 523.982
1610.71936 510.24
1611.74365 236.635
