2159.92966 3
110.07093 227.05
116.07008 370.725
129.10178 901.236
143.08119 549.407
147.11250 189.993
157.06017 230.457
161.09158 2847.3
171.07593 1318.42
175.11838 1077.06
189.08638 2861.8
190.09019 204.711
199.07066 451.437
201.08630 219.38
203.06561 345.83
217.08118 944.588
226.15434 452.488
227.06551 236.629
244.16452 639.517
245.07535 416.842
256.09390 189.926
274.10446 194.415
282.10614 179.96
300.11746 1281.12
306.18323 449.869
318.12912 292.959
323.20593 274.264
328.11227 275.423
332.10809 626.871
340.69461 633.534
372.25842 274.656
397.13214 204.961
400.26440 218.541
415.14471 545.261
433.15466 1058.84
451.29922 262.091
457.28595 340.783
498.18839 215.066
516.19220 292.117
534.20374 278.886
556.82941 219.817
565.84100 2602.23
566.34448 1630.21
566.85706 282.194
574.84680 646.989
575.34729 542.172
585.21362 219.786
586.96655 212.769
600.35077 244.508
605.82709 301.207
611.35986 3426.21
612.36340 929.949
614.82904 4034.77
615.33118 2195.86
615.83240 693.748
619.29431 447.359
619.62476 448.842
619.96704 203.129
622.30518 210.494
625.63177 222.239
628.86279 677.259
629.36169 460.714
637.86224 243.725
648.30182 300.29
648.63147 280.96
649.34015 584.864
649.66095 440.027
649.84119 284.764
652.29028 314.557
654.30969 295.527
654.64380 383.447
654.97565 262.695
655.32867 760.705
655.66547 1011.24
655.99908 537.309
661.66895 260.167
670.35120 314.556
672.38190 622.654
672.66077 331.614
672.87836 272.291
673.39349 207.25
675.00586 274.713
675.99005 295.724
676.31421 376.93
677.85205 940.834
678.35663 739.077
680.38177 875.887
680.99731 1124.39
681.31757 727.447
681.40881 430.422
681.66827 693.511
681.98962 518.072
682.31580 549.567
682.65308 298.705
686.66144 205.799
687.00604 541.911
687.33307 645.09
687.67908 264.943
687.99103 1206.45
688.32458 1275.21
688.65692 553.523
698.39612 427.705
715.89294 1359.88
716.39648 1188.87
716.89594 442.619
719.34393 257.481
719.66412 448.353
719.99286 397.047
720.32587 544.341
720.97650 216.151
721.37048 1013.26
721.86755 719.988
722.36731 287.02
724.89783 421.158
725.40198 405.225
726.84076 240.052
764.88208 2202.36
765.38507 1571.23
765.88483 480.034
766.41931 1261.04
766.91858 1106.49
767.42157 297.698
770.35089 647.37
770.85461 323.176
775.42542 419.375
775.92529 334.376
778.35583 350.304
806.40674 459.865
806.90405 326.829
813.87097 740.563
814.36633 613.745
814.94171 301.84
815.40942 2027.27
815.90784 1477.51
816.40228 717.362
823.93262 1720.52
824.42993 1631.7
824.93060 697.114
832.93872 471.836
833.44183 446.565
834.29944 227.001
855.40192 251.984
855.90039 258.278
863.91614 468.606
864.40363 1153.11
864.90369 670.299
865.39606 339.46
870.44592 237.719
870.94934 325.842
872.91937 2152.1
873.42029 2118.01
873.92212 973.1
879.44733 797.785
879.94531 616.6
880.44238 358.534
888.45270 1801.41
888.95349 1649.5
889.45404 909.252
897.46185 420.287
897.95868 337.2
906.44312 326.341
912.90308 209.226
913.38904 208.412
919.43317 252.949
919.92896 306.816
920.43646 224.118
921.91107 797.856
922.40631 516.192
928.43567 1161.06
928.93610 846.652
929.43744 256.263
931.96637 444.522
932.47040 475.513
937.44055 1357.16
937.94196 1162.1
938.44324 499.352
963.44250 229.154
977.42590 382.634
977.93176 239.397
980.95734 526.038
981.45215 489.552
981.95490 241.999
986.94043 253.78
1029.93677 220.567
1130.68542 330.281
1228.64966 354.094
