2073.87723 3
129.10190 10545.4
130.08591 2830.92
147.11244 6143.09
187.10732 11862.6
197.12790 1185.12
215.10158 3731.07
215.13841 42452.9
216.14197 4425.57
226.11763 740.74
226.15433 1063.36
227.06602 1625.67
242.07651 2276.62
243.13327 28707.3
244.13713 2997.28
245.07602 5999.64
246.08025 720.995
257.19638 3946.56
272.12479 688.302
275.20688 7148.02
276.20956 927.867
298.13824 1625.81
314.09811 861.018
315.20139 1903.46
316.14932 623.487
326.13376 1303.47
341.14441 1678.36
343.12457 616.737
344.14426 1376.74
353.10635 603.352
358.15970 28296.4
359.16296 4752.83
371.11893 2826.44
372.22388 1270.63
383.15436 1086.29
385.29214 2177.52
386.73682 724.006
395.74121 2841.53
396.24323 1423.3
403.30148 11050
404.30521 2184.22
429.23407 4481.99
430.23633 1095.27
453.25427 1654.6
453.75391 1062.48
456.17239 1365.16
457.22589 1278.3
470.18726 1154.54
482.15121 623.047
500.16046 2179.81
500.31726 988.864
507.23315 1801.89
507.56808 2062.62
510.76727 1593.78
511.27335 646.953
516.27814 1292.95
518.32880 5454.42
519.32928 1378.45
530.77271 2780.45
540.25684 1349.59
540.58801 1078.59
540.92822 696.766
557.33508 900.718
558.16547 723.469
566.28522 831.727
567.20178 1835.28
575.28912 1451.93
575.79254 659.422
579.76111 5010.71
580.26337 1303.56
585.21466 2461.25
585.81055 782.695
586.21136 735.846
593.32489 773.307
593.78973 1568.34
594.81976 3478.39
595.32532 1062.54
597.17780 700.755
602.80096 907.848
603.82312 744.55
615.18750 3039.07
615.61157 1355.3
615.94446 987.625
621.79895 1243.87
622.30115 833.709
628.74750 2191.92
630.80579 3774.96
631.30511 3121.66
634.29688 1107.11
634.80566 1752.49
635.30859 970.137
639.81110 4963.79
640.31165 3130.52
640.81415 1270
642.31415 1705.76
642.80914 1207.25
643.28760 1129.04
643.80853 8593.22
644.30426 2190.05
644.36206 1594.78
646.42804 923.655
647.30072 879.757
647.62659 678.776
650.29230 694.63
653.30237 731.831
658.78235 1011.9
659.28790 679.412
678.29083 1214.45
678.78412 1081.19
687.29254 5915.73
687.79321 3705.76
688.30371 2023.33
688.80603 1088.01
691.29828 939.058
692.30969 912.14
692.79645 3404.33
693.30011 1234.68
696.21155 731.944
696.31287 2136.1
696.79932 1634.12
697.32452 3661.86
697.82416 2773.62
698.32361 959.238
703.44501 3398.98
704.44733 1341.8
714.24432 2077.84
714.34644 679.34
715.25122 992.57
722.82965 1986.08
723.32312 5229.4
723.82507 3646.94
724.32727 1231.8
727.82422 816.213
728.32257 1108.48
730.20947 2753.7
731.21344 871.561
731.83545 7830.57
732.33636 4989.5
732.83667 2156.18
736.82800 4219.35
737.32806 2543.95
737.83600 1674.94
742.33362 2191.69
742.83368 2320.03
743.33661 1512.98
745.83173 2326.7
746.33588 1720.98
751.34021 15286.5
751.83978 12970.5
752.33984 6179.63
752.83984 1955.75
759.38885 1199.39
760.34479 63480.3
760.84528 50028.3
761.34668 20633.1
761.84772 5552.08
772.46259 2007.09
780.82538 922.294
785.33691 1114.24
785.82434 1061.55
786.32233 727.806
790.47589 11366
791.48138 4516.18
791.87823 805.577
792.39056 1074.92
792.85907 813.62
794.34131 3456.65
794.84076 2803.69
795.33789 1318.31
800.87433 5077.32
801.37646 4785.52
801.87604 2440.52
803.34711 1601.4
803.84601 2104.34
804.34570 854.364
809.34082 1792.86
809.88019 24813.9
810.38019 18025.3
810.88159 8634.19
811.38116 2330.03
814.87433 1685.72
815.37207 1634.66
817.23999 1018.51
823.87628 1734.26
824.37732 1395.92
825.28052 759.58
829.27820 1830.01
830.28455 1066.54
840.85956 827.111
844.31824 672.145
849.37817 2229.57
849.86853 4839.06
850.36853 3975.29
850.87006 1362.68
858.38843 12372.3
858.88165 19087.8
859.37872 11322.6
859.87976 4422.18
860.37329 1186.71
867.39227 46669.5
867.89337 38502
868.39404 20636.3
868.89343 7043.89
869.38434 874.225
874.42767 1996.69
877.39703 852.84
887.49158 1788.93
888.48602 700.548
904.90326 943.379
905.50311 7509.69
906.50543 3588.26
907.39240 1609.8
907.87250 1786.71
908.37665 1083.84
913.90363 5186.28
914.40552 4430.74
914.90326 2814.37
915.40668 906.311
916.38129 6410.41
916.88202 4895.18
917.38269 2337.24
917.87598 904.92
922.90778 20505.1
923.40991 17817.4
923.91077 8120.87
924.40680 4015.77
924.92273 688.523
931.91290 23880.7
932.41553 20347.7
932.91479 11150.8
933.41638 4507.3
936.90674 686.865
937.41321 951.231
944.31396 1382.7
962.88483 759.835
963.50574 996.444
971.89441 2777.05
972.40155 3662.85
972.89948 976.73
973.39783 713.276
980.90186 2312.46
981.40094 1896.82
981.90656 894.208
1002.50586 1621.75
1003.49133 1075.94
1020.52966 6279.22
1021.53473 2572.91
1022.53851 1216.7
1061.47119 1691.08
1099.37695 692.566
1117.39087 3828.36
1118.38843 1455.26
1131.56213 1598.8
1132.54370 1132.37
1149.57117 4668.14
1150.57861 2424.15
1151.58228 798.666
1216.47095 1139.68
1217.46252 727.145
1245.48071 2447.5
1246.48511 1583.23
1260.60669 1806.88
1261.59827 1068.81
1278.61499 4160.27
1279.61389 2604.82
1280.60364 736.478
1331.48669 2242.71
1332.48157 1412
1373.57153 2741.48
1374.58081 1366.14
1375.62341 933.838
1376.64734 721.572
1391.58765 808.238
1393.62915 1224.18
1394.64551 807.925
1442.53174 1079.03
1443.51697 846.601
1445.62683 1706.07
1446.63110 784.24
1459.58594 1196.84
1460.56580 913.557
1461.54919 711.554
1501.67847 1288.77
1519.68250 4460.93
1520.68445 2746.24
1521.70435 763.822
1570.61292 694.089
1588.63831 860.757
