1704.85324 3
110.07098 2162.99
120.08042 10065.6
121.08369 716.782
129.10196 1354.57
130.06454 205.139
130.08595 299.354
136.07544 953.799
147.11264 550.085
157.13307 269.624
158.09187 211.212
159.09154 429.954
173.12788 418.775
175.11873 2068.91
201.08681 732.395
201.12292 2297.91
202.12555 217.108
219.14885 2524.36
220.15167 318.612
229.11783 3422.33
230.12132 288.6
231.09642 551.496
233.16434 11882.6
234.14629 344.953
234.16753 1364.06
241.08131 372.565
247.14351 942.242
251.14969 457.363
253.09283 703.08
259.09192 1394.38
259.14005 540.232
261.15903 4820.66
262.16248 589.768
276.16605 701.829
284.12259 344.37
288.20270 285.946
312.11844 875.223
312.17654 578.777
314.16916 228.26
322.18561 250.618
330.12881 2286.34
331.13165 305.672
358.15924 2144.01
359.16241 368.685
366.17685 221.088
369.23694 1554.57
375.23416 589.978
376.18710 434.51
382.13562 249.398
397.21115 224.591
401.20340 246.251
415.21964 241.058
429.19724 2557.2
430.19937 508.06
443.21204 562.132
452.21860 7287.34
452.71976 4039.37
453.22183 596.646
505.22690 315.366
508.75961 1895.74
509.26212 890.06
514.29053 252.453
522.30310 1497.49
523.30682 436.263
534.72864 235.162
542.23322 260.247
542.28119 358.381
544.27942 1791.76
544.78052 1253.66
552.27789 224.659
566.25500 410.657
567.26855 745.928
567.76648 344.595
568.26563 1213.09
568.38184 309.579
568.81604 711.664
569.26776 728.902
569.34741 3372.29
576.26324 445.578
580.27136 338.159
599.79504 1630.34
600.29706 1093.69
608.80066 2367.3
609.30206 1634.85
609.80103 479.948
628.26599 286.492
633.33539 295.533
651.34509 4378.77
652.34827 1369.28
655.31244 1003.54
655.81342 322.125
656.30750 215.264
657.29633 393.129
664.31567 2914.03
664.81848 2541.53
665.31879 749.474
673.32141 3467.36
673.82227 3192.52
674.32416 717.459
679.33594 435.328
684.38416 739.058
695.29999 318.099
713.84967 288.128
714.35516 351.977
722.85522 4379.59
723.35663 4286.27
723.85767 1170.9
747.32587 259.892
766.37158 7497.96
767.37463 3451.53
768.38147 428.792
776.36060 239.599
794.35706 325.998
796.38776 1399.02
796.88898 1193.02
797.38391 370.42
831.44836 230.367
874.49603 231.888
886.40936 490.896
902.48260 397.605
903.42865 13459.3
904.43225 7370.87
905.43237 1220.92
923.40656 293.835
933.40723 249.817
971.39716 239.448
1016.51367 3670.82
1017.51630 2121.34
1018.51569 396.088
1070.46802 365.926
1071.48938 296.522
1087.55066 2376.01
1088.55701 1670.94
1089.54919 323.206
1198.57727 283.675
1216.59412 2000.5
1217.59436 1707.24
1218.59399 328.385
1327.61096 292.746
1345.63354 1425.31
1346.64160 1118.38
1347.63928 340.558
