2408.11191 3
120.08049 7018.74
129.06569 5241.68
129.10185 2990
141.06567 861.871
145.06108 904.247
147.11255 783.8
149.07404 2391.04
155.11716 779.584
159.09160 2624.27
167.08136 1141.83
169.09729 1043.77
171.07637 1222.2
174.08766 859.692
175.11865 3956.93
181.05995 701.514
183.11276 1974.66
183.14862 816.439
184.07132 1830.51
185.05554 725.602
185.09145 2003.59
185.16495 1406.16
186.12329 5377.54
198.08690 2067.05
201.12315 2944.22
202.08212 9469.35
202.11655 686.183
203.08603 867.73
203.12039 1238.49
212.10271 2179.83
214.11873 3140.85
216.09753 4324.32
221.12791 5400.72
228.13374 881.163
230.11284 2569.72
231.11348 1976.41
233.09450 1560.79
235.10706 968.232
238.11702 669.96
240.13281 761.884
241.09288 1276.09
243.07903 2595.67
244.16611 974.748
246.12386 1127.57
249.12318 5507.84
256.12805 1477.48
259.10416 2923.09
260.10608 10072.3
261.10739 1105.41
267.10800 2087.7
270.14401 1778.65
272.13553 1092.33
272.17511 1057.96
274.11841 1968.82
283.14197 2195.97
284.13702 1543.57
285.11862 5413.57
286.12155 699.074
289.16153 8936.43
290.16623 789.303
295.10199 943.614
301.15005 3912.77
302.14865 1222.37
311.13861 701.246
312.12946 8519.59
313.11301 5419.42
313.15503 898.336
314.15250 743.29
326.11584 755.841
330.14035 9508.95
331.11731 994.373
331.15024 965.486
332.16043 3034.32
333.16190 1037.65
337.14874 767.967
339.16638 1776.72
340.16019 805.457
342.14716 934.181
343.14316 3678.55
350.16980 2899.76
358.17288 2595.39
359.17310 2893.93
361.15372 6761.17
362.15808 933.797
366.17581 3466.39
367.15698 739.984
377.18030 1415.77
378.18118 2275.52
383.20438 2806.13
384.18671 13662.1
385.19220 2367.51
394.17181 3381.5
396.18777 1629.24
401.21365 9052.25
402.22079 1231.96
411.19730 3232.16
412.18201 8021.65
413.18414 1717.47
418.20444 4996.31
419.21042 767.064
429.20886 11264.4
430.21213 1877.65
432.18814 840.266
439.22247 1209.75
442.20938 1237.21
443.19009 2718.56
444.19321 1476.85
445.19351 704.163
451.22043 714.417
452.22699 752.962
460.21960 1905.83
461.20538 2255.37
462.21622 1473.94
467.22409 4853.4
468.22827 1325.97
473.17953 735.165
478.23376 1042.78
479.22794 2524.3
480.23257 1176.44
483.21912 865.829
489.20618 804.36
490.21066 2184.46
495.22299 729.714
495.74551 2649.89
497.23907 968.234
498.17722 850.412
508.21878 1025.63
516.18158 821.454
525.20911 878.993
531.29248 5072.35
531.76501 1914.13
532.30042 1376.83
542.23553 1030.35
543.21912 1841.27
560.24963 2577.9
573.24762 1162.32
574.23657 780.161
590.25739 2468.56
591.26270 2944.88
596.32806 1116.33
603.79236 898.704
607.28888 1307.52
608.27325 1047.34
609.26770 1299.08
610.27106 737.281
612.79541 5215.45
613.29639 1986.64
613.80170 1117.41
642.29730 1272.29
643.29413 965.081
659.38269 13864.4
660.38373 5260.58
661.39014 845.477
671.28204 1078.38
686.33099 4431.09
686.83258 3993.93
687.33215 2130.98
714.32538 932.901
720.32397 1189.49
722.31342 1198.03
727.85333 944.579
728.35052 901.888
736.85370 8417.19
737.35504 5231.78
737.85602 2210.52
738.32721 1151.12
753.45355 1316.69
753.95142 1559.56
757.38464 894.338
768.33826 924.667
770.34424 868.831
771.34320 1942.29
772.33838 1047.24
773.33557 962.964
774.41040 7934.59
775.41345 2879.22
776.41199 788.945
801.38550 911.079
802.37622 1175.63
803.41614 3808.96
804.42413 1867.41
810.38745 8373.51
810.88763 6884.58
811.40399 3690.64
811.89307 1324.56
843.39435 825.203
851.90344 2494.27
852.40729 3109.85
852.90442 1141.17
860.91058 10793.7
861.40863 10264.7
861.91254 4797.61
862.40356 1342.55
883.49854 1170.32
885.43964 930.61
901.40125 1121.22
903.45538 6332.6
904.45929 2878.4
905.45691 815.767
906.94873 796.8
907.42523 2992.14
907.92767 2203.2
908.42493 1709
908.91455 823.801
915.93652 5660.51
916.43207 11596.2
916.92999 8565.41
917.42633 3777.96
917.93066 882.74
922.43359 1437.62
924.94031 6033.31
925.44000 6238.5
925.94244 3640.34
926.43262 1014.35
931.39581 1352.88
936.43683 778.911
960.56348 1174.83
972.45929 1133.21
972.94757 1907.61
973.45111 3721.22
973.95374 942.064
974.45111 1223.19
981.45642 2499.96
981.95520 3469.17
982.45294 2573.74
982.95551 1188.74
990.47736 31920.2
990.95886 11927.8
991.47644 17397.3
991.95868 3180.48
992.48285 4376.93
993.49042 1084.55
995.44708 1730.88
995.94647 1217.59
1019.45929 860.096
1021.56085 4245.46
1022.56293 1843.64
1031.50964 858.699
1039.99963 1503.56
1040.49744 2204.05
1043.51550 1735.66
1044.50476 1728.24
1045.48987 1531.01
1051.46509 1646.13
1061.51941 31027.7
1062.52319 15752.6
1063.52954 5747.83
1064.53894 848.96
1094.45569 1791.23
1150.52661 1005.65
1165.49646 1907.5
1177.07922 892.741
1207.55444 1855.49
1224.58374 30899.7
1225.58521 18696.3
1226.58740 6253.35
1227.59607 1249.53
1237.57336 1629.55
1254.66394 828.846
1266.55127 2356.48
1354.63599 826.876
1371.65173 16589.5
1372.65540 12844.4
1373.65491 4613.92
1374.67017 1210.47
1395.64148 1340.38
1396.63477 810.248
1454.68799 873.68
1455.68347 1467.62
1472.70142 16011.3
1473.70129 12358.7
1474.70435 5842.84
1475.70276 1445.86
1619.77368 5876.13
1620.77112 5354.66
1621.77246 2524.34
1720.81726 4886.3
1721.81323 5015.84
1722.82068 2665.82
