2390.26096 3
110.07087 1270.25
120.08047 3568.39
129.10201 2819.27
136.07544 4253
147.11249 1294.01
157.09698 3166.36
158.09224 645.161
159.09120 2565.92
171.11237 576.779
171.14871 1827.47
173.12773 922.398
175.11847 8374.6
185.16451 5354.32
187.14447 616.2
191.11725 676.14
193.09720 2029.13
199.14377 2742.89
200.13846 1350.75
201.12292 4078.77
210.02554 605.752
211.14406 637.721
213.15936 10123.8
214.16302 1160.78
215.13901 841.355
216.09892 628.178
218.15106 700.78
219.11192 909.631
221.09143 3701.06
229.11778 3579.26
233.16414 1139.74
240.13411 674.674
243.13268 650.141
244.10909 1015.71
258.14484 1713.89
267.20563 1063.78
272.12360 37741.2
273.12686 4218.84
286.13916 12050.1
287.14203 1413.43
289.13235 1863.37
292.12854 4967.65
300.19138 785.99
306.15970 927.499
312.22751 3265.08
325.18610 613.328
326.17010 3968.45
326.24298 2060.59
327.17383 1124.95
328.18622 2758.87
333.17838 792.762
339.20139 2685.34
340.18387 2715.81
357.21262 21752.5
358.21564 4335.12
359.21988 580.181
367.19666 1644.37
371.19211 5007.87
372.19406 866.416
385.20743 28682.9
386.21014 5346.92
387.21255 765.931
394.17426 677.956
399.22314 823.722
411.20291 1053.11
411.25906 2184.45
425.31204 1054.72
438.26993 2729.87
439.25284 6612.29
440.25583 1495.23
441.26886 807.32
453.27087 1471.15
456.28030 8962
457.28259 2680.8
462.21838 577.716
466.26407 2301.05
467.26996 709.041
470.29730 2016.57
480.27942 765.664
484.27493 15555
485.27753 4320.35
498.29083 6346.33
499.29349 1565.61
501.25735 1045.79
533.28796 587.827
538.32275 1154.2
548.26465 1164.37
552.33948 1663.74
569.36548 2345.02
579.34283 849.179
583.34729 2343.27
584.35083 697.286
597.35956 6001.08
598.36414 1751.95
600.32715 1209.39
609.28992 1048.04
617.80310 1201.73
618.30621 741.618
626.31396 2977.08
626.81531 1985.88
634.33521 800.647
656.37482 776.14
696.32422 1576.36
696.42346 2173.95
697.42822 682.17
699.39392 1735.29
700.39703 620.088
719.35339 4319.28
719.85626 3023.81
720.35693 1744.03
744.89001 671.435
747.86627 17975.1
748.36591 15468.6
748.86713 6827.53
749.36743 2599.74
767.35419 1677.2
768.36597 781.44
769.35657 610.536
776.37146 1252
776.87885 953.536
788.47876 894.298
788.96594 775.301
789.38861 616.355
789.88000 1232.75
790.37506 1494.73
790.88617 725.332
796.35040 1122.57
796.98486 2288.63
797.31982 1218
797.49738 2623.3
797.99103 941.261
798.39026 27828.8
798.88977 22321.1
799.38824 11595.7
799.89197 3797.18
800.40021 876.687
812.47968 2306.01
813.48242 1403.64
825.91431 735.033
826.41022 650.259
826.90918 812.031
838.91461 661.361
839.41345 1727.17
839.91119 1776.36
847.92261 41855
848.42474 38675.9
848.92578 22855.1
849.42767 7260.31
849.92896 1483.07
854.42328 1110.8
875.44269 1839.52
875.95435 762.42
876.44568 1228.07
877.43970 625.304
888.45508 1964.87
888.95087 1805.8
889.46222 1324.86
889.93988 674.158
897.45807 68408.5
897.95764 67990
898.45880 37688.9
898.96014 14423.9
899.45874 2954.4
899.97473 722.195
911.53668 956.381
914.42365 3261.93
915.43658 1155.65
922.41913 1019.29
931.99017 2430.62
932.49011 2477.09
932.98755 2136.88
933.49249 1124.51
938.53864 748.666
944.99554 1769.9
945.50763 2433.93
945.99036 2178.59
946.49817 1122.43
953.46289 697.182
953.57495 839.574
953.64490 723.899
953.73425 806.684
953.99933 107673
954.50012 113123
955.00073 65481.3
955.26160 711.32
955.50293 27738.6
956.00208 6903.34
956.45959 1151.93
981.53070 848.027
982.02997 689.353
995.02661 1220.48
995.54260 671.195
998.46655 799.282
1003.53333 38855.8
1004.03479 43157.3
1004.53381 28397.5
1005.03540 11929.6
1005.53857 2762.73
1025.45129 680.652
1035.49915 886.408
1043.46204 4436.81
1044.46912 2217.51
1060.07520 5903.13
1060.57874 7017.52
1061.07947 3808.43
1061.59119 1289.65
1064.45068 1003.92
1077.49585 987.325
1078.50134 1471.83
1095.52246 18031.9
1096.52490 11075.8
1097.52771 3711.69
1098.53882 1156.39
1117.58984 3920.3
1118.09094 6187.41
1118.59058 3859.38
1119.08984 1218.88
1146.09998 9152.7
1146.59998 11263.4
1147.10059 6997.65
1147.60046 3863.3
1148.09692 1156.8
1156.54700 3427.65
1157.55310 2149.96
1177.51917 863.233
1234.59448 2329.1
1235.60376 1601.18
1303.62268 1095.05
1304.61475 1006.05
1374.64514 764.87
1375.66895 975.942
1376.68774 763.936
1421.66919 1238.32
1477.69397 1868.86
1478.69177 1524.53
1488.75244 749.157
1489.73193 738.998
1578.74902 1775.31
1579.73950 1640.23
1580.75439 632.539
1619.78247 646.39
1620.80444 838.452
1677.82495 870.813
1678.84583 705.51
1732.88123 1109.9
1733.88892 1173.92
