1935.01993 3
110.07111 490.297
120.08059 8360.42
121.08389 608.787
127.05016 607.254
129.06604 289.853
129.10211 1748.75
130.08617 1080.36
136.07568 1660.32
141.10161 276.777
143.11801 683.634
145.06084 496.761
147.11267 2230.73
157.13341 1097.31
158.09224 334.312
159.07608 443.779
159.09126 562.099
171.11261 1240.96
171.14896 271.004
173.05530 1600.16
173.12823 555.582
175.11882 777.198
177.10208 885.154
183.11259 1042.97
184.07169 232.491
185.05565 314.908
185.12823 1002.91
185.16479 1688.75
186.08707 1198.71
187.07098 747.857
187.14383 492.329
191.11728 296.306
197.12843 280.263
199.14357 601.757
199.18054 902.402
200.13846 442.235
201.12280 746.141
205.09718 515.608
211.10732 882.129
213.15958 1111.23
215.13895 724.012
219.11243 1163.17
219.14902 1793.41
220.15318 219.143
226.08260 219.641
226.11780 302.753
227.17442 349.852
228.13396 3055.04
229.11795 868.086
230.07701 1330.61
233.16492 236.119
234.14479 247.99
240.13429 953.927
241.09283 667.552
243.10852 476.151
243.13364 804.877
244.09273 261.055
244.16617 233.843
247.14368 1635.96
254.14935 335.395
258.10828 1673.66
258.14441 2716.34
259.14636 329.25
262.11801 1381.91
263.12091 246.614
269.08759 962.345
272.15781 218.893
276.15472 3232.46
277.15778 528.535
282.18149 522.075
286.13925 3015.44
287.09842 649.93
287.14319 441.743
287.17401 258.984
299.17072 1234.21
300.15302 420.173
304.16345 357.294
311.17075 728.974
312.15601 350.789
312.22894 237.736
314.17050 415.897
318.18130 1778.45
327.20230 763.884
329.18140 852.529
332.19632 1121.48
333.19360 557.853
339.16629 1047.05
343.16385 407.938
344.15561 382.548
349.15042 350.777
353.21875 549.942
355.12332 1170.42
356.19180 466.903
357.17590 2597.89
358.18097 449.05
361.18643 814.646
371.13510 286.637
371.20160 289.657
372.15085 2832.34
373.15509 346.827
375.20288 219.4
377.14529 773.609
385.20749 1042.67
386.20526 223.205
388.16144 687.687
389.23978 3412.13
390.24234 744.053
394.21085 344.562
398.23926 603.97
399.22327 290.054
406.17181 780.421
408.18814 352.161
409.17035 455.12
410.23944 489.172
411.22025 339.259
416.15668 846.235
422.20215 362.057
423.18924 363.109
425.24210 247.594
426.19687 752.28
428.25006 495.331
429.25577 228.362
430.20154 249.154
431.26508 466.679
433.24448 265.908
434.16479 564.008
436.18137 635.571
438.23361 358.902
440.21329 842.742
441.21103 228.391
442.26840 331.691
443.22833 333.632
450.19711 354.541
453.20551 296.319
454.19229 2073.37
455.19431 427.441
456.24463 1308.23
457.24219 757.864
460.27621 5658.42
461.27917 1272.56
462.23831 302.183
465.24780 370.043
467.22479 625.527
468.20718 2255.59
469.20966 395.849
470.25989 724.031
471.21896 2825.09
472.22430 562.65
476.21268 359.07
480.27301 243.366
482.18845 400.659
485.23532 2760.65
486.23834 646.691
487.23267 314.966
502.22513 248.786
505.24243 690.033
507.25748 343.662
508.25006 549.193
515.22369 692.404
519.25714 373.776
521.27191 515.978
522.25891 746.479
523.26624 260.252
525.26709 385.23
529.24011 236.444
533.23193 664.129
535.24664 372.254
538.29565 280.851
539.28052 2496.02
540.28375 593.919
542.29340 328.921
547.24451 358.695
549.26428 724.011
553.25885 1621.9
554.26727 387.885
556.30896 1668.38
557.31207 314.025
560.30450 403.902
566.29327 766.026
567.27716 4993.31
568.28021 1628.82
569.33490 479.294
570.28546 2007.55
571.28735 562.422
579.28912 672.548
580.30060 258.769
584.30261 5753.93
585.30627 1522.64
589.33722 371.361
604.26917 305.836
605.26794 275.652
607.34442 12260.9
608.34808 3847.9
609.35065 621.619
614.32440 453.699
618.32849 377.064
621.33075 325.727
628.31134 338.016
638.35333 1332.69
639.34564 468.456
644.37488 1863.27
645.30640 982.858
645.38940 839.225
646.30029 907.052
646.38983 1353.94
646.85028 245.148
647.31061 372.625
648.33429 573.938
649.33093 236.536
655.37524 1017.77
656.37842 388.564
658.39459 263.737
662.29089 430.746
665.36493 554.612
666.34564 4878.32
667.34894 1718.06
668.34857 387.5
680.28406 292.098
683.37073 4076.6
684.37421 1502.18
685.38196 230.875
687.34100 831.634
688.34277 303.686
694.31702 437.364
705.32471 242.359
706.41241 8238.94
707.41602 3434.97
708.42981 523.845
723.33990 323.884
733.32819 785.52
734.29980 250.044
734.40826 326.86
735.39752 249.411
751.34125 673.234
752.34473 395.049
765.34613 236.879
779.42731 571.215
780.44043 252.916
796.46124 383.582
800.42596 298.77
821.44702 315.843
836.43756 395.853
837.44580 559.224
838.44855 272.011
846.41144 668.531
853.48016 2706.81
854.48474 1442.35
864.42432 558.611
865.41870 410.067
866.41663 235.684
867.43585 273.485
871.46509 496.953
872.47742 236.729
902.94000 250.937
910.50220 2514.82
911.50482 1245.04
912.51447 267.458
922.50452 434.408
967.52307 4153.81
968.52570 2341.46
969.53223 687.966
975.46375 265.369
993.46741 252.837
994.48462 236.448
1025.50781 370.76
1060.55396 257.762
1064.53357 504.963
1065.53418 466.51
1082.55017 2990.9
1083.55237 2114.49
1084.55200 528.848
1121.55774 1512.54
1122.56250 1077.78
1123.56531 305.015
1139.57214 8442.29
1140.57422 5494.88
1141.57739 1608.79
1142.57922 320.022
1229.63159 233.066
1234.64417 465.461
1235.65564 249.338
1252.65613 1164.96
1253.65894 1257.62
1254.67383 356.579
