1350.57952 2
110.07093 5633.84
111.07404 529.657
113.07059 3989.3
115.08637 503.898
120.08039 21684.9
121.08363 1882.86
129.10190 14686.1
130.08592 8636.63
130.10443 920.694
131.08125 6258.84
132.07968 1094.93
136.07538 4998.95
139.04974 783.769
140.01039 3775.65
141.06548 1781.32
143.08202 464.05
143.11758 2514.77
144.08049 2694.25
147.11240 16636
148.11641 749.202
155.11795 533.745
157.06032 889.091
157.13345 535.754
158.09174 734.056
159.07597 6215.98
159.09105 2632.91
160.07518 8767.6
161.07950 603.074
170.05908 472.528
171.07597 1173.81
171.11209 1630.87
172.07510 3643.96
175.11835 3453.98
180.07614 573.922
181.06053 785.569
183.11182 757.197
183.14841 720.68
185.09117 558.759
185.12776 577.898
185.16423 1158.44
187.07077 1008.24
187.08887 506.351
187.10718 1024.88
187.14415 1327.52
189.06932 1498.94
189.10167 18948.1
190.10582 1701.44
191.11757 1940.45
197.12810 1325.96
197.16418 497.544
199.07060 787.065
199.10745 745.187
199.17978 1318.78
200.13811 522.62
201.12291 1446.43
203.11765 972.562
205.09590 914.781
207.11198 1546.06
208.07903 1089.23
210.08676 14735.5
211.09062 1327.62
213.08687 871.012
213.15918 822.984
215.13814 1418.65
216.09657 653.816
217.09610 6539.77
218.09984 1046.17
219.07918 2309.5
219.11258 1056.39
219.14812 533.156
225.09816 1382.11
226.11743 527.216
226.15358 492.007
227.17520 1112.77
228.09715 2576.38
229.11623 980
231.11180 2767.86
233.16472 1494.2
235.09430 1251.23
237.10533 3283.96
240.11456 587.667
240.13303 748.021
242.18568 2899.83
243.13327 898.405
243.17192 510.284
244.16479 586.011
245.09131 1415.81
245.12775 980.725
246.12268 781.921
247.07407 4239.33
247.14299 558.09
248.07607 511.739
253.09267 2033.71
258.12332 7635.35
259.12524 845.473
260.13873 6900.98
260.19611 18252.9
261.14227 1099.71
261.19983 1908.1
263.08737 2209.39
265.10089 734.009
268.10760 619.209
270.12979 560.577
274.11865 707.505
274.15790 1831.32
276.13342 3157.26
277.13757 675.825
279.09708 596.229
284.19595 1217.93
286.11813 5613.33
287.07843 939.949
288.13336 16062
289.13696 1723.22
296.15070 1068.25
300.09958 599.635
302.15253 5437.27
303.15466 588.778
304.09781 937.213
304.12872 1804.55
306.14279 657.555
308.06345 1925.33
312.13330 1326.33
314.11411 813.732
315.13940 851.211
316.13037 784.523
318.11102 3205.87
320.10892 5389.45
324.14566 1697.27
326.07413 1660.4
329.15887 2097.08
330.16727 709.991
333.09204 575.593
333.19159 2090.71
334.13895 3345.85
340.17136 536.896
346.13943 511.256
347.17120 2255.92
348.10321 1991.6
348.16547 605.939
355.15121 534.954
357.15222 3024.91
358.15845 638.814
360.10391 807.283
366.17661 1401.2
373.18686 636.932
373.28018 3145.16
374.28415 688.709
375.16220 3441.44
376.16229 696.184
378.11340 3064.06
385.14966 986.082
386.17383 1380.31
387.23831 776.904
389.18192 1006.13
400.19461 1176.66
403.16013 8674
404.16235 1315.13
405.19772 3156.97
407.19180 1062
415.23740 1299.85
417.12613 602.791
417.17935 1115.53
418.10880 1525.68
427.18060 512.416
428.19034 889.513
430.17328 3836.61
430.30136 13167.9
431.14511 1351.05
431.19202 683.671
431.30447 2363.06
433.19266 2111.17
435.13541 12302.8
436.13852 2222.38
437.13358 882.922
439.16824 651.261
445.18436 647.771
449.15100 624.508
458.16415 948.181
461.14740 513.9
463.12515 713.126
465.18039 523.885
470.24295 1268.52
472.18069 4525.03
473.18304 1010.07
478.26511 799.291
485.24997 1480.94
488.21002 1100.25
489.21518 554.567
490.19022 713.844
500.16791 594.933
502.21600 541.996
503.19650 520.779
506.17010 6431.52
506.25467 710.432
507.17386 1739.28
508.16757 552.936
513.24274 898.623
517.21051 661.213
520.22351 3524.12
521.22180 621.284
526.24109 554.146
527.22394 1097.65
530.21869 602.107
534.20154 2549.22
535.20166 601.324
543.26239 2209.92
544.26447 670.433
548.22009 3382.65
549.22101 1003.24
561.34143 9892.8
562.19232 586.429
562.34436 2346.19
571.24780 822.583
574.23981 863.146
575.22479 811.745
576.22620 525.347
584.31702 532.51
585.26917 966.015
591.26550 2175.27
601.24390 798.251
603.21979 1993.03
604.22015 620.37
619.25580 2702.68
620.25574 786.431
621.29108 1127.67
627.35681 889.532
646.26080 603.086
653.24512 745.169
661.30670 625.9
665.23816 1471.84
671.33069 992.131
674.24493 837.564
674.43652 692.416
684.33624 621.697
692.38123 9044.81
693.23383 611.344
693.38507 2955.95
694.39545 623.536
698.36426 672.863
704.32025 967.268
705.24396 575.801
722.25842 4436.54
723.26288 1554.33
759.41162 1122.52
786.41589 603.029
789.40393 597.89
791.28278 1601.6
792.28448 801.474
807.41040 12369.7
808.41577 4343.77
809.40991 1384.17
830.44232 2609.03
831.45111 905.752
835.33240 909.288
845.43073 1151.81
860.43976 567.294
878.44531 12372.9
879.44611 5575.49
880.44537 1968.21
888.43353 974.156
950.43719 1514.61
951.44318 828.208
1025.50793 1755.15
1026.49609 824.842
1094.53223 752.708
