2621.27524 3
110.07111 2633.75
120.08030 792.744
129.10210 2719.64
130.08588 596.937
136.07556 995.022
147.11267 1493.18
155.08195 389.472
157.13326 325.775
175.11882 1082.89
183.07648 457.887
183.14877 512.936
185.09216 438.3
185.16524 763.353
195.07687 322.693
199.18004 692.326
200.10254 368.082
201.12149 326.399
210.02585 523.405
211.14461 325.47
223.15523 3577.74
224.15843 352.58
227.17519 792.624
243.13029 341.019
245.07715 443.287
246.18102 314.12
249.08876 582.621
251.15012 3440.54
258.14560 371.455
259.07611 421.836
267.10876 575.249
269.12445 429.646
270.10721 312.648
272.17117 596.592
277.08493 522.801
288.11627 411.313
295.10480 369.646
303.21249 344.761
322.11493 743.499
330.05917 327.294
332.13626 703.965
341.18231 390.094
350.14566 4958.94
351.14737 600.404
369.17551 662.248
380.19293 502.43
386.14520 443.273
396.13260 2191.12
403.14603 376.182
408.18756 1691.9
409.18655 371.001
414.14352 13370.6
415.14682 2560.13
416.14185 608.355
423.22577 372.516
432.24573 476.053
435.23471 1160.65
452.21268 457.302
463.22937 2141.05
464.23105 622.919
470.23297 1582.66
481.22464 423.657
498.73035 930.154
499.23279 9666.69
500.23367 2119.77
501.23062 631.497
503.32919 1131.13
504.33374 433.583
509.21573 492.693
527.22760 9595.85
528.23053 2504.21
529.22644 793.645
541.26404 394.589
561.28430 348.966
603.80072 547.735
604.30103 381.983
606.31335 807.993
606.81372 640.26
624.85059 507.178
632.38000 345.182
633.36877 361.896
638.31055 6938.31
638.81189 4947.91
639.31409 2113.06
639.81512 716.789
647.31677 369.134
648.32025 1498.06
662.32379 1202.17
676.27832 400.422
680.37311 443.964
719.35657 2396.32
720.35870 683.879
745.46143 437.008
749.39294 5274.75
749.74060 579.063
750.08167 1186.3
750.40002 2176.04
750.75848 411.791
751.39832 501.823
753.31372 464.758
782.40942 899.443
782.73834 1079.9
783.07373 356.593
793.07849 350.88
793.40393 476.447
799.07336 1404.21
799.41095 2218.83
799.74646 1015.7
800.07611 999.739
800.41284 501.45
805.42554 365.894
805.75433 454.583
806.09131 511.307
814.41943 383.746
814.77271 436.531
815.10150 614.029
817.39331 367.431
820.44287 1250.04
820.77295 1879.12
821.10791 1314.75
821.44794 607.541
821.77338 384.654
821.95789 412.168
825.89856 361.046
826.42688 857.541
830.09857 393.7
830.43591 595.477
831.74164 612.074
832.07324 910.013
832.43115 1661.95
832.73560 660.122
833.45502 613.101
835.76617 903.025
836.10138 1702.57
836.43457 2041.39
836.76807 945.53
837.11133 454.478
838.42926 394.021
841.44287 370.097
841.77045 10599.7
842.10547 13925.3
842.43878 10929.9
842.77057 5318.96
843.10577 2226.73
843.45099 609.361
847.76813 1236.51
848.11017 1549.5
848.44409 1361.74
848.77515 682.254
853.09735 476.886
853.43359 1158.85
853.76770 1144.97
854.08862 417.024
862.48260 732.342
863.49243 411.695
868.43414 872.781
868.75897 980.116
869.09259 1126.7
869.42236 570.918
873.44037 683.015
873.93768 996.655
874.43256 6987.61
874.76440 7717.31
875.09521 5838.53
875.43347 4632.82
875.75861 1212.26
876.08319 595.517
876.43518 1096.37
885.99585 2945.2
886.49756 2315.46
886.99963 1262.94
887.49377 453.918
898.40619 418.603
925.99414 721.249
926.49286 1036.03
926.98596 515.009
934.99237 5277.02
935.49457 4925.62
935.99658 2879.13
936.50165 1043.84
944.00116 634.529
944.50916 501.242
945.52600 2371.83
946.52936 1186.25
950.52850 835.661
951.01654 538.798
964.51868 1115.5
965.01868 1254.66
965.52338 821.587
974.97943 523.968
975.48621 641.773
977.03235 557.289
977.56097 380.237
979.55603 1447.21
980.55798 602.806
981.54346 593.155
982.04468 559.72
983.98279 1438.65
984.48608 1932.15
984.98615 1130.16
990.03809 2521
990.53693 4552.18
991.03870 2706.71
991.53741 2285.09
992.04083 1084.52
992.53510 628.305
996.46039 438.794
999.04425 32164.5
999.54376 36248.7
1000.04486 20532.3
1000.54517 8885.86
1001.04852 1791.65
1001.56299 452.146
1008.04846 2598.77
1008.55188 2755.14
1009.05267 2023.52
1009.55920 420.346
1030.53455 366.096
1031.02197 378.674
1039.02893 1631
1039.53088 2421.83
1040.03589 1574.71
1040.53235 926.649
1044.59534 2558.5
1045.59424 1324.14
1046.58801 467.7
1047.07764 510.442
1047.61292 572.18
1048.03333 12774.9
1048.53418 14288.5
1049.03430 8142.79
1049.53735 3513.44
1050.03589 897.072
1050.60144 1105.98
1051.60034 612.762
1055.58630 4632.56
1056.08740 5625.13
1056.59045 3244.42
1057.09326 1359.36
1057.60413 482.353
1060.58569 365.58
1065.10034 533.312
1065.59839 362.137
1104.58215 1645.46
1105.07434 1633.29
1105.58301 1061.06
1106.07642 434.52
1114.49902 405.892
1115.47070 415.027
1120.60083 1107.97
1121.61963 396.379
1124.11584 1507.88
1124.62036 2036.79
1125.11609 1340.33
1125.61450 696.107
1173.10986 422.204
1189.63977 424.728
1200.68494 583.845
1201.69116 357.072
1231.67151 380.155
1248.69299 7960.33
1249.69604 5276.54
1250.70007 1866.91
1251.71301 439.731
1277.57422 729.673
1278.57690 683.584
1407.58936 358.834
1480.57837 401.513
1527.85205 615.927
1528.86584 676.334
