1239.51348 2
110.07110 11186.4
111.07417 379.746
112.08667 2149.15
115.05003 1068.44
115.08654 1195.39
116.07042 1052.27
120.08057 4615.84
121.08405 496.71
124.03912 347.164
127.04966 579.111
127.08698 417.961
129.06607 1059.05
129.10216 6729.84
130.04991 372.706
130.06496 4285.4
130.08617 1905.88
130.09821 608.635
131.06946 474.643
131.11742 406.44
132.08095 2946.59
133.04295 2223.71
133.06052 575.05
133.08571 1332.03
136.06168 656.801
136.07561 6841.47
137.07895 449.473
138.06625 379.386
139.05016 873.104
139.08629 419.031
141.06572 1328.79
141.10170 622.206
143.11771 732.052
144.08224 353.73
145.06050 587.72
147.11282 2992.1
153.06578 370.536
155.08147 2427.86
156.07593 374.697
157.06157 1364.7
157.10762 929.971
158.09227 3893.28
159.07635 1755.64
159.09151 36378.7
160.09503 3516.81
166.06068 384.365
167.08749 1203.01
169.06027 337.095
169.07675 592.932
169.09749 644.575
169.13361 607.494
170.05978 2194.64
171.11241 687.886
172.07022 715.83
173.05533 1010.88
173.09180 1141.88
173.12845 619.581
175.11880 19844.3
176.12274 950.838
178.06389 936.796
181.06067 7713.96
181.10437 539.699
182.06454 582.84
183.07877 323.441
183.09108 554.227
183.11256 660.181
183.14932 763.163
184.07156 2756.59
185.05553 600.117
185.09282 472.846
185.16476 1066.93
186.08708 412.616
187.08578 3270.43
187.14397 659.969
189.08641 523.166
195.08752 6153.3
195.11215 403.724
196.09149 370.139
197.12851 875.336
198.10081 718.472
199.07130 9191.71
199.10712 575.916
199.18018 2653.24
200.07649 442.531
200.18382 467.993
201.12323 2066.24
209.05588 838.378
209.10349 1434.1
210.08731 496.418
211.14397 546.972
212.06639 370.492
212.10297 992.284
213.08691 838.838
213.15883 346.682
214.09724 1814
214.15378 353.752
215.13834 655.411
216.11292 4397.27
217.08176 5190.12
217.12392 389.148
218.08525 373.849
223.15494 445.255
225.09988 401.191
225.12282 401.517
226.11749 864.351
227.06616 14048.9
227.09694 637.98
227.17488 663.134
228.06975 1189.94
228.13287 463.284
229.11400 516.088
229.13145 607.084
230.07687 999.783
230.11328 653.76
231.09999 351.821
233.09154 715.658
237.10045 398.563
238.08177 1640.1
239.06694 783.836
239.11472 448.467
240.09839 385.419
240.13362 715.71
241.07739 341.011
242.11307 355.503
242.14958 881.282
243.11385 505.17
244.10794 3793.43
244.16521 593.43
245.07663 2447.85
245.12607 431.88
247.14044 514.155
250.08208 643.498
250.12025 924.847
254.12547 877.83
255.10847 3282.85
255.14189 595.013
256.09238 3307.01
257.07999 376.081
258.14169 405.834
260.19540 553.68
261.08701 470.412
266.07578 579.325
267.10855 415.952
268.09247 1122.34
270.12708 545.318
271.12491 378.65
272.13531 9611.1
273.13770 1642.41
274.10281 652.494
277.13370 381.478
278.07635 1125.07
278.11304 2346.19
283.12228 573.994
284.08710 4490.82
284.11923 365.376
284.19638 711.289
285.08926 564.085
287.09760 1150.62
288.13412 419.496
288.20270 727.963
289.09622 575.886
289.16162 10075.2
290.16193 3622.47
291.16513 481.725
295.10306 6082.93
296.08524 1793.44
301.12976 1736.81
302.09753 493.054
305.12836 1520.21
307.10297 676.536
308.17197 3442.04
309.17459 503.933
311.14145 555.15
312.14691 712.754
313.11163 2118.7
314.11340 692.42
322.15506 4648.87
323.09799 2709.79
323.15726 738.708
324.64700 342.671
330.15536 3042.75
331.16089 400.995
333.12195 644.604
335.09839 896.125
338.15866 657.323
340.14328 363.827
341.10873 6757.74
342.11185 665.652
345.17148 1636.27
346.18063 669.473
347.10016 349.856
350.14932 1904.61
352.12561 1135.99
353.10477 535.967
354.21591 558.563
356.14539 697.312
358.15027 2716.2
359.15378 563.481
370.13547 1877.94
371.14182 493.551
371.23929 2175.07
373.16708 1838.69
380.11963 1460.8
385.16858 390.96
386.13330 633.598
393.26016 697.542
396.16580 697.292
397.20261 390.835
398.13025 3778.5
399.13651 563.837
400.15805 471.3
401.13989 408.194
415.17157 1025.36
416.29871 966.502
417.18790 1144.09
418.16995 2162.61
419.17166 757.558
421.25525 2634.85
422.25751 378.996
423.23550 1353.43
425.19434 842.694
426.24152 419.442
427.17310 680.539
430.18564 1294.69
435.19824 5921.6
436.20197 1145.12
440.26279 540.293
443.20093 1164.57
445.18036 921.694
446.17975 393.28
447.16769 641.065
452.22440 23687
453.22791 4737.74
454.16837 398.874
454.22733 674.746
455.16504 445.245
457.25229 485.326
459.21207 411.165
464.19269 921.898
473.17554 832.675
474.28043 1128.23
475.28067 387.843
476.19049 356.34
482.16553 493.393
490.24527 1293.54
491.24765 603.174
499.20859 555.603
500.16721 360.78
506.34579 592.462
516.23523 1161.27
534.34045 788.119
538.20282 1904.78
539.19690 450.581
539.28442 357.87
544.22717 781.771
545.23218 356.129
556.21350 1774.18
557.21075 558.97
559.21558 600.196
566.19940 698.79
574.23291 389.229
576.25214 676.371
578.34283 377.879
584.20746 2412.87
585.20782 819.644
585.31122 431.205
587.22345 1042.52
591.32428 938.81
592.34460 385.599
593.28705 504.49
602.33795 1128.78
603.26807 592.13
604.25061 3170.5
605.25311 1052.1
608.35071 5693.86
609.35303 1702.55
610.36615 405.894
620.28101 560.822
621.27429 5594.74
622.27789 1391.1
626.36224 883.133
638.30389 35708.4
639.30658 11771
640.30981 2198.3
641.23419 2031.26
642.23242 777.133
659.25269 381.85
672.34930 395.649
678.29578 1427.33
679.29803 982.403
697.40955 449.121
721.43512 2154.72
722.44250 789.344
732.38196 422.977
733.37793 382.861
739.45306 410.073
749.40381 1945.98
750.41174 993.581
758.44830 555.803
768.37061 584.085
769.38666 680.683
770.40228 538.342
790.34229 434.119
798.45251 456.015
807.35150 1057.92
824.38245 7004.22
825.38507 3588.73
826.39880 836.189
827.42603 537.469
829.49451 514.435
834.52307 2371.8
835.52399 1108.86
864.35870 387.408
881.40161 6305.87
882.40198 2820.6
883.39972 627.628
889.42639 696.306
896.46973 1376.08
897.47131 1036.23
913.45874 1254.78
914.45850 3160.99
915.45587 1579.91
926.54333 1040.08
932.47113 580.974
938.42346 3477.45
939.42578 1743.79
940.42755 461.469
947.60193 1573.54
948.60205 529.791
978.42316 819.214
995.44507 8971.76
996.44861 5631.49
997.44958 1464.9
1002.50726 1006.66
1004.62421 3406.12
1005.62854 1548.61
1006.62964 625.132
1009.55798 785.818
1010.55798 849.666
1022.62897 755.443
1023.63080 399.784
1092.45337 371.296
1110.47058 2059.4
1111.47412 1759.59
