2001.84171 3
105.06571 2823.6
110.07115 21357
111.07433 983.945
112.08675 527.875
116.07032 434.267
129.06560 451.572
129.10217 4036.17
136.06166 2792.76
138.06610 1158.7
147.11295 830.561
156.07693 467.924
158.09213 1052.3
166.06119 1467.58
169.13306 488.126
171.07603 1118.12
175.11890 9683.47
176.12433 441.73
181.06064 2540.22
181.10822 1599.64
185.09221 591.923
185.16484 17906.9
186.16837 1803.76
188.10271 783.679
197.12849 460.731
198.08650 668.435
199.07164 2123.13
200.10246 1196.22
207.08847 741.802
209.10336 6162.86
213.08708 1938.39
213.15976 4847.74
214.16440 460.165
216.09785 11793
217.10118 1074.97
225.09822 693.463
226.11723 747.728
226.15431 589.134
234.12384 1418.61
239.15071 456.366
240.13464 1046.15
241.08185 1135.14
244.16537 1718.1
245.07608 655.258
251.15012 4207.41
257.16110 1940.53
259.09161 836.424
264.06296 709.992
266.15054 725.017
270.10223 1087.06
272.17178 7140.07
273.17432 770.804
274.18707 69793.9
275.19034 8237.89
276.19345 693.95
279.14352 1172.08
282.10825 1502.45
298.09683 2040.63
300.11758 489.139
303.63171 8774.1
304.13272 2526.3
304.63287 816.996
306.22922 1471.51
308.13498 613.029
310.10345 1017.25
312.05020 977.982
317.62888 6203.33
318.12808 1740.61
318.62958 762.739
319.15137 2002.87
322.18759 990.367
326.63287 820.263
327.12881 563.903
328.11288 2629.12
330.05890 858.75
332.20770 2490.73
337.16141 1390.81
338.14175 733.097
338.63412 2113.08
345.14035 4401.46
346.14404 925.827
347.14767 1175.26
349.18365 570.653
350.21820 18841.5
351.22116 3573.66
352.13965 6403.66
352.22192 546.517
352.64059 2531.85
353.14447 1957.08
360.14014 1556.14
360.17212 1941.91
360.67404 678.776
361.14526 7790.7
361.64648 2867.29
362.14691 996.573
367.11938 494.579
374.17297 1230.83
378.20203 1008.92
380.08414 906.871
380.15549 927.445
380.64734 1737.23
381.71695 1901.21
382.21786 1060.93
385.13269 1397.67
388.66583 1803.22
389.16202 1398.81
389.21408 4198.84
389.65576 1400.11
390.21533 621.41
393.26053 774.321
393.65781 1857.6
394.16092 963.385
397.13235 828.331
397.67133 1889.39
398.11319 771.052
398.17087 744.196
400.23096 1079.05
401.19235 1134.45
402.66373 10492.4
403.16483 4515.14
403.66330 1402.68
406.18454 1182.77
407.15610 1029.84
408.68161 1148.06
409.12921 752.056
409.70767 12259.5
410.20895 5225.61
410.71075 1498.72
411.66879 4980.87
412.17099 1950.43
412.67273 507.674
417.68634 1779.42
418.18829 675.211
421.25574 3656.91
422.25674 689.734
423.70505 7766.61
424.20743 2998.95
424.70609 1537.66
426.15982 643.721
426.69373 515.479
435.70056 9584.24
436.20276 3671.99
436.70529 1256.27
437.69363 487.931
438.18018 644.693
438.28268 631.938
444.21667 855.019
444.70978 2102.95
445.20737 1140.77
450.20471 892.41
450.70078 521.699
453.22461 2445.38
453.72559 1215.74
454.15256 518.505
454.22900 553.92
458.21597 8306.88
458.71661 4107.45
459.20941 2764.96
459.70865 1111.6
460.20782 521.39
467.22141 8681.8
467.72223 3966.8
468.21542 1878.78
468.71768 792.133
469.19742 2432.81
470.19958 652.612
474.18378 584.205
475.68900 634.316
476.18454 493.908
478.23068 1863.25
480.25537 748.171
482.18353 857.835
484.68936 12255
485.19077 5734.51
485.69220 1643.72
486.22650 1362.43
486.72824 2228.65
487.22864 934.414
494.74362 1769.9
495.23965 1526.56
495.73672 1504.19
496.23633 678.328
497.19437 5710.94
497.28293 26619.6
498.19061 1209.14
498.28571 8448.17
499.28793 1502.52
499.73846 1882.86
500.15359 655.934
500.24271 1659.31
501.75439 609.853
503.74707 1592.52
504.24802 678.572
508.74045 8035.21
509.24286 4302.05
509.74234 1547.14
510.24210 602.161
511.72748 1113.06
512.23267 541.749
513.19000 575.927
517.69086 1607.34
517.75464 2897.43
518.25555 4125.58
518.75018 703.969
519.25720 880.347
525.18915 746.068
535.21344 1731.31
535.71527 913.545
536.20673 582.429
543.19977 1198.83
543.90527 547.191
549.31537 2984.03
549.90247 678.941
550.23682 507.709
550.31738 838.815
552.22021 1490.07
552.57062 3077.61
552.71558 735.956
552.90369 3121.59
553.23712 1716.97
556.23145 613.609
558.57416 3463.74
558.90735 3346.07
559.23914 908.733
559.57574 610.268
560.71948 635.75
561.21509 645.264
564.57703 7662.79
564.91138 6439.78
565.24463 3111.73
565.57782 1061.74
566.21875 995.181
570.58069 843.527
570.91339 1012.53
571.24609 680.812
574.24127 514.827
578.21057 594.996
579.20044 1155.13
584.22308 2539.71
585.22906 3788.5
585.56348 2155.34
585.89825 1465.21
586.22980 891.13
587.20612 836.277
587.73633 1152.86
588.23901 679.251
589.29675 6419.57
590.30267 1980.14
590.93311 617.06
591.23138 2003.79
591.56519 2319.45
591.78241 1496.46
591.89978 1241.33
592.28577 871.091
596.20221 595.616
596.34552 1328.39
596.60327 718.819
597.22235 9737.46
597.34998 546.723
597.56891 5677.28
597.90405 3309.09
598.20966 1911.85
598.76599 805.286
599.20947 547.11
599.28217 570.479
602.27142 2043.29
602.60577 1081.83
602.94073 1464.9
603.27820 847.93
606.25757 2613.05
607.26379 995.016
609.29456 512.198
609.79773 622.958
610.28125 1037.65
614.23370 924.551
614.77332 609.517
615.28973 630.6
618.33789 931.384
618.81940 1472.48
619.31110 1154.45
619.80603 990.513
620.62744 590.798
622.92084 703.046
623.30206 846.195
623.62646 1268.52
623.78210 1450.55
623.95563 789.366
624.28961 865.192
628.92285 518.442
629.30780 1155.67
629.62866 1333.5
630.28644 575.885
634.25024 4618.15
634.89893 752.373
634.98486 2619.39
635.22736 1430.64
635.31549 4389.95
635.63770 3994.74
635.97058 1881.07
636.30780 937.096
638.25952 791.225
639.26263 779.306
640.24786 1245.98
641.30884 775.358
643.05719 594.022
647.25848 1293.08
647.75372 1027.02
649.24414 772.151
652.26044 1095.93
655.94904 1269.98
656.27722 1361.27
656.61005 555.693
657.27222 1083.57
658.31512 12382.5
658.79480 1183.91
659.31860 3424.87
660.33051 660.945
667.25702 3357.21
667.95209 2554.76
668.28552 3482.45
668.62085 1753.59
668.78009 536.726
668.94336 580.686
669.28101 755.461
676.33014 1575.13
678.27991 2175.78
678.79132 1099.59
681.35260 689.123
685.26965 3079.42
686.27423 1381.81
687.28088 516.07
691.76178 1851
692.25208 1549.22
692.76703 631.404
693.40411 13330.6
693.81433 1162.02
694.40497 6158.35
695.19116 5402.83
695.40906 1354.87
696.20020 1398.03
698.26575 1020.79
700.76514 1583.11
701.26569 1810.95
703.27081 1657.47
704.27380 776.856
709.34546 5645.3
709.77203 5576.66
710.27295 3605.08
710.77246 1853.37
711.34448 1345.47
715.79370 610.001
718.76514 642.289
721.28387 2239.71
722.29181 1127.87
724.29913 887.927
724.79620 879.541
725.29620 588.484
727.27594 912.347
727.77100 670.297
733.30463 1876.99
733.80658 3381.41
734.30389 2067.06
734.81195 824.119
738.29358 547.94
739.32440 3679.84
740.33057 1584.04
740.74585 1253.52
742.31317 1910.06
742.81769 1318.54
743.31696 541.347
747.32831 689.157
748.30316 526.085
749.26160 578.757
755.82550 546.676
756.29858 4296.57
757.29810 1300.01
758.31470 863.629
758.76050 1642.15
759.24762 629.823
759.83112 1742.96
760.32111 2661.39
760.82294 1077.86
761.32477 623.769
762.42548 4573.23
763.42712 2101.32
766.32062 1117.41
766.81488 888.404
768.82611 3249.79
769.32947 2597.6
769.83221 1225.41
770.32886 616.299
773.34216 9698.1
774.34796 3378.42
775.33759 1198.06
776.33282 691.978
777.32092 536.384
777.83289 11215.6
778.33301 8799.16
778.83649 4371.19
779.33887 1715.99
782.29303 688.867
782.79248 1301.48
783.30499 1156.27
786.30817 1979.15
786.83813 1076.14
787.32141 1105.22
792.34595 680.411
794.34076 872.015
796.22986 582.388
797.84357 632.697
798.34424 806.504
798.83929 737.618
801.34003 1696.98
804.31952 4434.06
805.32245 1990.58
806.31848 860.155
806.84357 718.093
807.33734 1201.76
808.80359 896.995
809.30365 1309.1
815.85120 2488.24
816.35242 2127.12
816.85065 1147.09
817.34808 535.539
817.81561 1330.52
818.41174 1865.67
819.42303 673.85
822.33099 4297.55
823.33447 2012.66
824.34424 1660.42
824.84558 961.264
825.35394 589.06
826.82166 4456.76
827.32410 3461.37
827.82184 1923.13
828.34985 2080.68
828.85382 1491.71
829.34949 927.274
837.36249 2497.33
837.85681 3155.08
838.36108 1831.06
838.85114 865.991
846.36084 14560.6
846.86420 12042.9
847.36316 5801.98
847.86804 2596.04
848.38123 542.287
852.38446 2094.19
853.38574 1448.89
855.36884 1934.51
855.86523 1528.29
856.37262 1051.26
860.40234 2962.82
861.40894 1227.92
864.84039 965.072
870.39429 51296.9
871.39880 21372.6
872.40344 5395.13
873.47437 650.197
874.46289 657.064
877.32800 815.182
877.83478 542.797
881.29358 550.3
886.34589 951.624
886.83887 872.399
887.34454 597.924
888.40503 4943.29
889.40845 2149.55
890.40619 609.048
891.47003 7155.5
892.47241 4250.19
893.48016 986.534
895.34747 2839.98
895.85309 2459.37
896.35382 1560.48
897.34418 1166.8
902.90198 1645.01
903.40436 1011.8
903.91608 655.981
915.42499 1328.79
916.43561 580.25
917.40887 1112.4
922.35516 536.848
927.41876 1235.7
928.41223 947.198
933.43591 2185.1
934.44257 974.522
935.41498 1104.54
936.43646 728.182
950.36163 835.92
953.43170 1302.23
964.43353 724.596
968.37152 12223.6
969.37408 6525.03
970.36957 1441.32
971.44122 9580.68
972.44330 5720.16
973.44421 1834.84
989.45062 2117.56
990.45337 2272.44
991.46643 724.604
998.46008 1594.09
999.46796 1172.62
1002.50232 1903.97
1003.50262 1432.52
1006.49084 896.293
1016.47467 3774.79
1017.47607 2023.12
1018.47717 917.537
1020.50909 8621.43
1021.51257 5467.24
1022.45135 2322.24
1023.44574 1317.28
1034.49548 2453.55
1035.49622 1576.29
1036.50708 669.672
1040.45691 1655.11
1041.45972 1107.33
1058.47461 9505.54
1059.47559 4963.16
1060.48364 1773.83
1069.42139 1799.01
1070.41699 1099.24
1076.48840 1011.18
1077.50793 603.187
1100.47925 2715.42
1101.48035 1820.89
1118.48547 2601.32
1119.49072 1689.78
1120.42407 2208.46
1121.42505 892.86
1138.43140 735.674
1139.44910 572.808
1156.45483 2193.26
1157.46960 1177.87
1195.54065 1674.61
1196.53259 1428.33
1281.47876 1799.02
1282.49353 1352.94
1355.56470 1146.59
1356.56165 733.048
1379.45129 656.962
1400.55005 518.99
1418.54382 1650.86
1419.53821 1121.84
1420.53760 711.462
