2030.98459 3
110.07094 5910.95
120.08044 9658.18
129.10196 3328.22
130.06476 10209.6
130.08592 1892.34
131.06816 939.749
132.08038 839.949
133.08568 854.448
136.07545 2048.39
143.11765 3568.42
147.11249 4831.56
159.09134 24707.8
160.09468 2739.09
166.06081 2802.74
171.11252 1962.14
171.14915 570.624
173.05515 1584.52
173.12817 811.484
175.11868 3965.35
181.09692 1187.19
185.16473 1269.51
187.08601 1600.19
197.10292 712.879
199.18008 2049.72
205.11839 1855.79
208.10770 1911.57
209.09158 4943.87
212.11734 1604.57
212.13835 648.5
213.15936 1043.91
225.09766 1194.97
227.17470 1670.56
228.13327 594.692
229.11826 885.867
233.16446 4045.16
235.10677 3363.43
240.13347 1412.97
242.18567 1186.38
244.10730 1341.96
246.12357 1126.03
248.63419 1942.71
253.09303 2208.92
255.14499 3095.19
257.13925 4651.69
258.14352 2966.51
260.08951 558.092
260.19632 4699.64
261.15854 2502.29
263.10187 3251.92
268.10757 5092.66
269.11014 664.825
270.18045 1218.39
272.17130 14205.9
273.17499 1705.26
274.11722 1448.16
284.19617 1784.94
285.13382 16234.4
286.13760 4251.5
318.18045 1862.96
322.16830 3755.36
322.67133 1065.24
323.13684 728.375
324.11871 4250.16
327.20157 1554.41
331.13754 949.079
336.11536 601.137
341.21683 634.062
353.14575 2482.66
354.15668 814.503
369.70389 603.419
372.16434 1834.61
373.16776 617.435
376.18613 1156.03
378.71039 4703.21
379.21191 1839.97
381.13959 10662.9
382.14877 2261.18
389.25583 747.484
392.20340 1045.43
400.16034 10875.4
401.16296 2295.45
407.26465 7516.95
408.26428 611.201
409.22971 5779.93
410.22168 2286.35
412.15546 569.228
412.28925 841.895
416.68134 813.719
417.24945 1673.71
428.15524 2238.38
429.15952 641.541
431.26477 821.047
440.28470 1704.71
448.21909 2117.29
457.25320 1004.49
460.19882 697.182
463.76248 981.207
466.22855 14165.5
467.23468 948.691
476.20789 637.848
479.23492 830.612
485.24719 1464.45
485.70605 761.756
488.28369 831.24
493.24203 757.063
494.22345 6996.97
496.26178 21366.1
497.26431 5054.45
498.26904 731.927
502.33865 679.687
513.24719 1529.84
519.23383 2073.13
520.23657 935.507
520.34674 1191.99
523.22113 913.829
530.23584 806.427
530.33087 618.659
539.24176 1013.41
541.23566 1020.89
547.22809 6016.23
548.23291 2383.64
548.78894 799.828
564.28442 785.554
565.25989 4549.94
568.26141 690.743
572.74298 1256.13
573.24554 1392.41
577.36914 7110.93
581.75006 1443.64
582.24634 731.842
587.35162 1587.95
598.25891 623.803
625.32214 1310.4
626.30072 2030.33
632.31580 2563.36
633.32025 933.236
643.32983 43683.5
644.33167 14756.2
645.33496 3054.21
660.31177 7095.52
660.88782 749.714
661.31458 2878.1
662.31702 631.691
663.34619 1689.34
664.32953 1268.89
669.89081 34773.2
670.39423 6369.65
676.43652 10919.8
676.84863 1219.16
677.44019 3280.65
677.83936 630.186
678.37006 2851.31
685.29034 1418.94
717.33240 3055.3
718.33527 1507.83
739.38977 2307.5
740.39447 962.398
745.31512 613.638
754.30994 751.422
756.41309 45257
757.41638 18630.5
758.42017 4532.34
762.41248 1817.97
772.32538 1535.22
773.31274 658.735
775.50616 7541.98
814.34222 874.843
819.43372 6228.23
820.42694 932.622
832.36047 6717.27
833.36218 2640.72
834.35822 958.893
846.54236 24461.2
847.54498 2784.05
860.34314 945.752
869.49713 8909.6
870.49872 4015.45
871.50128 1222.16
878.36157 901.261
891.38727 1259.86
901.38062 4877.49
902.38812 2406.75
904.52716 1477.58
909.49573 1573.34
910.49512 726.89
919.39166 9672.91
920.39563 5574.19
921.39343 828.741
926.51813 28559.4
927.52167 14729.3
928.52496 4470.86
929.51752 795.77
932.51770 8273.69
933.51459 1027.85
938.46954 883.048
958.37268 817.563
958.53357 624.304
959.62140 1320.06
976.41779 613.153
1015.42786 2719.98
1016.42334 1369.56
1016.64764 2031.94
1033.43335 5286.97
1034.43774 3125.14
1035.44165 961.257
1049.42371 635.655
1051.59302 1188.19
1077.48071 615.989
1079.58655 7956.98
1080.59070 1190.58
1087.46582 1047.01
1088.48022 823.688
1105.47351 1301.74
1106.47839 942.628
1112.59631 3293.74
1113.59814 1722.38
1128.50586 889.331
1129.49792 694.799
1131.67822 2395.6
1134.49658 1998.12
1135.50049 1092.98
1142.62183 817.198
1144.48279 4492.91
1145.48279 3524.26
1146.48901 1063.94
1162.49280 14461
1163.49524 11418.5
1164.50085 3788.57
1165.47949 709.932
1192.67297 3037.01
1199.63513 1924.16
1200.62683 1574.95
1201.63269 690.599
1247.57788 1111.87
1248.57825 701.5
1257.56482 781.849
1275.57617 4681.63
1276.57642 2941.95
1277.58167 1409.61
1314.65503 1004.17
1315.68091 684.152
1371.66760 3004
1372.67505 2604.57
1373.67773 843.942
1389.65173 658.211
