2626.32895 3
110.07082 455.542
120.08047 2159
129.10210 1373.23
130.08594 383.904
133.04272 400.548
136.07553 3394.73
137.07880 317.718
141.10194 493.62
143.11803 459.247
147.11259 884.914
159.09155 771.801
169.09691 700.965
171.11220 300.71
173.12834 351.859
175.11880 670.118
183.14900 228.057
185.09213 313.814
185.12816 455.179
185.16502 240.2
186.12250 454.269
187.10757 1814.69
199.18030 245.199
201.12270 675.398
211.14445 306.838
213.08693 208.959
215.10219 1070.33
215.13922 268.756
217.13258 346.943
227.17554 311.177
229.11742 825.045
232.14044 412.833
233.09586 322.157
233.16513 244.953
235.14371 505.606
240.13373 315.355
242.14943 245.828
243.13330 987.631
244.09232 357.252
245.12798 329.131
249.15959 425.44
251.10274 200.069
258.14371 424.104
261.09030 190.662
261.15915 237.245
263.13828 379.443
270.18146 217.541
272.12366 2478.56
273.12643 233.117
276.15170 206.014
277.15460 289.843
279.09656 196.762
283.14407 250.309
284.19601 449.362
286.13867 268.284
292.12820 215.168
297.15524 1756.36
298.13821 232.284
298.15997 226.342
298.21262 188.47
300.15576 238.689
311.13736 191.323
314.17038 611.647
332.15881 286.208
342.20169 412.085
343.16266 222.269
355.23279 371.69
357.21313 1055.57
374.17267 288.591
385.20709 1250.5
389.23959 422.963
392.18011 825.299
393.18399 348.762
413.24200 458.002
427.25552 307.688
432.22403 225.791
436.09592 293.338
454.30109 318.856
456.24329 448.03
460.21460 585.674
468.24561 308.714
498.29077 479.926
504.26663 469.987
505.26651 417.3
526.32452 402.164
541.33539 222.667
559.28772 357.258
569.32800 1044.8
570.33130 351.657
571.32355 235.036
576.30292 283.182
583.34381 244.415
605.31366 695.649
606.31519 228.76
610.79407 275.742
611.29138 258.062
674.31177 335.077
682.41168 590.706
689.39075 214.669
695.32397 314.799
696.42975 254.029
698.36877 241.374
703.84259 749.484
704.34717 581.23
704.84259 335.475
715.35864 324.086
716.35052 414.834
717.34918 223.846
723.37140 266.794
733.37085 1093.25
734.37799 369.348
744.39862 225.93
777.37451 532.182
777.87830 288.975
797.44171 245.837
811.45361 838.695
812.46350 387.933
816.38977 234.489
817.38269 271.808
832.39648 350.769
848.39832 2720.17
849.39722 1033.2
850.40131 210.965
857.48883 216.897
859.50842 212.939
874.97473 341.335
875.45142 1442.49
875.94489 266.583
876.45654 1509.53
876.93079 615.277
877.43121 736.622
910.52844 625.117
911.53784 250.01
917.45319 631.415
917.94885 457.359
918.46344 234.228
947.46552 2258.37
948.47211 1012.28
949.46326 274.784
1018.44177 280.306
1020.54144 273.255
1044.54602 274.731
1054.47986 287.652
1057.48242 235.469
1057.97925 285.472
1058.48608 388.886
1073.59058 373.594
1083.54224 260.041
1110.53040 2015.55
1111.53137 1082.63
1112.53320 319.357
1159.58167 260.26
1221.55652 827.497
1222.55334 367.81
1238.59253 455.735
1239.59229 415.754
1260.58435 242.028
1309.62781 800.629
1310.62683 416.042
1319.68298 310.236
1320.68359 279.83
1322.64478 404.099
1388.66992 268.518
1389.66992 345.082
1406.68127 2781.3
1407.68140 1920.66
1408.68274 656.067
1506.79541 282.173
1507.79541 216.136
1538.67542 225.979
1539.67371 481.317
1540.67932 450.173
1553.75842 431.249
1554.74207 336.245
1716.82190 343.433
1717.81970 259.453
