2229.09208 3
115.08686 1319.52
116.01637 1523.4
120.08057 51701.4
124.08045 2385.88
131.08134 3331.43
133.04280 23228.2
133.08549 5956.72
141.06570 1339.47
146.09331 1375.44
157.13344 5631.66
158.09198 2834.76
159.07642 4080.18
175.11868 16717
176.10277 2009.02
177.11273 2292.78
183.11246 3834.42
185.12819 8450.86
199.07132 7219.02
199.18022 52145.9
200.18384 5053.73
201.12300 4649.5
204.08029 2072.79
215.04872 1611.73
227.04573 3185.91
227.17529 55143.9
228.09760 8020.29
228.17874 7411.17
229.11766 6271.17
231.11185 1903.68
232.07483 4539.61
232.14278 1085.12
249.12321 5892.55
251.12093 12375.5
252.12401 1517.72
253.19046 4152.4
254.14980 6650.25
258.15588 6835.91
259.14001 4183.97
262.08511 8020.37
267.06750 1862.7
270.10907 2421.09
276.16611 37226.2
277.11768 8379.21
277.16971 3966.91
278.12152 1117.95
279.11557 4903.46
280.06451 1342.2
280.12067 1102.89
284.19604 2258.51
290.08011 21296
291.08395 2038.72
295.23819 2905.69
298.21219 12113.4
299.21179 1473.62
300.15488 40229.3
301.15857 6177.43
313.15393 1407.42
319.10696 5609.99
325.18600 3986.76
326.16516 1094.87
340.25903 11207.8
341.16022 1851.78
341.26178 2377.8
341.66437 1129.76
342.20331 2128.9
343.19830 4221.52
353.18362 2752.97
355.72403 1206.13
357.14151 3876.4
361.11749 5365.49
366.27246 1605.11
367.23349 5035.46
368.21439 1711.42
369.17963 1651.28
369.24619 1631.96
370.17084 2849.24
371.19226 23937.8
372.19489 3907.31
383.29993 3311.44
385.24454 5783.78
386.24368 1137.75
387.19824 2884.52
388.17950 2101.95
390.14804 2184.15
395.22952 3510.35
403.26666 1362.99
405.20834 26753.1
406.21109 5092.01
406.68729 1925.37
408.15839 3736.65
409.15518 1632.06
409.28110 1212.81
411.29599 10640.7
412.29895 2902.19
413.06540 1676.08
413.23880 23803
414.24106 5319.74
430.13855 1173.23
431.07678 1649.96
437.14807 10617.2
438.15314 1502.38
438.27243 2891.42
439.25269 4096.79
440.21405 7016.62
441.21313 1566.35
446.77771 7715.84
447.27902 3894.95
448.14880 5947.21
455.28741 2629.06
456.28186 8978.24
457.28314 1605.63
458.22757 1393.11
466.26508 5129.86
479.35880 1137.02
480.31750 7080.08
481.29907 3004.06
482.25137 2842.13
482.29489 3164.36
482.34189 1690.08
484.27570 32794.2
485.27859 7977.44
486.28137 1183.77
498.32877 5886.66
499.33386 1146.02
508.31320 6168.81
509.31628 1986.72
511.24893 3296.14
516.24133 4423.15
517.22656 2239.05
524.38116 4421.72
525.38513 1153.74
526.32312 29895.6
527.32526 7959.65
528.33148 1334.49
534.25110 49039.6
535.25281 10390
536.25543 2069.76
551.35541 2474.4
552.33875 8365.92
553.29480 9759.38
554.29791 2785.55
561.23138 2285.75
568.18158 1259.2
569.36584 5869.15
570.36548 1822.13
571.31024 3413.5
572.31586 1168.16
577.20465 2853.39
579.35022 5910.08
580.35413 1523.98
594.38580 3413.07
595.21790 2909.13
595.33765 1846.3
597.36023 47592.4
598.36334 15947
599.36902 2492.39
611.41180 5455.1
612.42096 1442.51
615.74792 2600.26
616.24640 2257.74
616.75189 1499.81
621.39972 2253.95
624.33417 5219.09
624.75360 1680.47
625.32422 1650.94
639.40759 18030.1
640.41028 6661.74
642.34656 1835.16
646.27570 1570.19
663.30750 2807.96
664.29468 4911.43
664.43781 1263.99
665.29175 1278.22
665.42230 4246.59
666.37732 7292.93
667.38525 2476.16
681.31903 113322
682.32172 40220.2
682.45148 6202.3
683.32507 8740.88
683.45532 2481.69
684.39471 4050.02
685.39868 1533.44
692.43658 4949.79
693.43311 1946.87
708.42657 1854.75
710.44373 47262.2
711.44623 18724.7
712.45276 4016.34
737.41748 3335.26
738.42242 1275.51
742.94342 1313.36
743.48450 3783.32
744.37115 1332.81
744.49738 1457.62
745.42133 3747.96
755.42871 1859.27
779.46191 7726.26
780.47107 2824.01
794.34485 2287.2
795.33789 2164.71
795.53802 1350.6
796.52319 1191.19
797.47076 3367.93
798.48236 1754.63
805.52130 1388.81
812.35901 88256.5
813.36328 36858.1
814.36304 10564.3
815.36255 2261.66
823.52765 15430.4
824.53223 6773.86
825.53632 1202.32
850.50305 4322.16
851.50732 2662.08
868.51093 1588.24
892.54596 6206.38
893.54987 2877.19
910.55688 3697.02
911.56201 1711.39
941.42114 2281.38
942.40784 2781.26
959.42719 84255.6
960.42975 42537.9
961.42993 15960
962.43414 2861.89
963.58313 3505.22
964.58228 1696.11
981.59558 1250.07
999.49689 1235.45
1044.48462 1221.71
1050.61926 1688.72
1070.46021 8126.4
1071.45789 5340.98
1072.45740 1608.12
1088.46912 44734.1
1089.47253 26772.8
1090.47119 9963.4
1091.47534 2109.28
1141.60474 1841.73
1230.47729 2647.55
1231.48816 3209.94
1232.48462 2023.04
1248.50085 39045.8
1249.50378 26080.3
1250.50391 12190.3
1251.50671 3152.94
1270.67236 1516.37
1301.51318 1444.37
1319.53638 17660
1320.53821 12463.1
1321.53955 5132.69
1322.55249 1851
1388.56250 4995.14
1389.57166 3615.74
1390.56360 1950.56
1406.57007 35609.7
1407.57507 25530.1
1408.57117 12722.3
1409.57397 4112.49
1519.65173 8124.92
1520.66089 7300.89
1521.65930 3275.63
1590.69495 4061.36
1591.69812 3388.25
1592.69214 1509.25
