2959.38612 5
110.07098 1773.86
129.10208 44002.3
130.08612 1687.76
130.10532 2647.54
131.11765 1823.23
147.11266 4300.98
155.11797 1509.5
159.09142 1287.61
171.11272 1048.06
183.11223 2418.68
199.10786 1512.42
200.13907 17152.9
201.12299 2959.09
201.14297 1444.61
203.06618 786.04
213.08672 8705.48
214.09833 2598.98
216.13380 2561.83
218.14960 25710.8
219.15305 2668.91
227.10139 808.05
229.11774 3089.58
231.06088 979.614
244.12999 799.615
246.12654 1543.05
252.07669 2073.42
257.09525 1038.74
270.18085 2224.29
274.12158 4940.93
284.12421 1739.81
295.21222 2473.38
302.13437 805.093
313.22318 4595.15
314.13364 1319.16
320.66745 916.099
321.65784 20566.9
322.15918 6474.79
322.66043 1306.83
344.14487 3769.1
348.18878 2846.6
348.68893 848.782
364.15811 926.359
366.11856 920.876
371.21826 1138.23
378.20154 1530.77
412.22095 1601.53
414.71396 1684.59
415.21341 813.553
425.16614 8288.18
426.16766 1582.21
428.25043 3630.68
429.25305 1368.99
430.22870 36886.5
431.23245 7284.01
432.23804 1087.98
456.29037 767.598
472.24176 1720.36
477.24698 1129.08
492.25833 1204.89
496.20148 1765.58
497.26877 1156.55
500.23196 987.63
516.58514 1849.73
516.92126 872.244
525.27026 1386.4
525.65698 1331.81
526.75562 2712.83
527.00720 2197.12
527.24548 2017.2
527.61731 916.66
529.26099 2712.45
530.26764 962.339
535.26581 2672.64
535.76782 1554.81
536.26892 1612.29
536.71967 2693.05
537.22266 1800.44
540.75787 2255.5
541.00452 1142.62
543.27753 19172.3
543.77771 19209.4
544.27930 17758.8
544.78009 4421.25
545.00952 2163.27
545.25391 4254.25
545.50848 1197.36
546.25989 1160.8
547.75189 1132.31
552.00775 6188.97
552.25824 6394.11
552.50812 4722.33
552.75702 1569.56
554.91943 2364.34
555.25061 2672.07
557.25439 913.311
559.25482 1161.06
559.77606 3673.01
559.94330 3410.31
560.27673 6790.21
560.60364 4167.1
560.78186 1152.53
560.93994 3100.36
561.27643 2180.7
567.74463 5254.15
568.23883 1735.09
568.53851 2292.64
568.79108 2915.29
569.03680 1537.46
569.59546 833.242
569.92572 1237.17
573.27667 1497.46
573.53027 2287.04
573.77869 807.774
574.09540 1262.52
578.47498 932.251
578.67651 977.676
578.87799 1867.74
580.28149 1407.36
580.52710 1659.47
580.78137 1152.85
583.27692 2185.29
583.61072 1351.76
584.27930 876.679
586.60901 824.588
587.30133 1966.32
587.53168 890.985
587.79938 1284.31
589.08105 1220.19
589.28210 3263.2
589.48224 4195.11
589.68555 1978.49
591.33325 3585.61
591.54749 8461
591.65973 4882.24
591.80145 11810.7
592.05115 8471.87
592.22644 2312.85
592.30426 6578.65
592.61383 8339.22
592.75739 5251.68
592.88184 9508.88
592.98889 2192.21
593.08746 10631.9
593.27203 18149.5
593.47046 2187.76
593.58942 3506.62
593.76501 5079.52
593.86023 972.751
593.92242 2209.32
593.99347 2264.06
594.27393 1249.28
600.78467 889.123
605.03546 11535.7
605.28461 12281.8
605.53760 9875.08
605.78900 3559.7
606.04144 1361.16
607.28143 800.733
610.28711 1255.14
623.82391 3243.32
624.27777 3255
624.77917 1846.64
625.29120 1553.77
629.29205 1189.33
629.96228 1268.66
630.29364 8346.62
630.62866 6763.12
630.96112 4738.79
631.29132 1509.95
633.29468 2958.2
633.54865 3652.9
633.79620 4933.92
634.04724 3951.88
634.29108 1490.5
635.30365 4157.27
636.31030 1044.11
640.32556 866.573
642.30780 50405.2
643.31104 17660.5
644.31335 3353.88
645.29681 810.334
657.26819 1250.14
657.63507 910.516
660.31177 812.028
661.31018 1226.79
663.30249 3516.02
663.63770 2928.67
663.97052 2307.51
664.29462 1023.74
665.80591 1132.46
666.30420 1145.02
668.81049 1224.16
669.06525 952.273
669.29407 1475.72
669.62793 1548.03
669.96191 962.33
673.32654 1187.7
675.30841 4435.1
675.81403 3323.11
676.31488 1233.14
681.33679 1128.45
681.83557 862.818
682.07104 1037.25
682.33173 1011.18
685.29761 1075.56
686.31830 5729.64
686.56744 7773.74
686.81744 7672
687.06964 3720.6
687.31732 1538.02
689.32928 1253.34
689.98596 3225.62
690.32391 3945.28
690.65271 1662.48
690.82007 1428.61
691.06635 3223.78
691.32428 3000.49
691.57385 1201.39
697.65063 1018.17
697.99329 1038.31
701.65277 1207.93
702.00323 2143.51
702.33459 4117.03
702.67004 1884.62
703.00952 920.651
703.36365 843.807
704.41046 1692.35
706.82715 5108.93
706.98010 958.596
707.32837 2893.01
707.64899 888.568
707.82758 1092.52
710.80267 1412.6
711.99292 2982.16
712.33032 3040.8
712.65820 1448.66
712.99274 976.323
718.35748 1125.06
718.82129 911.942
719.32318 870.916
720.35394 932.915
723.33813 873.025
726.34204 3398.1
726.67474 4181.45
727.01141 2485
727.34613 1877.73
729.67261 3320.39
730.00250 4290.24
730.33472 5321.32
730.67328 1122.04
730.82440 1959.94
731.34229 983.115
731.84875 2039.59
732.35321 1651.72
732.82281 1279.37
733.31183 1112.33
733.99884 3813
734.33417 5785.7
734.66901 3661.16
735.01440 1656.84
735.67377 40112.5
736.00824 46137.5
736.34186 28147.9
736.67535 12621.5
737.00983 4966.3
737.34222 1020.16
740.34473 7570.85
740.68005 5277.18
741.01489 3621.11
741.35339 2257.77
749.34412 3143.25
750.01758 1158.41
750.35260 1657.28
755.39319 1809.44
764.03552 3663.24
764.37170 3279.88
764.70325 2460.89
765.03656 1375.38
767.36676 1052.5
767.69464 1308.38
768.03174 1545.35
768.34882 886.941
772.33765 1604.52
772.68256 864.272
773.36865 8718.31
773.70209 9849.77
774.03412 9372.58
774.36700 8941.96
774.69891 3226.96
774.87268 1565.57
775.03253 2218.75
777.26782 1196.6
777.68750 2266.13
778.01978 2370.15
778.36133 2416.6
778.68256 941.835
779.37378 923.942
783.33307 1087.2
789.36517 1330.05
789.86389 1199.99
793.35693 2004.37
794.36816 1278.61
800.37543 1380.55
800.71320 985.954
806.37799 10047
806.71259 12653
807.04846 7593.75
807.38104 3671.46
807.71570 2048.01
808.04810 831.564
810.68488 1398.76
811.01288 1293.29
811.35748 1144.27
817.86951 1112.51
818.45709 2178.28
822.86603 1088.82
828.42053 2717.21
829.42279 1772.57
831.87476 9205.76
832.37402 8037
832.87671 4082.5
833.37177 2021.19
836.36633 2745.82
836.87323 2681.3
837.36914 1049.89
837.88672 1545.66
838.39307 2100.63
839.04193 1373.4
839.38678 1770.35
840.38727 842.022
840.91370 2142.52
844.05884 1438.12
844.40240 2411.91
844.72394 5683.51
845.05475 6247.16
845.38800 5421.74
845.72443 1892.63
846.05908 993.426
848.37671 2951.36
848.70984 2944.07
849.04553 1811.38
849.39246 1086.82
856.40491 7816.44
857.39911 4537.4
857.88501 2807.34
858.38977 1923.18
870.37848 1249.99
872.39099 1061.55
873.45801 4116.89
874.44196 1428.75
874.91595 852.118
875.44739 873.726
877.39136 1208.25
877.72614 897.131
883.06384 5301.01
883.39862 8908.46
883.73090 6261.1
884.06409 3584.83
884.39722 1813.02
888.41583 5107.8
888.91431 3811.92
889.39758 3638.44
889.88452 2551.31
890.38531 1263.59
895.39594 1592.66
895.90894 1593.64
896.41272 1663.5
896.90308 853.601
901.40063 1351.26
908.38458 1154.85
912.40778 11857.3
913.41034 5243.45
915.43231 852.213
933.41504 822.917
938.38806 1279.42
943.43689 2720.49
944.43195 1678.09
944.93762 5208.55
945.43909 7006.82
945.93610 5693.76
946.43256 4271.56
946.90784 5574
947.39783 5231.71
947.90497 2235.99
989.45477 1363.55
989.94781 1363.39
990.43628 820.851
994.45117 3542.7
994.94897 4247.65
995.44769 2380.42
995.95679 956.02
1001.42627 921.037
1001.94775 1034.15
1003.44080 8801.39
1003.94171 10194.4
1004.44324 5000.93
1004.94525 2491.17
1040.48999 1314.98
1041.48657 914.039
1045.98083 1028.89
1051.97168 2253.98
1052.47217 2627.82
1052.97437 1845.04
1053.48938 870.361
1059.98608 3182.97
1060.48828 2656.24
1060.98743 1573.64
1061.49243 1001.18
1071.52942 2773.2
1072.40381 1601.21
1073.42664 881.628
1100.47217 993.355
1100.99268 1737.71
1101.49072 1346.59
1109.47412 1917.27
1109.98364 2517.44
1110.48242 1557.22
1118.53723 1545.6
1119.54980 1000.93
1134.48572 4057.42
1135.48328 2048.6
1136.50354 1090.88
1171.49585 1708.21
1215.52551 852.846
1247.56555 2689.92
1248.57324 2139.17
