2356.10747 2
110.07102 1135.96
112.08698 297.987
115.08646 221.035
116.07090 233.033
120.08043 5882.6
121.08374 344.696
129.10210 889.367
130.08549 236.032
133.04268 2916.58
136.07542 1186.61
139.04951 229.781
141.10208 277.104
147.11218 527.399
155.08145 268.983
157.06082 473.882
158.09172 476.183
159.09180 335.935
159.11275 482.055
165.10181 1123.56
167.08119 264.833
173.12878 265.368
175.11858 4364.36
177.10159 599.456
187.10789 455.592
189.06891 2086.79
197.12836 276.091
199.07158 282.72
199.10785 263.73
201.12292 622.566
202.08176 427.068
205.09677 831.456
209.09129 277.845
211.10785 294.625
212.10135 274.183
213.08653 266.055
216.09717 377.227
217.09563 268.107
220.07510 353.386
226.11786 401.238
227.10193 579.216
228.13390 1123.04
229.11833 259.185
230.05922 764.286
241.06458 987.254
243.11618 598.279
245.07724 337.312
248.06912 939.455
256.12744 283.198
258.10760 441.992
268.14227 324.645
270.14383 246.053
274.11926 1124.67
286.11926 477.355
286.15054 1213.74
287.15195 298.252
296.19635 351.536
297.15518 422.776
298.13980 258.158
300.13678 426.892
303.17706 2082.54
304.12939 414.741
308.10556 896.073
308.13989 424.204
315.16611 744.476
329.12717 1766.19
336.13654 2663.05
337.13617 424.665
343.13745 731.976
347.13937 671.006
353.16296 778.69
355.12503 390.93
356.10580 480.279
357.15689 1846.79
358.16013 497.365
361.15085 746.229
365.12744 916.717
368.19009 372.189
373.13522 862.265
375.16833 698.422
377.12888 461.633
385.21713 595.714
390.18527 592.743
402.24515 3060.74
403.14163 310.934
403.24738 401.926
405.15582 548.538
412.19781 285.283
419.17154 498.843
431.17044 427.541
434.15012 280.548
441.19843 523.859
447.16324 362.114
456.22470 604.446
457.14554 359.278
468.16931 453
469.19476 463.326
472.20157 317.437
474.18060 382.359
475.19745 458.033
476.19400 356.956
486.22211 303.714
489.19290 286.165
496.16437 463.043
501.31271 1952.28
502.31470 314.949
504.22675 453.648
505.22714 275.562
528.22394 295.245
541.22296 372.061
550.21393 361.885
559.23511 498.668
602.36102 2530.37
603.36328 561.646
652.25177 397.196
654.28088 331.243
670.26892 325.311
671.32635 265.573
672.31738 329.06
715.44482 1568.11
716.44598 459.173
874.41467 412.367
875.47595 3161.54
876.47803 1302.3
877.48291 267.225
988.55884 1252.16
989.55988 769.571
1075.59338 2577.11
1076.59338 1226.82
1077.59753 419.041
1134.59485 266.292
1135.60474 266.266
1172.60681 843.08
1173.61572 469.665
1189.63184 4265.98
1190.63196 2201.17
1191.63684 751.147
1200.60376 300.788
1285.70178 308.248
1302.71631 3669.92
1303.71631 2287.87
1304.72729 881.48
1400.72827 515.549
1401.73889 308.753
1417.74817 2977.33
1418.74463 1674.83
1419.74792 766.536
1528.79382 499.954
1529.76965 489.578
1530.79712 342.221
1546.78967 2319.76
1547.79211 1650
1548.78491 849.841
1639.82886 351.54
1640.80652 264.378
1656.83838 688.125
1657.82422 1438.07
1658.81860 847.397
1659.84607 394.002
1674.84680 2190.26
1675.85156 1407.39
1676.84949 791.047
1773.93542 571.116
1774.90649 410.56
1860.92578 590.529
1861.94946 616.251
1862.96191 279.772
