1633.65030 3
110.07101 26326.1
111.07391 1135.54
119.04892 5415.66
120.08051 17448
121.08382 1575.18
129.10205 2793.78
130.04967 9677.65
130.08545 702.33
132.10184 1539.22
136.04933 936.326
136.06006 2043.11
136.06358 2061.63
136.07549 98610.8
136.09769 872.396
136.10684 571.923
137.07874 8651.73
138.06558 873.203
141.10201 1440.07
143.11755 1112.79
145.09734 932.469
147.04388 3835.56
147.11229 1176.14
148.06010 18306.3
149.06381 984.335
156.07669 2173.13
158.09201 559.111
166.06100 699.737
171.07591 1795.97
173.09163 923.247
173.12836 1668.78
175.11862 4771.19
181.06111 816.449
183.11241 3625.7
185.05545 3851.05
189.08702 2309.65
195.08693 779.174
197.10313 826.599
199.07108 1499.97
199.18018 2098.93
200.13924 859.113
201.12303 3052.1
203.06593 1637.15
207.08818 880.896
211.10738 2033.57
212.10355 938.374
212.11452 840.372
214.09712 1207.1
217.08194 10163.4
217.13321 13743.5
218.08623 587.265
218.13593 1897.57
219.13332 3104.68
221.12726 721.557
225.09811 4767.22
227.06712 651.262
227.17342 801.394
228.04961 1849.15
228.11368 2053.79
228.13277 2956.62
229.11636 1877.11
234.12280 2393.87
235.08257 586.906
235.12006 2311.36
236.06593 1082.89
238.12140 1019.57
240.11086 601.824
245.07655 4929.48
245.12799 9768.52
246.13202 1628.38
249.12286 1008.7
251.15013 1204.97
252.07620 1738.21
252.13393 3898.28
253.09312 4649.51
256.10983 766.089
262.11816 1233.67
263.08670 11718.9
264.09137 852.645
267.10779 572.657
272.17191 1579.35
273.13254 721.979
280.10709 1347.4
282.12048 683.068
283.14349 24646.8
284.14679 4027.43
288.20303 995.734
301.12857 1268.05
311.13791 3331.96
318.17990 634.129
320.17200 885.752
321.16669 2935.64
328.11264 777.527
328.16479 5220.44
329.16788 803.126
331.15164 1171.41
332.13351 871.488
340.12506 1578.01
346.11926 1588.51
346.17487 5232.98
347.17856 1016.91
349.16113 10173.4
350.10901 3569.17
350.16440 1946.25
351.67630 1186.65
352.17819 829.03
358.64005 1158.44
359.14246 633.434
364.13107 3598.74
365.67502 724.945
368.11923 7453.78
369.12067 884.016
372.16602 804.709
377.15582 1034.41
378.12976 1386.1
380.67203 1775.92
382.18414 893.243
385.22672 790.866
396.11615 811.764
402.24493 1893.05
407.15872 864.811
407.20163 794.174
409.19391 756.321
410.67764 1187.97
411.15811 922.617
414.84796 968.36
415.18027 727.695
417.17679 901.582
418.17847 2906.66
418.67584 1543.66
419.18213 594.21
424.67453 1096.58
425.17096 840.606
426.16632 1480.92
430.16959 790.723
432.17197 2604
432.67432 1594.83
435.23679 894.987
443.19235 3713.23
444.19714 986.972
452.24228 2598.52
452.74756 644.229
454.27664 768.246
457.69394 602.833
461.20245 14048.7
462.20547 3826.39
464.18634 861.616
464.70651 1170.31
466.70340 5800.95
467.20313 2842.15
467.70370 764.946
468.20895 950.057
469.18021 1222.3
472.19037 804.989
472.28793 2835.65
473.28247 6469.58
473.71237 2555.12
474.21393 1381.76
474.28506 1061.92
475.25159 2239.52
475.58704 1340.88
479.20856 981.364
480.70004 3928.53
481.20581 2283.97
481.58618 695.89
486.22107 2635.27
487.19138 10324.3
488.19492 2503.33
490.70148 683.5
491.19827 1522.15
491.69669 1026.85
493.19186 915.192
496.27646 673.45
496.77054 706.26
497.17923 770.153
499.70807 7660.76
500.21051 4892.2
500.71307 1227.37
501.22397 769.111
505.77151 3315.86
506.27145 1616.48
507.91034 2713.93
508.24933 722.278
508.78085 762.152
511.20154 1590.42
513.28320 928.257
513.62067 781.604
513.70581 4593.06
514.20599 3569.88
514.70892 856.375
515.18707 8924.41
516.18652 2029.05
518.20129 642.286
522.21979 2716.49
522.71759 2138.21
523.21753 786.159
527.72888 1089.62
529.28510 836.36
531.22723 3043.52
531.72601 2173.11
532.22986 1117.38
538.23199 647.991
538.73279 761.537
539.22675 609.199
540.23724 11070.3
540.73846 6153.84
541.24310 2201.55
541.72412 713.134
543.77667 3227.77
544.28101 3433.92
544.78070 1674.37
545.28333 1702.3
546.28662 2568.51
547.23547 1642.71
547.73981 977.383
548.27991 1506.71
554.23462 4337.46
554.73468 2377.41
555.23682 1164.89
555.79059 873.393
562.23328 1509.37
562.72913 722.783
563.24847 655.348
564.30054 2477.03
564.79681 1124.46
565.28802 3098.58
566.29004 1003.93
567.23688 775.022
568.22931 978.836
568.74371 815.79
572.23407 901.891
573.25177 1660.98
574.28027 2149.18
574.61169 2452.27
574.94525 1117.54
577.81073 3633.65
578.30981 1724.36
578.81305 775.416
579.21301 2316.54
579.73108 1130.44
580.23529 1692.37
580.73376 776.282
584.74896 906.864
585.24951 712.44
586.36517 2298.61
587.31342 1013.73
588.73914 3507.48
589.24030 3132.99
589.74011 1194.71
590.24255 6013.67
591.24945 2194.02
591.61047 691.241
593.28052 2502.8
594.29279 641.292
595.75244 4199.48
596.25226 3371.71
596.75067 1141.58
598.25848 1599.73
598.74988 675.442
599.25342 918.478
600.34686 708.954
601.24744 2225.26
602.25061 767.372
603.29303 1295.98
603.61804 1385.05
603.94855 617.093
604.75555 2235.98
605.25537 1582.66
608.25543 14063.7
609.25616 4528.47
610.25696 967.666
610.36926 704.721
612.23517 1095.36
613.24542 1207.36
613.76196 779.94
617.37256 1261.43
619.35193 787.365
621.76910 3562.09
622.26923 3162.22
622.77271 1205.95
627.25244 637.638
630.25879 781.067
632.25226 696.479
633.22369 1415.78
635.25311 767.22
635.76868 1048.14
636.26312 840.389
643.26178 741.26
644.75452 920.235
650.25342 5474.42
651.25958 1982.51
653.26563 3342
653.76422 3001.91
654.26117 2090.87
655.28021 617.646
659.29218 802.979
662.27081 10423.1
662.77112 7989.4
663.27374 3637.21
663.77472 1113.75
666.33887 726.224
668.77966 721.684
671.25787 965.103
673.39844 7502.57
674.40216 1996.96
676.32977 1931.51
677.32385 1230.06
677.78375 989.439
678.24890 5979.21
679.25116 1750.17
680.25519 627.705
683.28845 761.406
688.27692 6181.27
689.27838 2131.9
691.31970 618.812
694.33691 994.477
697.39740 3215.61
698.26227 1504.07
699.24567 829.657
702.34912 686.513
706.39264 1747.96
711.27911 1324.77
712.28864 1296.66
713.29681 841.467
716.27185 10005.2
717.27698 3599.88
718.28119 1125.55
720.35406 1106.28
720.85632 804.518
726.28021 3380.32
726.79028 2215.44
727.29059 4427.53
727.79175 1012.09
728.29199 855.378
735.79858 5385.26
736.29907 3675.56
736.80341 2180.1
743.80066 1580.52
744.30139 1494.66
744.80292 825.176
745.31335 1639.37
746.31299 675.227
746.81244 622.589
763.86847 1134.11
764.37469 731.821
766.42310 941.172
773.39313 1198.58
775.29889 632.825
782.31946 1342.7
783.38635 741.523
783.87347 687.032
784.43701 1007.22
791.34106 1684.01
792.38660 4335.82
792.88135 3621.64
793.38800 1203.21
802.44006 8429.76
803.44403 3440.34
806.34296 1305.96
809.35522 9513.14
810.36084 4355.7
811.36353 1363.73
818.32782 1054.25
819.34357 1389.54
835.34637 9497
836.34961 4202.31
837.35577 1192.62
845.32892 1943.66
846.31451 1303.04
855.46252 916.161
859.35675 787.973
860.91510 1813.3
861.42920 1582.63
863.34119 17240.3
864.33319 7878.79
864.45953 2133.65
865.33337 2059.66
871.36469 1315.24
873.47791 12443.5
874.48059 4736.49
875.48578 892.149
889.34326 4516.4
890.35162 1865.32
891.33887 734.823
896.35712 993.491
904.42993 1765.59
904.92529 1823.07
921.49152 1090.86
928.39771 682.576
932.39673 1286.76
933.39929 814.47
938.39508 2523.78
939.39215 2206.51
940.39325 1431.03
941.38843 779.667
945.38080 921.348
946.40540 1560.38
956.40784 9043.35
957.41132 4976.26
958.41498 1680.88
960.39166 1909.51
961.39551 891.066
977.51587 942.284
980.40466 918.295
981.38446 1398.59
982.39148 1238.05
998.40735 5361.15
999.40997 3303.95
1000.41003 889.267
1008.38904 848.994
1009.38080 2077.76
1010.52740 3715.2
1011.53113 1345.05
1026.40405 10594.2
1027.40527 5648.27
1028.40601 1707.88
1042.39172 662.445
1043.42419 1143.22
1044.43921 634.474
1059.42932 1222.92
1061.43433 1147.49
1062.45044 633.829
1079.46387 933.513
1107.46521 1318.01
1108.45154 998.671
1173.60242 2050.66
1174.61157 787.625
1176.47070 1144.53
1177.47278 919.04
1190.51477 662.114
1302.64587 984.847
