2356.10538 3
120.08031 803.837
129.10194 439.842
133.04259 645.909
136.07549 493.557
143.11729 264.924
147.11243 374.403
159.09093 242.799
171.11264 193.443
171.14842 502.502
173.12859 376.068
175.11853 818.142
184.07240 278.199
185.16451 456.554
187.10606 189.995
199.14377 341.88
201.12273 592.464
202.08197 214.414
213.15892 417.588
228.13351 458.954
229.11731 277.352
240.13379 241.913
244.26283 898.054
245.07668 192.665
245.26671 369.223
246.12619 359.954
258.10782 192.377
274.12119 310.821
286.15540 212.303
300.15436 299.532
303.17657 396.4
315.16617 321.304
328.18683 240.144
336.13757 229.41
357.15720 401.078
373.13486 283.572
402.24503 1136.91
413.23618 195.514
441.26929 188.192
468.17245 202.501
496.16959 317.345
501.31384 1146.04
546.32648 225.123
559.23779 195.059
602.36060 2556.47
603.36572 382.275
664.25354 352.569
675.77252 297.045
682.26373 316.089
706.34930 240.836
707.35699 198.695
715.44531 1922.63
716.45148 344.673
740.41681 283.625
784.51044 2683.04
785.51617 1136.54
786.44971 470.771
786.59369 360.321
800.38391 441.394
810.32428 366.392
820.42548 204.855
848.39600 260.89
849.30249 210.921
867.34192 204.191
875.47418 4523.39
876.46942 1794.35
877.45911 438.156
878.46375 243.011
906.46643 210.699
907.45673 341.921
908.46179 265.606
939.36285 268.804
961.48352 265.252
975.53180 400.578
976.53448 410.153
977.49878 620.057
978.49353 528.309
988.55927 903.188
989.55499 295.349
1048.51245 797.439
1049.50659 462.525
1054.39319 1199.9
1055.38806 416.768
1075.58887 916.569
1076.59387 417.83
1077.57935 223.044
1078.56982 211.994
1164.58533 245.538
1167.48218 472.826
1168.48462 234.577
1171.62317 205.752
1172.61804 263.866
1189.63635 1088.75
1190.64343 496.907
1284.68311 212.26
