2229.10050 3
110.07112 3138.37
120.08050 2852.58
129.06573 1177.21
129.10210 18427.1
130.06447 902.579
130.08601 2774.98
130.10564 1209.95
136.07553 5874.83
147.11256 7629.35
153.10231 1289.69
159.09132 1617.83
161.12819 865.145
171.11267 11742.5
173.12820 4146.13
175.11813 2896.7
181.09683 5340.73
183.14908 1174.12
185.09189 2004.56
187.14383 3267.78
197.12849 4330.59
199.10742 9630.71
200.11188 1026.43
201.12334 3102.65
203.10251 933.57
211.14455 1329.74
213.08640 1000.58
213.15985 994.306
215.13847 2514.22
226.08351 891.098
226.15482 6140.32
227.15942 970.791
232.16483 1016.91
238.11861 1913.97
242.18654 3464.97
243.13326 1844.11
244.16518 47963.8
245.16867 5309.62
251.10269 1595.6
256.12817 1565.71
260.19562 1466.88
264.13397 5888.28
279.09708 1982.88
282.14438 11090.2
283.10458 927.151
283.14996 1294.41
300.15463 4737.55
301.11526 1305.61
303.20343 1047.09
306.16138 1321.45
311.20792 3328.52
316.14914 1902.42
325.18771 1456.19
340.19183 2755.75
340.69183 1064.07
341.15097 1247.48
343.23270 3734.12
348.12094 1007.78
353.21759 1236.74
355.14868 3330.68
355.19455 1112.03
355.65186 1268.74
366.12781 1449.98
370.13464 1824.9
371.22614 2058.82
380.17572 2187.42
381.21326 4772.53
382.21420 1034.23
389.18152 4752.48
389.68237 1558.6
395.70782 4029.81
397.69409 3701.86
398.19370 1107.97
399.22372 4149.8
400.22610 1133.73
404.22076 8960.45
404.72208 4166.32
405.22272 1344.26
409.18198 1879.77
413.22620 7179
413.72821 1921.64
417.14035 2296.34
417.24286 3610.34
418.24460 1233.57
427.18250 2169.45
430.26620 3777.09
431.26605 1168.1
435.14990 3869.87
444.69855 2956.28
445.19833 1569.1
450.23535 2816.76
453.20947 19495.4
453.71008 8559.74
454.21347 1978.96
460.75681 1176.01
461.26529 1030.54
462.21481 13117.2
462.71695 5403.1
463.21973 1435.51
465.24341 1877.44
468.11124 1837.37
468.24225 1448.22
478.22598 1155.93
479.21750 1154.47
483.21225 1956.11
483.26083 2583.25
495.75238 1084.56
496.23834 3174.67
497.23972 1252.56
500.28372 1290.88
506.22241 1496.13
509.75363 1223.95
514.24994 12255.8
515.25098 3462.85
516.20416 1237.73
517.29718 6099.25
518.30334 1691.09
530.32965 2967.5
530.76678 1601.05
531.32983 1914.83
534.21893 6798.79
535.22345 1304.63
548.22992 1273.77
549.29889 1683.31
551.24744 1245.67
552.21332 1468.77
562.24994 1055.14
566.24664 4112.22
579.29370 5348.06
579.79791 3591.38
581.23645 6272.79
582.24182 2335.33
584.26697 954.781
588.30292 1874.71
588.80640 1323.61
590.24500 1836.51
593.30621 1605.38
594.29364 2107.57
596.30096 2364.49
597.30487 19446.1
597.80652 12900.9
598.24915 4142.31
598.31793 3771.25
598.80762 1374.89
599.25616 1516.44
605.29419 979.536
611.31366 12314.5
612.31903 2584.03
613.31763 1124.48
617.25330 1838.76
633.27930 2259.37
635.26404 1698
649.32745 1098.19
653.27173 1677.21
653.84698 1519.46
654.35504 1079.19
659.31525 2071.83
664.33893 1874.21
677.38647 4430.02
678.39703 4167.12
679.32910 3096.04
680.35919 12496.3
681.36707 4003.23
682.36853 1150.88
691.26727 1423.77
692.26123 1692.01
694.36096 1531.64
696.40668 2446.73
697.33221 1328.59
697.43311 1029.02
707.37567 1688.15
709.29077 37328.8
710.29340 12984.6
711.28827 2579.01
716.32654 2081.16
718.29919 1378.59
720.12372 1148.41
724.39941 9860.77
725.40442 3442.14
728.30908 1612.19
734.33209 2197.89
736.30896 1063.35
737.31812 1140.09
742.38629 1030.85
742.90442 1162.71
743.32257 1164.73
743.45227 3890.87
743.90387 2391.67
744.45056 3306.79
746.33350 2577.83
747.34393 1047.88
752.34747 1040.71
764.33917 2726.43
765.35352 1666.89
772.41821 1001.15
777.36414 1000.73
779.36639 3796.85
780.36566 3187.03
781.44336 1377.96
785.87042 1072.41
789.44183 1650.65
790.41034 2084.94
791.41821 1139.03
792.34149 1034.74
792.41187 1208.77
794.38013 3524.69
795.38678 23361.7
796.39026 8260.16
797.38086 2299.98
797.89423 1000.27
804.35889 1030.93
805.36804 1371.85
805.46252 1928.62
806.45959 2549.39
807.43713 17538.8
808.43781 7776.95
809.43872 1773.49
810.43378 1561.67
815.35590 5216.24
816.35614 2279.25
817.36884 2118.81
822.37408 15961.2
823.37823 7081.32
824.37280 1487.39
825.44873 10057.3
826.45142 4506.4
827.46167 1030.42
833.36487 7829.24
834.36792 3467.85
835.37195 2629.41
842.91455 1120.39
845.36627 1085.84
851.36340 2344.88
852.37488 1078.22
861.41840 1040.73
878.43445 5790.86
879.43463 6195.78
880.43817 3352.56
887.40320 1438.6
888.39069 2480.98
889.39771 1415.46
892.54254 1127.17
894.45245 12069.3
895.45514 6498.15
896.42389 2214.17
897.42175 1298.3
903.50751 1724.82
904.44525 1306.45
905.41113 45768.5
906.41479 21135.9
907.41553 6218.09
908.41565 1266.44
910.53839 3070.52
911.54376 1517.2
914.42450 6027.12
915.43036 2777.26
920.52155 10048.1
921.51874 6589.16
922.42480 1095.81
922.55438 1302.13
923.42035 11322.9
924.42389 4854.96
925.42639 1532.31
932.43433 10993.2
933.43427 6060.02
934.43335 1143.16
935.50165 1553.57
938.52905 19957.5
939.53711 9464.16
940.54474 2792.14
950.44714 4383.46
951.44818 1683.37
977.49945 2381.27
990.51514 1102.72
991.51599 2600.06
992.50006 2883.26
993.49377 1763.96
995.50159 20728
996.50409 9910.96
997.51227 2888.88
1001.48187 1022.06
1003.47266 1237.1
1003.99176 1969.75
1004.48157 1067.06
1008.50745 2925.4
1009.50555 1556.15
1018.49432 11964.1
1019.49872 5927.62
1020.49622 2177.63
1036.50513 16312
1037.50793 8371.32
1038.50952 2126.94
1049.53711 1024.45
1060.52747 2321.75
1078.53992 2134.53
1079.56213 1151.69
1088.53308 1134.86
1089.53552 1134.4
1091.54236 1154.05
1096.55078 13859.3
1097.55029 8115.12
1098.56201 2066.96
1105.57202 1434.88
1106.54248 10346
1107.54187 5540.81
1108.55090 2039.1
1121.55615 1018.57
1128.53625 1617.49
1157.58557 1912.55
1158.59277 1075.08
1175.59546 8493.96
1176.59241 5156.23
1177.59717 2115.68
1193.60352 42469.3
1194.60461 27813.3
1195.60815 9844.82
1196.61804 2047.86
1211.63550 1749.43
1216.59546 1096.83
1217.58728 1026.71
1218.59314 1272.12
1227.62976 1083.15
1306.68652 2344.85
1307.68054 1345.52
