3318.51650 4
129.10193 6584.41
141.06578 7924.23
147.11250 10744.9
159.07602 21047.9
187.07085 30104.7
200.13953 3285.21
216.09758 6765.89
218.14958 15360.1
226.08203 9776.88
244.09215 35847.8
273.11859 2907.52
282.18167 3563.62
284.08633 2982.83
297.15536 12945.9
301.11383 21059
355.12277 4780.35
356.10730 3088.63
367.12222 3252.26
373.13492 17816.8
385.13120 4481.02
395.11792 4936.14
402.15912 8744.35
412.14435 4103.77
413.12784 9848.91
428.28763 23851
429.28836 5560.46
430.15546 20403
431.16022 3067.01
437.70560 5625.18
456.17453 3816.3
472.21704 8308.14
472.71591 4509.17
474.18292 4350.84
482.28006 3473.24
493.72928 3869.65
498.21689 3808.77
498.77069 7408.51
499.32156 44100.9
500.32486 11857.5
510.27692 19832.8
511.28241 3786.25
514.17816 5206.11
521.20386 12229.4
521.70416 5812.06
524.15747 6601.41
539.24341 4154.84
541.18604 6491.08
542.17126 8669.35
543.23383 3154.85
559.19745 13346.8
560.19916 3851.72
569.25873 4894.36
577.77905 4311.25
614.35040 6524.63
623.36139 9143.35
624.29950 4268.49
625.21234 6472.69
632.79584 11424.1
633.29437 14204.6
633.79211 10169.6
640.29156 8907.84
641.80396 26002.1
642.30017 16685.7
642.80530 5684.65
643.22687 4374.51
646.98865 44987.1
647.32336 47468.8
647.65594 23393.8
647.76459 3523.61
647.98633 6635.65
650.33618 5897.3
650.79633 5184.45
651.29602 3691.37
660.24371 9639.37
673.64587 4471.22
673.97528 4333.19
679.64813 161525
679.98090 179080
680.31537 101179
680.64948 43986.4
680.98297 8989.35
681.81421 3989.59
690.32806 7681.83
690.82800 5907.14
691.33301 4001.62
699.32544 49052.4
699.82605 30481.6
700.32758 10276.7
716.32123 4499.01
716.66235 4884.22
716.99634 3740.83
724.40936 16075.2
725.40735 5363.29
726.84943 7250.71
727.34766 5640.66
738.28613 7521.06
743.39337 16102
744.39929 5141.57
749.84973 12310.4
750.35309 6995.71
750.85419 3933.48
755.31342 9896.18
756.30890 7514.68
757.29462 4144.57
769.80621 9473.26
770.31299 7937.58
773.33105 9043.57
774.33392 3665.13
775.11230 6438.65
775.36908 3939.73
778.36761 7009.76
778.69214 6829.16
779.02844 7341.03
779.37048 3771.92
783.39331 4114.08
783.89819 3626.22
800.38025 3968.49
801.88776 4017.73
805.32947 6380.18
805.82831 7424.47
806.33221 4133.16
816.74554 13677.7
817.07819 17477.4
817.41498 11567.2
817.74695 7208.28
821.87842 8539.72
822.12939 3524.66
825.88593 8187.19
826.13538 12399.9
826.38409 14376.8
826.63538 10442.8
826.87598 5143.99
829.42090 19398.6
829.93640 7535.25
830.39874 17758.1
830.72546 12957.6
830.89465 5188.48
831.06232 14282.8
831.40179 10236.4
833.91925 6913.64
834.42017 6734
842.88092 7972.78
843.38623 12374
843.73114 12139.8
844.06256 7232.62
844.39459 8211.95
849.40558 90246.9
849.73889 128807
850.07202 79370.9
850.40570 45452
850.73761 10941.8
853.45367 13697.6
854.44751 12534.8
854.76941 8847.48
855.10315 3850.34
855.45428 5691.05
861.11395 3291.19
872.92676 5096.31
874.40906 4563.02
878.40015 6184.75
878.89935 5106.29
881.42987 7057.33
881.77826 3285.86
882.10388 3929.95
887.09912 49191
887.43243 64633.8
887.76648 48834
888.10803 38073.3
888.45099 23267.1
888.78967 12837
889.12714 7421.39
898.44177 4110.88
898.93286 5966.69
899.46997 4100.84
910.39545 5065.61
910.90143 5801.51
914.76917 4309.64
915.10919 15357
915.44366 11757
915.77917 5509.05
920.78186 88242.9
921.11621 132735
921.45068 125251
921.78851 54386.2
922.10071 20886.4
922.44110 15691.8
922.93176 6256.13
925.46686 4109.86
931.13507 9842.71
931.47052 17443.1
931.80341 8799.89
932.13922 6205.21
943.42291 14764.2
944.43384 7808.54
946.42914 4255.97
952.12048 3451.88
952.45056 5425.92
957.79260 15033.2
958.12610 27075.4
958.46008 24732.9
958.79291 12699.8
959.13110 5735.53
960.96759 4751.22
961.45471 9436.04
961.94409 4083.9
962.45374 3595.92
963.79620 61128.3
964.12836 92001.1
964.46478 68237.7
964.79724 37855.9
965.12543 11170.4
965.45142 3937.18
967.43610 3560.55
968.46619 4846.9
969.97937 48683.4
970.46613 65897.9
970.96021 46188.1
971.45667 22938.1
971.95062 8083.26
974.14343 3633.21
974.48151 7294.9
974.81793 8189
982.48846 4447.98
986.45148 27290.2
987.45734 14730
988.45612 4064.62
995.79126 3980.87
996.53375 59587.6
997.53827 26105
998.54315 8159.19
1000.80688 7759.28
1001.13611 16228.1
1001.47144 11355.1
1001.81409 3874.86
1006.81146 24343.9
1007.14410 29366.4
1007.47711 30043.4
1007.81226 13151.7
1008.14117 5379.2
1009.97516 9973.18
1010.46619 13258.8
1010.96405 6074.95
1011.47363 5498.12
1012.49512 5310.34
1012.82715 5368.14
1018.96808 77520.1
1019.46851 90294.8
1019.96820 52727.2
1020.46906 20442.3
1020.97357 5607.52
1024.44019 4902.61
1024.93848 6048.25
1033.48218 4272.67
1039.15186 5931.45
1039.49219 8455.44
1039.81763 6518.95
1044.82312 15568.8
1045.16052 28977.9
1045.49292 23987.3
1045.82361 14252.6
1046.15161 5593.96
1059.96057 5665.94
1065.55920 4072.36
1074.48901 6220.44
1074.99475 6285.63
1079.51855 4528.39
1081.49280 3739.44
1096.53149 13925.4
1097.53418 7546.48
1118.05139 3737.4
1118.56152 6030.87
1131.51453 3369.47
1132.50903 3863.67
1149.55676 4216.88
1154.53979 11844.1
1155.55042 6945.81
1163.53284 8182.25
1164.54358 3889.83
1167.04688 12478
1167.53882 13936.8
1168.04199 7363.85
1168.55164 4080.76
1196.52063 4588.18
1247.59326 3862.28
1254.60974 9308.23
1255.61121 5976.67
1262.64319 4260.72
1264.57800 6000.48
1265.57922 14168.5
1266.56885 7971.55
1282.60034 101496
1283.60059 63012.1
1284.60083 24551.6
1285.62476 5683.34
1299.67236 4175.21
1363.68604 4716.52
1397.64319 8848.1
1398.64258 6809.7
1539.63538 3757.25
