1160.57874 3
110.07108 81530
111.07432 3920.75
112.07546 2443.78
115.08643 2218.74
116.07060 3214.06
124.07571 1672.37
129.10213 88795.7
130.08612 25509.7
130.10515 5449.23
131.08170 4260.12
139.08656 1837.24
141.10199 14379.7
146.06352 1595.38
147.11266 40925.8
148.11623 2287.06
153.10233 2545.75
159.07626 2533.92
159.11279 2719.93
166.06105 1883.51
169.09705 13208.3
170.10040 1502.52
173.12814 5813.81
175.09651 1262.22
175.11813 2328.76
176.08051 1304.49
181.10794 10800.3
183.61023 8433.69
184.07140 6593.04
184.11148 1879.51
185.16467 4925.43
187.10738 6489.3
192.12355 9234.46
192.62540 1926.85
198.12404 2417.55
201.12260 1990.49
202.08176 1556.17
208.10777 2907.54
209.10329 46708.6
210.10782 4341.6
217.62935 1479.04
221.09167 2914.55
223.15581 2275.87
225.13379 1591.37
226.11862 9959.24
226.15500 21271.1
226.63423 61640.2
227.13646 18278
227.63805 1749.08
234.12335 1673.27
237.09793 1898.07
238.11835 4377.36
241.12581 1229
243.14510 16618.1
244.16519 99403.2
245.16856 10408.2
249.63631 2281.22
251.14992 6564.24
255.14494 18218.4
256.13123 3089.81
265.12897 3169.61
266.11325 2940.14
267.14462 1445.58
277.12872 1213.42
282.04898 2912.24
283.13995 13460.3
283.17676 6926.07
283.67734 2275.66
284.14301 1748.02
290.11108 1709.6
292.49524 1553.49
292.83081 1218.4
294.16241 2834.72
295.13937 7479.54
297.18954 4713.96
298.62570 2915.6
310.66373 1366.51
312.16663 11344.1
313.17096 1651.79
315.20209 62673.1
316.20551 10640.4
317.68848 2046.36
320.17120 3820.71
322.18695 13093.7
323.18781 1913.09
324.16663 5622.51
326.69266 13449.4
327.19315 5185.96
330.17618 1445.91
334.15094 3295.58
338.18198 16072.3
339.18027 1420.16
341.21860 2117.66
343.19305 7315.53
343.52408 5103.99
343.85748 2362.27
348.86929 4763.07
349.19781 36213
349.53165 19391.2
349.86530 7356.29
352.19336 4308.35
354.87265 38954.9
355.20471 29921.4
355.53778 12424.3
355.87051 3401.45
356.23007 1334.7
360.71127 8932.39
360.87622 11691.9
361.21103 10136.3
361.54688 1395.59
365.12115 1638.76
365.70264 2498.67
366.18887 8329.02
366.22665 3366.2
366.69608 3985.45
367.22403 1899.35
369.20532 2516.12
370.17273 6901.51
374.70828 23948.1
375.20929 10692.9
375.71152 2606.6
375.85168 3432.54
376.22610 7020.43
376.51608 1660.3
376.72552 2079.53
377.17996 1791.9
381.22168 4195.32
381.52878 1699.37
381.85587 24416.6
382.19083 13574.6
382.52496 3654.82
383.23877 2962.53
383.71249 3049.27
386.74207 2763.18
387.18735 16865.4
387.53183 12424.8
387.71402 1768.32
387.86615 8253.16
388.19348 5297.47
388.23062 4918.71
391.20718 1560.83
393.11691 5179.74
393.22101 3197.69
394.20795 22807.5
395.21021 3593.54
396.23016 2938.98
396.73364 1563.11
400.69644 1290.41
401.18661 12869.3
401.67697 3170.81
401.71777 4052.91
402.22031 3901.14
406.17908 2320.6
406.66830 1292.46
408.22305 1923.79
409.21854 27228.5
409.69907 27150
410.14517 2577.61
410.18478 5314.19
410.23087 16947.7
410.73627 34040.2
411.23621 29650.2
411.73996 3015.4
412.23880 3377.51
414.69098 1904.15
415.18341 18997.4
415.68939 8489.17
416.22403 3125.34
419.23779 2293.96
419.73999 3755.41
420.24734 1324.65
423.69626 33328.9
424.19778 12357.7
424.73441 7619.57
425.23502 4404.22
429.72644 3459.41
430.74509 2765.32
434.24985 3121.04
435.23294 2973.4
436.24139 2050.22
436.69434 1456.36
436.74112 1840.38
437.25238 3265.34
441.73209 1341.56
442.19061 1399.56
445.20905 2140.67
445.25381 4641.29
445.75275 2872.19
446.20099 1309.68
447.23251 1445.88
450.13724 2450.97
450.24146 5067.07
450.69522 5261.4
450.74219 5759.08
451.19522 3574.09
451.24396 2387.23
452.26129 43108
453.26480 10053.3
454.26657 1500.35
458.75272 8180.9
459.19855 6153.97
459.25168 19081.1
459.69702 2337.91
459.75278 8890.43
460.20511 1572.03
462.24228 2319.27
463.22910 8123.39
464.23566 2650.98
465.24673 3438.85
467.26123 1788.18
467.75818 51087.3
468.25952 28272.1
468.76038 7009.1
472.74927 2878.93
473.24521 5923.97
473.74609 1887.05
474.26089 4311.19
476.76419 4120.42
477.25027 1769.25
478.27951 2920.47
480.25400 9859.72
481.24002 7103.57
481.75681 1359.68
482.24860 2123.81
483.25638 2850.96
492.18256 1622.27
494.26959 1432.62
498.26587 18473.9
499.27197 4086.42
499.72064 2722.81
506.27115 9090.46
507.27570 1560.01
507.74338 1242.91
508.27872 4335.59
516.74567 4509.8
517.24689 2015.74
531.30017 1756.15
534.26556 4098.48
544.18341 1274.28
548.31897 2917.51
549.31573 2036.16
559.29462 1782.62
561.20630 14792.5
562.21045 2930.39
563.21497 1401.7
565.34509 15865.5
566.34357 5407.48
567.33984 1497.64
575.28235 2307.9
576.31384 8455.19
577.30963 11310.7
578.23578 9239.97
579.21838 4916.99
580.22174 1694.62
583.35547 6247.59
584.36145 1611.11
592.32074 4768.26
593.33923 8262.09
594.32495 10500.5
595.32513 3360.11
596.24353 5953.24
597.25098 1580.89
600.38007 1442.5
602.31079 1343.07
603.29095 2647.53
603.36749 1760.14
605.30255 5372.39
606.30127 1675.5
611.35071 27997.5
612.35376 9024.27
613.35510 2408.78
620.31464 9176.7
621.31744 2305.1
634.36505 3877.46
635.36823 1952.69
652.37708 51679.2
653.38019 18513.6
654.38287 3630.38
662.36237 4721.51
663.36218 6058.75
664.37701 1546.99
673.34436 2541.86
674.28162 7089.39
675.28607 3067.77
681.33264 3776.51
691.35394 9732.26
692.28107 3810.59
692.38074 2989.02
709.32666 12215.2
710.33191 3590.95
718.40594 2969.2
731.37830 1801.09
748.40845 4403.97
749.41699 1355.31
751.44568 6190.88
752.45081 2718.93
761.42908 1595.99
788.40460 1253.6
789.44922 3428.49
790.44202 1567.86
791.45392 1452.31
801.42859 1801.06
802.42389 2581.85
803.43365 2556.59
806.41724 2462.93
819.44556 6198.95
820.45819 5418.41
821.46442 1517.38
830.45374 3249.33
846.39056 1771.92
848.46045 8708.82
849.46039 4835.34
860.47894 1446.59
900.39929 1323.33
917.43036 1321.84
