1833.90836 3
110.07087 5870.78
120.08038 71596.8
121.08367 5307.83
129.10193 2509.68
159.09160 2567.88
172.07126 1653.79
175.11841 10462.7
177.10210 1473.05
185.16422 1312
199.17996 109854
200.18350 11786.7
203.06564 1137.6
227.17494 71518.5
228.17830 9585.64
229.11778 4471.34
233.16417 133766
234.16753 18702.5
235.17183 1248.33
240.13538 1040.12
253.09277 1048.48
261.15891 96966.7
262.16220 14167.7
263.16739 1063.75
269.15988 1142.51
301.22626 1389.26
303.17688 4909.97
329.22116 7628.96
330.22464 1036.47
363.20575 4526.52
374.24252 27560.9
375.24631 6213.64
376.18549 11896.8
376.67371 5839.49
377.18628 1700.29
385.67972 14358
386.18164 5412.56
400.19211 2904.66
408.22711 21471.6
409.23065 4740.47
413.16638 1110.43
417.21915 38119.9
418.22195 5983.58
427.15945 1660.85
431.17538 1927.66
434.18713 1753.83
434.68884 1088.52
443.19312 4268.59
443.69330 1151.41
455.15039 2244.65
459.33340 1356.75
463.21829 1405.77
477.70313 7928.83
478.20352 3502.49
486.70911 20773.9
487.21021 9993.24
487.71124 2308.47
489.26822 1709.22
493.31683 3385.65
515.22046 1188.31
521.31024 3810.8
522.31396 1309.04
526.70648 1846.75
532.24597 15789.9
533.24841 3351.1
535.21600 10781.1
535.71582 6351.45
536.21558 3187.34
540.24091 1289.8
544.22162 42450.4
544.72290 20292.4
545.22241 5527.43
549.21820 1255.32
556.19751 1954.83
568.23822 2249.83
575.32526 1900.28
578.24249 3360.17
579.24799 1252.71
582.75439 1374.27
591.75879 9652.82
592.25885 7179.32
592.75781 2217.78
600.76349 45821.8
601.26520 25981.1
601.76532 8325.54
602.27197 1366.79
605.75580 2225.76
606.25751 1504.49
615.28479 1640.44
616.26819 1239.82
633.29315 36984
634.29706 10586.3
635.29779 1907.51
643.27124 1089.29
656.28497 1287.56
656.78052 2617.56
657.28424 1674.58
665.29199 16696.9
665.79138 12959.5
666.29309 7094.66
666.79132 1609.34
669.27393 1181.02
671.22394 1480.1
674.29834 89234.4
674.79919 61379.8
675.30206 22904.7
675.80054 5576.77
687.30847 2963.94
715.30292 3713.7
716.30408 1522.16
721.83380 4669.72
722.33331 4835.36
722.83185 1318.48
730.84015 24073.4
731.34070 17954
731.84143 6262.6
732.35120 1405.94
752.34143 4051.59
753.33148 3740.68
754.33167 1527.42
770.35144 61344.7
771.35370 22039.1
772.35486 4159.35
773.45636 3324.94
784.30933 1404.32
795.36475 2740.22
795.86884 3656.8
796.36847 2232.91
804.37341 22081.6
804.87427 13941.4
805.37555 5612.28
805.88202 2081.37
816.34674 1579.15
860.90961 2214.68
861.41766 2178.29
861.92670 1325.28
867.36407 1127.76
868.35040 1734.31
885.37921 18569.4
886.38354 6688.61
887.38068 1269.19
913.33197 1391.43
931.37103 3870.2
932.38940 1630.14
954.39996 3625.93
955.38745 4176.89
956.38306 1259.89
972.40967 45819.9
973.41266 22115.1
974.41479 5311.5
975.42621 1118.18
1026.42078 1797.45
1027.41699 1598.46
1044.45728 1403.18
1045.43311 1589.61
1053.39612 1782.35
1069.42761 9430.69
1070.41638 10419
1071.41565 4174.48
1087.43628 92436.5
1088.43872 43954.5
1089.43945 13609.2
1090.44019 2193.99
1097.41711 1353.73
1173.48682 1512.02
1182.51648 3087.86
1183.50061 4059.08
1184.49536 1703.28
1191.52051 1530.44
1192.51587 1207.32
1200.52136 39530.5
1201.52087 24627.6
1202.52319 7212.75
1210.50098 1362.35
1287.55103 1255.5
1329.57605 3967.97
1330.57544 4172.56
1331.58228 2021.15
1347.58948 39782.2
1348.59290 26822.4
1349.59497 9258.35
1350.61340 1888.16
1460.67615 3144.08
1461.66809 1366.35
