2366.09873 3
110.07123 1972.77
120.08057 5929.75
129.10219 2376.36
130.08620 549.2
136.06136 446.682
136.07568 2215.75
143.11816 446.06
147.11314 1061.15
159.09137 1129.7
169.13365 479.387
171.11111 478.4
173.05551 1320.54
173.12802 432.016
175.11864 3110.22
176.10674 1592.62
177.10182 1537.96
183.11278 630.52
185.12659 500.872
185.16510 1009.18
195.08746 440.58
197.12863 685.13
199.18027 7676.57
200.18336 792.324
201.12343 1353.61
203.11685 620.498
205.09622 431.889
213.15997 759.159
214.09732 4993.87
215.10092 730.235
215.13844 741.022
221.12823 61857.6
222.13187 7796.82
227.17534 3493.26
229.11801 2943.06
231.11218 541.861
233.16437 2857.79
242.14975 446.453
244.16548 961.189
245.07642 1770.86
249.12317 49344
250.12646 6412.79
251.12892 515.895
252.07637 4295.89
261.15927 1837.17
268.16385 693.408
272.17419 496.978
284.19763 508.462
286.13855 940.843
288.08224 3686.11
299.13901 1165.74
302.09769 3926.81
317.18442 1003.35
323.11270 1423.73
324.19022 656.187
331.19772 861.938
336.14935 641.585
342.20178 3644.93
343.20441 611.999
345.14307 476.928
355.16522 762.279
362.20694 14441.5
363.20990 2922.95
373.17123 1227.2
383.15607 1577.36
389.12955 1251.81
395.20328 15940.5
396.20605 3015.71
399.11429 1978.14
399.22391 572.859
401.16595 7491.13
402.16904 1373.62
413.12961 546.667
417.12451 9162.11
418.12775 1498.48
421.20404 771.567
447.29861 464.379
455.28284 638.408
455.71500 1312.25
456.21527 1013.67
457.23575 546.454
468.25385 1167.6
470.18463 924.997
471.17056 976.363
475.29465 719.167
480.17316 493.77
484.19916 529.438
485.18747 721.17
486.25351 928.839
488.19791 3242.1
489.20303 481.532
496.23865 1245.28
496.70297 1848.68
497.20212 1019.44
498.18073 2248.29
499.18472 539.084
502.21704 1062.98
505.25024 652.186
510.22821 1013.02
512.19836 1767.27
514.25006 4135.84
515.25317 893.495
516.19312 11906
517.19525 2994.93
525.21527 1402.81
525.71796 701.807
530.20874 3211.26
531.20935 654.801
567.25140 3334.06
568.25122 880.629
571.32745 1357.39
574.24036 787.275
575.24585 469.103
575.73773 5150.59
576.23871 2921.89
576.73779 1045.78
581.33649 722.926
583.26813 919.531
584.25781 1670.92
585.25781 643.66
593.25354 595.744
597.28528 474.34
598.27246 643.166
601.28192 2789.18
602.28284 990.604
611.26556 3026.6
612.25800 550.39
615.30090 747.863
623.76813 607.646
625.28241 718.144
627.33856 1158.05
629.27618 10299.9
630.28156 3124.51
631.27380 493.192
632.27979 6055.03
632.78186 3862.67
633.28247 1552.77
643.29248 2081.05
644.29498 811.088
655.21790 480.164
679.81366 586.036
680.41449 481
688.82178 8347.54
689.32147 5255.13
689.82318 2294.28
690.31958 853.19
695.30823 3382.4
696.30725 835.935
697.34113 1082.83
714.36481 2183.37
715.36572 495.922
724.34900 1401.22
725.35132 623.264
728.38251 494.52
738.35669 3750.92
738.85876 2536.74
739.35913 1506.38
739.85010 895.508
742.36115 6804.22
743.36420 2453.61
744.36523 750.323
756.26843 867.021
757.38831 586.773
770.35791 970.769
771.37354 501.639
781.38080 499.716
789.43433 1657.21
790.39081 2957.55
791.36926 560.987
793.87250 1025.43
794.37134 1005.57
802.87799 3134.84
803.37628 1970.87
803.87964 1099.38
809.44885 593.827
825.39447 670.621
831.37256 521.142
837.44806 509.336
838.31787 522.312
841.39880 971.104
842.39832 531.271
843.40332 791.491
847.44006 1135.43
847.94263 874.21
848.45544 520.907
855.34058 8268.36
856.34100 3699.4
857.33685 1203.19
860.38428 1608.89
860.89056 732.657
866.47827 1320.44
869.35278 499.022
879.89935 549.378
880.39703 749.819
888.90076 7104.92
889.40088 7505.35
889.90338 3627.17
890.39978 1114.15
910.41888 1703.99
911.41370 760.678
928.43323 1110.36
929.42383 861.839
937.40765 1187.3
937.91071 1372.56
938.39154 897.315
946.41370 10638.1
946.91595 10237.8
947.41547 5812.69
947.92303 2096.94
953.50372 2089.41
954.51306 968.643
982.45502 743.841
992.39856 7678.6
993.40063 3575.14
993.95880 1050.83
994.44220 1473.44
994.94482 821.191
1000.02100 548.147
1002.95618 7680.22
1003.45795 7358.22
1003.95654 4698.25
1004.45569 1793.77
1004.95740 611.533
1024.54883 1077.77
1025.54749 494.865
1032.39136 746.45
1049.42126 19986.3
1050.41907 10245.4
1051.41663 3318.58
1052.41272 640.761
1059.49841 4441.75
1059.99976 4782.83
1060.50366 2521.74
1061.00061 1189.65
1061.50842 529.938
1106.44141 646.186
1111.57617 2225.7
1112.57800 1102.99
1132.45801 1022.53
1133.44739 1878.17
1134.43384 576.194
1150.46777 35007.1
1151.46997 19802.9
1152.47253 7340.02
1153.47815 1446.67
1178.49048 672.653
1179.50598 814.531
1222.59204 719.636
1240.61816 1767.48
1241.61511 1474.13
1242.61938 576.331
1245.53992 785.784
1246.52502 1483.75
1247.53174 749.118
1263.55090 26640
1264.55383 17881.2
1265.55298 7300.7
1266.54993 1981.6
1339.69238 585.83
1358.60706 492.426
1359.62231 955.126
1376.63770 16911.6
1377.63953 12202.1
1378.64136 5297.43
1379.63757 1349.54
1426.71301 626.615
1427.73303 649.896
1475.70679 3334.72
1476.71521 2322.8
1477.71814 1047.1
1497.60120 512.964
1604.77673 875.976
1605.74512 920.622
