1556.90476 3
105.05584 2551.26
106.04804 2374.53
129.10199 223969
130.08603 4921.51
130.10516 13251.6
143.11755 56172.7
144.12102 3258.59
155.11786 2029.92
157.09682 57486.6
157.13307 23026.7
158.10011 4253.58
159.07587 1897.13
171.11249 28439.8
172.11519 30793.9
173.11891 2223.35
185.12805 47194.2
185.16399 1711.71
186.13162 4499.35
187.07068 6047.25
187.10735 4031.89
195.11234 2059.69
197.12907 1656.57
201.08731 6450.46
203.12140 3226.28
213.15929 2991.1
215.10262 14321.6
217.13640 127100
218.13997 13679.9
219.13199 4058.76
225.16039 2412.62
231.11699 2209.88
239.17456 4153.84
242.18600 16454.9
243.11577 22900.7
243.19130 1836.92
244.12003 2649.42
245.13126 66717.1
246.13457 7110.77
257.19656 4617.65
258.14581 2746.04
275.20724 25618.4
276.20972 3064.82
284.19632 11409.8
286.13913 65734.1
286.17642 1895.22
287.14264 8501.68
288.13696 29170.6
288.17026 1915.61
294.68832 3373.43
300.15546 4078.2
314.12943 1914.57
314.17078 26131.6
315.17355 3904.16
316.16809 54711
317.17148 9310.76
318.16495 1762.94
329.18109 4783.19
339.20096 3048.87
351.23053 5761.87
353.21625 2675.35
355.23282 3274.24
357.17642 37358.3
358.18054 5629.18
371.19525 9045.9
372.19690 1943.06
373.22321 2231.62
381.21149 2465.94
385.20908 9839.88
386.20859 1884.65
387.24149 4598.66
388.29126 29338.2
389.29401 5952.53
399.22357 20882.7
400.22726 4169.56
400.76553 3620.57
401.22647 2880.63
413.23773 7441.34
415.23590 4336.43
425.23773 1714.97
427.25488 10876.4
428.25098 7694.86
431.19449 3529.31
436.28387 6549.97
436.78589 1963.74
442.26584 7339.81
444.26218 2152.58
452.24985 2188.48
456.24390 18236
457.24731 3176.23
470.25983 22176.1
471.26218 5604.46
472.25986 4498.77
484.27527 6986.43
486.21838 5028.65
488.21591 2487.15
493.79642 14530.8
494.29788 6236.82
498.28796 4053.17
499.32626 6840.47
500.23376 2339.12
502.23105 6836.67
503.23282 1938.07
517.33319 26103.5
518.33691 6208.03
524.30304 2056.26
526.32428 3791.88
530.26233 5340.09
541.34302 1921.16
543.33148 15185.4
543.83179 9574.53
544.33258 2545.14
555.35236 3871.8
569.32697 11575.6
570.32391 2412.19
573.35999 1924.62
578.84949 19044.1
579.35181 13372
579.84888 3802.53
587.28674 2617.09
588.37042 84389.4
589.37305 24190.7
590.37610 4067.14
597.35724 2770.5
599.30225 23092
600.30493 6916.7
601.29962 11977.1
602.30316 2279.95
635.39081 7099.22
635.89081 4853.52
636.39508 1944.42
640.36682 4944.91
668.33630 1840.39
670.33099 2465.61
683.44403 2964.4
698.36780 6859.29
699.36285 2485.36
700.36688 3563.59
700.91937 2997.34
701.45435 111563
702.45837 39516.5
703.45947 7880.44
712.38440 8698.87
713.39056 2879.12
739.37610 5545.91
740.38416 1805.75
769.41144 5644.11
770.41199 3560.06
783.41760 1901.7
800.52197 53551.4
801.52460 21481.7
802.52722 4327.09
811.45068 2865.69
838.44806 2881.81
858.49097 2990.28
871.55902 49740
872.56049 23462.8
873.56378 6636.69
882.49023 2935.4
968.57129 4858.74
969.56537 3577.79
986.58527 134226
987.58850 67703.2
988.59021 19176.7
989.58795 2613.32
1067.63538 2320.08
1085.65332 45671.1
1086.65784 24880.1
1087.65576 8899.26
1138.68408 2568.76
1156.69189 52231.9
1157.69519 33894.1
1158.70239 10828.5
1269.77600 5060.88
1270.77661 3262.35
