1850.96977 2
110.07121 228.962
120.08047 1160.48
129.10197 1051.63
130.06480 1283.66
130.08609 501.017
132.08041 398.448
136.07536 493.084
141.10167 253.824
143.08113 358.216
143.11743 268.499
144.08073 365.002
147.11252 1203.47
157.09689 744.164
157.13303 605.136
159.09134 4875.98
160.09560 281.475
168.08044 181.188
170.05949 617.592
175.11859 866.714
183.11205 221.447
185.12798 1551.79
187.08609 1556.96
196.11205 210.742
197.12814 201.136
198.12718 727.749
199.17981 429.157
200.10193 486.024
200.14288 2350.51
201.12375 286.944
201.14807 220.327
210.12762 295.287
211.14346 379.506
213.12453 234.192
214.11848 350.664
226.11917 239.304
227.15430 1345.55
227.17455 1225.63
228.13351 463.075
229.11757 633.596
230.12877 322.447
231.10995 430.881
233.16435 482.101
240.09727 558.677
241.08104 713.15
242.14937 754.591
243.13148 232.377
248.13896 272.43
249.12297 598.39
254.15048 200.892
255.14882 4406.31
256.14651 383.889
256.16721 1215.57
258.10825 1024.02
258.12393 1152.6
259.09100 683.839
259.10745 590.828
260.19629 862.628
261.15826 213.212
271.13992 446.364
271.17596 496.126
272.17508 10699.4
273.17834 1183.05
276.13538 415.191
277.11758 1642.47
282.18076 433.596
283.14337 873.442
286.13852 612.9
298.13748 262.564
298.21155 841.16
299.17047 466.938
299.20911 193.534
300.17010 6175.45
301.17368 774.422
313.18591 379.736
324.22787 204.323
325.18542 201.1
326.18759 431.462
327.20337 492.919
329.15945 926.314
340.23560 199.238
342.21280 326.891
355.23047 213.414
357.17581 532.943
368.23273 534.049
369.13992 1032.89
369.24857 231.724
370.20584 380.683
371.20718 861.741
384.22906 272.526
387.14957 568.342
388.14984 985.154
389.21909 381.054
397.21771 239.937
405.17673 830.309
406.15872 1326.81
407.26395 1271.4
413.25320 1117.88
414.25162 645.408
423.18585 288.321
428.21225 296.01
433.20837 320.034
439.26965 549.703
442.24307 536.706
459.22647 312.789
467.26288 252.53
468.25607 250.596
471.18439 279.63
476.25189 232.426
484.29062 316.225
485.28900 315.572
499.18216 212.58
499.25034 256.017
504.24707 357.915
510.30560 298.965
513.27441 194.674
516.20551 551.067
517.18848 366.684
517.31256 485.91
518.29688 935.066
519.30078 233.377
534.21484 1006.07
535.20148 411.685
535.32172 902.314
536.32269 222.829
555.33008 198.236
562.24939 342.559
575.28589 194.298
633.29095 292.784
645.24567 243.999
646.36371 218.859
663.26086 361.976
664.36383 1153.97
665.37286 233.446
681.28778 338.3
689.35480 384.557
691.29376 248.192
704.31775 243.926
762.32788 349.099
793.40680 547.506
861.30487 229.384
924.53735 279.597
924.86200 270.106
925.47333 395.592
925.63513 487.455
926.47980 265.215
927.59961 3655.51
940.47498 695.025
941.47797 321.378
1051.49658 205.17
1069.51892 677.25
1089.53601 219.008
1225.60425 594.266
1296.64587 259.115
1367.66882 259.615
