1327.66850 2
110.07098 2240.89
119.08109 277.352
120.08047 38107.7
120.09476 259.526
121.08377 2593.02
127.08669 435.639
129.06653 258.748
129.10204 4399.35
130.08586 1142.12
133.04263 478
136.07547 7076.86
137.07878 534.323
141.10175 403.812
143.11746 454.536
147.11258 2698.16
155.08127 353.548
155.11774 266.811
157.13309 379.614
158.09212 341.785
159.07603 281.067
159.09135 1039.97
162.09097 674.063
166.06239 244.193
169.09650 409.987
169.13354 372.221
171.11235 368.885
172.07115 346.967
173.12823 2211.94
175.08894 348.554
175.11876 1905.37
181.09689 1629.3
183.11256 661.843
183.14893 274.756
185.09157 299.209
185.12761 304.014
185.16455 2045.66
186.12299 1052.11
187.07097 899.488
187.10741 741.574
187.14333 422.771
195.07675 268.133
197.12776 473.711
199.10753 256.922
199.18018 302.854
200.13870 544.433
201.12306 2784.41
203.08447 615.044
203.11714 324.27
204.13400 6331.4
205.13759 385.829
207.11230 2587.83
211.14268 283.255
213.15938 1160.28
214.11823 245.909
215.10231 1856.51
215.13890 882.956
217.09641 1493.77
217.13602 265.55
219.14880 28847.9
220.15222 2817.35
223.15672 317.993
226.15453 286.751
227.13803 273.926
228.13284 329.128
230.07542 319.796
231.09834 273.86
233.16451 744.256
235.10690 3087.19
236.11124 272.596
238.11758 272.161
239.11305 257.819
240.13364 315.676
242.14966 1027.46
243.13234 317.49
244.16516 576.884
245.13089 264.434
246.09061 632.653
246.12720 254.44
247.14369 9616.97
248.14749 975.734
249.09834 275.168
249.12134 293.881
249.15916 535.272
251.12036 484.882
251.15062 353.196
256.12845 811.664
258.14413 358.102
261.15808 785.035
267.14883 905.341
273.08945 429.826
273.15527 972.238
274.11987 251.329
277.15561 254.049
282.17892 571.773
283.13986 1668.67
284.12228 339.006
285.15405 286.734
286.13907 3843.62
287.14236 385.135
287.21088 838.097
289.15530 303.321
291.16562 886.628
292.12805 748.336
300.18921 714.655
301.14975 4438.87
301.18655 843.03
302.13153 274.621
302.15506 521.451
302.18600 469.975
303.11176 490.514
303.17004 246.485
311.13629 283.449
315.20544 430.736
316.16525 1015.85
317.13058 255.256
318.10999 1180.15
318.17645 6089.54
319.15918 3431.39
320.16541 257.149
321.19553 369.504
323.16953 454.067
328.18594 1976.53
329.18933 313.963
330.18048 5232.01
331.18375 842.123
333.18655 407.911
334.17386 743.045
341.18161 393.76
348.19061 1455.57
349.19049 635.706
355.16095 391.645
356.19412 379.843
369.17685 632.512
371.22757 406.051
384.22766 253.835
386.20667 308.426
387.13257 364.061
387.18652 651.084
394.21164 616.312
397.20792 942.36
399.22531 707.606
403.16022 546.06
414.17877 805.818
415.21777 1073.89
417.17712 435.031
419.26550 601.278
421.17160 369.344
422.20935 252.845
429.24918 542.104
431.20239 430.891
432.18976 2576.44
433.19244 258.313
437.18271 272.629
447.26001 603.015
449.21628 3778.79
450.19669 1144.34
458.25674 341.007
463.23291 760.725
468.24530 1260.44
469.24817 302.198
479.22574 374.229
481.24246 359.213
486.25415 1179.22
489.17252 449.981
502.23489 299.366
503.22693 1591.27
504.22992 254.675
516.23785 557.447
520.25330 3960.39
521.24152 1279.68
531.21887 283.427
534.25122 313.927
544.27618 307.954
550.26526 470.805
562.28931 381.941
588.30396 317.521
600.30042 436.296
601.30994 264.772
605.32867 326.927
615.31000 344.417
617.26746 386.729
618.25201 1670.2
619.24731 340.768
633.32068 395.624
635.27917 4434.86
636.26971 1722.8
637.27185 417.18
663.34430 1158.62
664.33557 380.407
671.34235 296.639
716.33569 290.342
717.32385 872.212
733.41766 323.157
734.34845 2913.43
735.34131 1591.69
736.34106 308.848
744.32697 381.507
830.40796 398.33
847.43427 1015.05
848.42755 645.928
917.43323 421.431
934.46423 1369.75
935.46271 785.386
1081.53638 520.194
1082.53333 489.592
