3043.39597 3
120.08035 14174.5
129.10191 19673.2
130.06517 3142.51
130.08592 8968.78
136.07555 3717.5
147.11237 14215.4
159.09135 15844.3
169.09724 4145.24
169.13309 7602.19
173.12794 36059.6
174.13164 3115.39
185.09164 5516.75
187.10742 5508.79
197.12784 12465.1
201.12289 29053.7
207.11235 24622
213.08652 6300.44
217.13327 25104.1
218.13649 3363.61
227.06487 3073.81
235.10699 24331.3
236.11115 3207.31
239.15025 3665.34
240.13255 2682.38
242.18604 5306.34
243.13303 5024.92
244.09204 4125.43
245.07590 5291.82
245.12778 9258.82
257.16025 17992.9
258.14404 27390.4
275.17075 28352.3
282.17957 4972.64
296.19534 10956.8
297.19855 2883.45
315.14450 8010.16
324.11823 3282.51
330.16394 7535.58
348.19186 10294.6
357.21051 2816.45
358.16046 12193.2
359.11868 3365.48
359.16428 3058.05
360.15472 34251
361.15778 6143.41
365.21738 9142.08
373.14859 6120.74
377.18188 3540.05
383.22852 6238.72
386.18515 2781.14
407.19110 7210.49
412.22031 9493.57
412.72119 4261.72
417.14081 4017.84
426.21732 38269.8
426.71902 21564.8
427.18292 2775.68
427.22192 5275.8
429.23477 2615.66
443.19724 2459.12
445.19238 15471.3
446.19269 2928.34
459.25601 2730.99
461.25006 43787.8
461.75375 6601.26
462.25381 12258.5
474.14359 3930.12
475.17609 9113.87
475.22775 6164.04
475.75125 10979.1
476.24957 4171.07
476.30090 3223.58
478.30426 3099.74
488.16739 3860.71
488.21609 10676.3
495.18640 2512.1
504.23358 2631.51
511.29559 2435.63
520.27576 3481.58
525.28772 7556.14
525.78552 4591
528.27625 2729.78
532.16931 2680.08
532.28662 45836.7
533.28998 14030.1
544.26337 4355.85
545.24603 2621.14
546.29187 4173.83
559.79620 20926.8
560.29791 14935.6
560.79791 4705.15
568.80377 9162.01
569.30365 6867.68
573.30139 9009.58
574.28748 9635.83
586.22247 4051.39
591.31219 29658.6
592.31610 7598.79
603.25977 20551.5
604.25513 5611.79
617.32605 3201.67
625.35730 3814.14
626.29956 2529.17
643.19708 4183.53
643.30103 2561.25
647.31335 31149.2
648.31537 12327.4
660.22766 4550.45
674.38788 2512.85
700.26233 4247.3
701.24304 2477.36
702.38141 14733
703.38580 6198.33
716.39917 6465.4
717.40033 2783.32
718.26581 20086.2
719.26489 6942.28
722.36597 3108.03
726.37964 12846.8
727.38306 5105.88
731.25726 2842.33
736.36682 5418.07
740.38196 11495.3
741.37976 3799.13
754.37524 79434.6
755.37854 33561.4
756.38354 8096.47
766.82611 4793.24
767.31995 7776.77
767.82007 4085.67
771.39044 3524.07
775.25385 3760.82
775.82941 52209.4
776.33044 49954.9
776.83185 20205.7
777.33063 2938.8
787.43073 2564.08
789.40765 6856.13
790.41907 3498.52
808.42773 4985.82
809.42694 2797.83
815.47089 5599.34
833.39624 29465.5
833.83197 4464.52
834.39618 14143.9
835.39581 3489.34
841.40289 3330.07
846.28802 4352.99
847.29376 2991.11
851.42902 7247.03
852.43152 4178.41
853.43976 3578.3
876.34528 3869.56
884.48694 8512.53
885.48871 2630.88
886.50446 5005.72
887.50159 2741.03
902.49707 5904.44
903.43280 4140.23
904.33716 4769.76
905.35181 3035.54
917.34869 3184.57
922.50031 5870.45
923.50195 4719.95
932.50354 4860.52
948.42059 24475.1
949.42291 13399.5
950.49951 61791.5
951.50012 35177.4
952.50226 8085.64
1001.36475 4517.98
1002.35815 4471.95
1019.37311 19981.5
1020.37946 10894.9
1021.56470 7522.08
1022.56781 3645.69
1031.54919 5073.25
1032.53467 3356.29
1037.53577 4296.54
1046.43372 3447
1049.56531 41279.8
1050.56604 26865
1051.56970 8131.7
1063.44543 33934.7
1064.44824 17814.6
1065.44763 4151.74
1072.38562 3065.89
1073.39636 2708.79
1090.41138 12054.5
1091.40723 7790.67
1118.58594 33759.6
1119.58728 22635.1
1120.58936 9334.3
1134.38977 4368.89
1136.59485 27318.7
1137.60168 17555.7
1138.60620 4552.17
1146.56335 4876.49
1147.56470 2614.74
1173.50684 3982.34
1174.48096 18860.6
1175.47656 11449.9
1176.47278 3746.67
1191.49829 22232
1192.50305 15540
1193.50110 4339.35
1205.43762 3872.85
1248.49438 3762.86
1249.67944 4603.99
1250.68469 3722.87
1276.48340 4355.68
1277.47620 3070.32
1289.50952 5362.54
1290.50464 2750.9
1306.53162 42409
1307.53406 29191.5
1308.53088 10256.6
1378.72522 8147.42
1379.73315 5423.28
1391.49976 2863.01
1404.52563 3085.25
1405.56104 2951.37
1443.78271 4867.6
1444.76965 5386.32
1445.76807 2964.11
1453.60461 20300.7
1454.60461 16252.9
1455.59106 5284.78
1493.74963 21088.3
1494.75537 20835.2
1495.76172 7804.01
1532.63892 4030.36
1533.62793 6055.15
1534.63367 4175.1
1550.65271 60973.1
1551.65540 52692.2
1552.65247 20088.1
1553.66431 6567.62
1648.65881 3350.28
1665.67273 17358
1666.68372 14692.8
1667.68860 6556.9
1776.71606 3493.46
1777.69910 3927.92
1794.73242 7561.23
1795.71814 7715.31
1796.72327 3611.75
