3026.55814 3
110.07105 248.769
120.08057 3453.88
129.10213 582.545
130.08601 530.325
147.11261 1663.02
159.11272 520.177
187.10727 440.475
199.10793 376.506
201.12317 290.198
215.13873 398.017
227.10245 1861.5
227.17468 317.999
229.11801 314.493
231.11276 590.427
233.09612 321.337
233.16531 733.831
240.09729 824.099
243.10847 248.725
243.13354 1262.59
248.13927 856.614
258.10764 971.181
260.19629 501.277
261.15961 442.238
276.13336 1363.64
298.13834 422.458
300.13702 252.44
312.10083 777.5
316.14859 343.757
317.21750 2277.11
318.22025 294.459
330.11221 834.515
346.17609 372.954
347.17136 1145.18
357.17526 261.212
369.13995 652.607
371.19843 433.184
374.17105 2369.01
375.17310 303.467
387.14954 608.245
390.20300 634.096
409.18063 371.505
418.26538 5896.65
419.27039 1016.99
429.18237 413.093
459.26215 329.087
467.24799 244.571
474.24207 524.481
474.73944 384.711
482.22516 618.842
486.22046 305.255
487.26080 365.458
491.80753 236.789
500.23352 667.557
517.33331 3724.71
518.33496 940.651
523.25763 317.97
539.29449 317.689
548.28369 587.971
555.23993 308.033
560.77411 282.538
573.24664 411.465
573.79309 244.409
587.28668 2058.07
587.78693 1505.85
588.29132 585.87
595.30426 251.116
596.29114 2312.7
596.79468 1576.73
597.29346 413.988
599.30365 476.711
613.31055 347.182
616.29578 1336.41
617.30066 485.499
617.81030 323.081
619.31921 1762.07
620.32422 478.215
630.41687 3880.4
631.42065 1221.56
634.30884 450.043
634.80786 305.534
646.82056 610.64
647.32263 646.166
652.31427 267.21
655.82947 1501.47
656.33008 876.307
660.82159 2311.32
661.31958 2233.6
661.82001 891.417
668.32764 276.659
669.82635 3687.8
670.32629 2605.44
670.82794 979.14
676.36621 259.968
677.34167 790.849
678.34351 278.142
686.34149 300.69
687.34167 373.494
690.35779 557.503
690.84937 281.803
691.35980 439.018
694.37042 766.056
695.37445 335.012
703.85980 322.21
704.28369 365.119
712.38159 675.76
712.88049 372.792
717.36353 669.393
717.85925 642.667
718.35809 443.179
726.36810 1298.5
726.86798 1130.27
727.37067 344.33
743.50171 2944.64
744.50500 875.102
748.37604 513.507
749.36566 271.386
765.40021 719.805
766.39307 335.479
781.40948 442.544
781.88373 994.001
782.38446 903.863
782.88776 451.97
790.88831 1532.47
791.39032 1450.02
791.89423 486.198
799.42548 310.91
817.36157 362.303
837.42151 281.357
845.41339 714.805
846.41772 286.424
872.54480 2340.11
873.54834 962.185
876.42932 518.789
877.42090 1680.75
878.42047 825.772
881.91663 377.737
882.41284 410.962
890.91913 436.048
891.42285 675.684
891.91516 418.619
894.44397 1176.91
895.43671 597.545
896.45190 282.539
900.42834 346.679
916.44800 480.621
937.49524 267.71
947.47357 1124.55
948.45801 4388.36
949.45648 2384.04
950.46252 663.039
965.48029 3895.79
966.48108 1894.52
967.48492 491.157
976.50739 506.128
976.83392 378.283
977.51471 372.98
983.57611 1132.53
984.58087 547.308
992.48816 665.743
993.47522 385.721
1000.60315 3128.57
1001.60852 1545.06
1002.60901 401.118
1008.51971 400.882
1009.03357 751.153
1009.54468 820.792
1010.03668 290.803
1010.42505 494.286
1010.55658 364.438
1063.52234 742.758
1064.52173 416.485
1080.54578 292.817
1105.58105 362.832
1106.56628 255.958
1111.62939 836.989
1112.63684 789.277
1129.64551 6677.95
1130.64844 3866.71
1131.65027 876.826
1143.01196 263.592
1173.55969 574.53
1174.55481 3248.51
1175.55066 1690.3
1176.56677 634.933
1191.57922 2420.54
1192.57642 1563.12
1193.57373 454.626
1228.71191 2444.28
1229.72058 1589.05
1230.71960 408.411
1234.61536 648.967
1235.61475 416.5
1293.62488 374.556
1297.74536 430.8
1298.72424 375.93
1305.63574 490.606
1310.64319 294.509
1315.74353 4026.78
1316.74744 2592.34
1317.74683 948.534
1320.63318 674.782
1321.62134 2530.97
1322.62061 1808.4
1323.62219 578.508
1338.64331 3014.2
1339.64978 2192.87
1340.64819 832.323
1344.75415 285.8
1345.73438 316.664
1346.74097 279.485
1429.79199 357.181
1434.70776 1021.82
1435.69934 843.196
1436.69324 559.299
1446.78931 1840.58
1447.78760 1161.02
1448.78711 567.275
1451.72742 1246.67
1452.72778 875.296
1453.72778 502.828
1557.84595 368.159
1558.79785 395.799
1563.75537 718.929
1564.76062 688.828
1575.82849 1309.93
1576.84839 914
1577.82739 522.119
1580.76709 603.448
1581.78259 615.709
1582.79602 266.467
