1945.78397 3
105.06591 300.31
110.07117 376.861
129.10211 5908.06
130.04999 261.924
130.08614 1697.11
130.10507 306.441
136.06140 843.333
145.06076 676.973
147.11266 3942.1
148.11595 274.057
157.09738 273.408
169.09654 333.827
170.11787 306.666
175.11873 650.253
181.06023 421.26
185.05524 328.33
186.12376 613.899
187.10751 7506.71
188.11188 767.386
197.12802 772.42
199.07098 717.001
214.09656 329.801
215.10214 2610.31
215.13869 20348.2
216.09575 880.517
216.14285 1727.66
226.11865 857.964
227.06604 977.443
240.13464 405.895
241.08180 257.095
242.07683 1604.39
243.13361 12977
244.13933 963.085
245.07646 4096.94
246.07999 281.374
257.19696 1365.06
258.18079 395.837
259.09277 267.759
262.15146 1289.16
268.09232 494.169
272.12338 747.575
275.20728 9480.24
276.21066 1065.71
283.66074 479.878
284.16068 290.426
285.11877 379.453
298.13907 1308.47
312.04898 519.508
314.09854 592.663
316.15070 287.09
318.14841 331.607
322.68945 433.434
326.13373 1032.03
330.05978 477.033
331.69513 1274.13
332.19427 630.966
341.14529 1201.38
343.12509 681.237
344.14575 795.95
353.10883 308.167
354.21002 286.843
358.16019 11208.5
359.16293 1781.19
371.11942 2425.8
372.11819 319.024
372.22485 547.894
383.15607 574.564
388.18237 1051
389.20966 960.912
389.71082 367.264
390.23422 2548.7
391.23721 452.972
401.16748 292.267
402.69635 794.437
414.17703 313.355
416.69467 701.329
429.23486 1983.91
430.23907 421.142
435.23004 266.648
438.16730 332.255
443.13571 305.819
446.72165 416.173
447.22067 309.747
451.02609 291.206
452.17880 364.161
456.17154 1475.03
457.22479 625.174
464.53650 481.509
464.87030 412.475
470.18500 1051.23
471.18317 373.513
482.15289 441.411
486.75818 1536.58
487.26187 477.425
497.55780 381.185
500.16132 1703.32
501.16153 305.222
502.23541 445.478
503.20834 919.933
511.23865 614.014
511.74445 290.588
516.27881 929.078
518.33008 553.717
535.74634 1091.39
542.21619 434.893
552.26331 448.44
556.77167 520.327
557.27576 335.169
557.75763 465.161
558.17090 276.911
559.28278 345.055
566.31750 407.636
566.75818 1897.42
567.20422 1440.66
568.20874 376.879
572.91138 518.39
573.25024 390.196
575.35120 2583.15
575.76398 3168.99
576.26447 1900.24
576.35400 569.029
576.76569 859.729
582.25128 301.186
583.26654 305.387
585.21619 1527.75
597.17804 714.635
599.79218 549.085
600.28613 978.428
600.79156 728.53
601.32550 477.931
601.75360 368.99
605.97504 719.386
606.31464 825.96
606.65106 494.774
609.97577 429.857
610.31689 626.527
614.23932 499.651
615.18781 2173.8
615.98291 1556.32
616.19409 468.547
616.31671 1814.43
616.64856 845.29
616.97577 446.684
618.23853 739.471
621.98254 409.123
622.32220 577.256
622.65045 381.953
623.24445 1160.83
623.74615 722.164
624.26422 912.991
624.77325 498.718
631.30237 621.745
632.24634 615.299
632.74982 395.945
633.27454 1683.27
633.78052 876.506
644.37585 884.366
646.31445 1118.79
648.29749 536.278
648.63989 708.038
648.97412 1295.55
649.31543 805.237
649.79535 657.745
650.29431 1078.95
656.33527 2953.47
657.33826 3269.42
658.34052 878.935
658.78168 1245.76
659.27838 2128.51
659.77722 1255.18
660.27631 355.496
662.38226 7336.3
663.38434 2579.02
664.39075 490.196
667.78748 4381.59
668.28998 2839.85
668.78979 1038.04
672.77844 1037.69
673.27600 704.953
673.78955 343.762
678.29449 1198.41
678.78265 1300.86
679.28662 515.294
681.78552 586.679
682.28937 357.831
686.80609 329.047
687.29395 7327.89
687.79132 5450.3
688.29138 2449.2
688.79004 488.106
695.81134 965.284
696.29938 27473
696.79871 17625.6
697.30219 6995.19
697.79816 1821.08
698.30194 469.953
701.29584 364.704
712.20532 571.933
714.25739 1613.04
714.37677 481.035
715.25775 474.291
716.77515 393.528
727.37592 1009.09
727.81781 390.199
728.38928 1053.78
729.38983 306.6
730.21240 1695.27
731.21283 466.548
736.82892 2422.8
737.32861 2281.6
737.82898 730.64
739.30487 317.384
745.27411 489.504
745.83423 9887.84
746.33319 7542.7
746.83502 3226.39
747.25116 564.582
747.36047 501.914
750.82806 891.207
751.32477 595.573
759.40027 1210.07
759.83154 545.359
760.40747 550.791
763.82690 287.978
764.34174 383.602
773.37805 403.475
777.40845 6688.08
778.41150 2568.72
779.41284 585.882
780.07202 378.979
783.88879 305.498
785.32654 658.624
785.82703 1192.51
786.33020 866.13
786.82568 313.308
792.89740 554.706
793.40045 643.75
794.33911 3351.87
794.83472 5622.83
795.33423 2987.99
795.83148 1123.7
802.41193 335.898
802.86871 526.024
803.34558 14799.6
803.84698 12146.2
804.34772 6008.48
804.85034 1417.56
817.25012 505.27
825.28394 459.688
827.34058 355.582
828.34076 307.397
829.28656 1074.1
830.28992 448.942
832.38885 367.431
840.85236 438.235
841.87799 387.729
842.39270 723.444
843.40875 999.201
843.82507 417.198
844.42310 682.733
849.85767 2261.67
850.35773 1931.65
850.86462 845.364
851.36676 430.936
852.33276 1792.91
852.83649 1382.13
853.33759 725.495
858.86145 8671.19
859.36475 6678.57
859.86505 3585.55
860.37128 1201.28
867.86603 7831.58
868.36780 7335.11
868.86902 3000.03
869.36157 974.435
874.43079 1092.7
875.39508 520.87
876.30914 552.375
892.43585 5164.24
893.44257 2062.13
894.44568 493.644
907.85181 806.303
908.35529 812.639
908.85437 307.818
913.43231 422.19
914.43793 792.623
916.85541 898.168
917.35016 647.451
917.85962 337.923
927.26544 294.923
944.30640 812.834
958.34027 368.634
982.46301 423.094
983.46307 1151.73
984.48248 390.953
985.47144 338.517
991.33203 340.806
1002.35315 541.57
1003.47260 1646.92
1004.46875 715.598
1005.45215 294.62
1021.48022 4874.03
1022.48108 1942.48
1023.47852 593.166
1055.33423 346.97
1060.35803 460.579
1081.44873 424.205
1099.37903 636.833
1100.38525 470.54
1112.53320 986.596
1113.53662 601.602
1114.50806 519.945
1117.39038 3279.59
1118.38940 1698.25
1119.40649 721.707
1132.51062 1660.9
1133.51453 932.104
1150.52222 3879.41
1151.52441 2212.97
1152.53577 744.398
1188.46533 297.106
1202.51477 636.897
1203.51172 381.023
1216.45264 741.11
1217.46155 432.747
1227.46790 417.364
1230.53552 289.565
1245.48523 1536.48
1246.48792 1042.29
1247.53064 1022.23
1248.52942 484.629
1263.49866 541.723
1264.48633 447.492
1265.54822 1518.89
1266.55029 856.387
1267.54590 327.242
1299.51880 291.931
1313.47070 382.358
1314.46155 479.08
1317.55103 932.264
1318.54578 589.73
1331.47961 1410.72
1332.48291 670.916
1333.48303 435.912
1334.57336 418.355
1335.57837 351.566
1373.57703 1306.9
1374.58740 833.895
1391.59155 4654.94
1392.59387 3133.63
1393.59119 892.058
1442.52661 734.454
1443.51929 453.763
1459.58081 388.201
1460.53748 886.429
1461.53369 458.03
