3464.68613 3
110.07089 563.63
120.08053 3032.68
129.10181 1501.03
130.08627 970.172
133.04286 1465.17
136.07556 1306.14
147.11258 2955.06
149.07458 545.157
173.12798 962.098
175.11836 925.398
183.14891 437.841
185.09251 442.377
186.08693 547.521
199.10744 2016.92
201.12300 1143.51
203.06662 668.765
207.11113 458.074
211.14409 943.12
213.08658 1152.58
213.15939 611.083
217.08315 458.342
217.13525 540.17
227.10222 3529.77
227.17508 857.301
228.13316 467.914
229.11824 747.457
235.10721 742.338
244.09265 426.156
245.12988 745.11
253.16541 2962.99
258.14450 1567.95
270.19202 2677.72
276.15436 2237.23
280.11090 1724.56
282.10721 536.691
286.10172 526.194
292.07748 1935.15
297.11893 1595.5
298.14172 445.227
298.17383 533.184
300.11642 1040.81
308.10562 1374.62
314.15298 1187.31
316.14938 1201.67
337.18500 627.159
348.13818 485.978
355.19797 1206.07
357.17645 1023.61
373.20718 29080.6
374.21017 5356.83
375.21375 533.637
377.12689 3313.75
385.17264 1691.6
395.13705 1630.82
395.19217 545.296
403.18118 2035.55
405.16150 1263.94
411.15247 454.69
429.16098 3667.82
430.16443 858.169
439.14810 849.127
444.20724 497.301
461.24213 633.446
463.22101 484.107
480.32968 901.14
482.22321 941.246
484.23981 679.842
486.29144 2508.76
487.29132 873.563
490.21179 812.501
500.23663 839.551
502.25244 824.779
508.16849 1250.77
510.21365 535.025
520.31592 518.599
524.23315 469.197
526.17517 580.533
528.22864 2319.28
529.19128 567.455
542.24432 1583.92
546.23029 661.999
547.20483 688.547
557.28949 797.084
565.30542 1185.13
567.36310 1217.1
571.28687 1572.53
571.78656 625.873
573.28644 544.851
579.23767 463.263
579.79260 6325.83
580.29327 3378.48
580.79419 1460
583.31213 476.344
592.22467 561.696
595.30304 1195.09
597.25122 913.724
600.33435 3535.87
601.33783 1043.79
611.26471 962.062
615.32758 2362.06
615.82898 1205.73
616.32928 562.464
620.32007 1090.77
620.81982 764.239
621.24738 761.15
623.24579 881.516
629.32831 10032.8
629.82831 6324.82
630.33179 2541.9
630.83350 603.428
638.28137 609.93
639.26111 1423.92
640.26062 447.909
641.31805 1455.71
642.32013 667.788
656.28607 3438.66
657.28986 1121.89
671.87054 1066.63
672.38519 573.2
676.86060 797.64
677.36255 474.461
678.39508 1032.33
685.86780 7300.38
686.36981 5610.41
686.87042 1560.19
687.36755 524.212
702.43427 1030.34
710.33588 506.171
726.28876 887.896
728.42480 478.258
729.37683 3140.51
730.42963 5651.06
731.43280 1822.94
733.91473 612.626
741.37891 1081.35
742.41266 4057.77
742.91193 3224.18
743.33356 1359.59
743.91718 524.191
744.30353 1013.11
751.37213 598.683
752.34174 1040.73
754.39575 1093.42
755.40930 569.298
769.37152 4815.19
770.37280 1691.85
771.37769 461.299
807.93695 691.866
808.43073 1096.72
821.36798 542.081
828.40918 478.978
838.39343 732.396
839.37903 1088.65
841.31799 493.755
842.45874 1554.85
842.94360 563.857
848.49939 1191.26
849.50354 685.036
856.40179 2535.31
857.40631 1246.87
858.32587 754.089
859.34131 514.604
862.52686 721.823
873.38104 824.631
887.94812 563.156
888.44873 655.591
888.94037 505.346
889.38922 1035.49
926.41541 547.663
929.49298 2704.92
930.49615 1396.34
936.39740 652.195
942.50385 3301.99
943.50763 1349.15
947.56396 561.049
953.39514 740.508
954.40314 1386.35
955.40234 556.237
971.42822 3481.11
972.43152 1411.06
986.48096 927.448
987.47858 465.925
988.46857 628.739
996.49603 560.815
1005.50952 509.629
1043.57849 499.385
1044.53076 1114.47
1045.50110 971.04
1057.50293 948.276
1058.47375 690.049
1075.64355 507.037
1084.51599 1220.07
1085.52625 557.876
1124.55261 797.656
1141.57104 10752.2
1142.57495 4611.51
1143.58081 1691.05
1144.56665 1059.03
1146.07166 1106.79
1146.58459 1922.44
1147.08008 1469.61
1147.58081 587.144
1153.53125 518.44
1154.53967 1451.76
1155.55298 1176.63
1156.03687 743.531
1156.53662 1458.17
1157.60889 742.372
1158.57593 10042
1159.57996 6195
1160.58203 2079.89
1161.59607 608.051
1171.54431 1334.2
1172.54504 884.78
1204.67090 1127.72
1211.58215 514.647
1228.60217 7024.93
1229.60986 4424.68
1230.61267 1606.59
1239.62549 608.747
1257.64514 11167.4
1258.64978 6915.85
1259.65063 2508.57
1260.64282 492.27
1290.56726 505.747
1296.25732 763.958
1296.58362 1023.67
1296.90979 1003.03
1300.60559 935.289
1301.60364 669.096
1318.60608 572.023
1325.61707 852.929
1326.59387 982.02
1327.59973 561.832
1333.72131 2140.02
1334.71033 1682.17
1335.72632 705.258
1342.74341 2589.57
1343.61902 8857.53
1344.62585 5267.19
1345.63074 1972.64
1346.65894 880.868
1370.72864 10827.1
1371.73010 7726.37
1372.73645 2707.57
1373.73816 751.211
1415.62231 753.338
1446.79236 1149.14
1447.80225 1067.41
1448.81165 492.666
1455.83032 1716.85
1456.70776 2702.28
1457.71033 1642.34
1458.71082 698.967
1479.67798 541.856
1483.81348 7365.31
1484.81653 5215.04
1485.82605 2274.67
1486.80725 762.081
1517.83838 797.055
1518.83752 908.665
1521.17065 494.949
1521.66443 845.17
1522.15991 568.625
1543.74524 3807.68
1544.74902 2934.81
1545.75586 1288.59
1546.75476 488.96
1586.84692 1289.91
1587.86389 1252.48
1588.86536 569.194
1614.21472 533.169
1614.87659 5101.75
1615.85828 5053.36
1616.86255 2641.82
1617.87085 964.913
1683.85413 820.22
1684.84607 655.529
1690.81250 1642.81
1691.82727 1345
1692.81128 641.266
1722.79504 540.307
1745.92566 2872.18
1746.91736 3607.18
1747.91992 2242.62
1748.92676 1018.97
1774.88782 980.192
1775.88416 942.448
1832.95935 794.229
1833.94275 1122.01
1850.84192 1232.3
1851.85193 943.247
1852.85168 703.512
1893.98438 566.522
1894.96790 542.196
1921.98816 734.218
1922.94873 542.185
1923.94910 505.705
1982.87659 664.321
