1945.78507 3
129.10207 1.30306E+06
130.08600 427715
130.10532 56323.9
142.08667 44457.1
147.11263 1.04073E+06
148.11557 53528.1
157.09715 60273.1
169.09619 52166.2
170.09196 119391
170.11754 58486
185.05513 59952.9
186.12354 103955
187.10751 2.12275E+06
188.11081 184072
197.12825 161127
199.07095 84061.9
215.10191 625440
215.13867 5.409E+06
216.10538 61954.2
216.14226 517389
217.14499 44974.1
226.11893 173819
227.06613 266646
242.07681 529591
243.07408 58010.4
243.08899 47087.7
243.13365 3.34111E+06
244.13881 334554
245.07639 1.06812E+06
246.07993 88227.2
257.19687 344989
258.18347 105541
272.12357 149886
273.15579 68735.5
275.20724 2.54146E+06
276.21078 358089
280.12900 75279.8
286.17630 63244.5
298.13959 286560
301.14886 61201.6
314.09814 165071
316.15018 78920.6
326.13412 224141
331.69449 242992
332.19708 86847
340.14941 49276.1
341.14517 328335
343.12460 136113
344.14581 173911
353.10880 101525
357.10464 46385.5
358.16019 2.9006E+06
359.16324 503982
360.16449 68889.1
371.11929 538365
372.11761 75229.2
372.22360 182958
374.11911 46115.9
383.15512 94477.9
388.18158 168944
389.21210 151320
389.71201 52060.8
390.23410 764417
391.23801 135033
401.16495 46626.1
414.17361 47157.2
429.23508 518298
430.23929 98609.3
438.16135 50811.7
442.19800 52036.4
443.13855 74626.3
446.72159 118315
447.22025 49353.2
452.17697 71595.6
456.17142 279022
457.22711 141936
464.53415 161338
464.87012 92262
465.20447 48539.9
470.18607 187384
472.16776 66064.4
482.15076 119299
485.20172 69972.7
486.14746 66066.3
497.55453 54498.1
500.16159 358866
501.16507 84579.1
502.23776 109162
503.20807 193540
504.20639 51033.4
511.24106 156834
511.74445 92505.7
516.27686 262067
517.28564 59081.3
518.32947 226901
519.32831 48455.1
534.28705 61695.9
554.14655 59937.6
557.33771 67184
557.75446 123631
558.16290 68951.6
558.25513 67168
559.20471 46573.4
566.75922 424231
567.20233 321906
567.75867 62661.8
568.21027 83650.1
572.90875 87706.3
573.24756 98332.3
575.35052 562147
575.76440 446046
576.26599 270290
576.35150 120525
576.76764 69743.4
585.21387 391490
586.21973 115041
597.17743 193443
599.23029 68870.8
600.23346 58351.4
604.59802 46407.7
604.93329 48238.8
608.72241 47813.8
614.23834 78259.6
614.73969 58188.2
615.18860 416402
615.75800 46977.3
616.19067 112195
618.23718 191423
623.24609 224052
623.74695 123645
624.26428 120196
624.77344 102905
627.34589 62431.8
631.30536 172353
632.24719 166506
632.75464 96271.9
633.27429 336605
633.77734 202305
634.28168 62578
644.36908 176312
645.36780 55433.9
649.77582 62910.4
650.77600 67476.5
658.78351 315730
659.27930 538533
659.77924 266408
660.27771 72352
662.38226 1.79326E+06
663.38501 596533
664.28235 67395.8
664.38660 122123
667.78821 1.13466E+06
668.29041 720978
668.79095 261895
669.29138 117668
669.78058 62137.4
672.78058 339513
673.27917 262356
673.78302 120451
674.29169 53330.5
678.29102 306720
678.78662 282411
679.28595 141278
679.78687 57048
680.28625 46557
681.29846 65073.6
681.78571 149507
682.29218 104105
683.18610 65206
687.29425 1.79011E+06
687.79285 1.4754E+06
688.29388 582531
688.79535 179340
696.29889 8.23031E+06
696.48627 62544.7
696.54156 75988.2
696.59637 72093.7
696.79865 5.34903E+06
697.30127 2.19216E+06
697.80103 625553
698.30481 206102
701.28613 78835.5
705.30420 50203.1
705.79834 51027.5
712.20422 142923
714.25659 366557
715.25879 115181
716.77350 104587
717.27667 66045.7
721.77661 59294.4
727.82605 87869
728.32098 144928
728.81793 85605
729.25818 73907.3
730.21375 337793
730.79456 77549.3
731.20966 121990
736.82855 732681
737.32837 461607
737.82953 212216
738.33197 74503.2
739.29779 93408
739.79761 81606.6
741.82452 58028.3
745.29279 160701
745.83350 2.9292E+06
746.33350 2.48023E+06
746.83447 1.07825E+06
747.23401 73244.7
747.34717 307282
750.82452 273696
751.32666 195416
751.82678 115891
754.82764 58030.6
759.39960 200616
759.83032 158481
760.31061 62967.2
760.41620 72862.4
763.82758 86417.2
764.33972 145691
776.82477 63796.8
777.40930 1.17791E+06
778.41302 474921
779.41510 92628.1
785.33661 166439
785.82593 324784
786.32806 269508
786.82922 107696
787.32178 54861.1
794.34180 1.12843E+06
794.83435 1.51965E+06
795.33411 844688
795.83295 304895
796.34613 99291.1
799.23804 67704.2
803.34601 4.47187E+06
803.84674 3.61617E+06
804.34741 1.63308E+06
804.84943 587190
805.34778 127947
808.34119 60735.6
808.83630 61944.4
811.27051 48045.5
812.23975 64300.9
817.24518 120389
825.28137 105793
827.34637 102255
828.33771 50121.5
829.27985 264532
830.28918 106098
840.84918 75231.3
841.36011 62797.4
843.31970 131588
843.82080 126587
844.31744 86749.2
849.85785 553434
850.35706 478922
850.86041 303165
851.36493 126351
852.33496 619631
852.83551 406237
853.33856 272920
853.84668 71935.8
856.25562 61853.8
857.37482 46775.5
858.31909 99760.1
858.86133 2.472E+06
859.36407 2.18711E+06
859.86548 1.0875E+06
860.36664 368534
860.86639 80563.3
867.86646 2.18522E+06
868.36786 1.85491E+06
868.86902 956354
869.36920 295225
869.86664 95820.9
872.86053 70146
873.36829 69199.6
874.42310 245885
875.39063 138168
876.30347 78559
876.86041 50488.1
877.32098 50565.4
892.43622 1.33203E+06
893.44073 542960
894.44196 140947
898.84808 66882.7
899.33868 50039.2
907.85217 330650
908.35254 280647
908.85577 101927
916.85736 233323
917.35559 197221
917.85077 95048.6
926.30042 47878.7
940.31134 65630.7
944.31097 167301
945.31781 86439.6
984.35193 59694.8
985.46344 64347.2
986.39905 51747.1
991.34021 84340.3
1002.36896 94088.5
1003.47253 368780
1004.47345 187001
1005.42151 60753.2
1021.47876 1.13374E+06
1022.47974 543290
1023.48462 157697
1055.33228 52801.9
1060.36560 140766
1061.36218 72297.4
1073.34363 64960.8
1074.34961 48487.9
1099.38123 162279
1100.38574 73587.1
1101.40015 82709.9
1114.50647 85009.5
1117.39050 922027
1118.39197 465242
1119.40735 211016
1120.41223 52485.1
1132.51147 364538
1133.51172 232589
1134.52136 65771.9
1150.52087 786486
1151.52405 394133
1152.53027 176128
1188.46423 81557.6
1189.45300 61316.9
1198.44788 90583.2
1199.43433 77298.8
1216.46521 286677
1217.46252 134983
1218.45203 67785
1227.47351 88936.4
1228.45032 59185.4
1245.48413 505748
1246.48621 287534
1247.52014 194926
1248.53455 122924
1263.48987 146874
1264.49146 126890
1265.54810 355937
1266.55212 195545
1267.54224 75618.4
1299.53430 65436.4
1313.47205 101565
1314.45959 131258
1315.45923 85688
1317.54492 239973
1318.55127 145740
1319.52246 56705.4
1331.48486 425143
1332.48901 301968
1333.48865 112435
1334.57239 125733
1335.57874 87237.7
1344.56104 94021.6
1345.54211 65206.8
1355.56848 61800.9
1373.57605 298790
1374.58313 247870
1375.56531 67227.2
1391.59192 1.44216E+06
1392.59497 993028
1393.59229 372547
1394.60071 129864
1429.46680 66525.9
1442.52563 218617
1443.53040 142885
1444.52820 79525.9
1459.58521 131989
1460.55298 192902
1461.54175 169588
1462.55054 53394.4
1477.60449 54406.3
1489.56873 64164.7
1490.64160 53054.2
1540.51538 51741.6
1589.62952 63365.3
