1850.96977 2
110.07093 551.617
115.08613 180.203
120.08044 1607.95
129.06543 285.517
129.10204 1440.33
130.06482 1542.41
130.08603 423.895
132.08061 463.184
136.07529 455.23
141.10188 421.351
143.08113 398.805
143.11717 295.435
144.08041 345.103
147.11244 1089.82
157.09682 635.516
157.13312 675.853
159.09134 4590.38
160.09534 353.584
168.07942 195.529
169.13338 213.516
170.06001 547.748
175.11852 748.935
183.11203 227.587
185.12808 1613.9
187.08606 1689.34
197.12837 293.289
198.12723 620.6
199.18021 687.874
200.10260 382.923
200.14299 2441.83
201.12292 355.299
201.14896 230.992
211.14415 331.612
212.10211 205.65
213.08716 288.166
213.12367 217.277
214.11821 266.139
226.11810 250.293
227.15440 1153.66
227.17447 916.954
228.13301 513.638
229.11809 584.799
230.12920 253.101
231.11179 598.962
233.16487 454.693
240.09676 574.825
241.08156 714.044
242.14903 471.062
248.13847 248.618
249.12273 692.737
253.18929 201.403
254.14981 231.042
255.14882 4557.83
256.14584 374.741
256.16693 1220.81
258.10797 925.533
258.12479 1080.27
259.09079 748.968
259.10764 643.538
260.19614 890.047
261.15985 230.792
271.14026 433.906
271.17657 433.261
272.17508 11057.4
273.17841 1510.75
276.13477 481.695
277.11795 1437.68
278.12119 188.247
282.18082 380.468
283.14374 1013.14
286.13800 571.49
298.21173 1001.66
299.17163 548.628
299.20889 220.567
300.17007 6736.26
301.17337 814.895
311.17047 197.579
313.18811 280.594
325.18408 263.37
326.18671 472.598
327.20377 393.16
329.15991 962.558
339.20267 244.751
340.23337 194.935
342.21317 269.655
355.23160 190.766
356.22937 207.487
357.17465 488.947
360.15320 206.161
368.23212 609.941
369.13980 906.301
369.24979 219.428
370.20575 374.661
371.20776 815.657
376.18622 190.513
384.22372 321.351
387.15509 506.091
388.14819 952.859
389.21579 349.839
405.17670 848.317
406.15814 1171.6
407.16415 196.208
407.26453 1219.55
408.26666 223.07
413.25299 1267.06
414.25381 539.256
423.18576 430.778
428.21478 221.581
433.20590 243.586
439.26862 547.007
442.24231 584.607
467.26004 214.216
468.25085 200.234
484.29199 351.445
504.24557 293.459
510.30527 342.943
516.20490 464.892
517.19092 359.721
517.31207 450.541
518.29694 876.965
519.29828 258.165
534.21509 841.219
535.20496 370.746
535.32306 949.774
536.32892 195.376
562.25085 319.608
615.27722 211.374
633.28241 271.26
646.36523 205.255
663.25671 421.861
664.36182 1100.11
665.37128 225.636
681.28461 233.516
691.29596 331.597
704.32904 255.232
762.33246 230.846
779.34900 245.819
793.40967 512.686
794.42004 228.288
925.60706 570.525
926.62189 317.874
927.62213 830.39
940.47540 585.815
941.47821 347.074
1051.50818 242.721
1069.50696 462.403
1089.52478 205.623
1225.61658 589.797
1226.61755 258.557
1296.64856 399.542
1297.65540 258.925
1438.72937 206.697
