3029.58268 3
105.06570 643.259
110.07121 432.084
120.08059 1395.52
129.06573 381.865
129.10205 3392.34
130.08664 414.778
131.08139 1278.42
136.06189 458.028
136.07578 873.584
141.06572 1652.69
147.11267 1542.8
158.09192 601.038
159.07607 2019.7
159.09097 572.253
175.11868 709.642
176.10185 480.54
181.06062 655.996
183.14867 548.48
185.09137 431.019
185.12827 452.364
187.10764 531.903
197.12825 1882.71
198.08685 1723.14
199.07115 404.782
200.13808 331.37
201.12320 416.269
210.02480 397.683
211.14365 599.359
213.08659 2474.91
213.16173 341.566
215.13858 8913.52
216.09763 3743.05
216.14343 782.076
217.10172 338.209
218.14954 1547.04
225.12302 2366.34
227.10242 778.92
228.13365 615.33
229.11740 535.451
230.11258 487.773
235.10776 365.018
240.13150 362.101
243.13348 9058.04
244.09146 448.425
244.13771 806.805
244.16634 320.838
254.14935 471.656
258.10931 686.914
268.16510 2826.13
269.12408 1872.67
284.15967 724.219
287.13452 1815.83
296.16003 5284.6
297.16104 696.997
299.17188 350.639
312.15497 2770.69
314.17044 5428.46
315.16745 1489.48
318.17972 810.708
320.12311 1929.63
321.12680 329.834
324.11768 400.711
326.16995 689.751
327.12891 1555.15
332.19205 5206.48
333.19653 693.973
345.14059 459.087
354.16507 430.34
355.19577 1361.99
365.18149 3149.22
366.18433 413.625
368.19162 763.457
374.16989 772.158
382.20926 1261.94
383.19080 3936.9
384.19260 534.538
386.20370 821.19
391.16202 668.682
395.19244 1121.29
398.16693 679.564
400.21756 2098.67
401.20099 1548.24
410.20432 460.756
416.17633 1250.33
417.25189 349.032
418.22870 1867.71
419.19595 480.753
423.18591 875.205
427.18130 4561.77
428.18103 862.71
428.24866 483.308
433.20688 2067.69
434.20667 413.952
439.25589 377.605
440.21323 1594.62
445.27676 3653.56
446.28214 627.604
458.22363 358.866
473.23865 655.729
483.26123 372.653
484.19897 830.628
493.23880 1252.56
494.22247 487.789
501.27725 435.352
511.25027 2446.28
512.25122 677.688
529.26099 1561.8
530.26715 699.295
532.27563 1709.24
533.27460 371.068
558.35944 4047.39
559.36298 1376.48
570.25372 429.79
573.31000 352.435
585.26080 420.552
586.31940 1045.91
587.32306 394.183
588.26587 1623.71
589.26764 466.409
595.23151 528.784
602.33453 370.813
603.27716 2604.08
604.27466 811.206
613.25848 807.155
613.37103 591.097
631.27063 3012.7
632.27856 1078.02
637.36237 568.387
647.29926 425.156
673.38989 2117.09
674.39709 607.701
701.34912 1256.1
714.31055 399.98
716.35986 2464.16
717.36096 1251.33
726.34442 800.882
732.42896 570.97
742.29999 893.371
744.35345 4234.5
745.35883 2046.46
746.36255 745.545
772.46100 590.31
797.39819 431.545
801.45465 454.177
801.95984 492.812
802.45734 430.185
814.43616 601.747
815.43250 973.249
816.43982 479.432
825.42279 430.529
827.41571 470.482
829.45117 875.158
829.95911 2666.59
830.45813 2956.28
830.96063 1205.12
831.47906 455.559
834.44775 1147.41
834.77869 1558.29
835.11621 934.473
835.45441 399.245
843.42395 2963.83
844.42200 1366.67
854.41113 412.66
855.38800 575.528
871.13025 791.919
871.46381 1438.79
871.79413 540.683
872.12006 561.634
879.49390 1893.17
879.99487 1614.96
880.50293 749.919
891.41730 565.459
900.45276 767.607
919.52545 1149.72
920.52661 541.696
928.48376 376.856
936.03455 1819.46
936.53589 2411.74
937.04645 832.46
937.55658 365.655
942.53711 751.153
954.47076 437.86
960.47589 474.687
965.40546 432.501
972.49066 1870.11
972.98981 1556.97
973.49030 1140.77
973.98016 363.975
977.16553 467.986
977.50806 582.802
986.53357 621.929
987.53027 584.011
999.51581 382.772
1000.52429 559.501
1001.49890 485.118
1004.51807 595.289
1009.58228 1227.29
1010.06757 893.962
1010.45374 1001.77
1010.60101 1151.36
1011.03137 397.507
1011.57062 1719.84
1012.42279 464.924
1012.60632 567.946
1028.50232 955.384
1029.05957 571.848
1029.52710 1113.27
1030.53186 494.882
1038.07800 4046.98
1038.57996 5523.9
1039.08142 3352.68
1039.58484 1261.56
1048.58960 410.472
1056.62158 376
1085.58472 529.783
1086.58032 569.759
1087.10022 389.244
1095.59509 3307.2
1096.09387 4163.28
1096.59534 2856.69
1097.09900 859.552
1097.52344 514.823
1101.55627 1266.69
1102.55566 822.749
1114.57581 485.705
1115.54980 806.108
1127.60852 507.887
1128.60010 1052.92
1129.60217 522.063
1142.60962 403.403
1145.13318 1949.95
1145.61829 14757.8
1146.12683 2057.15
1146.62231 8331.35
1147.62708 2861.22
1148.64246 459.073
1178.62256 673.896
1179.12634 429.817
1200.62427 650.354
1201.64124 522.463
1202.64148 1241.22
1203.14063 1301.35
1203.64355 1298.07
1204.13916 399.936
1210.60583 753.399
1211.60876 603.15
1214.64856 898.795
1215.64331 676.04
1228.62537 961.997
1229.62891 740.071
1242.14966 717.508
1242.65991 1561.04
1243.15808 2059.23
1243.66785 1058.48
1251.16333 15346.2
1251.66760 22885.3
1252.16858 16107.5
1252.67188 7961.86
1253.17456 2505.75
1253.64441 468.985
1253.72217 474.366
1256.69849 539.332
1273.71692 3055.45
1274.71875 1932.3
1275.74841 420.201
1306.19385 383.884
1306.68518 1571.79
1307.18433 1639.15
1307.68970 1172.32
1308.16663 516.318
1313.70447 550.507
1327.73059 654.828
1328.73181 755.591
1329.74939 413.811
1332.67957 390.758
1338.68188 533.912
1356.70911 1633.25
1357.72278 792.73
1358.71106 981.518
1359.20715 1388
1359.71936 801.075
1360.21460 774.335
1360.67505 509.48
1386.79163 1004.99
1387.80957 453.563
1388.79016 399.282
1394.72156 672.937
1395.23120 676.437
1395.76331 380.004
1426.79456 489.979
1427.79700 437.739
1441.78955 400.291
1473.82642 1976.29
1474.83350 1561.09
1475.84656 713.796
1512.79797 388.758
1513.83276 413.915
1517.80176 425.264
1544.89001 649.736
1545.88171 742.295
1601.88525 1295.35
1602.89124 1124.07
1603.91296 426.771
1641.88037 871.992
1642.89648 552.689
1658.90894 7237.28
1659.91370 6039.82
1660.91699 3020.56
1661.92749 916.932
1757.98267 2758.63
1758.97900 2490.64
1759.96680 1124.4
1760.99329 378.242
1871.06616 1056.27
1872.06335 1198.15
1873.06152 485.208
1943.94299 648.792
1944.97400 759.82
