2121.88858 3
110.07075 595.064
120.08035 845.806
129.10194 25263.1
130.08640 417.448
130.10522 1567.91
147.07582 492.896
147.11250 521.871
151.08669 405.164
153.10214 601.796
171.11230 1413.04
175.07083 577.693
175.11865 1824.42
198.12323 2131.7
199.07011 342.684
199.10706 1231.87
216.13371 2693.69
217.08167 610.169
240.13359 2898.98
244.09244 993.114
255.14468 743.075
258.14441 869.502
268.12851 457.835
272.17114 7665.14
273.17401 928.646
285.15521 590.947
303.16544 902.362
304.12854 754.702
315.16486 359.239
322.67285 484.247
331.21002 363.013
346.12088 762.08
372.18613 446.765
381.17468 425.616
390.19974 501.97
391.15921 883.752
400.26602 4900.03
401.26779 824.575
409.17218 537.592
414.69675 1510.41
415.19547 627.134
460.17935 385.772
470.21396 778.043
474.22372 422.936
493.18942 535.219
498.72296 397.09
507.72632 4722.32
508.22742 1906.35
508.72867 518.167
509.27151 418.343
511.29749 947.772
516.73419 495.785
519.25726 820.061
520.19714 493.092
525.24609 799.401
525.74414 634.5
529.30841 7969.84
530.31006 2029.2
534.25232 989.871
534.75519 439.752
537.26453 1337.13
538.26691 433.945
556.71265 852.894
557.21912 385.924
562.20752 381.63
562.76556 426.39
563.26563 635.354
571.77435 4845.45
572.27472 2878.51
572.77789 873.989
584.77667 786.875
585.27582 367.832
589.21222 601.042
598.77423 1956.34
599.27515 807.348
603.93347 401.207
606.28870 575.713
607.29968 421.932
609.31110 852.797
609.82166 450.773
610.31641 2127.14
610.81799 1090.41
619.34180 408.566
620.76221 1193.8
621.26239 987.711
624.29413 816.391
626.32574 553.326
627.28979 2012.03
627.78937 944.564
633.28497 995.2
635.54712 748.821
635.79852 731.154
636.29498 3533.04
636.79663 1856.44
637.29999 629.085
644.33484 5504.96
645.34308 1703.94
650.32465 481.295
650.82611 566.507
657.63116 721.023
657.95880 497.848
658.30231 1721.54
658.80505 1361.32
659.30737 1807.15
659.80988 1144.5
660.03906 990.9
660.29224 1137.62
663.30377 1975.46
663.63428 3730.22
663.96686 2567.23
664.29858 1691.9
664.62823 679.275
669.30670 6760.86
669.63812 17085.1
669.97021 12194.1
670.30408 6507.2
670.63739 2340.56
675.30988 38100
675.64343 41633.5
675.97705 23043.4
676.31219 10314.6
676.64459 1685.04
681.31531 914.64
681.64465 1388.8
681.98370 826.718
682.28308 556.269
685.28516 945.379
690.30109 431.27
690.79938 1676.42
691.29681 1131.62
691.80676 1108.89
692.30371 1009.01
696.29529 800.446
696.61945 509.509
696.95734 502.892
698.29315 553.195
699.80737 585.966
700.81500 1537.71
701.31866 902.028
701.96429 2055.74
702.29828 3588.06
702.62946 2770.34
702.96271 2087.25
703.29401 681.499
706.34094 1058.95
706.79834 503.268
707.30646 649.402
707.79779 824.595
707.96796 10978.3
708.30243 12206.2
708.63702 6144.85
708.96948 3250.2
709.30298 614.068
717.31494 399.336
725.35535 442.182
735.32660 1712.71
735.82953 567.25
736.32941 854.962
739.29608 470.018
739.79749 626.312
740.80164 397.362
744.33282 5624.68
744.83234 3551.08
745.33270 1688.49
745.83521 383.165
748.30939 2017.9
748.80988 1343.76
749.31720 744.786
753.34009 3079.65
754.36212 739.256
759.35980 3096.95
760.36169 1096.92
793.31934 1309.85
793.81757 1146.83
797.79553 533.595
808.86548 889.233
809.36829 699.311
811.35712 2275.51
812.35962 759.505
813.33838 504.287
813.83545 444.057
817.86761 4909.15
818.36871 3530.95
818.87042 1320.03
819.37024 577.887
828.38129 4903.64
829.38678 2021.47
830.38959 446.774
846.38739 805.847
852.37354 1180.14
852.87732 837.344
853.37653 583.621
854.39813 668.588
861.38165 4819.93
861.88513 4552.91
862.39044 1731.59
862.88593 794.954
864.37457 1477.74
865.36517 1168.56
866.36163 506.241
866.85474 593.325
867.36230 831.722
868.36548 542.081
876.88080 1172.57
877.38037 963.471
882.38147 5243.49
883.38428 2163.18
884.38623 466.188
886.89319 406.531
887.38397 521.287
895.89240 2425.29
896.39410 2574.92
896.89288 1054.62
899.41138 1208.38
900.40576 506.888
904.89862 12610.9
905.39905 11905.2
905.89911 6192.91
906.40259 2077.28
910.37262 1266.23
910.87109 912.477
913.89844 486.045
914.40314 700.584
921.39313 505.072
922.39264 545.858
925.40765 644.286
926.35620 1459.49
927.35095 450.862
930.39539 824.254
930.90503 1641.66
931.39764 1194.47
939.40790 6417.76
939.90948 5314.16
940.40936 3717.01
940.91235 1076.03
944.39563 510.226
944.88544 999.383
945.38556 995.367
945.87549 480.12
948.41400 25462.8
948.91455 27143.5
949.41711 13533.5
949.91992 5403.58
950.44769 565.488
953.40948 1311
953.89948 3204.97
954.39307 2368.86
954.89624 1256.37
955.40259 413.303
957.42224 4001.53
957.91217 1128.8
958.42468 2312.27
959.44885 477.211
975.43506 562.601
981.41815 436.738
988.39148 680.205
988.89624 965.83
989.39899 403.418
996.43622 1018.9
997.40509 4450.76
997.90332 4214.39
998.40485 2554
998.91180 525.955
1010.47815 2257.66
1011.48584 1175.27
1014.44708 16419.6
1015.44745 7443.77
1016.45245 2342.84
1032.45520 970.651
1033.46997 630.92
1068.44348 588.071
1112.42542 2436.9
1113.42224 1348.87
1142.54028 3244.32
1143.54932 1760.1
1144.54773 542.561
1252.49670 414.343
1271.58984 1582.18
1272.59705 1084.37
1367.50928 641.341
1368.51587 598.967
1400.63696 728.062
1401.62073 396.851
1487.65857 857.06
1488.65405 658.634
1496.58044 404.595
1624.67725 539.984
