2589.29862 3
110.07088 264.295
117.09091 343.11
120.08042 690.287
128.10664 474.959
129.10184 373.646
131.06982 361.495
133.08578 380.433
136.07538 4196.84
137.07892 256.788
147.11246 480.291
159.09079 317.209
171.11342 242.669
173.12796 1244.8
175.11913 293.388
183.11211 561.391
185.12828 201.431
201.12299 1429.15
207.11285 209.719
226.15387 217.276
229.11771 245.2
233.16325 287.065
235.10713 649.275
235.14359 942.834
237.12279 738
244.16490 2275.06
245.16827 189.945
261.15900 390.379
263.10178 1169.97
263.13800 296.817
264.10712 200.127
265.11758 645.73
272.17252 206.174
279.09637 278.133
284.19568 286.513
301.15115 196.68
332.19418 193.145
343.16074 382.073
346.17523 1651.06
347.17804 259.654
350.13339 699.15
355.19614 577.529
362.16959 475.874
364.18539 580.467
376.18546 1239.05
377.18805 259.761
378.16476 904.642
379.16663 189.496
435.25937 211.02
447.22263 767.516
448.22601 211.273
463.21649 684.492
479.21024 207.505
497.24347 208.602
520.27893 556.769
521.27692 235.899
527.26093 361.167
576.30164 242.46
608.27148 205.383
610.28125 336.439
633.35510 511.413
657.29303 426.046
687.34314 277.164
770.41516 727.793
771.42163 294.845
840.91736 239.057
841.41510 219.779
863.41638 474.25
863.52942 451.278
864.02808 223.445
864.38708 543.287
864.53497 899.974
865.02106 870.563
865.53180 344.775
917.43878 205.028
933.49872 462.038
1028.52197 682.481
1044.50293 241.549
1046.49341 434.811
1048.47498 230.8
1061.53430 536.79
1062.54553 402.877
1097.54236 318.363
1141.61853 467.766
1159.57642 243.388
1161.54419 248.056
1176.57007 1121.74
1177.57031 971.47
1232.60474 261.591
1245.55945 328.854
1274.59595 241.525
1275.58044 209.682
1289.65710 1248.19
1290.65210 785.432
1291.64136 360.96
1346.58899 389.779
1402.73145 349.227
1403.73914 423.348
1437.64697 264.007
1438.66394 319.389
1508.70801 299.907
1509.72131 350.181
1517.75464 779.183
1518.76990 671.666
1519.79065 217.671
1680.82056 649.416
1681.82703 610.957
1682.83411 331.859
1751.86682 445.254
1752.87122 464.618
1753.85645 221.788
