3092.60073 4
110.07127 397.304
120.08057 2406.82
129.10208 2266.48
130.08606 811.969
136.07552 1855.75
143.11765 868.522
147.11273 1878.93
155.11778 780.7
157.09737 628.263
159.09102 712.862
171.11284 577.403
173.12825 1810.94
175.11903 795.504
183.11266 1152.03
185.09299 395.855
185.16530 606.523
186.08691 1275.28
187.10786 1111.95
187.14430 610.058
199.18008 887.603
200.13922 12209.7
201.12323 1871.27
201.14278 1227.34
204.08003 436.14
210.02531 383.815
213.08702 417.959
213.15891 726.843
215.10281 730.468
215.13866 745.059
216.09679 366.66
227.17548 1508.68
228.13402 8865.24
229.13676 1015.18
230.11249 508.214
232.07443 589.652
233.12732 364.717
242.14960 419.783
243.13258 904.205
246.18120 896.772
249.15865 379.891
260.10651 362.215
267.11606 1159.25
269.12476 1193.4
270.10928 447.356
272.12381 2282.5
277.15659 371.397
287.13596 596.466
297.15594 777.787
315.16675 662.229
316.14926 601.848
322.18832 1079.49
329.14572 649.588
341.21814 5868.4
342.22256 760.62
343.19629 887.554
346.17242 495.034
356.21570 603.289
368.19366 817.217
371.19080 782.226
379.14255 478.566
385.20721 1040.04
386.20758 543.708
393.24966 1314.6
396.22382 657.797
428.23480 4417.68
428.73447 2215.04
429.24164 673.677
431.17691 488.583
454.30270 1383.32
455.30469 567.762
457.20505 1130
485.74579 563.375
486.25742 401.585
494.29688 1643.95
495.29984 422.021
499.29993 665.286
513.77606 1889.1
514.27686 951.651
540.24060 1176.72
541.23486 502.229
556.32727 955.721
556.82446 622.075
557.29376 467.506
558.24884 1151.04
570.32428 1464.42
570.81897 939.181
571.32971 535.561
582.29230 453.8
583.34369 761.131
592.79834 400.514
595.34576 1976.41
596.34717 804.722
600.31512 469.004
604.39026 438.821
626.86005 2121.08
627.36121 1933.32
627.85968 671.549
631.35223 823.619
639.31140 1385.22
640.29767 424.906
640.40137 594.527
641.36816 660.469
642.37640 731.145
648.85608 1204.67
649.35809 617.64
654.11401 584.047
654.37701 482.499
657.31641 864.223
668.90472 949.867
670.37299 988.828
671.37933 405.494
676.39630 1171.97
676.89410 1241.84
683.80432 580.738
684.30811 555.801
686.33667 579.946
698.34698 816.733
698.84052 608.391
709.35754 694.878
710.35962 455.519
712.39020 875.759
720.32800 738.718
726.84644 644.712
727.34814 709.003
730.41547 456.025
732.94171 651.729
733.46460 516.814
740.35834 421.85
740.71228 602.411
741.04431 639.367
741.45746 468.3
742.42242 880.262
742.56897 420.2
742.74207 619.006
742.90332 464.963
747.93921 801.426
752.38611 621.053
758.41351 1281.48
759.41504 648.681
762.42902 1205.3
762.91962 785.597
764.87634 527.585
767.64325 420.63
768.38409 682.708
768.74329 433.332
769.45514 547.198
770.40369 635.376
771.44171 413.369
772.35504 508.758
772.77783 454.278
773.35950 3228.42
773.48547 1994.51
773.71997 2180.88
773.89478 1031.92
774.04553 1710.43
774.37360 3534.37
774.73822 2445.85
774.87549 730.257
775.07202 2754.04
775.36597 3345.77
775.52582 730.982
775.74652 1634.17
776.39020 520.074
781.41638 591.606
796.97766 803.125
797.49652 609.879
799.41888 2153.58
800.42413 996.217
803.18433 1191.4
803.35571 603.413
812.46130 707.808
822.32117 447.525
825.37463 756.313
832.45068 512.566
833.45599 515.589
841.45990 639.845
848.38623 1314.28
849.38928 537.096
855.46033 12555.8
856.46277 6187.56
857.47107 1811.04
858.46777 459.68
862.41626 824.2
862.91370 989.87
871.50507 612.119
871.68402 465.363
880.46838 432.995
881.90778 517.008
882.41852 1365.56
882.92047 590.336
884.53833 508.126
890.48914 754.411
890.68463 1817.13
890.88495 2001.66
891.09076 2742.65
891.29828 1227.53
891.49463 1146.9
897.51013 512.446
898.48944 1341.19
899.49646 666.298
901.49841 424.58
903.73956 759.637
903.92871 748.744
906.46765 1047.31
906.96643 597.721
907.45557 547.453
912.51398 2138.95
912.91394 606.193
913.51617 1078.32
917.79700 992.569
931.45209 656.48
931.95728 1298.57
932.44934 1185.75
932.76672 477.733
933.08490 1248.09
933.44482 896.851
933.77344 1073.69
934.45972 525.162
939.39258 693.932
941.49792 640.028
947.45874 1402.23
948.46033 754.318
950.15515 546.406
950.51447 424.42
955.52124 910.408
968.52039 639.631
969.49597 663.482
970.48840 4641.48
971.49182 2250.97
971.99957 593
972.49115 1406.66
973.47388 560.196
977.89581 465.794
984.51776 457.014
987.47137 595.263
988.02234 560.105
988.50055 1545.13
989.00140 1311.3
989.50494 782.681
990.00128 451.344
1009.53241 559.851
1011.57947 1251.38
1012.58038 677.165
1025.58826 1584.67
1026.54773 6805.2
1027.54785 3536.6
1028.55212 1017.48
1036.57227 550.896
1045.52551 867.117
1046.01721 598.323
1046.51367 878
1053.54321 492.08
1067.51501 424.946
1070.53760 1025.01
1071.55115 449.466
1073.55774 1512.6
1074.04541 1020.97
1074.56250 579.634
1085.51392 18307.4
1086.51611 11349.5
1087.51770 3470.61
1088.52551 547.956
1109.08203 702.102
1109.57300 696.017
1113.12378 691.106
1113.34839 515.968
1113.64172 494.121
1113.84766 537.995
1124.65588 1723.64
1125.66443 858.336
1133.53931 2441.11
1134.54285 1351.3
1135.54773 533.808
1139.63159 6858.23
1140.63538 4301.8
1141.63684 1487.65
1154.59985 459.71
1169.59619 495.058
1183.62524 1149.68
1184.58838 5274.19
1185.58850 3444.29
1186.59326 876.409
1187.57642 447.391
1232.62659 480.617
1233.60754 472.526
1252.71265 4009.4
1253.71606 2892.14
1254.70325 1335.66
1267.61328 501.923
1268.61536 448.998
1285.62598 4252.37
1286.63159 3227.65
1287.62866 1328.42
1296.69653 950.15
1297.69666 831.323
1316.61072 437.405
1351.78149 1491.63
1352.78638 1455.35
1353.78381 660.989
1395.77429 494.378
1452.70569 634.732
1453.68213 921.589
1470.71484 1299.57
1471.71265 970.579
1472.71252 545.114
1523.82837 747.518
1524.85962 666.914
