2104.87685 4
110.07114 901.036
112.08677 360.422
113.07056 378.391
115.08613 400.114
116.01648 1837.5
120.08083 2463.15
129.06584 2766.3
129.10228 5153.83
130.04985 723.498
130.08620 410.93
130.10507 520.294
133.04295 10633.1
134.04666 491.254
136.06177 4503.98
136.07584 1036.31
141.06606 535.161
147.07640 460.955
147.11285 945.616
157.09811 358.984
158.09216 886.843
173.09203 1763.48
173.12776 387.027
175.11897 9545.32
176.12396 597.778
181.06073 960.39
183.11258 1271.59
199.07173 769.779
199.10794 723.514
199.18106 684.758
200.13918 941.604
201.08702 872.929
204.08018 1488.3
205.02336 719.652
209.09073 378.82
210.02562 819.167
211.10809 1631.23
212.06670 1087.31
215.13858 596.106
224.10312 395.466
226.11922 641.864
227.06609 854.864
227.10245 1024.58
227.17525 632.161
228.13429 4048.46
229.09329 1575.06
229.13725 500.974
229.63963 668.3
232.07513 718.128
238.60831 1393.16
240.13281 362.411
243.13013 847.778
243.14995 551.133
244.07536 1493.48
244.16644 372.006
248.16109 662.839
272.07001 2080.62
272.17145 1897.54
273.11887 1168.2
273.17459 435.462
284.08722 817.063
286.13730 502.888
290.08282 837.219
290.14590 22365.7
291.14905 2444.32
299.66782 534.734
309.61829 1565.6
310.11252 1070.39
312.15454 378.403
313.19235 1442.52
313.69354 381.994
318.62372 7013.84
319.12485 2325.88
319.19452 426.642
319.62509 562.277
342.68704 2880.35
343.10706 513.291
343.18921 1485.55
346.00812 373.397
347.10196 620.945
347.70166 379.981
349.20386 792.78
359.13486 508.026
369.22549 1271.25
372.15237 1282.09
372.48682 695.602
372.81802 531.096
374.14191 673.914
376.16190 469.945
381.18439 388.702
383.14584 565.59
385.15057 601.353
387.16034 577.893
388.14380 784.748
389.11441 399.158
389.21252 538.449
390.17181 826.994
397.72418 1599.33
398.22354 664.217
399.22937 509.2
400.51422 1774.51
400.84979 688.624
403.15903 651.489
405.17285 21403.6
406.17603 3302.83
407.18167 483.729
410.02631 413.879
415.15729 571.684
416.99399 965.133
422.00943 792.368
422.51456 493.158
423.00049 1097.42
423.50253 1363.27
424.20258 398.99
428.03702 1494.89
431.15213 402.259
431.27362 424.127
432.00702 878.063
432.71628 1257.65
433.21597 945.95
437.99268 570.876
438.21185 943.052
438.98636 2846.81
444.16000 1706.79
444.66223 745.37
445.65363 433.93
446.19635 592.822
446.54248 560.303
446.71243 1024.22
447.21371 1095.12
447.99088 607.762
450.01801 500.103
451.23889 674.255
451.57559 515.472
453.22192 542.504
456.74991 410.505
457.70392 657.291
458.20255 802.152
458.27237 4045.43
459.17920 812.01
459.27670 1227.67
460.87827 790.904
461.59222 694.553
461.92920 465.089
462.12997 477.13
462.57571 557.761
463.24124 417.592
467.25439 448.041
469.20871 589.615
469.99792 532.619
471.69702 679.263
472.28830 960.864
472.74826 519.449
472.99329 1067.38
473.24426 869.278
473.49847 844.839
475.26990 2557.75
475.60248 1390.66
475.93814 830.608
476.20969 26390.4
476.99072 662.983
477.20728 4711.32
477.29709 1043
477.50467 5406.26
477.75430 4742.65
478.00562 2571.36
478.19257 425.938
478.24628 1212.45
478.51956 1028.06
478.77451 1036.52
482.01065 1263.52
482.26245 789.848
482.51208 499.97
483.89847 2260.04
484.23151 2962.85
484.56650 566.311
485.27478 749.983
486.69711 709.306
487.20157 413.913
491.98203 786.983
493.22900 603.497
493.92892 603.21
494.25015 1621.83
494.58755 1119.77
495.23807 847.439
495.57254 693.986
495.89761 576.3
496.72830 853.662
497.22916 455.901
497.49377 636.166
497.74377 975.616
497.99774 904.572
498.24115 410.173
498.74982 555.532
500.22043 532.364
500.70319 2194.99
501.17780 2401.21
501.49335 950.324
501.68723 1428.96
501.74341 1657.45
502.00204 10644.4
502.25256 9864.28
502.50449 5360.7
502.75488 3706.39
503.00897 764.19
503.25778 1534.09
503.50262 1304.13
503.75180 813.678
506.66296 577.939
507.26880 865.147
507.82886 565.346
508.73044 426.771
509.22839 1289.03
509.73135 795.558
517.74323 1182.39
518.24658 877.039
520.26202 469.931
520.58191 689.725
522.77087 441.911
525.27875 1451.92
525.74646 639.419
525.81586 965.147
525.93036 477.641
526.19409 631.782
526.26428 3739.19
526.33484 2168.65
526.49481 1357.05
526.58899 1142.82
526.76501 1717.32
526.86121 1637.71
527.00232 717.392
527.21912 717.087
527.29938 1446.27
527.58228 844.063
527.73938 733.87
527.80267 1055.25
527.95361 599.367
528.10266 698.354
528.32574 10965.8
535.22040 565.385
536.21851 511.909
540.20544 756.383
540.32446 581.101
540.70227 562.099
543.24609 787.955
543.72559 1279.04
544.22058 534.4
545.23035 666.933
545.93433 439.247
547.31006 2309.39
548.31293 998.755
548.71936 1350.02
549.21204 4446.53
549.70496 1359.75
550.20654 672.891
557.24603 1738.73
557.72327 33148.7
558.22430 19079.5
558.72357 7978.43
559.22522 2261.17
560.25818 411.008
560.76215 1104.9
561.26459 757.029
563.20258 590.361
566.71991 928.146
567.21729 594.03
569.25677 418.52
582.60126 579.456
583.23645 581.166
587.32245 593.132
591.26086 850.031
591.75702 3558.55
592.25751 2496.92
592.61768 642.763
592.75647 1179.41
596.74768 946.448
597.24292 716.026
598.33923 587.047
599.76050 640.156
600.26849 17755.2
600.77002 10612.4
601.26917 4623.55
601.77032 1697.68
605.26147 2320.78
605.75360 5122.25
606.25140 2140.6
606.75439 1171.64
611.62677 820.618
611.96338 1492.28
612.29376 1271.06
613.23590 928.94
613.73456 490.581
614.26575 39916.3
614.76697 25693.7
615.26691 11305.6
615.76685 3367.98
616.27002 573.691
618.23163 792.439
619.21228 2786.97
620.21497 885.619
621.21283 434.111
621.75677 770.581
622.25861 747.6
622.75262 459.01
623.25153 1454.59
624.24304 664.986
624.73181 607.851
626.77472 1004.23
627.27203 601.616
630.17664 657.2
634.28900 770.226
634.80420 523.119
636.24036 32893.9
637.24316 8641.21
638.24091 2756.86
641.82806 1031.66
642.32678 630.233
644.28333 1052.58
644.62231 1108.73
644.95844 1191.65
645.29449 495.926
646.66705 509.393
648.29724 2088.61
648.79974 1489.01
649.29260 539.604
653.28070 494.006
653.79590 441.996
656.28204 805.895
656.81097 10443
657.31256 7028.63
657.81128 3291.71
658.31293 1202.57
661.80316 1481.51
662.29785 2092.67
662.79742 1759.17
663.29498 757.705
664.78088 495.901
668.31464 419.525
668.80688 1075.92
669.29785 446.841
669.78577 686.994
670.28162 429.858
670.80725 16969.3
671.30933 11480.2
671.80945 5712.61
672.30817 2121.78
672.81097 427.228
675.83026 471.779
676.34900 3104.17
677.35565 1371.27
678.78827 2988.38
679.28571 1729.88
679.80682 529.269
680.24030 722.969
684.36688 5988.18
685.37402 2967.91
686.37860 785.347
689.25037 580.359
690.81555 1338.25
691.31415 925.274
697.40161 937.587
712.82202 722.064
713.31567 421.552
721.33160 1967.53
721.83276 1013.72
722.32751 712.358
726.32068 1032.55
726.81665 1656.09
727.31976 1203.84
727.81421 464.148
730.23877 439.234
734.84863 645.333
735.32996 10398.3
735.83148 7353.41
736.33032 3521.2
736.83124 1430.72
737.32758 469.023
741.91046 493.185
743.26178 894.217
743.84229 996.103
744.35114 805.891
744.75623 512.072
747.27289 9177.82
748.27234 3217.08
749.26910 987.265
759.21753 1135.46
760.22302 570.779
760.83301 498.714
761.32312 439.633
765.28357 11008.9
766.28558 4393.14
767.28540 1058.48
769.83850 2640.79
770.34125 2415.99
770.83942 1158.98
771.33838 440.358
779.33221 629.613
791.42621 415.682
794.44312 874.823
795.44971 550.735
797.44916 597.65
815.34381 1064.23
815.84344 767.261
816.34052 499.318
823.42041 3653.36
824.42346 2121.5
827.34558 462.216
835.47662 644.956
856.34424 990.223
872.30304 1783.05
873.29767 654.83
887.31256 1489.23
888.31195 564.185
889.32880 454.352
892.41608 1085.31
893.40967 554.63
930.43176 488.407
942.38599 994.779
943.39935 431.027
947.44586 739.771
967.37750 519.174
985.38434 1950.57
986.38666 713.563
1000.39789 3983.35
1001.39282 2082.44
1002.40070 927.017
1096.42859 752.332
1097.41492 954.784
1113.47937 2943.33
1114.44336 5036.26
1115.44373 3031.28
1116.44568 1050.81
1125.39612 940.936
1210.50159 592.202
1227.52454 2954.66
1228.52466 1813.04
1229.53137 827.797
1238.48938 920.288
1239.48328 498.743
1242.52234 1204.55
1243.51807 736.571
1244.52161 591.108
1340.61768 404.954
1356.57104 513.109
1357.57410 540.174
1367.54175 422.976
