1751.83061 2
110.07106 3418.95
111.07418 184.588
112.08685 337.913
115.08657 263.588
120.08052 6913.38
121.08368 455.938
127.08644 375.948
129.06622 224.733
129.10205 5886.19
130.04961 232.966
130.08592 777.802
130.10513 323.728
133.04282 243.145
136.06158 709.45
136.07552 3650.53
139.08618 264.627
147.11263 1580.06
155.08148 488.645
157.09749 192.016
157.13335 305.825
158.09138 381.754
159.07669 218.406
159.09085 268.747
166.06104 440.745
167.08142 536.875
169.09727 432.421
169.13339 377.598
171.07600 393.733
171.11263 203.479
175.11865 2371.39
178.13319 193.225
181.09796 335.79
183.11331 244.209
183.14943 391.905
185.09184 369.264
185.12788 192.022
187.14380 405.515
189.08626 393.219
192.10271 201.527
195.07626 191.915
195.11229 268.158
197.12779 437.648
199.07088 393.536
199.10744 283.533
201.12302 530.116
208.10651 310.404
209.09166 494.991
209.10330 462.976
210.02580 264.032
211.14326 284.515
212.13910 195.734
213.08682 398.008
215.13881 1935.45
217.08144 1122.79
223.10736 692.853
223.15578 537.431
226.11826 1572.5
226.15468 260.838
227.06981 263.991
227.09918 413.775
229.11650 246.7
231.09808 361.423
233.16455 11775.7
234.16794 1341.79
237.12115 249.381
240.13370 357.096
241.08162 417.554
243.13336 2635.9
244.12814 1311.48
244.16463 223.392
245.07732 536.395
246.18103 332.78
247.10707 617.975
249.12234 208.155
249.16000 203.022
250.09439 348.166
251.10103 779.522
251.14990 819.844
257.14081 201.94
257.19681 546.116
259.09180 346.703
261.15924 8470.61
262.16299 1152.9
264.06406 211.833
265.11752 1521.34
268.08887 232.996
272.17218 313.481
275.09879 358.72
275.20737 2612.59
276.20938 248.575
280.16476 212.42
284.12213 212.241
285.13419 1149.62
286.10269 603.135
288.13474 560.386
293.11227 1038.01
294.17880 217.898
300.11829 408.336
304.11432 213.532
312.04886 1527.29
318.12677 343.755
322.18695 333.018
329.21854 246.515
330.05899 1143.84
334.13855 513.586
337.15118 506.514
341.14536 331.14
351.20267 273.782
355.16077 460.055
362.13474 515.742
369.14059 320.654
372.22046 326.697
373.17194 551.08
374.24243 859.744
376.14987 486.207
379.20255 236.772
380.14270 818.821
387.15103 558.032
390.23187 1612.56
398.21725 377.187
404.26141 243.667
406.19473 422.087
408.14020 776.262
436.00562 211.683
436.22562 320.551
449.03250 312.553
449.17081 520.794
450.03726 306.126
451.02490 989.849
452.03278 517.659
463.18494 359.952
463.93842 208.606
467.21417 260.878
468.23456 200.266
473.16553 208.897
481.19434 646.322
483.25818 229.474
486.24457 425.573
491.17654 259.958
495.17242 369.202
501.26770 877.334
503.28723 376.735
509.18677 247.605
514.23901 238.643
519.27710 1362.58
532.19965 295.496
550.21228 725.003
554.24341 227.799
560.91559 237.218
568.22101 322.384
578.20624 323.324
592.22205 280.713
596.21838 492.47
643.22717 248.782
645.30261 267.019
661.24316 374.533
662.32355 3567.2
663.32782 2295.79
664.33160 892.575
679.25684 438.511
682.34100 1208.06
683.34546 413.602
697.27075 272.566
734.32513 259.277
751.36127 310.8
769.37244 1110.3
770.38123 333.296
777.36389 268.948
808.38483 223.311
810.40063 233.44
839.36133 221.849
852.40582 326.02
862.42999 566.414
870.41827 1695.14
871.42035 725.588
875.01611 233.457
875.51904 244.065
876.40552 330.9
877.44989 242.164
882.46851 435.378
931.45459 315.234
939.41547 253.309
967.44055 332.454
985.44501 925.831
986.44452 397.393
1013.47723 321.855
1014.48364 249.26
1068.47815 357.406
1080.48010 297.499
1086.49231 1262.24
1087.49695 749.971
1088.48560 273.105
1090.44934 221.878
1203.54614 341.412
1231.55542 277.123
1249.55078 1014.91
1250.55847 673.931
1360.57849 313.699
1361.56494 216.341
1378.58582 542.62
1379.62500 273.817
1491.70789 213.381
