1935.01836 2
110.07107 2294.23
120.08051 7556.48
121.08356 521.234
129.06570 3146.15
129.10208 5364.29
130.04935 599.014
130.08607 2159.49
136.07542 2280.04
140.14331 1394.48
141.06555 1157.57
141.10197 1106.94
143.11732 594.616
147.11264 4400.3
155.08167 612.878
155.11772 843.074
157.09656 562.029
157.13332 1762.99
158.09219 3233.56
159.07635 1605.35
159.09129 1147.88
167.08092 575.63
169.06088 929.99
169.09673 636.566
169.13445 517.566
171.11259 2197.33
171.14864 1394.83
173.12816 7251.95
174.13002 522.851
175.11880 3871.49
181.06061 1073.07
181.09636 663.935
183.11256 5909.42
183.14928 693.334
184.11703 487.341
185.09187 1015.82
185.12814 2916.99
185.16484 2934.2
186.08702 9925.54
187.07109 5445.1
187.09009 559.937
187.14371 985.37
191.11766 966.575
195.11333 592.372
197.12862 1404.44
198.08659 555.367
199.10762 1012.65
199.14392 2420.19
199.17990 743.368
200.10219 464.357
200.13870 2219.88
201.12308 4983.12
205.09688 836.784
209.12688 463.654
211.10728 3713.34
211.14496 727.682
212.10072 880.407
213.08696 962.08
213.15968 3583.27
214.11935 684.029
215.13884 2224.23
217.09387 694.521
219.11244 4146.08
219.14920 1703.49
226.08243 2082.41
226.11865 979.255
226.15471 501.763
227.10278 639.647
227.17500 1213.33
228.13387 16793.7
229.11833 4669.81
230.07712 2078.77
230.11087 756.924
240.13396 4847.27
241.11954 905.989
242.14975 874.466
243.10866 4275.69
243.13371 3097.11
244.09302 1399.59
244.16566 535.389
247.14365 3455.49
254.07736 871.584
254.14963 2499.53
254.18542 622.625
256.12848 725.929
257.12497 670.064
258.10818 10391.4
258.14389 7323.09
259.11270 856.885
259.14728 1113.72
262.11798 5053.56
263.12125 499.623
264.13507 808.94
266.15005 936.355
268.09265 798.882
268.12878 866.937
269.08813 1187.33
269.18677 652.528
270.18051 509.474
271.10345 972.942
272.15884 1077.97
273.16037 726.2
274.12048 496.127
276.15417 5861.28
277.15717 870.232
281.15903 585.936
282.14444 2948.77
282.18051 3065.82
283.14340 482.252
283.18188 534.844
284.15933 619.284
284.19659 1014.84
285.15555 1004.47
286.13937 10120
287.09860 2052.49
287.14252 1413.12
287.17508 478.403
294.14462 1306
294.18274 518.557
296.19666 1284.71
297.15558 895.62
298.13708 834.183
299.17084 5295.73
300.15381 3366.4
301.11298 915.296
302.11423 484.633
304.16461 1439.3
309.11743 532.254
310.10144 1046.23
311.17096 4499.35
312.15265 2622.23
314.16919 792.126
315.12946 510.531
315.20718 646.712
316.16522 730.996
318.18054 3284.25
319.18619 503.274
320.12161 521.534
325.15103 1266.67
325.18546 1019.79
326.17041 581.984
326.24286 599.632
327.12869 1089.72
327.20184 1670
328.18503 559.34
329.18121 3028.86
330.16003 583.696
330.19141 499.221
332.12546 618.249
332.19696 2849.8
333.18979 4882.08
334.19513 678.356
337.11496 1067.92
338.18161 667.001
339.16544 6241.62
340.16388 825.13
341.14459 1227.06
341.21918 574.067
342.20102 791.256
343.16257 1019.99
343.19849 702.263
344.15561 1475.45
347.20670 470.03
349.15106 1630.12
351.16473 829.918
353.21805 2973.74
354.14120 1592.68
355.12427 7270
356.12894 1080.87
356.19193 2115.92
357.17612 7327.51
358.18130 1103.97
359.13571 939.61
361.18658 5206.68
362.19000 952.63
365.18381 999.744
367.16223 1234.02
369.17737 1240.32
371.13657 493.675
371.21643 1247.46
372.15097 12652.4
372.23477 495.26
373.15741 1850.64
375.19925 1030.21
377.14658 2886.13
378.14670 606.573
380.19037 481.573
381.21994 735.161
382.14758 674.419
383.11975 1770.52
383.19315 881.85
383.25150 537.358
385.20905 2714.21
386.16681 771.368
387.20892 581.562
388.15964 1668.16
389.14194 1263.74
389.23981 5781.42
390.24225 994.471
391.16333 1062.29
393.21219 1160.42
394.21136 1536.28
397.17065 482.04
398.23947 851.946
399.22275 1917.48
400.18384 1223.42
401.18567 702.553
405.17780 680.911
406.17175 3592.69
407.17334 717.28
408.18790 2394.05
409.16989 1373.52
410.14911 678.308
410.23883 2726.73
411.22217 1328.1
412.22247 587.938
413.23785 490.778
414.20474 603.087
416.15607 3435
417.16400 496.169
417.20984 524.803
419.19055 690.059
420.22946 737.011
422.20261 2283.19
423.18320 1323.33
424.22971 622.545
425.24628 687.505
426.19763 3606.54
427.19669 844.874
428.25128 1053.56
429.24982 623.31
431.26636 901.692
432.22708 823.642
433.24448 540.5
434.16626 4904.52
435.16568 777.468
436.18115 2328.96
437.16647 584.998
438.23398 1155.86
439.22858 1033.44
440.21259 4920.87
441.21347 689.206
442.26678 1207.98
443.22672 1786.72
445.20114 816.471
448.21652 625.488
450.19565 1747.81
453.20581 730.279
454.19089 4592.1
455.19330 1452.7
456.24503 2323.01
457.24081 2023.85
458.20032 1000.48
460.17850 1114.69
460.27628 10560.3
461.27841 2168.1
462.23413 1035.61
463.23715 705.975
465.24869 912.442
467.22531 1581.26
468.20688 6301.88
469.20673 1263.03
470.25888 1068.85
471.21854 5875.44
472.22086 1478.43
474.27426 882.842
476.21017 1827.99
477.20959 787.757
480.21909 540.156
480.26306 802.018
482.18488 1137.6
485.23499 4153.25
486.23895 980.374
487.18332 480.18
487.22974 762.073
488.21240 1597.48
490.23108 663.943
494.27698 482.214
497.23740 845.281
498.28714 821.45
499.25052 654.081
501.24570 927.396
502.22821 2713.4
504.24609 581.554
505.24335 3679.6
506.24536 616.252
507.25653 680.996
508.25836 1937.65
509.27310 527.639
515.22339 3602.2
516.22699 830.055
519.25531 3161.92
520.25452 725.268
521.27112 1315.23
522.26074 1476.88
525.27313 851.496
526.21204 514.721
529.23578 1289.35
533.23419 5138.4
534.22876 1182.83
536.20465 684.951
538.29730 549.132
539.28149 4777.75
540.28912 1363.46
542.24969 1095.25
547.24902 2514.48
548.24347 548.318
549.26349 2661.72
550.26752 643.634
551.29797 761.79
553.25134 1119.7
554.25739 816.856
556.31116 1789.43
559.24664 1027.07
566.29254 645.325
567.27667 4526.7
568.27911 1335.48
569.33386 700.945
570.28247 1358.72
573.25568 996.692
576.27087 537.473
579.29431 1557.54
580.29950 825.967
581.22827 563.381
584.30249 3257.27
585.30524 905.145
586.25360 728.687
587.27100 562.653
597.29712 632.765
601.29675 2255.24
602.29742 566.107
604.26324 690.307
605.27435 719.283
607.34460 12297.4
608.34839 4033.8
609.34912 791.972
614.33801 764.557
615.31732 745.379
618.32886 2890.96
619.33527 703.803
623.27887 597.573
623.34937 664.797
624.28387 570.81
625.28986 1724.62
628.30621 1746.62
629.31256 550.532
632.30457 789.591
634.25342 776.569
635.27020 631.024
638.36133 863.469
646.31970 3122.01
647.32172 956.952
649.30261 683.539
652.31665 1157.22
662.29279 1851.59
663.27625 633.669
666.34351 1768.34
667.34534 983.068
672.32629 735.971
676.30524 636.922
680.30005 4075.32
681.30273 1425.18
683.37207 1347.31
684.37750 547.967
692.37933 642.325
694.31903 885.382
700.36426 519.545
705.32300 586.479
706.41211 3984.12
707.41492 1359.5
714.38318 735.736
717.38983 643.575
723.34460 1368.56
724.35986 1775.43
725.36145 550.165
727.37299 672.821
733.32971 1947.39
734.32458 769.412
737.36975 533.959
742.37469 811.164
745.38831 1629.39
746.39252 634.959
748.36432 1273.68
749.36609 502.954
751.33813 2370.17
752.34491 691.971
765.37128 508.077
775.37109 569.901
779.36688 1796.99
780.37183 564.891
785.43011 964.271
793.38196 949.407
836.42633 507.697
837.44464 1070.76
846.41260 1460.05
847.42303 595.305
853.47650 727.316
855.45258 531.911
864.42053 1921.76
865.42230 804.794
880.41095 1818.6
881.41992 662.535
910.50592 1095.76
967.52240 3343.67
968.53668 1439.81
981.46906 1197.08
982.47333 573.928
1034.50317 637.197
1060.51147 922.294
1061.51001 540.753
1078.51831 6393.91
1079.51855 3839.02
1080.52393 1565.14
1081.50977 628.39
1082.53479 693.72
1083.55371 652.193
1139.57068 3999.72
1140.57690 2711.12
1141.57214 830.661
1165.55103 4507.23
1166.54993 2301.62
1167.54517 995.848
1252.65601 2340.58
1253.66064 1799.77
1254.67285 657.676
1278.63672 1473.2
1279.64099 1160.58
1351.72583 1077.65
1352.72546 1059.99
