2675.38272 3
157.13316 6550.37
161.07381 1514.86
171.11229 1276.47
173.12813 39690.5
174.13168 2951.92
175.11874 4942.99
185.12820 15451.7
186.13170 1345.69
189.06902 1965.93
199.07092 1348.92
199.18011 4437.87
201.12302 22790.5
202.12692 1667.49
216.09796 1994.17
217.08139 1193.08
218.15024 2318.95
226.08212 4079.85
227.06613 5674.07
227.17484 4597.15
229.11827 5928.28
244.09233 41929.9
245.07826 5656.57
245.12352 1208.57
247.07401 1295.33
253.19101 3687.17
261.12039 1786.07
262.15051 10712.7
263.15558 1223.31
284.19559 4085.28
294.14432 1757.08
298.13986 2623.9
298.21204 21556.7
299.21533 3129.75
304.09576 4866.64
311.17175 2389.01
312.15439 3366.4
316.14963 2233.72
327.23709 1579.22
329.18152 16357.4
330.18799 1582.36
339.16647 2898.49
340.14877 3185.36
342.20221 9560.33
343.20486 1373.49
355.23361 7460.53
356.23898 1167.09
357.17609 22654.6
358.15060 2060
358.18729 2984.82
361.21890 6902.42
367.23108 1150.7
373.19067 1704.8
376.11844 2419.44
383.30063 3066.32
385.17178 1574.35
385.24335 1336.33
397.24457 1868.57
405.14209 1586.36
409.16986 4572.25
410.27386 1964.28
411.22311 4646.88
411.29694 3846.05
413.23874 16988.9
414.24036 3309.14
415.18228 1634.77
417.17880 6760.09
418.17935 1387.03
424.25439 1488.73
425.23819 3627.46
426.19785 9641.8
428.21866 2010.42
429.23590 1724.89
433.13876 6442.68
440.32312 1248.12
442.26489 2444.48
444.20795 48167.9
445.21188 10151.6
452.24905 2172.27
453.23267 6410.81
454.23389 1870.06
458.27704 1245.89
462.26639 21522.9
463.26816 3927.65
468.32007 1571.04
470.26135 5007.95
486.27423 3304.11
494.26126 1440.16
498.32645 2201.16
511.28754 3647.93
512.27020 4847.9
513.31604 1300.47
515.24304 1261.72
518.22650 4420.88
519.22870 1175.55
521.27167 1654.1
522.25696 2387.79
523.29242 2144.94
524.26624 5998.58
525.27258 1471
526.32233 6640.81
527.32764 1632.06
528.21313 2822.41
529.29724 13437.3
530.30872 3158.33
539.28064 10546.6
540.27661 2766.53
541.29889 5706
542.29736 1749.49
546.22156 7233.16
557.29205 19730.3
558.29596 4550.73
575.35004 12452
576.35321 3573.23
582.29651 4710.68
582.79907 2341.47
583.35931 1647.74
595.34229 1447.39
599.35895 1284.72
601.29846 1953.32
610.31140 2170.75
617.25781 1213.02
625.35004 1266.94
628.32971 4215.98
629.33276 1221.65
631.31067 2238.81
633.25140 1290.82
637.35590 2661.27
638.84131 5597.79
639.33844 3407.01
639.84131 1500.05
641.29810 1247.2
652.36322 2736.35
653.36511 1324.24
654.38293 2969.14
659.30835 3419.18
660.30975 1223.91
670.37726 4366.49
671.37915 2239.84
694.35840 2473.83
694.85767 2269.1
702.34174 1432.84
703.44098 23921.5
703.86078 5759.24
704.44507 6704.54
705.45837 1436.37
713.41858 1643.19
714.38440 1407.63
723.40057 4893.52
724.40424 2474.31
730.34436 3797.15
731.34576 2099.83
741.41333 8647.78
742.41577 3692.46
752.36462 1269.65
760.87402 11011.4
761.37622 8505.73
761.87805 1471.28
818.47363 11802.7
819.47491 5202.6
819.75513 2475.81
820.08972 2975.67
826.39471 11052.1
826.89435 6706.99
827.39526 3879.69
843.42786 3136.01
845.90704 2947.08
846.39771 4324.92
846.90210 1932.64
854.51855 2520.37
854.90479 48340.9
855.40588 44257.5
855.90839 22150.5
856.40967 5348.3
856.93634 1311.31
892.46320 1407.4
893.44183 4221.08
902.44012 4455.79
902.94617 5067.37
903.45172 3182.24
911.44702 47819.1
911.94818 45327.4
912.44824 24865.9
912.94812 6911.67
929.51202 1375.16
947.51392 16668.5
948.51727 7229.59
949.51892 1783
956.50983 1366.29
959.00250 1559.3
959.49158 1632.62
959.98260 1517.95
967.98920 21736.2
968.48956 24048
968.99011 12346
969.48474 4942.55
994.50049 1806.68
995.00122 2123.09
995.49805 1698.53
1003.50928 28250.7
1004.00879 31103.6
1004.51166 16863.8
1005.00641 5489.01
1005.52167 1662.22
1051.53833 3042.93
1058.54517 1706.19
1060.04907 20979.5
1060.55176 25910.1
1061.05286 14711.3
1061.55737 6439.25
1062.07385 1444.55
1076.55603 18649.8
1077.56067 9932.75
1078.56665 2712.6
1116.60071 4059.89
1117.08875 3000.53
1117.60339 2034.82
1145.58630 2884.16
1146.57031 2713.74
1147.56287 1369.24
1163.58826 60486.5
1164.59021 33743.4
1165.59375 10843.8
1166.58667 2234
1174.09766 2921.82
1174.60315 4443.88
1175.10815 3009.54
1230.11450 1779.04
1238.62952 1932.62
1247.55176 2045.59
1259.66663 1707.26
1276.67212 23666.5
1277.67639 14369.6
1278.67712 4295.25
1387.70056 2583.21
1388.70264 2270.55
1405.71558 14528.5
1406.71350 9911.51
1407.71777 3412.23
1503.73340 1549.4
1520.74255 19686.3
1521.74805 17450.3
1522.75281 6334.41
1651.78479 7340.67
1652.79602 5679.38
1653.78833 2141.45
1690.80591 2463.43
1691.79785 2556.59
1708.80493 32903.4
1709.80542 25501.1
1710.81384 13189.4
1711.80957 3713.3
1821.88953 13357.1
1822.89270 12969.9
1823.88525 6483.26
1824.89453 1948.65
1934.97083 2249.24
1935.99463 2302.85
