2760.25454 4
129.10199 39648.5
130.08617 5813.38
147.11235 15951.1
157.13351 3309.61
171.11212 4171.49
183.11237 17848.5
185.09175 6922.42
199.10733 7356.67
200.13893 5815.16
201.12296 49267.4
202.12708 4617.73
213.08684 17494.1
216.13385 5705.5
218.14948 96024.1
219.15367 10018.3
229.11792 72362.2
230.12112 7505.58
231.06104 3010.18
244.12799 2668.4
272.15891 3122.39
284.12396 6766.17
296.12442 6268.08
314.13416 20302.9
315.13907 2731.77
321.65768 7044.14
322.15918 4712.75
326.13565 3534.11
328.11539 2939.56
333.17618 3713.77
344.14462 60031.7
345.14725 10940.7
401.16620 10596.4
411.15149 3973.83
412.21829 7044.23
425.16550 13110.9
429.15924 12016.7
430.22849 208654
431.23199 41230.7
432.23880 5181.66
446.72894 3959.52
477.24664 6986.02
496.19815 4435.39
511.24924 5291.79
516.19415 7050.93
526.17859 2909.66
529.26025 27124.2
530.26184 7842.4
544.18811 3499.28
554.91669 6015.44
555.25183 4305.11
559.77527 21958.2
560.27686 14712.1
560.77869 5871.07
576.26801 3656.22
583.27722 5785.97
583.61584 6704.85
586.25232 4133.8
592.61218 10466
592.94598 11629.7
593.26849 5441.55
593.60815 3454.94
605.03516 19991.2
605.28387 30796.7
605.53571 21542.9
605.78613 13886.5
606.04224 4115.33
623.82391 39298.1
624.32892 25023.3
624.82928 10446.9
625.27417 3249
629.54321 3183.06
630.29047 6813.92
630.62927 10485
630.96143 10148.6
631.23615 6089.88
633.79236 7486.23
634.04242 14183.7
634.29260 7112.63
642.30701 110953
643.30914 35143.7
644.29791 8321.8
650.29419 6874.73
650.79572 3855.2
657.26318 3647.23
657.70245 15281.4
658.03442 13991.9
658.37256 8793.14
663.30383 12033.9
663.63617 12131
663.97632 5728.56
669.29755 4426.11
686.32385 3172.08
686.82251 3772.67
689.32709 7470.37
689.82147 3578.84
690.36322 32237.3
690.69409 32674.7
690.81726 8829.46
691.01996 13197.8
691.32086 9378.26
691.66266 3554.66
691.98798 4588.6
692.32660 4339.36
701.64636 5813.58
701.99402 12061.7
702.33295 13103.9
702.66571 7547.82
730.32214 3913.8
731.85352 5385.25
733.99768 13620.7
734.33270 12598.2
734.66675 5870.15
740.34607 8677.74
740.67859 9261.72
741.00891 8958.31
755.39728 10699
756.39771 5415.36
758.00464 4597.09
758.34058 3269.05
763.84766 3614.27
768.01593 5563.85
768.35333 5136.18
768.69159 4893.46
771.33173 6864.33
772.33832 8703.63
772.67505 7466.47
773.00134 5313.04
773.33264 4386.84
774.02838 22942.5
774.36584 47918.5
774.69409 21419.3
774.87616 13895.7
775.02875 9787.45
775.37500 9372.04
775.88812 2979.95
777.35095 5895.67
777.68738 9166.96
778.02039 9074.79
778.35229 7652.68
783.35419 2989.97
783.84454 3329.39
789.85657 3200.9
794.36938 3424.14
800.37323 13421.6
800.70947 14397.5
801.04071 12934.5
801.38129 4408.52
801.71594 4294.67
806.37732 139605
806.71259 204648
807.04724 134789
807.38049 64483.7
807.71686 27522.7
808.04865 7288.44
811.01599 3190.79
811.34717 3031.99
817.41852 7816.65
818.43732 3690.63
824.38879 7408.27
825.39911 3541.08
831.87744 18421
832.38049 19951.1
832.87335 7245.69
833.37360 4087.69
836.36365 6578.1
836.86847 4234
837.89105 7858.19
838.39331 6164.88
838.71600 7057.06
839.05554 11886.1
839.38531 8679.39
839.71576 6266.66
839.89465 4384.31
840.38599 5093.44
840.88165 4251.3
844.72070 67617.4
845.05457 84369.8
845.38812 71450.2
845.72247 35848.4
846.05560 10903
846.38910 4421.44
848.37982 4761.37
848.70691 6225.15
849.04559 5379.22
858.36261 3034.93
870.37872 9568.05
871.38501 5834.42
872.39178 4209.44
874.41309 5818.47
874.91486 5234.57
875.41064 3677.88
877.05927 12636.7
877.39355 20843.1
877.72803 11732.8
878.06091 8185.89
879.40503 3939.57
879.91888 4004.68
883.06268 83736
883.39764 112714
883.73041 99380.4
884.06421 43475.9
884.40021 16647.6
884.72504 3079.74
886.39929 3712.9
887.40381 3509.5
888.41522 31240
888.91321 32775.3
889.40210 19971.4
889.89136 12829.8
890.38477 4868.38
892.44910 7179.7
893.44720 4223.17
895.40424 5052.06
895.91290 3210.46
896.90314 4284.37
901.39575 3826.97
906.44244 6137.03
922.00507 3655.36
932.43408 5848.87
935.93439 4006.73
936.42548 3763.6
936.92883 6739.08
937.42999 7951.63
937.92126 4322.97
943.91406 3519.77
944.42395 4521.09
944.93701 74168
945.43744 76270.7
945.93542 61155.8
946.43512 37875.8
946.93048 18396.4
947.41827 7871.31
947.90521 3296.43
985.42560 8910.88
985.94000 5995.11
986.44476 6897.54
989.45026 4181.33
989.95001 5333.33
994.45215 60108.7
994.95270 65146.9
995.45306 40083.3
995.95441 16551.7
996.45044 4491.97
1003.44110 27473.2
1003.94122 29202.7
1004.44122 13453.7
1004.94415 6786.37
1008.98248 3559.08
1009.49316 7813.77
1009.96667 3531.36
1021.48712 4221.1
1042.97241 4478.78
1043.47217 4531.39
1043.96826 3250.98
1044.46582 3322.76
1046.48364 3675.34
1051.96631 28501.4
1052.47668 37204.6
1052.97961 27806.5
1053.48242 14321.4
1053.98413 3479.05
1059.98071 5310.56
1060.48987 5675.32
1060.97864 5126.51
1074.43811 3602.54
1100.48792 22313.1
1100.99231 26417.5
1101.49231 20513.4
1102.00110 6364.46
1102.49341 5109.56
1109.48157 31090.3
1109.98657 38650.3
1110.49146 27600.6
1110.99402 15385.8
1111.49792 7191.57
1118.54224 30331.8
1119.54590 18661.8
1120.54309 5097.25
1134.48682 6926.05
1135.49500 3652.03
1136.00903 4738.74
1136.51489 6527.19
1136.99915 3190.64
1137.49866 3165.83
1158.00781 10321.8
1158.50000 10306.1
1159.00623 7412.55
1159.50879 3675.72
1160.53784 6778.06
1161.04517 6447.28
1161.54321 7934.86
1162.03101 3347.52
1171.49268 14778.6
1172.48547 10865.8
1209.05286 3270.61
1215.51990 10651.1
1216.02039 13568.4
1216.52161 9700.13
1217.02539 4184.17
1247.56201 12298.7
1248.57385 8935.56
1249.56165 2961.56
1251.55762 2984.61
1286.51892 8143.63
1287.51257 4619.79
1299.59009 4357.23
1300.56641 3864.06
1401.53918 7466.84
1402.55359 3529.87
1459.64941 13391.3
1460.65308 12225.4
1461.64294 4793.55
1671.71448 4935.15
1672.72314 3144.83
