2129.93789 4
110.07122 79675.8
129.10229 11766.8
130.04921 4776.44
130.08623 7361.28
147.11305 18840.9
159.07643 8813.91
161.09186 5464.84
166.06085 6386.4
175.11937 10029.5
181.10716 4413.48
185.16495 233825
186.16840 26197.5
189.08719 8510.4
199.07085 7735.36
200.10414 7306.41
201.64488 84137.5
202.14636 14758.7
209.10361 21761.6
213.08694 12522.6
213.15999 71189.7
214.16391 5856.47
223.15631 4578.57
228.09776 17568.3
234.12305 7101.29
239.14922 5253.45
251.15038 29295.6
256.17795 4713.7
259.15826 94339.2
259.65973 22468.5
260.16223 4678.45
270.10681 4477.31
274.18723 26164.3
279.14529 5110.67
282.10864 18919.3
299.13318 4211.95
303.21402 26276.5
303.63208 50878.8
304.13354 14014.7
305.17734 9511.33
305.68063 5830.44
314.67468 45958.2
315.17517 12558.6
317.62927 39452
318.13037 13073
318.62955 4476
323.67990 31270.8
324.18005 10399.1
325.15103 9293.76
329.14355 7539.28
332.20889 9905.09
333.50125 5606.4
337.15891 5192.79
341.17911 4332.95
350.21848 109772
351.22195 21893.9
352.14032 17794.6
352.64099 5736.78
353.14545 21324.4
357.13934 16934.4
358.14511 6444.96
359.19846 54341.7
359.69891 14329.4
360.13516 6071.42
360.17175 7470.29
361.14548 58751.2
361.64554 22159.1
362.14713 7468.73
371.20502 5855.1
374.17291 8557.95
376.82593 7985.94
377.16129 4511.6
378.20346 5478.52
380.15399 4665.32
380.64749 8586.86
382.83005 72654.3
383.16382 47500.3
383.49771 15386
383.83160 6728.37
384.70233 6423.94
388.66962 6443.97
389.15833 12098.7
389.21500 16410.7
389.65710 12973.4
392.16031 5728.71
393.70877 83568.3
394.21033 34667.6
394.71198 10669
395.70752 4442.82
397.67307 5361.82
401.19705 5841.75
402.28259 158427
402.66388 97221
403.16580 39417.3
403.23453 19428.9
403.28503 36400.6
403.66415 12003.3
404.20871 43683.3
404.28793 4840.28
404.71048 72117.6
405.21246 19311.1
405.70895 4766.76
409.70813 82778.1
410.20975 34496.1
410.70938 10072.7
411.66901 75249.9
411.74335 6956.75
412.17078 32193.7
412.67050 10981.2
417.68735 9531.76
420.52512 26494.7
420.75214 15557.3
420.85898 15925.6
421.19186 6851.98
421.25525 17150
423.70547 55654.6
424.20767 24411.6
424.70709 5308.08
429.87054 4953.26
435.70245 10536.2
435.88077 4532.82
436.21082 7909.57
439.20087 11636
439.53793 6463.88
439.73022 4789.39
440.22864 7071.8
441.88052 20187.8
442.21613 16519.5
442.69901 5394.33
444.21628 5933.95
444.54849 6237.88
444.70996 9054.74
444.95233 4526.55
445.20807 4810.81
446.70453 35512
446.95413 25402.1
447.20413 21350.1
447.45377 5170.53
447.54324 20912.1
447.87793 18040.1
448.21393 6501.99
451.20673 119430
451.45737 116981
451.70663 60657.8
451.95810 22444.2
452.20874 11037.6
453.23441 4690.48
453.54770 253334
453.88220 180284
454.21710 79385.3
454.55200 24685.2
454.88989 9532.23
455.54459 4746.85
455.70874 550600
455.95929 503271
456.20978 320914
456.46048 132509
456.71170 37742.5
456.94641 4693.17
458.21588 11120.1
458.71811 5095.33
459.20621 13193.6
460.20813 5940.23
462.87677 13533.6
463.21103 12055.3
463.54541 5195.44
467.22180 44341.8
467.72272 24093.2
468.21466 14625.3
468.70959 7123.96
469.20010 8706.54
474.23593 6192.31
474.73843 12343.1
474.97174 7811.65
475.22296 16225.5
475.47488 6624.76
476.26682 73504.9
476.76770 9034.46
479.47736 45134.3
479.72791 39911.8
479.97879 30520.8
480.19849 29163.2
480.45233 27490.6
480.70328 15923.4
482.18671 10161.1
483.24307 79255.9
483.74496 140605
483.98010 198493
484.23126 205917
484.48099 109610
484.73105 58674.4
484.98160 18210.9
485.27325 17695.4
486.23233 5213.97
486.72757 12544.3
490.74307 23930.8
491.24326 12449.8
491.74341 4695.85
494.74438 6389.64
495.22647 19565.1
495.48648 7537.28
495.56210 8312.82
495.73608 15150.6
495.89584 5442.13
495.98624 6456.62
496.23328 4973.74
497.19431 13497.5
497.49292 4706.89
497.74301 10065.5
497.98999 9202.86
498.23972 6438.59
498.48785 5602.81
499.29895 13036.5
499.74808 336246
499.99063 53975.3
500.24826 198000
500.49011 29913.4
500.75131 51861.2
501.24725 15590.2
503.74707 6267.66
504.24570 145290
504.49567 182820
504.74530 110317
504.99686 52179.9
505.19131 5726.72
505.25461 14920.4
505.89471 10976.6
508.47568 19216
508.74677 821126
508.86472 7421.81
508.99750 856236
509.24713 562280
509.49777 247850
509.74756 94220.2
509.99789 29107.4
510.24188 6845.43
513.74957 5319.42
517.30896 192137
517.68781 14920.6
517.75098 50967.5
518.19043 9106.09
518.30603 52683.1
518.75415 11875.1
519.30768 8348.39
525.25293 7781.02
526.23273 6248.06
526.56537 4978.44
528.73938 8827.65
528.98584 6184.27
531.90704 11774.4
532.23383 43811.9
532.56958 17154.1
532.73102 24093.6
532.90497 12719.9
533.23920 55105.6
533.49255 41903.5
533.74121 33532.6
533.99335 17354.5
534.25940 55322
534.76306 8825.31
537.91101 15715.2
538.24335 15793.8
538.57861 9229.69
541.27197 10314
541.77209 7921.68
544.56909 7621.83
548.73615 51954.4
549.24091 25714.4
549.58240 7812.11
549.74017 7136.35
549.91559 12855.2
550.27374 77088.9
550.77533 34840.4
551.27441 13758.5
552.21948 24632.8
552.56696 5243.68
552.72052 16720
552.90192 4863.89
553.22595 6773.28
555.58533 33952.4
555.91962 35886.9
556.25507 16960.6
556.58960 9096.95
558.57404 16720.1
558.90979 12791.6
561.58942 245040
561.92395 192891
562.25726 115068
562.59174 51051.8
562.92694 10832.9
564.57825 18628.4
564.91162 23933.1
565.24310 15679.5
565.58002 6879.35
567.26398 17701.2
567.76416 8517.69
573.74091 30652.3
574.24396 19435.4
574.72913 7389.47
574.80359 5812.68
575.78210 4765.39
576.27917 5388.26
578.73834 9400.95
584.22253 5191.59
584.78455 14556.5
585.28455 5409.03
587.73743 41840.9
588.24060 23075.8
588.74005 9854.16
589.59906 5909
591.55798 4753.21
592.60260 9963.32
592.93585 9770.1
593.78882 53152
594.22040 6926.42
594.29993 21939.4
594.58313 16652.7
594.79620 8940.18
594.92212 5672.21
595.26904 55334.7
595.60223 56781.7
595.93597 30611.8
596.27100 17921.9
596.60358 5280.4
597.21210 27360.5
597.57062 6633.23
597.91040 4893.3
598.22028 9488.04
599.26709 9265.36
599.76294 9099.87
600.26959 5316.88
601.27271 102399
601.60632 86499.3
601.94043 56668.5
602.27325 16758.8
602.60468 6625.68
606.25513 8870.97
607.27637 462881
607.48761 4700.71
607.60980 383235
607.94385 222391
608.27759 88275.4
608.61096 35663.3
608.75616 6312.6
608.95111 5828.44
609.34619 55864.5
610.34668 38886.7
611.35217 10089.6
616.25140 7206.48
623.29333 6662.46
623.78522 43963.7
624.28693 38731.6
624.78583 12887.1
625.28485 5682.27
627.92896 8336.83
628.33893 45555.9
628.59149 5060.13
629.27429 9394.67
629.35724 15249.3
629.62891 11028
629.96252 4803.45
632.96393 9017.36
633.29193 8599.52
633.93182 10222
634.25726 33352
634.59814 11886.2
634.93121 4857.2
635.30634 7279.7
635.63257 8022.21
636.30768 6412.72
638.96478 12304.8
639.30756 8779.33
639.63794 8349.7
639.93506 112562
640.26892 97659.2
640.60278 57665
640.93634 26349.7
641.27100 7020.51
642.77905 9855.39
643.27466 6794.59
644.27618 7839.99
644.77905 6081.7
644.97040 53954.5
645.30573 48878.5
645.63818 39689.9
645.97412 16298.2
646.35260 151286
647.35419 49439.6
648.36121 10492.1
649.30066 5572.55
649.78870 7889.26
652.25732 13812.3
652.75763 10813.8
653.32867 5094.19
658.29565 92849
658.79779 63356.5
659.29651 31264.3
659.79480 7880.07
662.31799 21660.5
662.82172 15563.6
663.31421 6341.35
667.25537 7968.79
675.80249 4978.74
677.63055 12245.3
677.96136 12273.5
678.29266 6579.21
679.81702 31589.3
680.31903 16253.2
680.81995 9721.63
681.35315 4714.14
684.43994 12662.3
684.80737 12594.4
685.26544 15110.3
686.27057 5486.25
691.75970 5752.26
693.81500 109383
694.31665 69838.1
694.81750 36084.1
695.31476 10863.9
700.77136 8334.16
701.26306 6910.56
709.34753 25760.8
709.77179 49823.9
710.27313 34695.9
710.77386 17073.9
711.27173 9392.91
717.38782 14634.7
721.27985 13718.6
733.32971 5993.02
738.38849 12538.9
739.39478 11988.6
742.33276 25350.5
742.83441 14095.4
743.33759 7215.1
758.33545 21494.6
758.84143 22737.6
759.25757 7712.99
759.33777 6616.6
766.32129 6854.32
768.83105 5366.81
786.40833 30629
787.41071 9500.37
797.85150 10738.4
798.34186 7585.22
804.32141 26294.7
805.33087 9051.38
806.36523 7972.27
806.85486 11989.1
807.43829 5154.65
807.85931 4824.81
808.42163 6980.23
815.84888 21014.7
816.35095 21671.8
816.85205 11952.8
817.34991 5903.02
822.33105 37518
823.33319 16181.5
823.86664 5471.9
832.87964 6471.44
841.88104 32445.8
842.38263 31813.8
842.88599 14488.3
846.41101 10074.1
846.85968 6652.01
847.37988 4994.29
870.40112 12281.3
883.42487 5136.45
884.39435 5471.06
890.86804 6728.86
891.36804 4733.37
891.87976 5321.9
897.35919 5365.12
901.43750 40986.6
902.43964 18770.6
933.43726 6872.59
966.37408 5131.7
980.47510 8784.45
981.47327 5323.83
998.48932 143134
999.49390 73803.9
1000.49738 20972.5
1016.47400 14566.8
1017.47723 8855.29
1034.48865 30387.4
1035.49194 12587.8
1096.46619 11172.7
1099.54028 9972.69
1100.52637 4988.09
1186.57483 6752.57
1187.57666 4788.76
