2995.38993 3
120.08028 1215.97
129.10197 8174.92
130.10535 430.445
136.07547 808.159
143.08113 772.621
145.06064 1034.99
147.11298 528.788
155.08127 1186.38
159.07571 448.917
159.09175 507.302
171.07657 492.526
175.11865 1558.81
185.12802 899.873
185.16428 471.532
186.12326 4352.4
187.07198 766.994
197.12941 397.189
201.10689 437.521
201.12267 665.344
203.12112 430.051
211.14378 639.219
215.10260 795.914
219.08046 717.293
229.10042 700.586
230.11359 674.796
231.11363 437.067
232.13997 2155.18
242.07718 474.05
244.09244 902.007
244.16534 1726.27
247.07445 2024.08
256.16483 1834.74
258.10812 1802.71
260.08728 8025.44
261.09082 653.401
283.17596 22321.2
284.17908 2994.95
285.11783 547.224
286.10239 2475.96
287.13760 403.144
297.11984 391.712
303.12909 888.663
313.11356 2776.65
315.12924 1518.98
328.18600 1648.73
329.14484 399.683
331.12399 5398.49
332.12759 687.765
338.18195 517.878
343.19556 445.274
346.14236 4681.26
347.14487 867.724
355.19769 723.878
356.15555 1700.34
357.13947 3166.59
358.14221 520.193
359.15158 491.939
366.13873 517.039
371.19266 691.385
373.17160 708.655
374.16638 2463.54
382.24420 1755.88
383.22394 806.921
384.15076 8564.19
385.15091 1486.68
389.12729 1305.56
397.18945 557.533
398.20316 557.824
399.18494 1439.72
400.18661 434.21
402.16116 21207.3
403.16446 3850.36
404.16739 399.43
417.21677 956.154
426.19763 851.438
426.22723 687.444
428.21405 927.187
440.17477 478.902
442.27539 2613
443.19229 480.245
443.27969 614.125
444.20703 721.609
445.21109 1488.49
456.20737 1504.85
459.22736 1416.35
469.24255 468.669
470.22214 3214.89
471.22354 762.732
479.29636 654.609
483.21887 605.333
487.24973 3307.55
488.20639 1281.94
497.23199 2443.54
498.23676 563.073
501.23065 1579.94
511.27029 1672.24
515.24469 9357.1
516.24738 2545.55
522.30096 1514.95
523.30505 433.894
530.25629 530.236
539.32892 15584.4
540.33136 4118.48
541.33691 688.888
553.26300 720.942
558.29535 711.91
569.28857 912.25
586.32007 772.836
596.30524 842.378
614.31433 2460.33
615.32104 781.867
617.24036 1386.8
648.22546 618.107
671.29901 1902.54
672.29980 599.843
673.31281 475.413
702.39160 19788.5
703.39581 7705.58
704.27484 581.724
704.39777 1409.51
711.33203 868.642
729.34399 2870.31
730.35168 891.928
742.37799 438.391
747.29486 1678.1
748.29608 438.367
761.30255 633.466
770.36780 3435.59
771.37183 1198.65
772.36340 567.051
817.42108 2712.22
818.42798 1022.51
842.37054 868.918
843.37695 461.783
846.36084 653.772
857.04712 423.909
860.38025 2943
861.38055 1241.76
876.05176 562.294
877.89539 2894.34
878.39612 2512.27
878.89783 1110.47
879.39423 816.055
899.40851 2807.61
900.40906 1218.86
901.41742 656.488
901.91089 495.359
902.40302 520.8
904.45026 6107.61
905.45325 2771.04
906.45184 660.789
918.75885 572.283
933.43317 583.157
941.43213 661.602
941.94330 2676.63
942.44489 3446.58
942.94464 2107.64
943.43646 904.389
950.45837 676.512
950.96570 992.895
959.45447 1069.95
960.44666 674.755
962.44012 441.956
967.44354 1239
967.77924 1341.8
968.11499 487.24
968.44202 682.087
970.44983 1042.53
970.95300 1189.8
971.44928 909.435
986.44324 1232.44
987.45013 750.503
998.47101 1025.98
998.95099 666.253
999.45892 1049.18
999.93805 484.376
1000.45380 999.189
1009.97668 1250.68
1010.47650 1729.79
1010.96857 1051.42
1011.46741 488.777
1018.97955 25737.7
1019.47998 29802.5
1019.98022 19532.3
1020.48157 8116.56
1020.98126 1895.48
1021.47498 523.389
1051.51892 3537.79
1052.52429 1704.18
1053.39734 515.467
1053.53369 573.315
1054.39417 485.519
1068.51392 3117.15
1069.01196 3528.52
1069.51404 2327.3
1070.01941 1195.06
1115.49792 641.693
1116.48059 479.413
1133.50671 819.574
1134.03308 1253.76
1134.52917 1531.61
1135.03198 938.696
1135.52075 952.827
1138.55103 6200.23
1139.55115 4172.57
1140.55469 1592.29
1175.42773 537.691
1191.55273 2288.32
1192.04700 3821.34
1192.54626 2603.56
1193.04272 1506.56
1193.54895 487.98
1216.44910 431.825
1220.54883 498.745
1241.07971 3008.16
1241.58264 5498.03
1242.08264 4068.38
1242.58386 1876.98
1249.58606 546.573
1267.59509 5669.94
1268.59705 4307.55
1269.59827 1384.09
1284.55957 434.12
1297.62805 1022.04
1298.12549 1540.46
1298.62390 1662.94
1299.12024 926.674
1299.59949 462.993
1313.09143 690.498
1313.58374 1146.81
1333.63538 715.869
1334.15698 663.246
1335.56873 3406.66
1336.56763 2184.64
1337.57361 1346.77
1366.66248 2758.83
1367.66223 2084.17
1368.65686 744.42
1374.52698 1051.56
1457.74121 673.302
1470.61719 560.589
1498.63354 2109.85
1499.64954 1401.42
1500.64417 783.476
1501.60681 505.451
1526.69653 2447.6
1527.69397 1844.69
1528.70129 947.957
1657.73389 1226.93
1658.73096 838.968
1736.76953 528.751
1737.76624 640.535
1754.78601 17214
1755.78809 15894
1756.78650 8827.58
1757.78394 3861.57
1758.79480 751.798
1939.91101 632.423
1940.91650 890.74
1941.92651 469.432
