2189.07090 3
110.07078 289.514
120.08042 1029
127.08633 932.513
129.10196 999.1
136.07538 1559.59
143.11824 186.984
147.11206 430.698
155.08107 2378.08
159.07556 248.288
159.09081 194.507
171.11264 198.697
173.12782 547.336
175.11848 1043.09
183.14859 411.42
185.16447 468.802
186.12315 247.374
187.10782 224.437
199.17992 322.729
200.10211 185.661
201.12312 829.21
211.14442 291.843
213.15942 261.206
215.10223 403.72
215.13916 213.417
218.14908 207.246
227.17496 385.995
228.13393 542.939
235.10629 254.486
240.17038 532.129
243.13251 271.094
244.09241 1002.13
250.15471 220.43
254.14867 185.54
258.14392 257.093
268.16479 2242.24
269.16745 220.044
274.18719 727.427
314.17169 217.262
314.20410 324.421
325.14929 208.498
326.13403 290.882
336.22623 222.203
343.16086 1915.76
344.16870 245.242
353.25381 816.364
367.23236 251.785
381.24683 572.568
387.27042 212.163
407.30295 209.221
414.23331 323.309
415.18262 267.39
425.20099 207.825
437.21252 410.44
442.22794 702.006
452.32101 455.81
456.24384 296.956
480.31488 318.937
486.33838 196.017
514.24841 216.83
561.73651 215.345
574.27179 802.082
587.38757 648.717
634.77020 374.173
635.27417 276.687
645.30939 774.197
646.31586 258.666
658.37665 259.934
667.30286 469.158
684.30573 250.967
686.45367 784.939
729.40094 419.924
729.49744 252.37
730.42065 312.298
731.38293 1042.09
731.47815 301.001
776.34943 716.693
815.49500 608.359
830.36121 521.206
843.38965 206.01
846.87689 280.071
847.38696 227.541
857.47693 252.291
905.39160 804.505
906.39502 336.49
927.93475 304.234
928.94354 275.694
978.57001 271.983
993.42645 583.379
1020.41742 845.888
1021.41846 441.995
1032.54858 346.142
1033.55933 257.56
1035.58228 1043.29
1036.57593 372.707
1106.63586 655.851
1121.46570 1754.75
1122.46729 1125.75
1123.46973 502
1219.61780 295.341
1234.66589 384.624
1235.68396 257.934
1268.52979 2864.76
1269.53357 2085.77
1270.53235 908.886
1367.60059 1547.17
1368.60449 977.31
1369.59924 363.858
1466.66699 240.667
1467.68005 286.687
1581.68042 499.978
1582.70203 367.454
