1949.90989 3
110.07126 3801.42
111.07437 185.829
112.08701 438.564
120.08084 1621.53
129.10239 3655.83
129.11282 200.956
130.06529 1837.96
130.08638 1212.25
130.10472 256.556
131.06860 193.464
132.08083 1062.19
133.06107 537.873
133.08588 661.494
136.06181 240.95
136.07587 5551.38
137.07869 373.634
139.05038 255.127
141.06592 212.53
141.10240 182.455
143.11816 494.69
147.11301 2365.85
155.11772 238.571
157.06099 1266.27
157.10738 339.527
157.13351 1143.33
158.09178 254.447
159.07634 429.911
159.09174 1977.88
159.11316 231.51
160.09496 244.163
167.08199 299.366
169.13347 528.439
170.05978 372.914
171.11284 500.919
171.14954 299.15
173.09241 240.999
173.12814 410.608
175.11919 2200.71
177.11195 374.87
179.09294 254.441
181.06119 227.502
183.11333 209
183.14940 934.215
185.09181 204.017
185.12822 353.393
185.16530 936.342
187.08656 688.39
187.10811 357.353
187.14407 281.04
189.08672 188.931
193.09732 1373.44
197.12865 539.269
199.10785 265.166
199.18071 493.203
200.13928 444.108
201.08737 743.672
201.12349 697.61
210.02542 306.267
211.14404 491.913
212.10275 869.003
213.08711 310.785
213.15961 608.005
214.09839 198.548
215.13916 886.152
218.15019 2427.44
219.15236 270.033
221.09206 400.18
221.13884 195.451
222.05286 1321.35
223.15567 497.274
225.10069 479.191
226.11928 563.106
227.10051 265.277
227.17577 265.249
228.13538 235.134
229.11858 324.692
232.13980 190.738
234.14497 1499.83
235.10593 209.174
235.14496 391.735
241.08185 430.809
243.13364 895.905
244.09505 227.651
244.11562 250.659
244.16583 292.979
248.06961 291.097
249.15987 395.047
250.65559 244.543
251.14984 746.605
252.06247 314.143
253.09608 312.25
254.14494 201.747
255.14537 896.806
255.64847 828.532
256.14871 387.625
258.10901 213.062
260.19672 217.356
263.14072 193.95
264.65509 226.379
267.10828 391.994
270.12427 3483.68
271.12738 660.152
272.17279 1214.05
276.06500 1977.04
279.09802 335.169
280.10840 686.02
282.18066 434.736
288.13495 948.231
288.20392 313.723
289.13971 771.434
291.18594 517.328
294.65747 244.234
295.14023 431.737
298.11917 1307.27
300.18967 402.786
304.63800 262.601
305.18317 1191.54
305.68451 327.189
313.20779 208.234
314.17175 703.826
315.19998 342.341
316.09714 669.922
319.17239 325.192
320.17212 220.278
324.14676 246.499
333.21399 556.262
341.66229 195.839
343.14368 548.545
349.20392 503.134
350.17422 528.698
355.70950 352.585
361.19952 288.629
362.18079 230.233
364.71228 395.561
368.10172 377.814
369.70404 1172.31
370.20480 377.081
378.16653 1207.62
378.70966 887.119
379.20563 374.481
380.19543 454.176
383.19342 234.358
385.25323 440.263
398.14734 651.034
401.20767 253.889
404.69479 598.465
405.69577 210.483
406.18250 394.694
406.68335 242.738
407.10477 570.052
408.18942 371.525
412.25198 321.24
414.69641 889.382
415.19830 372.607
418.21027 202.711
418.69257 2294.56
419.19394 1043.41
419.69562 298.393
426.24576 774.468
426.74765 382.415
427.24915 219.229
428.28787 1848.68
429.29041 219.324
441.70172 225.372
449.24521 406.933
450.20981 358.667
450.71555 321.542
452.24301 975.356
452.74539 833.11
453.24741 255.53
456.22662 720.585
457.23407 444.98
461.24411 331.227
461.73935 326.31
466.23935 407.322
472.28998 699.959
473.29761 249.917
475.23483 901.427
475.73230 799.34
476.23544 240.726
477.23386 700.3
478.23465 234.978
479.22815 469.114
480.77875 897.151
481.18195 241.837
481.27948 741.682
482.23380 204.454
485.77188 971.94
486.26807 548.66
490.20554 213.389
490.28073 277.292
491.25223 231.207
494.77637 1032.04
495.27945 673.054
495.77972 226.627
496.27826 1294.6
497.28189 271.708
498.21185 238.984
499.28928 383.015
500.28882 267.928
501.23187 727.701
501.73172 303.949
503.33234 420.066
503.78229 484.396
504.19339 237.359
504.28329 567.899
508.78607 639.529
509.28577 379.387
510.29584 486.896
511.23328 233.065
514.23077 210.733
514.73584 421.561
520.77155 771.174
521.27612 352.518
529.28741 3833.24
529.78790 2392.25
530.27649 875.562
530.76849 235.801
532.26849 275.794
532.77466 216.547
534.75800 334.823
538.29388 1675.91
538.79376 1078.91
539.30011 212.785
539.78497 240.681
541.26685 231.835
543.25342 289.66
543.76428 789.52
544.26361 615.194
545.74170 218.465
557.77716 343.767
565.65192 247.125
565.98700 236.683
569.27197 409.39
569.76227 440.045
571.27863 1582.81
571.64685 308.431
571.98523 346.54
572.28375 627.12
573.65063 445.331
573.97839 512.458
574.31439 411.38
575.26355 357.36
575.65326 326.542
578.27545 3457.25
578.77155 1815.23
579.25427 560.699
579.32727 1786.11
579.65112 4376.14
579.98456 3856.23
580.31848 1853.83
580.65265 548.466
585.00055 251.879
585.32434 19726
585.65784 21001.4
585.99115 10949.9
586.32532 4361.63
586.65729 1122.33
586.99377 247.227
588.31622 325.149
590.33527 221.297
591.32672 10353.6
591.66168 9076.42
591.99548 5275.74
592.32977 1877.04
592.67084 290.152
595.27173 382.795
597.27478 322.884
597.34906 321.814
597.67230 461.652
598.22833 255.406
598.29449 228.456
600.35266 360.092
601.83221 519.588
602.33813 324.483
602.82562 419.408
603.25470 492.382
603.97577 250.341
606.31055 316.665
606.63507 527.712
611.30463 1555.22
611.98004 1720.74
612.31012 3257.31
612.64264 2049.25
612.97638 1011.32
613.30920 654.884
614.78699 218.115
615.28973 233.751
617.66498 306.432
617.98358 12953
618.31641 13601.9
618.65015 6944.86
618.98462 2859.55
619.31763 506.908
619.64972 239.755
623.98578 2103.29
624.32111 2066.31
624.65491 1203.11
624.98706 478.966
625.30457 222.94
625.79749 234.899
632.37537 723.447
632.76575 284.555
633.31836 380.527
640.30621 311.999
641.83990 279.917
642.33508 255.65
642.97235 250.959
643.31061 286.42
643.80536 386.998
644.63879 434.867
644.97125 374.01
645.30103 349.535
645.63458 246.939
647.34802 248.858
650.39673 276.682
650.64105 2614.92
650.97577 2566.45
651.30646 2020.35
651.64288 558.045
651.81561 217.593
651.97363 350.738
652.30609 302.046
652.40387 379.912
654.77740 338.509
655.27533 215.692
656.65656 335.155
656.98761 800.104
657.31891 805.98
657.65784 299.647
658.31256 422.623
659.33392 288.787
660.31464 290.926
662.32489 315.674
663.33990 241.367
663.77856 374.062
664.28381 387.21
664.78839 334.091
666.36444 529.927
666.82367 589.629
667.31024 685.66
667.81555 335.397
668.32526 244.826
671.81036 1210.3
672.31244 1074.36
672.81586 511.248
673.30853 789.087
674.31061 353.685
676.34210 282.477
676.84778 493.242
677.35175 277.719
678.77924 355.843
679.39520 449.564
680.39227 259.676
680.80682 313.682
688.31665 823.654
689.31250 518.259
689.79553 308.312
690.30634 354.608
690.82819 274.524
697.40002 9089.81
698.40302 3516.69
699.33636 1763.81
699.43475 496.14
700.34180 610.359
701.34875 349.174
704.44922 339.378
706.34497 254.03
707.33777 388.958
707.85309 322.716
708.34497 486.902
710.37213 4028.81
711.38007 1497.7
712.37531 328.591
716.33173 270.856
719.35803 306.219
720.79779 1309.65
721.29608 1194.94
721.79962 626.753
724.34302 222.394
725.33728 267.863
725.84332 234.774
726.32977 498.389
728.41272 290.08
729.31964 334.961
730.01660 305.632
730.35028 952.186
730.68109 920.655
731.00952 478.113
734.31567 643.929
735.30499 285.893
735.80811 224.736
738.41211 312.422
739.40802 217.335
741.38477 262.962
741.90320 399.77
742.40125 446.787
742.81671 385.439
743.29865 984.249
743.80560 532.948
744.34631 362.234
745.45898 391.958
748.40820 221.178
749.40771 332.821
751.41272 219.549
757.33344 289.391
765.34497 238.088
766.42139 2304.08
767.42316 1039.69
770.83594 363.852
771.32837 691.565
771.83087 354.648
776.41718 229.305
777.40906 301.922
781.88574 319.327
782.39581 358.091
783.34442 3339.42
784.33972 923.421
784.44244 914.754
785.33984 334.091
785.45160 318.439
785.84296 271.972
786.33813 291.393
787.38409 584.665
788.43158 403.967
788.89813 556.024
789.40259 508.317
790.41693 268.236
791.40118 233.543
794.41980 768.664
795.43787 233.627
799.34570 424.335
799.44897 350.489
799.84473 1121.59
800.33624 635.107
800.83783 324.662
801.40607 481.632
802.40564 302.641
803.42828 535.215
805.88519 302.81
806.37280 285.329
807.41010 378.313
808.39240 262.769
809.44379 2590.48
810.44647 1237.08
811.35657 315.813
811.43451 274.754
813.43921 592.027
813.93042 349.83
814.43658 283.393
819.34711 252.411
820.35889 230.631
828.38452 2880.9
829.38464 1410.63
830.39050 338.114
831.38959 241.054
832.50092 708.205
833.47913 1192.43
834.47552 540.012
836.37427 936.68
837.37677 396.403
838.39984 303.094
845.39362 997.64
846.39624 1260.35
846.91858 280.79
847.40381 371.885
849.34082 745.087
850.34589 347.262
851.49890 275.29
855.42645 317.737
855.91589 337.277
860.39600 226.555
862.40692 267.7
862.90479 235.792
864.39001 687.342
865.39771 254.483
866.39740 437.454
867.38190 478.709
867.88770 264.617
871.43091 606.437
872.44513 437.18
879.40527 347.04
880.88019 501.219
881.37848 1254.91
881.87793 995.173
882.37701 711.885
890.94672 427.079
896.43536 1753.56
897.44269 635.622
899.42059 1840.22
900.42584 948.355
901.42261 267.512
903.48151 1529.57
904.48163 636.472
913.46857 237.405
914.47980 293.886
919.46985 400.668
921.49084 490.374
922.52496 1267.58
923.53638 727.725
924.54218 234.708
929.89075 245.975
931.47650 322.833
932.44000 364.303
940.48700 250.178
944.46698 1020.33
945.45239 291.613
949.46393 897.868
950.45441 665.473
951.44263 419.72
959.48041 432.596
962.42859 1062.69
963.44421 1145.18
964.44971 479.157
970.53802 863.573
971.54578 511.477
973.49304 547.466
974.51349 300.515
979.56061 276.608
986.43848 334.825
1000.46863 798.935
1001.46649 653.194
1002.46289 304.868
1010.44360 286.78
1011.42999 291.442
1016.56494 583.183
1017.59503 233.897
1018.53906 297.863
1027.46533 1265.12
1028.46497 4972.42
1029.46460 2535.67
1030.46838 742.603
1031.47791 245.772
1033.41443 437.546
1034.48340 562.772
1036.53088 293.726
1051.57458 711.646
1052.57495 320.323
1081.52820 241.176
1113.55371 380.097
1114.55945 309.444
1141.54822 1108.3
1142.55200 575.264
1143.56763 249.167
1145.61243 269.412
1147.58826 260.3
1149.50928 397.763
1150.51587 259.727
1152.57141 252.532
1155.55859 272.808
1286.59363 456.798
1287.58203 276.634
