1954.85758 3
110.07068 311.782
129.10196 12360.1
130.04932 173.283
130.08598 255.701
130.10513 698.028
141.06561 215.75
145.06053 519.578
147.11244 1340.24
153.10271 214.258
159.07605 373.718
173.05531 1279.7
181.09662 227.408
187.07111 453.563
195.11218 240.515
198.12459 198.735
199.10764 218.147
212.13956 217.117
216.13362 1037.59
226.15459 2592.79
227.15710 274.997
238.11819 2088.24
239.12192 284.557
240.13402 1397.04
241.13690 200.065
244.16495 14484.1
245.16830 1559.44
256.12799 326.575
257.19595 183.099
258.14413 372.943
274.10242 314.659
284.08627 434.718
290.12964 399.005
302.09738 1092.14
309.19055 390.184
315.16602 204.778
327.20169 1165.7
336.09525 923.952
339.16544 504.258
344.22803 466.499
358.69739 292.93
373.17010 483.242
384.22156 323.366
400.69873 190.714
412.18402 439.212
423.22290 200.774
424.18185 212.911
430.19229 603.696
435.21307 212.083
444.20859 276.838
451.73041 991.625
452.23398 399.902
459.25525 207.33
460.20370 406.173
463.26590 290.948
470.22678 242.401
475.74973 208.243
476.24261 526.852
476.74124 282.144
481.27539 2134.7
482.19827 346.772
482.27795 565.222
484.75479 2467.22
485.25565 1212.49
485.75696 492.039
488.23492 304.868
499.28653 476.144
500.24017 1132.25
500.73853 712.312
501.23560 214.613
507.25220 240.313
509.24496 2814.35
509.74619 1490.81
510.24664 494.944
513.59302 194.288
513.92883 278.173
516.25397 537.625
516.75488 266.844
519.26929 881.85
519.60522 826.532
519.93597 356.896
523.20605 210.283
523.26270 264.123
525.23206 238.053
533.74304 1978.21
534.24493 1187.48
534.74719 429.304
538.25977 282.667
538.90826 208.066
541.22357 1146.51
542.22809 247.316
546.25159 227.916
546.58228 247.962
549.30835 216.691
551.92908 864.306
552.26147 770.224
552.59412 318.697
555.59851 225.076
555.75385 231.758
556.27856 476.895
556.61206 505.73
556.94800 208.514
559.23450 2480.18
559.76752 284.022
560.23431 696.31
561.23920 398.302
561.59998 821.231
561.93213 424.525
562.28101 329.348
562.61609 325.072
564.31561 314.698
564.76050 1306.25
565.26093 678.926
569.61005 210.507
570.28571 574.803
573.76599 2078.75
574.26617 1162.34
574.76489 397.504
575.28577 705.471
575.62054 867.014
575.94910 241.189
576.28326 259.345
579.00201 233.116
579.25171 4741.6
580.25458 1303.02
580.77234 385.288
581.29095 4800.89
581.62390 3993.41
581.95868 1781.14
582.33038 724.874
583.31989 536.304
588.29742 1359.37
588.93658 225.266
589.29474 363.805
592.31915 2938.93
592.82019 1724.45
593.32568 537.214
595.28577 229.403
595.61536 247.215
597.24933 458.682
598.94550 201.516
602.27069 221.809
603.50897 264.749
603.74915 226.011
604.95776 374.191
605.28632 373.882
605.62305 225.589
607.62799 438.906
607.95209 909.247
608.28528 886.262
608.61530 442.736
613.28906 243.944
613.62891 3585.12
613.95612 6650.69
614.28943 5384.6
614.62128 2248.51
614.95502 910.264
619.63251 14124.8
619.96619 13822.9
620.29974 7915.99
620.63489 2433.53
620.96289 218.04
624.29083 347.683
625.63617 843.189
625.97186 727.036
626.30524 295.922
626.64825 213.799
629.28491 531.847
629.78107 397.722
630.28229 228.762
631.29742 561.237
631.79675 478.194
632.30493 351.751
638.28809 1627.51
638.78735 832.62
639.29291 287.516
640.61340 493.392
641.30670 1578.18
641.80847 1074.18
642.31165 449.473
646.28619 2368.67
646.62061 2941.5
646.95294 1657.61
647.28595 966.772
649.83386 931.831
650.33002 683.813
652.29065 10497.9
652.62537 9343.24
652.95959 5067.33
653.29333 2154.51
653.64197 222.599
656.24963 563.231
656.81989 1025.34
657.31653 464.941
662.28613 360.362
670.80011 336.675
671.29431 234.62
671.80127 252.162
674.26013 4942.19
674.81061 358.443
675.25751 1161.62
676.25983 239.051
679.80719 1429.31
680.30072 2689.41
680.80212 527.491
681.30450 813.101
688.81006 2861.72
689.31134 1853.58
689.81415 866.59
690.31635 342.21
693.35883 506.643
698.81848 499.266
699.32263 869.55
699.82355 243.532
700.32672 236.261
703.36426 313.123
705.34814 1109.33
705.84583 862.108
706.34857 318.58
708.33228 266.611
711.36554 1604.76
712.37183 492.741
714.35236 2434.83
714.85181 1896.78
715.35944 792.571
716.40472 276.583
717.33228 569.09
718.34296 218.924
721.33984 303.117
721.82861 224.332
725.34320 860.629
726.34424 336.039
728.34033 285.829
737.33588 216.735
737.83215 205.351
740.84479 556.233
741.34906 367.988
741.84033 250.309
743.27539 538.222
749.85315 1870.84
750.35272 1150.5
750.84998 563.923
754.33600 657.575
754.83728 712.232
755.33545 306.884
756.84247 252.299
757.34131 357.075
761.29248 1453.17
762.29370 483.17
763.34259 1292.96
763.84253 940.288
764.34216 285.378
765.84662 617.225
766.35260 385.772
769.40192 367.882
769.89087 499.299
770.38898 264.63
773.31842 234.946
774.36267 646.174
775.36938 315.551
776.35858 261.624
778.40002 2256.06
778.90222 1979.72
779.40540 762.806
779.90833 237.477
784.36444 230.824
785.36163 537.311
785.86530 392.895
786.35608 275.121
789.36127 219.279
789.85199 601.523
790.35504 239.985
791.32916 1427.06
792.33484 468.842
793.36639 440.371
793.87396 385.393
794.37952 239.634
794.87750 227.078
798.36060 2348.09
798.85852 2177.44
799.36053 840.376
799.85919 422.376
804.38586 239.614
807.36652 7560.24
807.86652 5853.53
808.36804 3074.25
808.86847 1066.71
809.34143 659.114
810.34869 286.306
816.37042 359.821
816.87054 379.746
818.38373 488.748
818.87543 256.406
822.39728 939.591
823.40472 481.445
827.38721 957.106
827.88928 872.745
828.38025 407.01
840.40698 4616.1
841.41052 1684.49
842.41815 403.777
843.42554 264.523
845.43805 211.961
846.36926 229.928
855.89001 257.615
858.42322 225.672
865.40356 260.611
871.37494 485.77
872.35962 393.718
889.38654 3072.51
890.38837 1353.92
891.39081 352.226
892.40277 235.578
902.35229 225.899
920.37347 1798.42
921.37634 811.691
929.41852 303.973
938.38409 2205.84
939.38483 950.42
940.48828 447.764
947.43231 361.682
948.45007 205.187
968.50555 1384.71
969.50854 652.766
974.48004 248.969
1017.47583 412.947
1055.49390 470.777
1056.49219 271.021
1057.48950 204.072
1066.48169 875.98
1067.48413 532.032
1075.52185 268.712
1076.52478 208.839
1166.52441 293.506
1184.54150 669.657
1185.53943 475.865
1186.56018 241.368
1275.56775 293.93
1312.63550 226.137
1313.62329 226.156
1358.60193 445.205
1359.60400 370.689
1376.62146 824.716
1377.61877 525.111
1378.64661 222.386
