1090.58635 2
110.07107 5826.36
111.07388 241.948
112.08668 1135.73
113.07073 376.13
115.08652 1028.54
116.07021 796.94
119.04878 373.448
120.08055 3840.27
121.08350 376.18
126.05505 551.92
127.08643 306.847
129.06572 833.184
129.10211 5975.33
130.04994 432.833
130.06468 321.483
130.08598 1133.47
130.09769 320.341
130.10452 311.863
136.06165 1520.43
136.07555 7936.77
137.07895 857.773
139.08679 273.077
141.06773 274.416
141.10201 12396.7
142.10532 925.985
143.11789 332.806
144.07613 513.957
145.09665 279.92
147.11264 1408.52
148.06027 342.058
155.08148 644.954
157.09895 687.251
157.10733 727.134
157.13318 2022.3
158.09215 3215.01
159.09102 734.19
159.11264 2359.62
160.11612 319.746
166.06078 522.814
167.08182 640.555
169.09700 25916.4
169.13321 5754.97
170.10056 2124.71
170.13664 447.229
171.07629 422.429
171.11241 298.855
173.09138 507.761
173.12779 422.508
175.11870 10636.4
176.12300 572.195
179.09282 278.754
180.11253 413.991
181.05998 343.16
181.09822 293.128
183.11247 504.967
183.14946 413.874
185.05606 222.484
185.09241 663.908
185.12811 1194.97
185.16426 353.828
186.12247 400.886
187.10770 612.103
187.14336 218.638
189.08708 788.476
195.07629 321.225
195.11299 284.848
196.61119 651.882
197.10042 261.777
197.12816 9084.49
198.08775 317.428
198.13327 729.819
199.07088 625.344
199.10768 659.322
201.12248 685.609
204.13448 544.612
208.10771 1542.75
209.09184 308.745
210.02560 245.716
212.10295 379.402
213.08691 1040.11
214.09741 527.764
214.12956 330.228
215.11395 363.316
215.13940 249.209
216.13318 447.284
217.08199 1603.06
217.13068 565.747
221.09140 1718.47
225.09721 351.92
226.11778 1012.87
227.10059 452.385
228.13368 284.522
229.11627 226.355
232.14020 1837.91
233.09209 280.693
234.14447 256.729
235.10568 652.372
235.12712 268.185
237.13521 436.392
240.09776 717.16
240.13313 421.985
240.16924 229.134
241.08139 286.154
241.12964 588.484
242.11258 310.694
242.14719 219.882
244.12848 578.591
245.07706 370.642
245.12930 269.56
246.18025 297.298
249.15939 1597.76
250.15233 496.288
251.10182 1319.07
251.14944 481.441
252.07677 790.764
252.10616 363.01
252.13283 519.809
253.09482 224.812
254.18602 1315.7
255.14359 458.046
258.10904 250.213
258.15747 673.162
259.13962 3482.08
260.14185 335.677
261.12198 305.414
263.10245 347.349
265.11749 392.841
268.16507 7904.7
269.12393 231.597
269.16913 999.388
270.10727 305.345
272.12329 723.112
272.17215 427.515
276.16611 45632.8
276.22858 323.741
277.17020 4398.47
278.17191 327.334
282.18057 6663.56
283.14981 431.061
283.18396 962.575
284.12204 244.383
286.15359 258.496
286.18723 312.869
293.11115 228.914
303.21329 2178.27
304.21643 311.872
312.17770 413.956
313.14951 378.54
316.64682 747.693
320.15906 644.546
321.19040 781.381
328.11258 594.469
332.15921 468.27
334.17590 1172.53
348.19226 372.581
350.21735 327.502
353.25403 2015.7
354.19043 247.214
354.25677 467.861
355.16403 238.339
356.15640 850.849
359.21695 546.818
362.16745 419.04
373.16898 593.868
374.16592 2764.09
375.16693 334.747
381.25027 853.93
382.18152 360.345
386.20544 259.015
389.18134 511.068
390.21344 350.077
391.19208 1683.12
392.21915 674.568
402.28149 371.908
404.26129 923.579
405.21448 1313.56
406.28271 299.713
417.24881 995.125
418.25470 285.735
420.20950 835.045
421.20804 295.738
425.16803 241.737
434.27646 1079.95
435.18713 2349.97
435.28159 244.602
436.19016 560.646
445.24466 612.729
455.26373 470.324
456.26358 535.191
472.28857 562.689
473.24371 430.434
474.26981 373.727
476.28940 270.405
490.26373 993.514
496.26102 351.089
502.26559 645.832
504.28152 305.624
512.24481 612.296
515.29510 541.554
518.22162 348.148
519.29486 544.052
519.36475 244.625
529.27759 295.225
530.25616 1377.66
536.23438 279.817
547.28223 11859.4
548.28455 2930.92
549.29041 464.083
559.28992 339.412
601.33911 245.495
603.28986 268.338
617.37152 338.963
623.77533 613.716
624.27563 324.032
632.28973 331.795
648.32922 613.828
649.33191 268.455
650.31042 317.942
658.35754 261.468
660.37726 325.855
666.31427 267.375
668.33496 286.218
675.31036 407.651
676.29602 479.214
692.33630 692.577
693.31989 2009.39
694.32135 680.879
697.39917 411.774
706.39728 240.639
710.34528 25582
711.34821 9010.94
712.35132 1840.96
718.30811 428.402
731.40002 560.952
733.39282 251.76
734.39038 304.381
761.34650 251.587
777.36609 292.508
802.43726 923.479
803.44910 478.448
805.45905 346.35
806.41229 358.557
823.42853 14565.4
824.43091 6406.28
825.43317 1355.3
850.44287 356.382
859.43317 286.5
860.44641 603.735
876.46362 322.98
877.44360 416.279
892.38324 359.861
894.46564 18713.9
895.46942 8296
896.47418 2084.32
991.51837 3836.44
992.52179 2085.7
993.51996 666.043
1045.42017 318.938
1057.57275 249.729
