1588.87589 3
110.07108 10299.8
111.07401 389.911
112.08672 411.116
115.08654 417.64
120.08073 1715.26
122.07120 838.831
129.10211 7506.95
130.08615 3622.19
130.10497 631.778
133.08574 505.362
136.06145 1571.53
136.07552 2417.75
138.06589 860.827
141.10258 581.98
143.11783 864.449
147.11270 4737.64
150.06612 1061.07
157.10791 407.222
158.09222 504.156
159.09171 677.687
159.11252 512.361
166.06094 3720.43
166.09679 664.53
167.09251 7067.33
168.09546 374.628
171.07608 2859.54
171.11267 574.641
171.14877 1101.84
175.11885 3836.13
178.06107 1454.42
183.11223 1273.08
185.16470 2796.35
186.12346 1308.69
187.10733 629.728
191.09357 400.509
193.10823 1060.46
195.08749 14505.7
196.09172 1032.62
199.14404 908.522
200.13913 6804.75
201.12331 895.141
201.14288 460.705
204.07671 1582.57
204.13426 2764.57
209.13945 1048.94
211.11943 3085.59
213.15979 1775.03
219.07956 4241.12
221.10341 1852.6
222.08723 5490.33
223.09277 714.035
223.15533 1577.41
226.11720 375.958
228.13396 16606.6
229.13724 1499.99
232.14040 454.218
234.14403 886.149
237.13472 1667.96
239.11351 31987
240.11732 3306.85
244.09215 606.504
244.16557 820.383
247.07463 1506.9
251.14983 2023.12
269.10565 973.302
270.18146 377.711
272.17239 673.027
273.15109 391.242
276.16803 2099.13
276.66861 625.978
279.14474 486.006
280.17462 454.815
288.20276 431.936
289.17703 639.82
290.16351 667.826
291.16589 11748.3
292.16803 1307.89
294.15573 3420.81
295.15726 431.18
296.19711 629.613
301.12799 511.585
308.17139 4010.79
309.17358 541.616
310.17371 513.359
312.22803 683.214
313.19928 402.589
313.21985 422.736
321.66351 6932.33
322.16522 1900.09
325.70267 665.492
327.20242 4187.89
328.20728 519.361
333.21347 569.531
334.18597 1085.07
338.18250 512.117
339.69937 2162.29
340.20126 1084.28
341.21799 5637.95
342.22147 1057.6
345.22433 441.078
350.17456 6207.44
350.67542 2670.43
351.17773 668.102
352.19653 10617.7
353.19931 2233.75
362.10135 1972.67
365.19406 1173.82
369.19537 580.928
372.14984 690.035
373.19815 475.004
379.24463 1841.34
380.25046 577.668
388.18030 753.385
389.16760 756
389.23645 532.301
393.18716 2025.02
394.19330 430.545
395.26776 692.916
406.19257 8770.01
406.71585 4608.25
407.18719 938.556
407.24442 3653.21
408.24249 901.3
409.18185 6168.8
410.18530 1147.2
412.29474 642.65
413.25125 469.521
425.21384 1494.86
426.27112 2274.2
427.27231 500.976
428.03326 685.663
429.19574 431.889
432.26581 619.456
434.22507 498.223
438.24661 1269.25
439.18875 484.768
440.28625 2342.29
448.23486 736.59
450.28165 550.211
456.25107 2115.48
456.75238 696.669
457.23956 616.359
466.24011 17089
467.24316 3711.36
472.17651 465.783
473.25421 821.947
473.74911 1890.51
474.24670 419.785
478.20425 1345.31
478.27246 2646.78
478.32724 987.232
479.27585 596.582
481.18842 1853.33
481.25043 1827.32
481.68640 989.577
481.75052 815.16
482.26276 20042.3
482.76309 5144.32
487.25275 760.519
488.26089 441.811
491.26834 4135.35
491.76764 851.535
492.29297 578.349
492.72577 1644.82
493.22299 646.675
496.21515 3120.43
496.61472 3281.76
496.94891 2348.17
497.28064 1482.4
498.23663 408.032
502.23862 591.994
502.31131 973.969
504.25119 448.924
505.26089 12901
505.78473 1577.56
506.25949 3592.71
506.31680 2873.84
507.26297 847.799
507.31598 892.63
512.22894 867.119
514.22272 1020.86
522.26807 3205.93
523.27289 864.517
528.32397 1796.16
528.81989 868.94
529.31635 1670.13
530.30597 3033.87
530.63208 1074.19
530.97125 428.018
531.24695 3653.03
531.33264 698.566
531.75012 1253.18
533.31879 469.484
534.31073 474.328
534.72760 2127.46
535.22968 2525.67
535.72937 499.105
539.35516 1307.78
542.26416 448.218
542.81659 1150.45
543.31873 710.576
551.32928 6276.82
552.33148 1550.69
553.23401 1754.92
554.23596 478.009
560.27075 416.473
561.31549 2468.55
562.31238 1272.26
563.33923 498.371
565.30872 1469.45
571.24426 1137.48
576.29773 2000.83
577.34741 1819.95
578.34686 634.999
579.32397 33454.1
580.32697 10310.8
581.33325 1358.46
588.27466 4512.45
591.34735 475.019
598.79584 771.513
599.35632 609.886
599.78485 414.04
599.84308 503.128
600.27020 487.738
605.38116 1182.51
609.30151 1137.26
619.34247 696.36
619.85034 768.433
621.33398 2274.76
622.33722 665.645
624.30939 1129.01
625.31079 773.024
633.37146 566.839
634.37030 771.994
642.31995 10439.2
643.32373 3031.11
644.32526 584.024
648.30273 541.539
649.86420 730.093
650.40125 2094.7
650.82391 504.973
651.40326 846.875
660.38574 2221.32
661.37262 1700.3
662.38043 693.247
664.31653 870.252
664.37805 1222.26
665.37708 444.561
666.31592 1282.22
668.33917 1177.83
669.34045 834.008
671.79932 669.018
672.29608 774.748
675.88983 941.348
676.41333 2131.08
677.41827 726.35
678.39313 17538.1
679.39569 6675.04
680.40057 1284.85
681.32861 2892.72
682.33099 1013.4
683.33948 451.943
684.32422 2049.77
685.32397 872.786
689.38428 1508.97
690.36920 434.602
699.34070 35209
700.34369 11921
701.35608 5345.94
708.36664 1352.8
720.40430 1146.73
721.41119 545.679
733.43604 969.695
747.37433 431.712
749.46411 1252.02
750.47589 442.719
759.44965 1450.19
760.44611 856.485
765.38885 928.65
766.40057 649.872
767.40991 441.233
777.46179 8742.57
778.46234 3146.96
779.46692 854.293
783.40216 763.634
787.39215 2438.47
788.40070 976.381
789.40796 585.805
794.41675 2373.61
795.41541 881.249
796.40820 413.245
807.42493 986
812.42493 23685.1
813.42908 9995.92
814.42810 2187.89
816.38739 8393.3
822.41150 692.95
832.50446 444.176
833.49951 439.996
846.52911 815.331
847.37988 1750.48
848.37512 798.738
882.46497 793.686
890.54669 455.971
893.48700 1487.2
894.49316 878.822
900.47852 1157.34
911.49261 19923.5
912.49463 8806.3
913.50012 2512.09
921.47321 540.985
947.55457 1943.22
948.56317 1056.68
984.43939 438.882
1010.56207 9762.29
1011.56525 4463.22
1012.56366 1367.65
1013.57172 518.27
1020.54413 907.684
1021.54120 425.424
1060.60974 770.304
1123.64526 1812.9
1124.64148 931.585
1125.65991 419.707
1237.68872 616.803
1238.68152 535.945
