3037.58915 3
110.07134 209.74
120.08057 2282.5
121.08425 252.858
129.10201 664.54
130.08591 371.836
136.06161 979.886
136.07558 618.422
147.11261 786.213
159.09230 239.31
159.11308 465.432
173.12901 282.813
175.11885 198.7
187.10741 319.519
197.12859 661.218
199.18027 291.238
201.12350 426.954
202.08237 334.234
207.11224 237.125
214.11801 189.44
215.13870 5312.49
216.09766 857.291
216.14287 520.832
217.09604 287.999
225.12331 1176.87
227.17513 444.039
229.11609 185.095
230.07732 470.215
233.16454 1099.63
234.14558 343.383
235.10718 862.587
243.13358 9035.68
244.13701 915.98
257.16068 457.576
258.14505 805.282
261.12537 283.399
261.15924 878.624
270.14459 285.686
275.17117 826.366
277.11884 235.015
285.11789 564.674
292.12881 366.122
297.15585 211.886
298.13889 474.838
299.09769 853.237
302.13351 369.485
303.12875 332.892
310.21222 548.793
311.17368 274.475
312.04749 275.278
312.15399 291.869
314.03726 282.306
315.16678 328.127
316.16830 322.198
317.10864 797.523
329.14694 222.128
329.17972 242.639
330.05872 568.09
330.18445 600.703
338.20718 2076.54
339.21100 363.048
348.18967 610.789
356.21738 2977.02
357.22028 652.188
384.19031 288.352
385.16879 253.598
390.20331 299.428
394.00369 238.888
394.17459 360.864
397.20612 285.689
398.19009 555.139
402.20422 223.64
410.02390 193.691
411.22247 883.342
412.18320 701.259
416.17950 425.786
425.24426 324.197
428.03632 715.144
429.24741 261.52
430.19528 302.077
438.23444 1540.21
439.23749 286.273
449.20218 549.217
457.28079 232.569
467.18372 377.176
475.29013 358.133
477.23819 226.591
485.19458 582.851
485.27499 372.356
499.21359 289.044
503.20593 555.482
503.29077 423.175
512.24341 304.571
517.22443 289.94
524.30890 463.078
533.27222 201.088
551.31781 726.121
552.32269 275.197
553.26501 261.038
554.30200 390.739
558.29370 313.467
563.24078 267.963
572.30804 685.072
573.30597 237.382
580.26416 297.35
581.25897 328.371
590.31677 358.913
598.27881 444.548
599.27618 331.837
616.29773 316.929
628.31342 310.367
629.32117 204.434
646.85760 222.995
650.27661 317.131
652.36365 1154.27
653.36694 615.568
671.37506 298.769
714.30182 257.549
723.38489 217.666
724.39758 661.773
725.39471 319.162
728.33594 286.492
732.30444 219.254
736.35626 368.919
741.39349 492.834
742.40472 256.639
745.35144 327.432
746.35010 209.428
752.91132 686.229
753.41339 621.69
753.91266 422.255
763.37262 234.954
764.37134 223.965
781.40857 1387.02
782.41156 527.443
791.36737 383.469
809.45874 358.271
809.95001 402.855
810.46356 229.724
837.49493 219.363
849.44739 375.125
850.45142 264.445
852.96735 834.906
853.46570 985.832
853.96979 340.471
854.47089 475.923
855.49072 232.425
900.45349 284.202
901.42426 265.73
904.45966 351.083
908.49084 315.653
908.98468 310.295
916.99530 329.253
917.49646 313.162
918.46686 3084.77
919.46924 1590.72
920.48267 1310.42
921.48724 478.36
934.48822 210.493
954.51733 287.423
960.51837 1498.86
961.01563 1801.22
961.51984 997.956
962.00562 342.128
978.45044 268.062
988.46918 222.815
1005.49353 310.778
1012.53674 217.249
1012.83630 290.523
1014.47125 326.777
1014.80542 465.918
1017.05573 527.236
1017.55023 953.275
1018.06836 267.817
1053.08240 271.394
1060.57104 524.418
1061.07068 539.841
1061.57800 385.325
1065.53540 2711.57
1066.54089 1558.51
1067.57532 707.717
1068.58289 249.015
1076.48962 239.405
1096.50024 259.16
1097.48987 418.596
1109.58850 271.206
1117.59033 618.984
1118.09851 519.792
1118.59216 574.973
1145.61511 256.903
1162.60791 251.098
1166.58765 345.309
1167.09900 447.446
1175.10608 1028.37
1175.60437 1163.49
1176.10571 829.461
1176.61353 342.434
1178.61792 2615.86
1179.62305 1662.96
1180.62842 741.466
1224.64868 280.942
1225.13623 506.968
1225.63843 263.905
1230.64795 447.073
1231.65833 441.978
1250.62915 215.07
1259.65027 359.647
1260.14648 242.357
1267.70471 248.301
1268.15430 723.252
1268.65869 1634.36
1269.15771 938.337
1269.65564 564.782
1291.70386 2250.23
1292.70520 1762.38
1293.72180 564.64
1333.17017 286.069
1341.68762 605.404
1342.18958 745.415
1342.68848 585.535
1343.18469 388.061
1358.70886 521.92
1359.71655 288.179
1390.75476 440.21
1391.78088 361.785
1430.77209 259.854
1447.79028 1248.08
1448.79272 1073.61
1449.78943 444.596
1482.78479 246.259
1487.79260 285.205
1504.81274 4320.7
1505.81958 4212.32
1506.82153 1614.21
1507.83691 356.133
1558.84717 236.784
1559.82764 254.3
1617.89941 1085.61
1618.89746 1034.89
1619.89343 568.941
1704.93506 1571.55
1705.92920 1693.09
1706.92969 830.923
1707.96582 240.027
1815.99744 271.348
1816.96094 238.94
1832.99841 241.962
1833.98914 228.406
1902.98633 241.295
1920.02454 1303.26
1921.02783 1399.74
1922.02625 787.938
1923.03235 294.967
