2277.03105 2
110.07072 1618.48
120.08038 4182.96
129.06552 2885.02
129.10175 5459.85
130.06465 3769.55
130.08582 1890.97
132.08041 1668.17
136.07523 4217.79
141.06564 660.2
144.08046 923.699
147.11249 3425.63
155.08060 1356.46
157.09685 1265.16
158.09662 977.486
159.07616 1249.37
159.09122 19026.4
160.09467 1552.61
170.05945 4149.53
175.11703 1391.09
185.09184 1800.5
187.07062 1256.22
187.08572 1144.78
199.07303 1023.14
199.14375 1021.37
200.10249 2169.31
201.08656 2403.44
201.12206 917.798
205.09947 1464.55
211.14516 665.227
213.08656 695.435
213.12267 703.002
217.08084 904.281
223.15503 1053.73
226.11865 758.7
227.08116 1856.36
229.11707 2344.36
230.07652 655.084
231.11224 1818.47
233.09473 2273.39
233.16432 1222.58
235.14320 1618.98
240.13400 2615.83
244.09235 4334.05
246.10951 869.41
247.10805 650.576
247.14592 653.794
249.12289 1591.37
251.14923 934.586
254.09135 670.033
255.10872 1243.91
258.10742 3507.63
258.14380 7524.79
259.14670 833.782
261.08908 1170.7
261.15759 765.988
263.13812 2723.84
265.11746 1334.83
270.10339 807.098
270.12622 1511.09
276.15417 4845.61
277.15237 826.565
283.10303 2087.47
284.12430 800.984
293.11200 3689.07
296.10312 751.042
298.13763 935.663
299.09863 754.732
300.11554 819.51
301.11240 2445.34
301.14978 759.078
304.16458 1264.95
309.11829 760.946
311.13519 778
314.11462 1291.76
314.15082 1553.9
315.12708 1148.07
316.12930 1768.7
316.15604 707.565
317.18112 1547.03
324.09692 2748.64
326.14490 1008.12
327.12692 1186.06
327.16577 995.403
328.18884 746.032
329.14438 2580.08
332.15979 4038.43
333.16376 675.87
339.12811 1025.86
342.10745 10941
343.10995 1388.91
344.15219 1248.35
345.17627 1539.13
346.17273 1013.83
350.17163 1567.89
354.13983 1497.76
356.11938 1417.15
357.14120 1812.5
359.13409 8597.42
360.13235 1275.09
362.13623 1745.75
364.15024 2144.68
372.14819 2609.56
374.16818 1353.46
385.14993 2478.91
387.20544 1077.75
392.18124 1742.27
393.17719 856.051
394.13611 704.057
402.17383 1499.64
405.21182 1442.4
407.19473 6184.33
408.19391 942.046
410.20313 742.154
412.14539 920.747
413.14407 2745.21
421.17041 2207.74
424.15753 790.741
425.14081 710.506
427.15573 734.314
428.21371 1953.95
430.16940 1278.72
438.19534 1605.8
441.18585 693.952
442.17068 1980.92
444.17099 941.379
446.22534 1734.77
447.19037 700.981
447.22012 704.319
456.21011 3736.83
457.21136 801.533
459.19867 1130.18
463.22775 823.295
464.21432 860.745
469.18256 969.412
470.16544 3950.68
470.23834 1035.42
474.21869 2902.06
475.21719 1101.15
483.17865 1433.88
487.18912 1714
488.24991 1418.56
490.23291 1478.81
491.24887 846.587
492.19626 1175.02
492.25122 1910.6
495.18887 813.208
496.18246 706.717
501.19205 1850.71
508.24173 7691.75
509.24359 1415.9
513.20593 1753.63
514.20490 718.072
520.23779 1439.79
528.26349 756.179
530.23004 1285.83
537.26471 1145.28
540.21155 989.496
541.19592 1554.44
545.29309 963.635
553.20441 955.786
555.28424 1056.95
558.22302 1791.74
571.21094 1338.09
573.28375 2387.08
574.28961 1069.68
589.29395 819.265
591.27600 2326.76
593.29120 822.548
598.22357 780.534
603.27710 1277.05
607.23865 765.448
609.28821 8126.65
610.29883 1741.19
624.23749 722.201
640.30072 827.087
642.25061 1824.98
658.31885 1144.21
664.25220 782.434
669.25842 1300.43
670.25323 1530.02
687.26837 1808.9
688.27863 896.823
720.33527 1400.34
738.34943 1663.17
756.35724 9246.36
757.36194 3233.77
758.35577 1172.99
763.33160 957.318
787.37518 763.02
822.34351 745.543
850.33337 1367.51
855.42896 1395.65
912.44562 3861.94
913.45593 1458.18
949.40509 870.158
1013.48792 1465.06
1014.50208 1433.43
1100.52686 2532.44
1101.53418 1476.88
1211.56177 863.605
1212.54517 763.82
1229.57446 1987.45
1230.57104 1198.65
1328.63232 2019.26
1329.64124 1196.98
