2365.33133 3
115.07484 655.911
116.07015 537.352
117.09045 447.235
120.08045 765.337
129.10179 379.747
133.08597 273.417
136.07509 451.067
157.13181 281.044
175.11861 636.611
177.10252 195.287
184.07298 279.312
185.12820 304.979
185.16425 189.792
187.07100 416.789
199.18015 270.302
201.08594 249.18
205.09705 182.753
213.15912 235.5
221.12695 374.115
227.10190 601.733
235.10622 262.843
249.12244 360.386
258.10703 201.249
289.16168 407.689
302.09735 382.261
316.11246 224.008
373.13388 196.142
402.24338 714.046
438.30612 428.421
490.29547 325.29
501.31253 1287.97
502.31769 286.696
551.38934 647.802
552.39294 219.068
597.34070 253.862
614.39618 946.057
615.39520 280.245
625.85486 218.971
653.34119 286.776
654.80731 332.871
664.47302 777.435
665.47614 261.082
690.37756 297.278
690.86957 210.601
715.44513 1198.54
716.45197 460.99
725.88739 270.745
735.51147 337.12
736.51453 238.378
766.44354 514.827
767.44672 233.634
788.58179 550.258
788.88483 370.424
789.43628 1090.1
790.35999 346.049
802.47485 3665.92
803.47607 1584.94
864.55023 373.624
865.47803 316.713
866.49884 212.815
868.40503 316.726
868.91833 327.186
915.55847 1793.68
916.56317 816.538
924.94867 234.382
964.56116 268.466
965.56671 204.217
979.58325 1158.31
980.58514 670.102
986.59821 1151.7
987.59717 547.829
1039.52405 259.839
1078.64600 539.949
1079.64771 331.099
1172.65076 290.374
1173.67786 224.6
1186.68274 421.544
1187.68750 207.702
1192.67737 301.504
1193.67517 655.902
1194.68188 352.605
1250.69153 413.047
1251.67358 252.042
1287.68457 433.837
1379.73560 298.337
1380.74963 225.063
1450.78577 396.705
1451.76831 399.948
