2066.93479 3
110.07111 1383.44
112.08636 230.421
115.08640 193.355
116.07028 235.629
120.08064 1850.8
129.10217 5258.67
130.06502 1006.43
130.08612 1139.4
130.10489 257.934
132.08095 760.364
136.06163 1640.95
136.07565 1213.52
143.08125 267.01
147.11273 2863.52
157.09737 512.5
158.05957 260.788
159.09154 10071.9
160.09508 940.975
161.09180 769.259
167.08150 213.751
169.09709 303.019
170.05988 1503.09
171.07594 275.74
171.11296 214.765
173.12825 1851.07
175.11884 1070.15
179.03307 262.526
181.09729 292.271
185.09206 828.281
186.08553 206.373
186.12453 247.63
187.07489 197.145
187.08653 311.301
189.08708 744.772
197.09111 200.03
198.12311 221.012
199.07167 201.608
199.10803 292.365
200.13934 308.457
201.09894 295.804
201.12381 550.371
203.10280 248.892
207.11209 560.464
209.10355 636.146
210.02524 454.771
214.09727 1560.07
214.11832 830.63
215.10216 327.958
215.13864 310.366
216.09641 216.462
216.13383 1020.27
217.08177 275.088
226.08188 330.876
226.11824 696.075
226.15466 346.421
227.10239 275.195
233.16512 356.365
234.14453 3226.78
235.10594 399.398
235.14717 318.839
240.13361 689.36
241.08224 294.081
243.10881 476.951
244.12775 567.27
244.16493 544.909
245.07713 285.156
255.14514 266.432
258.14380 318.231
263.10242 216.823
264.06351 431.079
266.16159 730.764
272.17163 1755.25
274.11713 267.596
275.20728 408.9
276.13513 347.824
284.10251 2653.33
285.10620 428.414
295.17554 361.5
301.12906 1636.83
302.13458 323.115
312.04895 495.546
313.18686 1430.92
314.14731 253.356
314.18942 270.736
316.09854 266.135
318.14682 459.021
319.15219 218.372
330.05939 518.903
331.19711 13459.4
332.20044 2107.29
333.15375 308.529
333.20078 233.8
337.16208 205.148
352.69931 226.503
374.67993 282.307
388.22070 529.11
393.71274 212.768
395.13358 227.524
398.14203 380.507
399.14893 266.538
411.16214 250.301
412.15790 395.413
418.19772 362.017
428.03540 221.374
429.18655 642.37
430.19632 252.229
438.74930 244.872
444.28128 675.045
446.23651 369.399
448.22858 272.789
451.20099 300.441
452.21179 228.725
452.70422 223.719
461.21921 278.349
498.77826 490.439
500.22403 424.316
501.30301 3186.67
502.30594 741.003
513.72675 260.116
514.22321 275.171
516.23541 294.323
522.73383 362.8
523.23230 243.989
528.32922 220.84
533.28711 308.484
533.79022 236.913
548.24280 233.148
555.29236 243.288
558.22144 222.947
561.26471 252.197
562.29193 262.186
571.24316 377.885
578.27301 253.132
579.30859 308.571
579.75732 698.169
580.24396 451.232
583.28583 336.613
588.75507 382.733
592.02338 237.913
592.24530 234.764
593.26514 256.838
611.35132 426.034
612.33527 1077.1
613.34387 348.01
620.26270 478.015
623.67499 437.838
624.00677 695.246
624.33820 857.841
624.67657 664.716
625.00519 303.542
629.36151 1554.59
630.01245 293.455
630.35559 538.494
633.63385 280.558
633.96631 234.142
634.31049 259.799
637.27692 608.684
637.74799 427.224
639.29047 363.876
639.63904 673.848
639.97571 746.989
640.30310 428.692
641.32373 1392.92
641.58722 458.95
641.83795 1176.51
642.09082 361.195
642.35669 604.449
644.77551 315.165
645.32007 1072.39
645.64893 1325.52
645.98511 760.406
646.32623 275.775
648.29388 235.742
650.66357 229.866
650.98694 902.815
651.32336 1236.18
651.65668 976.371
651.99011 542.62
652.31763 364.152
653.29193 469.392
653.78613 285.312
656.00366 479.019
656.33875 746.025
656.66632 1051.76
656.99762 1205.13
657.33215 1179.18
657.65387 999.776
657.84302 260.143
657.98157 588.334
658.34192 321.231
659.38721 243.688
661.80310 364.544
662.28583 253.347
662.80200 310.882
662.99854 232.353
663.66315 261.712
666.08899 477.384
666.34052 482.743
667.35052 269.141
670.32385 275.628
671.81177 245.109
672.28674 290.699
677.29938 237.788
678.31281 284.216
683.98383 333.168
684.30585 415.92
684.64795 426.704
688.39063 576.122
689.29529 381.137
689.38190 1580.22
689.65210 453.771
689.98621 660.366
690.30298 1401.98
690.39026 1051.42
690.80566 681.701
691.37000 435.88
695.80469 267.224
697.40155 592.797
698.40826 314.539
702.27466 252.115
703.32385 349.26
708.80469 272.986
711.28125 273.68
715.84009 359.534
719.78833 351.4
720.29010 278.728
721.33582 435.314
726.45172 367.147
726.87628 334.554
728.30505 323.449
735.38464 388.223
735.88550 419.796
736.82471 284.261
737.31793 685.506
737.82062 379.403
743.31024 246.597
745.83051 842.429
746.32526 655.265
747.34796 262.687
748.35699 771.372
749.35480 302.791
751.81287 277.35
754.33850 482.798
754.83966 592.416
755.33630 321.818
756.37939 303.541
761.90625 303.097
762.38849 423.605
763.83142 343.609
765.38416 512.226
768.41046 295.906
770.89948 239.615
771.40759 452.98
773.31195 262.537
775.33319 236.881
776.43243 1892.24
777.43658 717.034
779.36206 271.724
784.36090 483.006
784.86707 671.8
785.35614 323.496
786.41949 506.597
788.87341 261.516
793.86566 286.349
794.35602 385.229
796.88641 245.361
802.37415 425.318
804.31812 439.049
810.88367 303.188
811.37909 417.636
811.88733 344.058
812.31915 260.119
813.33673 268.644
817.41364 625.919
817.92487 559.872
818.31165 430.366
819.88501 463.97
820.38849 519.266
820.89063 412.102
821.39130 270.503
825.92432 456.856
826.42255 824.228
826.92664 359.886
834.42688 332.812
834.93567 240.634
835.43860 313.342
836.38873 605.835
837.39020 319.941
846.37537 313.479
846.87024 249.501
852.87927 251.188
853.38000 366.425
854.87946 246.793
856.40222 353.868
857.40741 319.327
865.35468 269.346
865.93835 327.881
866.39001 378.234
874.43188 482.791
874.91742 744.737
875.40582 919.106
875.90698 526.477
876.40588 482.887
882.94769 618.771
883.44580 888.841
883.92633 838.662
884.41858 297.816
888.42377 375.179
888.92072 319.98
889.43933 419.458
890.47345 1248.04
891.47778 607.273
891.96106 724.067
892.45734 709.033
892.94922 362.324
893.43848 245.839
897.93701 290.855
902.43915 350.885
903.43274 254.405
932.41168 436.978
934.35992 360.426
940.93768 517.093
941.43341 575.045
941.94141 383.744
946.41071 359.601
963.45886 250.814
1048.54810 680.007
1049.55176 296.704
1117.56506 411.031
1118.57642 354.142
1169.54944 390.039
1186.58557 858.638
1187.58423 661.644
1204.59802 925.661
1205.59802 579.894
