1278.68962 2
110.07104 9891.54
112.08682 1034.67
115.08640 878.127
116.07045 1494.92
120.08051 11236.5
121.08434 722.936
126.09146 985.086
126.12766 1000.28
129.06676 727.458
129.10208 21634.7
130.04970 1140.48
130.06543 619.42
130.08612 3859.14
130.10413 998.298
136.07553 4764.83
142.12247 6510.4
143.11777 9942.84
145.09691 925.721
147.11267 9549.52
148.11642 662.495
155.08089 664.15
155.11760 740.054
157.09705 7082.67
157.13324 9268.6
158.09204 3059.07
158.13673 773.459
159.09067 1011.14
159.11252 4090.44
165.03093 923.362
169.09703 953.411
169.13354 2295.31
171.07651 946.4
171.11241 3838.78
173.09189 2110.44
173.12834 3322.24
175.07101 2480.81
175.11877 17333.6
181.09732 658.61
183.11275 1940.46
183.14819 703.429
185.12820 8653.73
186.13278 997.864
187.04688 613.604
187.06346 669.754
187.07709 820.679
187.08441 627.135
187.09277 772.34
187.10507 4331.17
187.14378 154838
187.16811 624.611
187.17841 1178.57
187.19296 685.496
187.20090 623.031
188.14748 13901.8
189.14893 637.76
195.07593 1002.57
197.12865 1270.3
199.07169 1521.05
199.13193 711.137
199.18028 838.316
200.13908 681.117
201.12285 4953.17
203.06546 1050.48
210.12318 659.975
211.10730 1188.77
212.10255 1606.7
212.13902 669.156
213.08720 1181.95
213.12274 941.35
215.10202 7049.53
215.13881 35537.9
216.14249 3151.11
217.08179 1463.88
219.07964 642.51
219.11162 866.984
223.15535 1698.99
225.15962 865.291
226.11876 1020.62
227.17569 811.722
228.13312 1790.01
229.11789 7816.04
230.14951 3943.69
233.16454 4389.48
234.16827 735.319
235.10730 14742.5
236.11134 1753.1
237.12325 1603.81
240.09752 1185.98
240.13310 776.72
241.08167 1362.5
243.13365 4258.55
248.16006 16004.1
249.16335 1706.25
251.14999 3103.66
252.09669 623.721
253.19023 673.18
254.14925 3110.31
258.10840 1776.55
258.14441 1017.8
259.14423 1229.31
261.15900 3864.03
263.10214 20041.2
264.10535 2560.96
265.11929 628.965
269.12418 3120.11
272.12375 20939.2
272.15976 27297.6
273.12759 2137.74
273.16245 3429.25
281.19547 638.48
282.18057 678.422
283.17902 776.289
286.13800 4643.29
287.13379 2786.33
289.11465 784.592
298.13937 884.914
299.09863 812.294
300.15500 3263.61
301.13171 2069.93
301.18549 3265.24
304.16141 4521.54
309.11880 816.616
312.15414 1358.53
314.17111 916.297
317.10883 2749.15
317.14877 2035.99
318.16321 826.167
319.19696 18770.9
320.20013 2705.67
321.15457 2462.77
326.17102 1200.56
327.13135 1671.75
328.10944 876.35
328.18555 3166.69
330.13092 1018.61
330.18927 660.119
331.15945 740.057
338.18195 1413.98
340.18518 2047.48
341.18228 742.703
342.20187 1403.55
343.16296 1791.55
343.23184 2146
345.14072 936.126
346.22305 1311.05
348.19003 884.374
358.15613 1761.75
362.16959 2706.95
364.23419 1302.03
369.17477 1854.43
371.19525 1451.8
372.18823 3409.58
372.68848 705.888
374.16959 2466.68
375.17075 663.204
376.18616 17777.2
377.18896 3487.85
378.12943 702.602
379.19830 753.39
385.20660 2633.92
387.18271 1862.94
388.18848 864.225
391.19727 9969.61
392.19931 2452.98
395.19269 1395.69
397.20740 780.742
399.22531 1458.02
400.25180 2727.93
401.16663 904.173
404.18008 947.127
408.20605 750.415
413.20853 1202.2
413.23462 1222.73
414.20767 1370.82
415.17096 1855.49
417.24609 3348.3
418.26563 15972.3
419.19202 9015.04
419.26846 2786.77
420.19434 1823.67
422.20200 2012.82
429.20224 637.261
430.23358 1606.77
433.20786 3629.74
435.14996 1210.64
439.22586 1251.85
440.20844 771.865
445.20520 1334
445.24948 877.455
447.25977 2181.36
448.26382 700.146
452.17578 1397.21
468.25052 785.232
469.24240 706.523
471.24707 1730.2
472.24713 681.574
473.19498 1171.87
473.24207 1945.8
474.19748 649.223
475.25912 1414.9
477.19531 1698.38
480.17154 2194.44
486.26489 1954.77
487.25232 2270.06
488.21057 1171.4
491.21274 16208.9
492.21445 4074.18
493.21945 894.282
502.20059 882.469
504.27835 18076.8
505.28107 3232.5
510.26657 3652.92
511.27222 1696.99
514.25989 867.884
515.28400 2087.06
516.20178 850.943
520.23651 755.196
528.25354 1236.72
532.27582 3591.69
533.29199 15148.7
534.21899 2870.93
534.29517 3377.86
542.28253 935.432
543.28192 747.009
544.27783 945.506
545.26385 1337.12
548.22986 1946.06
562.29230 1525.36
564.29663 1083.65
569.25775 740.13
571.22552 1036.46
572.21069 2868.1
573.20886 702.487
589.23547 10220.2
590.21082 1021.41
590.28845 4327.39
591.28796 1585.38
599.22327 1536.58
600.20569 1492.21
601.29773 1509.98
615.30981 4415.32
616.29407 1732.37
617.23004 19133.1
618.23340 3181.73
619.31287 1114.62
623.34991 5886.94
624.35626 3183.22
625.36914 662.305
629.29150 1840.38
633.32111 13048.3
634.32904 2358.19
640.35223 719.258
641.34253 710.392
646.37646 6534.79
647.30414 5151.94
648.31287 1366.41
661.31653 1522.09
662.31879 675.835
684.30035 682.758
685.29529 1069.43
701.34485 850.79
702.31866 5885.51
703.31927 1067.17
712.30548 1408.74
713.29254 1362.47
718.34766 1182.81
725.34760 690.243
726.33618 1346.97
727.34625 758.638
728.36652 1404.19
730.31439 17170.8
731.31500 4095.99
735.38275 785.815
743.36676 3192.21
744.35248 9502.35
745.35388 2142.55
746.36670 1818.68
747.37378 713.817
752.39160 7365.47
753.39673 4930.1
754.39740 1052.23
761.37665 15274.4
762.37939 4241.59
763.37897 848.114
775.44122 831.416
793.44354 4655.4
794.44641 2026.15
799.41223 1023.31
815.40448 1814.2
825.39221 1183.28
826.37799 1098.03
843.39868 7819.75
844.40137 2369.09
860.44873 2038.73
865.47461 4837.78
866.47900 5156.9
867.48285 1304.84
890.46490 1011.82
891.47211 848.218
908.47137 7288.01
909.47314 3225.1
910.47620 732.597
930.45026 1282.43
947.47443 3249.77
948.47931 896.246
974.43506 1568.19
980.50360 4954.32
981.50604 5740.48
982.49994 1370.17
1007.53723 843.037
1043.45605 2204.82
1044.44495 921.004
1046.55322 956.239
1061.47546 1125.94
1064.56055 4865.25
1065.56506 3230.63
1066.55920 714.589
1093.58569 1760.38
1094.58801 2515.21
1095.57996 925.283
1164.62012 892.295
1165.62805 1444.28
