2280.10361 3
110.07105 4190.11
120.08023 767.276
126.05439 385.991
127.08638 858.879
129.10207 4256.24
130.08609 395.262
131.08104 468.153
133.04263 1976.03
136.06169 558.129
136.07544 3557.18
141.10194 2416.94
145.06044 340.669
147.11249 1177.54
157.09712 723.035
159.07605 2191.79
159.09111 1263.98
159.11243 564.147
162.02171 455.347
167.08141 558.395
169.09694 2630.78
169.13263 307.504
173.12776 363.115
175.11900 1349.94
179.04837 2145.78
185.09131 927.417
185.16446 674.35
186.12343 20858.1
187.07079 692.112
187.10782 1433.9
187.12740 1895.06
197.12924 558.482
199.07080 552.505
199.10736 469.914
199.18022 1686.83
201.12288 546.553
204.13461 532.748
209.10384 864.969
210.02599 491.397
213.08670 1167.23
213.15965 603.248
214.11839 16293.1
215.12346 1358.22
218.14986 888.806
224.11656 322.211
226.11746 639.366
227.09999 581.451
227.17526 666.136
230.07671 578.136
230.11371 395.529
240.13359 486.462
241.07945 437.924
244.09329 496.624
245.07607 454.439
252.11026 819.229
255.14484 520.858
257.12274 410.634
258.10831 375.341
258.14307 386.257
266.08005 1242.09
266.14908 596.051
268.16428 325.556
270.14502 327.9
272.17334 893.275
277.09595 320.98
282.17889 349.277
284.16003 1305.17
288.11938 1036.86
289.09509 498.503
297.15485 359.705
299.20709 582.816
300.17050 557.448
303.17719 1481.59
305.09042 1283.21
309.13144 542.764
310.13834 403.164
310.17462 486.903
312.04819 862.626
322.12012 454.084
323.14542 408.505
325.18420 376.703
327.20230 8911.1
328.20584 1447.25
336.66852 1171.85
341.19232 952.55
351.17603 326.708
355.20795 2646.35
356.21216 554.244
358.13080 619.392
372.18619 367.515
390.70288 2795.92
391.20428 1103.4
396.16272 369.901
405.71353 375.716
422.21408 372.392
426.19922 778.125
433.14563 449.707
440.28775 1061.33
450.18057 372.71
452.22400 601.159
460.25116 2626.66
461.25369 592.415
467.21426 929.822
469.25046 2122.75
470.23297 782.875
472.28500 758.993
487.17694 478.853
495.20972 806.837
496.20822 344.609
505.27896 339.745
511.91183 822.184
512.23901 549.146
512.57825 362.314
518.76068 591.778
533.28961 517.655
535.26593 555.761
541.74042 367.344
551.29315 545.404
556.25146 394.507
557.21851 350.17
561.21069 408.168
563.25653 1208.89
565.27478 436.743
568.32043 3712.44
568.83295 392.123
569.32489 1176.6
575.26874 528.283
580.29810 597.403
582.24176 960.546
589.26550 380.939
591.26373 357.1
599.76648 1153.39
600.26727 738.61
608.29321 862.133
609.35028 387.661
612.80127 395.526
613.29803 499.54
613.76001 763.482
618.80493 405
619.04993 656.504
623.31305 565.135
624.32672 358.218
624.80115 396.524
628.24109 402.435
632.23462 448.819
634.29260 1961.71
635.29437 528.042
641.32056 382.904
649.29663 379.032
652.30530 472.662
655.29901 516.06
656.29419 358.632
663.29486 704.401
663.78613 427.102
666.31805 808.048
667.32611 366.565
668.34308 543.661
672.32935 5128.82
673.33057 1661.47
674.33917 447.445
680.29858 1201.49
681.29797 405.724
683.34656 1631.71
684.39160 560.1
686.42157 462.348
695.32996 614.441
696.31360 490.334
697.40680 470.177
711.39087 1436.56
711.90411 614.465
712.28510 501.828
712.40137 435.446
712.86487 979.429
713.37164 1167.76
718.83844 641.402
719.32654 556.716
720.35712 415.969
721.37915 709.025
721.98846 558.264
722.30823 847.978
722.41852 437.181
722.66156 789.795
726.33356 368.823
728.00757 473.96
728.33417 1081.82
729.09088 488.691
731.29193 527.523
733.34052 413.146
733.83704 618.607
742.34607 1584.49
742.85034 1600.22
743.36584 4621.33
744.37378 1751.58
745.37585 869.952
752.84406 758.766
758.35999 1004.53
758.85754 547.562
759.34674 524.976
760.24072 363.595
760.36615 1553.46
760.90308 458.861
761.37567 1566.95
761.85297 756.801
762.07953 363.945
762.37250 1526.63
762.84821 472.252
763.37427 1885.39
764.36572 727.461
765.38989 449.597
766.38867 397.892
767.36163 4588.27
767.86230 2681.46
768.36646 1535.3
779.37311 691.948
780.39819 12421.6
781.40369 5117.21
782.41364 1053.42
792.36450 644.386
793.43439 393.871
796.40955 529.476
799.37146 805.33
799.87659 432.733
801.36713 2696.18
801.86957 1795.01
802.35645 659.851
808.41266 500.925
810.34662 506.465
810.85236 631.838
811.37305 567.69
812.34448 681.751
812.85022 390.876
816.34100 478.893
819.36884 1351.19
819.86639 723.823
820.36517 442.483
823.38605 392.027
824.73132 863.026
825.06183 1017.04
825.40649 683.985
825.73181 630.317
827.88184 2626.04
828.38049 2158.32
828.87866 1068.24
829.38611 427.913
835.41992 487.141
842.40967 515.746
845.37811 401.646
847.38568 435.493
847.86700 685.733
848.36658 1143.18
849.89520 2900.32
850.39355 1926.34
850.89038 539.084
854.41510 603.09
855.39392 569.539
856.45276 3542.87
857.46527 1654.94
858.46088 514.596
860.47186 629.714
860.96204 859.674
861.46924 468.198
866.39899 783.697
867.39923 408.679
868.88983 562.963
875.35657 735.992
877.44006 822.1
880.36066 466.98
881.36414 376.984
883.41925 453.498
884.43970 693.519
895.44391 513.097
898.37756 1379.28
898.87830 629.097
899.37915 1153.81
900.40845 492.303
903.39148 727.619
903.90161 1110.41
904.40118 862.405
904.90674 537.907
905.40521 696.18
909.51202 401.431
911.91394 1045.03
912.40985 2588.93
912.90851 2690.49
913.41010 1077.88
913.91669 392.699
915.97125 576.366
916.48132 517.36
920.92017 6107.91
921.42078 5860.83
921.92297 3238.93
922.42352 1088.91
925.45392 1044.75
926.43579 886.169
927.42303 395.875
935.41492 399.68
939.45898 1430.36
940.47443 696.325
943.46094 3491.2
944.46417 1991.99
945.46613 456.283
953.42926 900.812
954.42914 376.184
955.52521 3235.93
956.52228 1430.17
959.95343 627.255
960.45007 739.922
960.95258 684.248
961.44812 570.244
968.46686 697.785
968.95245 1886.64
969.45337 1310.95
969.95184 945.35
970.46490 563.377
977.46167 4077.65
977.96362 4244.5
978.46301 2652.17
978.96509 1189.75
979.44806 824.105
980.00623 890.025
980.48639 493.202
983.45526 398.909
993.44159 714.526
997.50714 384.948
1004.44080 1242.74
1005.43787 681.789
1007.43188 448.535
1008.57721 389.601
1011.46729 1036.46
1012.44562 738.638
1016.43719 489.887
1016.98480 429.859
1017.49316 499.481
1021.53357 454.533
1022.44885 1293.41
1023.46539 492.852
1025.00671 589.474
1025.49597 1667.5
1025.99670 1272.75
1026.49463 945.922
1026.98511 378.52
1034.00439 3380.53
1034.50830 4542.27
1035.00525 2473.61
1035.50830 1153.37
1039.53638 398.798
1040.46057 1457.96
1041.46375 783.707
1044.39026 375.112
1054.42590 527.317
1054.61304 1378.72
1055.62378 515.821
1061.43811 1484.73
1062.44592 689.254
1071.52319 808.456
1072.52393 406.2
1088.54932 392.953
1106.54333 569.112
1108.54663 467.794
1111.50061 440.405
1123.55627 758.079
1124.55200 1604.86
1125.55298 758.216
1126.55249 400.782
1139.52356 427.484
1147.53418 372.645
1170.50793 400.919
1172.57129 1049.49
1173.56323 785.428
1174.52979 1361.01
1175.53760 781.702
1188.57410 423.199
1189.08704 371.919
1208.55383 776.169
1209.56897 424.909
1223.61426 457.018
1224.71521 1111.76
1225.71338 840.437
1226.49670 434.336
1227.53308 409.634
1242.57935 439.435
1243.57019 391.742
1259.60266 2509.78
1260.60229 1461.58
1261.60681 609.252
1273.50952 600.595
1287.61267 1028.43
1288.62073 664.189
1325.58679 535.978
1327.61206 401.189
1329.59424 573.817
1330.61365 405.725
1337.65686 539.851
1346.63220 2771.41
1347.63354 2125.5
1348.64624 688.961
1436.66772 509.608
1483.71423 620.375
1484.68652 655.39
1486.64832 655.484
1500.71741 448.041
1504.67102 476.789
1533.71033 467.494
1599.74915 588.442
1600.74133 434.92
1601.74353 452.611
