2521.16324 3
110.07098 5155.56
120.08036 495.303
129.10199 5242.67
130.06483 2823.06
130.08601 2496.94
132.08099 837.758
136.06143 1087.06
136.07547 5191.2
137.07899 459.73
147.11250 4673.9
148.11627 359.502
155.11742 436.964
157.06056 4184.62
157.13315 645.809
159.09146 2514.36
175.11874 1636.57
183.11159 547.652
183.14888 2110.66
187.08688 621.651
187.14398 592.405
193.09677 877.292
200.13905 1620.58
201.12265 566.196
209.10359 1128.42
211.14355 1377.59
212.10405 423.407
213.08783 368.897
215.13818 445.191
218.14952 7325.18
219.15372 496.503
221.09117 549.187
223.15506 635.888
227.08577 711.683
243.13260 450.287
249.15868 420.042
251.15031 764.3
252.11008 582.129
264.06268 839.888
267.10754 906.146
270.12341 2287.04
280.10788 780.082
282.18018 1459.47
288.13388 5100.54
289.13818 738.599
298.11792 3236.71
299.12103 594.544
300.17371 463.902
304.16351 402.193
308.17114 371.541
312.05035 550.76
312.15610 489.071
316.12836 911.169
324.14606 696.861
327.14450 539.705
330.05981 933.921
331.23273 584.383
340.16788 1364.11
341.17093 1126.45
342.16522 604.219
355.13931 1835.37
357.19629 2155.63
358.19818 1435.74
359.19257 1199.92
360.19711 496.355
373.14993 1481.38
374.20468 572.258
380.19589 481.285
398.11359 1240.64
409.18970 938.745
410.19504 758.408
411.18915 677.42
412.18814 385.084
414.21341 3167.83
415.21860 1114.51
427.17999 477.137
428.03644 398.195
428.28604 9910.41
429.28946 2674.31
449.71021 649.884
450.21652 378.889
453.18332 446.858
462.22284 466.391
485.77151 1980.35
486.27008 858.486
490.20749 1470.75
491.21033 645.049
500.19681 466.048
508.21982 788.159
518.20160 1441.93
527.29889 485.517
533.26831 664.953
543.25659 1134.66
570.29840 609.946
570.79431 470.182
578.80951 925.748
579.31134 518.088
589.24329 468.55
591.34918 2265.49
592.35406 786.634
600.57776 594.577
600.91315 1168.38
601.25201 554.327
606.25085 396.669
609.96497 428.267
610.30347 725.955
619.27942 884.632
620.28217 521.502
621.29425 407.54
630.26135 681.967
633.79492 617.716
638.27649 914.101
638.60681 915.336
641.76935 594.484
642.27344 426.412
647.34070 619.391
662.78949 599.475
662.99524 496.619
673.30011 533.625
674.27753 774.209
674.77936 597.109
683.28259 944.219
683.63501 412.533
687.29047 872.755
693.29730 556.025
698.31421 899.831
698.80481 523.117
700.80121 561.704
704.43762 1334.68
705.43890 602.419
717.35443 584.915
729.33545 786.084
730.33557 757.424
735.30865 457.456
736.01660 1184.92
736.35754 1077.88
736.68250 585.319
744.32739 889.04
744.82501 968.396
751.80914 972.152
752.30969 1308.51
752.81445 577.205
753.30835 417.03
753.82019 425.782
760.38617 839.025
767.31494 658.738
771.31781 463.42
779.84033 906.178
780.33661 791.855
780.84290 579.134
785.32678 658.775
788.89789 1220.58
789.40338 913.283
789.89624 656.96
791.88763 653.996
792.38934 582.158
794.36664 527.779
798.38080 624.394
799.84778 468.148
808.34045 901.877
808.84955 1035.45
813.33093 738.93
821.85052 663.933
822.34009 508.949
824.44226 416.287
828.38147 502.665
829.37860 934.223
829.71594 561.736
830.35608 757.737
831.34247 1006.45
832.33624 423.481
833.47943 1890.03
834.48383 1029.98
835.05444 1926.4
835.39069 2567.4
835.74280 1738.4
836.05768 831.751
836.34930 1341.05
837.34656 533.152
837.91119 453.26
839.94623 418.93
840.39764 836.547
840.83893 613.068
841.02942 731.67
841.39581 1682.45
841.73138 662.218
841.94275 864.218
842.41180 673.882
842.53253 1513.38
844.45868 663.657
844.84662 930.483
845.35101 1045.57
845.93182 1036.17
846.42200 1622.24
846.92670 636.481
861.87598 557.307
866.38751 448.921
875.88696 618.64
876.38550 709.073
884.90765 482.17
885.91071 444.557
886.36768 558.126
887.37402 413.037
889.88446 1577.03
890.38635 1752.41
890.88739 1123.4
891.37213 521.103
891.86688 561.139
895.36194 594.759
898.41772 1069.61
899.39911 555.569
900.36450 3165.17
900.86713 3493.69
901.36816 2105.74
901.87646 675.464
906.43909 497.744
909.36859 1894.79
909.87317 2015.19
910.36829 1410.5
914.45374 1540.29
914.94781 1509.04
915.46875 783.718
927.37506 728.351
929.41534 554.775
938.39838 866.242
938.90393 1238.32
939.39899 469.381
942.91534 543.109
943.41400 716.478
943.91058 524.623
945.37482 733.513
946.88837 1164.33
947.39294 3532.15
947.89618 2562.64
948.39679 1962.19
948.89838 1174.8
949.42938 443.548
951.90570 420.87
952.40881 666.223
956.39978 430.01
956.90820 3426.38
957.40833 3005.31
957.93768 1827.59
958.46912 2102.3
958.97247 1446.58
959.47778 528.148
965.91431 1803.88
966.41675 2585.5
966.91730 1038.78
967.41925 959.449
969.42236 476.833
970.53436 3599.22
971.53290 1982.06
972.54364 434.081
974.40839 419.818
981.46130 426.045
983.42902 466.475
986.44293 655.457
987.42090 479.308
993.48553 2587.73
993.98541 2607.08
994.48602 1422.52
994.97552 1172.39
995.44421 794.497
999.46368 645.353
1004.42041 527.215
1024.44324 1246.12
1024.94202 1513.14
1025.44727 821.475
1025.94202 431.06
1029.42651 530.948
1029.93494 689.007
1030.44299 874.008
1030.95667 484.378
1031.45837 496.074
1032.43091 499.426
1033.44568 1070.21
1033.95154 1048.95
1034.43970 752.581
1038.44141 3059.62
1038.94031 2620.45
1039.44006 2397.03
1039.94165 825.37
1047.44165 3322.85
1047.94482 2165.25
1048.44324 4409.7
1048.94409 701.046
1049.43921 2945.89
1050.43896 2701.14
1051.44458 1600.2
1052.47058 424.099
1066.50000 521.91
1075.02283 553.105
1075.52393 610.873
1076.01440 783.832
1082.45654 559.94
1087.47424 481.883
1087.97510 459.481
1095.01611 517.445
1095.51367 956.832
1095.99219 601.289
1096.49329 507.695
1099.57227 650.204
1100.45825 444.327
1103.52502 3574.41
1104.02600 4524.69
1104.52454 2495.56
1105.02881 1210.5
1105.53967 430.565
1144.01404 430.987
1149.51001 967.124
1150.49854 519.136
1156.61047 2292.45
1157.60522 1497.98
1159.46301 467.212
1160.46387 817.796
1161.46838 558.398
1162.48352 539.115
1177.47717 1204.34
1178.48535 2012.54
1179.48572 1591.43
1180.48328 1255.92
1210.49463 849.135
1211.49512 1023.14
1228.51257 576.214
1229.50049 608.358
1236.51733 620.15
1237.52124 669.309
1263.55249 768.832
1264.54919 783.001
1271.62280 657.843
1293.66309 672.734
1319.55420 447.831
1347.54187 716.945
1348.53381 531.44
1365.54504 511.656
1366.55676 476.51
1400.63245 607.271
1487.63660 651.63
1488.62036 683.84
1558.67725 646.798
1559.67993 622.188
1576.78833 748.443
1577.79321 575.914
1616.71765 431.296
1778.76550 775.72
1779.77441 937.679
