2821.41153 3
110.07110 2117.7
120.08059 6660.05
127.08653 3704.3
129.10213 3774.11
130.06490 1943.27
130.08627 2647.21
136.07562 3132.05
141.10207 6631.79
147.11278 7605.08
157.13315 1488.43
159.09149 11111.3
160.09488 1299.5
169.09694 9172.84
171.11276 2119.53
175.11942 843.166
185.12813 1747.94
186.12355 58087
187.12749 3743.67
197.09186 3142.95
199.18025 1666.01
201.08698 3553.74
209.13974 892.357
214.11858 31265.1
215.10451 1338.38
215.12277 2509.18
227.17551 1519.47
228.13307 1385.87
229.11806 2168.79
233.16501 2491.83
235.10747 3677.72
237.13460 1903.94
242.18661 801.735
258.12405 3819.94
260.19659 7117.64
261.15973 2941.44
263.10233 10601.5
264.10403 999.385
267.11017 1288.82
270.10828 2159.04
276.16690 1374.38
277.11792 1075.18
282.18091 1211.96
286.13623 1076.4
293.11215 899.147
295.09158 2003.59
298.21149 1149.22
300.15540 3947.62
312.11871 4764.95
314.17120 2804.63
329.14523 28687.3
330.14856 3709.3
331.23343 10531.7
332.23639 1357.27
344.15991 1240.19
357.19296 3107.62
362.17017 3159.01
364.14978 3123.79
366.17618 1394.05
371.19299 2663.68
372.15546 2185.86
374.24353 1166.33
376.18652 14003.7
377.18951 2290.54
390.16937 1609.55
397.20740 1708.07
414.17786 1810.11
427.25848 835.569
429.19916 1182.97
431.19284 1571.87
440.18094 1850.91
442.26706 1854.91
447.22302 834.106
448.21857 4719.08
449.22028 874.811
457.24194 1987.74
458.20178 978.587
458.23782 850.668
459.18619 2230.47
460.27643 12217.3
461.27884 3136.7
475.25934 930.488
476.21384 13477.8
477.21561 3453.48
483.22150 924.432
485.24081 1995.05
486.23508 2851.2
489.27084 4045.84
490.22464 1996.96
490.26483 1183.39
495.21664 1180.5
503.25125 976.328
511.21317 1249.6
513.24286 804.499
543.28442 926.437
544.27698 3069.35
545.27875 1166.02
557.26929 2328.26
559.34412 7598.66
560.29279 1703.25
560.36224 2007.41
561.30304 3567.88
562.30743 1230.51
566.25873 927.087
571.28229 899.658
572.26990 2590.56
573.26923 815.931
577.23486 1302.83
589.29785 8595.51
590.30017 2947.8
603.25494 1068.2
624.30804 1113.33
630.38202 10078.6
631.38452 2830.25
640.26172 2026.94
652.79266 1070.46
656.33527 1465.98
657.36084 1029.67
659.79736 1237.47
665.32220 1393.72
676.30328 1735.2
686.30414 830.142
689.34943 2495.05
690.36426 831.608
702.38373 2406.08
703.39496 1058.39
706.28290 1497.7
709.83160 968.028
716.34424 974.331
740.89288 5795.81
741.39319 4764.73
741.89960 1971.28
745.83228 2441.42
746.33270 2325.54
749.32556 2183.72
750.32623 871.985
753.34589 1544.42
777.31744 4101.96
778.32306 1568.67
781.34772 2240.16
781.85077 2554.23
782.35822 857.381
785.37646 1881.94
794.36304 1019.2
795.36713 943.696
802.37170 1313.63
802.86719 1048.58
805.33099 1878.8
805.46326 852.106
806.33527 868.637
811.86652 1333.16
812.37390 1735.25
816.46106 14591.7
817.46277 5814.33
818.46625 1219.44
833.40619 842.27
837.89795 1828.93
838.39441 1690.14
838.89484 947.528
842.35712 1127.14
847.39392 1938.06
847.89038 1555.46
848.39807 1356.95
852.41174 1346.4
862.40826 1576.76
876.38672 4648.34
877.39374 2054.66
878.94720 2167.23
879.44232 2641.11
879.94464 1086.77
884.45862 1044.87
890.40179 2764.53
891.40637 1508.92
894.42365 990.692
914.42749 889.725
915.53387 5184.02
916.52655 2009.74
922.44055 1399.76
934.39465 1570.84
940.48438 3220.06
941.45325 2722.14
942.44147 1612.84
960.48059 4881.59
960.98071 5095.48
961.48383 3940.81
986.56995 4982.33
987.56946 2510.91
989.47748 2190.69
989.96295 1096.18
990.46796 2260.17
999.48322 928.38
1003.49066 1269.8
1005.42981 3724.71
1006.42944 1703.89
1013.51178 872.691
1015.98920 1131.93
1016.49890 2068.85
1016.99756 1155.91
1021.51093 1346.46
1024.99976 2929.26
1025.50000 5158.28
1025.99121 2784.72
1026.48633 959.924
1051.50049 1510.19
1052.02112 1302.59
1054.58923 1527.01
1060.51831 11600.9
1061.02087 15381.9
1061.52173 8461.25
1062.02600 3938.86
1063.43921 1064.72
1102.55127 1182.63
1104.48035 1110.74
1108.06506 883.035
1115.60754 5648.31
1116.61072 2608.77
1117.06165 9753.73
1117.56506 12994.5
1118.06104 8171.52
1118.56128 2883.28
1128.52173 1059.71
1134.47034 4146.97
1135.47058 2831.63
1150.55640 2771.69
1151.55725 1496.12
1173.60547 3994.33
1174.09436 4907.01
1174.60156 4359.48
1175.10986 2199.02
1205.51440 4635.41
1206.51501 2893.06
1207.50781 1489.63
1221.58594 1432.2
1226.64001 988.406
1227.64368 920.638
1233.54590 1600.99
1234.55115 1163.44
1244.65308 16163.4
1245.65442 10833.2
1246.66028 3810.77
1247.13953 2142.41
1247.64392 2981.75
1248.13599 1715.63
1248.61084 1564.86
1249.61121 941.109
1265.56995 1543.56
1266.58740 1296.19
1304.61194 6684.22
1305.15259 7130.27
1305.63940 6287.6
1306.14771 2730.6
1306.57190 1461.43
1318.58960 2687.2
1319.58667 2107.73
1320.59192 1269.18
1334.67053 1121.63
1343.71851 8960.85
1344.72168 7165.6
1345.74402 2269.35
1359.66785 1201.44
1360.66589 974.195
1361.61316 1267.72
1364.65479 1670.21
1365.66345 1112.88
1417.65918 4328.12
1418.65674 3741.76
1419.65161 1832.12
1431.66956 1258.91
1432.66492 1660.69
1480.78186 7757.56
1481.78210 6899.48
1482.78577 2952.8
1490.66064 1812.66
1491.66284 1318.37
1493.66736 1267.88
1494.70715 922.552
1530.74390 1926.48
1531.75366 1604.82
1532.73389 937.087
1561.69202 1105.16
1562.68359 1345.22
1578.75330 1166.62
1603.75427 954.653
1609.82104 4111.59
1610.82458 3696.7
1611.81836 1979.05
1623.70654 1230.69
1660.76440 1375.98
1661.77954 1365.39
1675.79883 1276.15
1677.82617 1344.68
1678.83179 1212.23
1693.76904 2191.34
1694.79651 1881.56
1756.89856 2736.7
1757.89551 3085.11
1758.91602 952.559
1792.83203 3395.14
1793.84290 3157.3
1794.84607 1563.02
1902.92639 953.921
1919.95508 1499.22
1920.95361 1187.4
