2523.18911 4
110.07114 1717.01
118.08614 4897.6
120.08048 503.347
129.10214 4728.49
130.08606 824.932
130.10524 452.666
131.08154 583.136
136.06117 391.248
136.07559 1090.91
147.11278 2086.09
156.07631 431.628
159.07629 3833.31
169.13309 559.094
173.09200 496.412
173.12752 467.563
175.11864 1113.89
185.09216 499.766
185.16513 570.799
187.07104 965.484
187.10770 2064.3
187.14395 2065.35
195.11235 458.825
197.12877 560.934
197.16524 435.722
198.07536 586.381
199.10733 786.768
200.10229 1091.52
200.13869 1073.15
212.13864 578.975
213.08749 624.699
213.12326 1554.5
213.15974 414.785
215.10234 895.465
215.13933 860.953
217.08141 813.404
227.10287 2644.93
228.13365 1889.12
233.11299 5455.83
234.11674 565.209
241.08081 462.1
242.14963 2066.98
244.09331 670.529
245.07617 1123.52
259.09164 451.516
260.12436 502.743
269.67111 1327.71
272.17215 544.985
274.18738 537.971
288.11789 2734.51
288.20313 877.858
289.12274 466.363
310.13907 1294.7
310.18884 564.614
311.16937 1012.33
313.18695 1578.91
313.22092 398.7
315.20157 1270.11
325.22284 456.009
328.15094 1393.19
328.19772 2651.02
334.19360 835.261
341.21869 509.965
356.10709 556.957
361.71362 748.481
362.15573 462.038
362.20917 683.957
367.19864 432.305
370.71780 603.758
374.11761 645.291
375.71091 2580.25
376.21051 1047.98
384.22949 423.986
384.71606 2089.59
385.21902 769.866
396.25967 664.079
409.74072 496.527
413.28558 1460
414.28711 403.678
418.25552 2989.68
418.75620 1318.11
423.27094 709.873
424.25574 2236.86
425.26062 434.654
425.87952 422.653
432.25421 762.084
432.75656 494.565
441.28149 14711.9
442.28500 3265.61
443.28937 402.408
462.25638 1930.89
462.75885 504.388
490.25650 933.641
490.58786 700.008
499.28976 1009.58
500.25247 3589.55
500.75748 1477.34
501.25708 433.62
502.23703 1906.77
502.57312 2761.26
502.74435 468.261
502.90564 1314.08
503.25522 477.822
517.77289 449.272
523.27966 926.883
523.60907 952.201
530.25452 444.673
534.89783 4318.48
535.23132 6615.97
535.56464 3099.95
535.90088 817.572
538.33588 922.812
549.24078 2513.17
549.74561 1319.99
563.30963 459.577
565.64691 434.915
566.32349 558.753
566.65002 645.596
567.24481 440.732
569.28796 701.218
570.32721 1265.23
573.28033 440.364
577.24939 560.387
581.80829 465.973
582.30414 624.823
582.78717 547.833
583.22894 589.158
583.30273 615.721
583.78363 1016.95
584.25769 768.067
592.29468 530.536
592.78589 1110.25
593.29669 1059.77
593.52161 662.202
593.78143 631.467
593.95740 639.977
594.29163 616.943
597.77405 682.461
598.03033 1196.56
598.29352 1726.86
598.63770 1630.39
598.97522 8074.02
599.31000 8013.56
599.64435 4112.78
599.96960 1396.75
603.05206 446.963
603.22284 493.529
604.97607 1220.16
605.31274 1371.18
605.64874 548.731
608.31879 551.528
610.30780 561.218
610.64221 4047.61
610.97577 5629.21
611.31006 3358.67
611.65308 572.485
622.25610 438.656
623.04663 505.737
623.27979 458.064
625.27557 701.66
625.62958 1190.73
625.96503 1139.18
626.29785 668.243
627.30957 1252.25
627.56213 671.925
627.80878 561.289
630.26929 915.267
630.34943 1325.02
630.57849 586.97
630.66864 735.25
630.77979 1400.99
630.88184 757.821
630.96307 839.618
631.04504 479.462
631.08978 629.703
631.19891 648.009
631.34772 19439.2
631.63348 20220.1
631.84637 12973.3
631.96735 19824.4
632.29004 10930.6
632.37915 4026.13
632.63544 4546.56
632.86530 1144.6
632.95819 660.826
633.31604 532.531
635.29559 586.723
638.31329 877.767
638.81683 530.815
639.39014 648.7
641.26672 760.518
641.77026 2101.25
642.26935 779.221
643.32288 628.808
646.82208 860.747
647.31903 720.758
647.81378 649.142
648.29822 1428.51
648.79065 704.565
649.29248 436.422
649.94507 477.249
650.28729 988.425
650.79626 774.502
655.33362 441.933
655.95428 821.871
656.63763 457.116
656.80774 671.54
657.31952 588.175
662.28662 1383.42
662.64868 474.446
662.79211 829.643
666.35504 1056.03
666.85205 633.459
667.37720 8378.93
668.38245 2689.54
669.39893 456.736
683.28900 532.235
684.32123 727.068
685.32318 468.717
688.69672 559.73
689.04645 555.017
689.29993 609.495
694.98022 1281.4
695.30981 1108.08
695.64337 646.477
695.80701 667.91
696.30603 1058.75
696.80176 1376.61
697.29443 1629.53
697.79126 1229.76
699.27789 1964.28
699.76978 1175.15
700.30774 2020.74
700.80804 1470.05
701.80945 489.578
704.32733 933.059
704.82886 1402.62
705.32086 1666.31
705.80835 3068.07
706.30341 1628.46
706.79657 441.226
708.83453 1784.15
709.33691 945.659
709.83490 753.854
712.35852 805.275
714.31952 2043.87
714.82104 1540.6
715.32849 830.023
720.37805 804.621
721.35736 1400.14
721.69000 1377.49
722.01654 883.606
723.32471 693.523
723.84583 447.266
724.33514 480.759
724.40637 709.033
724.82294 562.541
725.70978 564.895
726.03998 669.462
726.37189 597.403
727.39307 462.666
730.35815 512.732
732.05353 929.189
732.39355 726.616
734.87958 828.785
735.38086 1001.08
737.83740 542.415
738.34131 499.295
739.35681 721.202
740.44928 593.896
743.85107 576.708
744.35425 1395.91
745.78613 592.925
748.35150 702.448
748.81360 709.186
749.30457 660.565
749.70764 464.825
750.41455 8928.7
751.41656 3799.48
752.34399 655.7
752.44098 588.784
752.70148 569.523
752.85474 7796.69
753.35590 11044.4
753.85913 5534.02
754.36157 1200.68
754.79303 4153.2
755.04266 459.297
755.28571 3168.24
755.78430 1407.02
756.42029 676.118
757.82159 5172.68
758.31299 3217.8
758.71704 1478.4
758.81384 1798.8
759.03729 1096.82
761.85474 449.224
762.34503 1511.36
763.30975 2666.02
763.80450 1572.11
763.87299 2223.13
764.04816 1588.74
764.36597 6743.05
764.71155 3245.15
764.85199 3181.03
765.03979 2652.67
765.35864 1909.55
768.42365 14794.2
769.42877 6003.92
770.05103 3995.6
770.37915 4346.65
770.71887 3539.37
770.86121 863.054
771.04877 1437.17
771.37836 818.12
772.86328 4782.63
773.36414 4315.48
773.86407 2261.44
774.36914 650.613
776.36554 520.485
780.84705 1134.39
781.35223 1169.32
781.84381 577.193
782.36572 1069.6
789.84991 1351.8
790.34650 1900.51
790.84436 1059.53
791.03320 843.948
791.35883 1382.67
791.70630 717.511
796.42578 2497.35
796.70642 3365.35
797.03821 4796.56
797.36829 4081.59
797.70734 2290.98
798.03284 1005.59
801.84424 5096.27
802.34357 7073.89
802.71136 12623.2
803.04486 13688
803.37805 9666.19
803.71301 4457.07
804.04370 1073.69
804.32556 1765.4
804.82837 1647.93
805.32617 640.821
806.32550 548.241
808.38318 606.907
808.87622 499.3
809.37537 531.362
812.39813 699.565
812.84271 3821.87
813.33771 14299.1
813.83795 10322.9
814.34125 4377.69
814.83978 1005.66
817.85223 711.966
818.96039 816.192
819.46509 572.293
819.85205 2273.44
820.35101 1689.15
820.84454 469.033
821.39893 618.061
821.85010 6823.95
822.34949 5342.26
822.84967 2123.61
823.35162 851.801
824.91089 945.11
825.41321 1209.73
825.89496 486.313
826.85956 874.898
829.39978 1585.9
829.90344 1111.2
830.41119 541.476
830.90765 485.312
831.41339 553.623
831.92108 600.535
836.45593 507.161
836.96570 767.871
839.93701 1559.32
840.44348 1143.7
840.94116 713.425
842.42560 487.027
846.38519 1432.38
846.88770 675.809
859.89990 571.304
861.37292 829.895
861.87292 758.226
863.50122 1084.33
864.51923 451.863
869.88763 463.836
870.37854 2274.2
870.87714 1576.95
871.37573 737.908
873.89508 2432.61
874.39374 2087.19
874.88989 779.586
876.92810 609.635
877.40942 695.778
878.39288 4394.7
878.89435 3475.1
879.39343 2441.7
879.92841 2538.52
880.42798 1874.05
880.93127 893.746
881.51288 2776.68
882.51025 1421.79
883.41254 483.316
915.45441 515.663
915.95947 725.931
917.42438 619.774
919.89819 575.638
920.41199 1036.54
921.40814 455.885
923.50555 3576.84
924.51709 719.482
925.42969 785.371
925.90948 1346.43
926.41223 971.116
926.91663 787.865
928.91663 4372.82
929.41748 4458.1
929.91998 1799.46
930.41394 693.91
934.43750 1856.01
934.93384 2047.65
935.43750 1103.58
935.93616 753.46
936.44305 678.024
944.45306 520.545
944.95715 659.667
965.91205 558.571
974.41730 833.207
974.91840 868.924
975.42511 736.418
983.42261 3484.61
983.92468 2874.77
984.43097 2374.9
984.93109 1401.15
985.43549 481.741
988.51294 558.095
993.44110 998.788
993.93872 728.865
1039.96570 595.061
1040.45154 509.647
1041.95593 474.996
1055.52612 585.122
1090.52759 583.681
1091.03821 466.093
1095.49268 496.955
1095.98755 701.815
1124.59277 556.162
1139.51196 1055.73
1140.01843 1347.83
1140.50903 497.049
1184.56494 691.015
1282.53882 520.191
