2272.01694 3
105.06614 312.953
110.07123 1677.18
112.08704 332.594
120.08073 1671.58
129.10231 4042.88
130.05096 309.2
130.08640 1122.45
131.11798 1367.4
133.04308 2048.22
136.06174 374.863
136.07567 2857.66
141.06587 1089.1
143.08176 473.328
143.11821 726.123
147.11288 2238.39
155.08150 500.136
157.09727 633.644
157.13335 513.712
158.09254 426.134
159.07651 7723.52
159.09149 677.815
160.08018 404.602
167.08202 362.372
169.09717 304.426
169.13327 369.05
171.07635 578.515
171.11307 511.886
171.14923 985.122
173.12891 418.461
175.11908 6423.46
179.04816 633.434
181.06056 472.359
183.11223 853.914
183.14928 1163.46
185.09210 636.515
185.16502 2152.27
187.07144 13202
187.10869 434.904
188.07529 863.623
188.10287 495.888
191.08505 931.013
193.09727 1136.65
197.12839 724.309
198.08737 1142.94
199.07133 799.767
199.10840 347.38
199.14436 1473.36
201.08685 1100.43
201.12314 2003.58
204.13452 724.809
210.02449 641.61
211.14395 759.954
212.10251 560.771
213.08719 610.611
213.16011 1369.65
215.10165 346.676
216.09790 3309.4
217.08299 619.64
218.05940 928.766
219.07957 940.884
221.09306 348.717
226.11832 1066.47
226.15500 777.327
228.13370 345.803
229.11833 2673.76
233.12869 666.624
234.14563 374.236
235.11906 321.833
240.13374 965.233
244.12875 388.017
244.16571 348.328
246.12773 719.533
251.15024 333.666
254.14873 328.584
256.09186 491.293
257.09460 670.567
258.14389 358.1
260.19666 720.978
261.12338 398.668
262.11813 314.554
270.10779 743.178
272.17505 496.901
274.10489 2588.91
274.18701 1585.15
275.08102 2209.43
275.12271 433.244
285.11920 320.381
286.13995 947.967
288.11877 1504.58
297.11887 683.348
298.10245 929.579
299.13565 473.746
300.11838 357.389
300.15564 1670.82
303.13007 775.223
309.15549 390.622
310.21207 369.088
311.17142 3675.24
311.67331 1193.03
312.22708 458.881
314.17017 397.795
316.11398 26810.6
317.11746 3742.3
318.11871 401.843
321.22998 1031.38
327.12973 1159.26
328.18625 1290.66
329.18909 336.099
330.14813 391.796
331.14828 424.879
339.23914 1318.86
341.09036 421.859
341.14691 474.194
344.19266 321.516
345.14035 348.156
345.68005 396.917
348.15866 702.925
354.68768 1012.58
355.19052 323.82
358.11768 2383.09
361.21942 4016.64
362.22208 666.726
369.17740 872.358
370.15839 1102.04
373.19238 1044.3
376.12851 1335.46
379.14389 558.861
385.20914 488.632
387.18738 3210.08
388.19754 380.171
390.17758 420.472
396.15707 497.896
397.17215 1079.44
398.17310 415.114
399.22336 728.861
407.13779 2101.28
408.14560 364.776
409.21585 356.863
409.71164 784.749
410.20944 609.838
414.16232 869.176
415.18268 19214.8
416.18619 3712.62
417.18875 499.776
423.25983 344.909
425.20471 343.346
426.19937 644.03
429.20035 446.767
430.20520 466.181
430.30240 882.096
432.16840 554.642
440.23822 551.226
443.21692 371.798
444.21439 654.389
453.72134 346.313
457.18710 374.906
460.18185 350.587
466.27731 3984.24
467.28098 1226.8
468.24600 350.227
469.15048 541.114
469.23038 621.071
471.20309 971.74
486.25568 1215.09
487.16147 1884.51
492.22931 1455.5
496.24319 576.742
505.17139 1662.4
514.25085 9182.61
515.25549 2530.83
516.25513 566.864
524.28284 3057.09
525.28882 894.787
528.26599 1702.54
529.26660 430.508
534.25470 375.511
537.31317 438.868
545.19836 605.655
554.80603 864.497
555.31372 459.466
556.18164 661.438
558.17767 362.469
563.28101 438.27
563.78491 384.125
570.27332 488.425
574.19226 1614.72
575.21021 519.3
582.24213 349.026
582.31110 462.039
588.27686 486.875
590.20026 355.146
592.20367 1158.38
600.24359 1068.33
604.30670 1239.92
605.31287 578.982
614.21753 378.111
618.25757 904.473
621.33575 23710.2
622.33807 7624.55
623.34216 1698.24
627.33582 3399.51
628.34119 993.778
630.36371 410.614
632.34930 955.776
650.27338 361.87
669.25812 595.987
673.33093 457.027
677.30756 406.205
682.38910 746.012
687.19562 526.563
687.28717 749.837
688.28833 802.683
689.28174 408.869
690.35919 1574.67
691.34918 1459.1
692.73401 560.064
697.31348 514.339
698.74615 386.48
699.30463 569.957
700.32721 463.313
700.83228 376.342
705.21704 674.023
708.36713 21976.6
708.93646 444.144
709.36633 8899.47
709.84308 2643.84
710.36957 2339.99
711.37927 364.324
717.32013 539.361
719.39423 592.875
719.71747 373.247
722.42603 545.233
723.24280 409.734
725.05536 928.095
725.39740 1335.53
725.73425 774.913
730.33398 409.56
731.30176 365.946
734.33832 534.326
734.82776 401.357
735.34943 402.781
752.03424 448.887
752.36658 551.779
753.37457 394.984
757.35187 649.409
758.04352 739.142
758.32727 1109.23
758.48779 410.491
758.81012 502.983
758.93884 427.865
759.34369 1148.38
760.38965 487.793
763.36908 705.799
763.85834 420.047
768.33246 441.536
768.87256 419.482
769.35980 451.62
774.36688 579.285
786.34052 975.979
787.35907 1770.25
788.37872 471.686
792.26910 400.14
798.37817 423.883
801.39972 420.46
804.35840 378.102
805.34412 1017.02
805.84448 821.74
806.32153 368.616
811.43781 608.021
812.86334 378.355
813.35162 392.242
814.34613 1409.97
814.84619 825.731
815.34491 767.379
815.85150 417.994
818.41425 1827.55
819.40710 2261.7
819.91028 410.639
820.41058 1163.6
822.45514 428.601
836.42651 10806.3
837.42743 4471.96
837.91205 534.611
838.42657 1120.02
844.37775 420.206
854.44690 831.018
854.95093 659.272
855.45544 375.921
868.98541 546.974
869.48859 736.231
869.99652 371.194
871.38531 559.648
875.41644 381.8
876.42798 400.614
879.47522 1265.95
880.47498 579.123
885.42310 409.476
888.42987 505.84
889.43646 507.238
893.94757 405.421
894.44525 583.428
898.46448 3212.41
899.46600 1808.49
899.96124 661.271
900.47192 565.843
901.40875 484.797
903.41797 416.924
905.45142 2830.64
906.44232 3047.9
907.44263 1574.78
908.45044 819.04
917.96674 907.276
918.46832 1006.15
918.97589 552.58
923.45801 24439.5
924.46069 11244.1
925.46283 3875.4
926.47064 492.034
938.34503 365.566
943.48187 493.245
965.48212 389.621
965.97406 385.39
966.95581 390.455
967.47784 459.503
984.46320 449.14
1002.46771 714.544
1011.55878 457.916
1025.36255 429.815
1036.48938 961.834
1037.48401 1176.88
1038.47119 449.056
1054.49817 6491.64
1055.50122 3164.86
1056.50537 1587.48
1057.50720 423.522
1113.48462 562.859
1123.52478 2235.1
1124.52014 1796.14
1125.52783 800.68
1131.49219 469.674
1141.53040 10203.6
1142.53259 6147.86
1143.53918 2610.74
1144.54675 698.471
1158.49805 579.847
1159.49573 531.143
1200.50684 630.954
1201.51843 421.595
1218.53992 366.83
1252.56482 1358.47
1253.56006 1174.98
1270.57446 3560.68
1271.57642 2866.51
1272.56970 1416.54
1273.58081 453.92
1371.62402 1524.7
1372.62646 1072.31
1410.63489 559.16
1411.63159 444.613
1428.64319 1816.08
1429.64771 1097.48
1430.63757 433.045
1467.64966 1509.4
1468.65479 1300.46
1469.65686 607.984
1485.66455 3731.84
1486.66919 3073.35
1487.66907 1824.69
1488.67944 567.067
1629.68152 391.409
1645.69714 911.795
1646.69189 835.013
