2098.85190 3
112.08701 4564.25
129.06541 7635.61
129.10233 5875.51
158.09178 3651.68
175.11864 45807.8
258.10843 5894.53
304.15787 3283.07
402.69247 5535.75
432.21878 17663.7
472.23257 4445.22
480.74548 47622.2
481.24716 24542.3
481.75067 4224.66
483.26965 5157.96
493.73410 3949.7
505.23972 6232.02
513.25873 9995.37
513.75305 26690.4
514.25507 16578.5
515.25665 15730.4
516.26080 5728.11
522.26379 343287
522.76514 182041
523.26581 53787.9
523.76617 8257.09
529.25525 4434.08
531.26923 56164.1
531.77039 27871
532.27368 5580.01
536.27246 5195.22
541.26312 3393.55
543.25385 11542.5
543.60162 7619.03
543.93414 4500.5
544.26416 3614.88
549.27203 76245.5
549.60632 63921.3
549.93976 21557.1
550.26917 26001.7
550.76764 11581.4
551.26874 3430.67
555.27655 10146.3
555.60400 3811.27
559.27643 5378.51
561.26178 53459.4
562.26129 19300.2
562.75201 4986.15
563.25995 3849.11
571.25958 20270.5
571.76013 12232.5
572.25867 5145.6
579.77777 48469.2
580.27930 28097.2
580.60870 5335.44
580.77740 9459.11
580.94098 5996.05
581.93188 19354.2
582.26501 19193.5
582.59619 8180.56
586.61261 6007.77
592.28516 8245.33
599.25323 5920.03
599.75873 4054.39
599.94788 3879.84
603.28040 4980.04
605.61890 7089.75
605.95313 7236.54
606.30084 3310.25
608.95837 5287.7
609.29346 3906.93
609.62628 3425.08
611.29462 7151.84
611.62787 11493
611.96313 6271.03
612.78967 5693
614.31238 16817.2
614.63586 8200.27
614.81378 11665.6
614.96246 23842.7
615.29669 23140
615.62732 11026.3
615.96332 7368.65
617.95477 5029.93
620.29846 27165.9
620.63062 37037.2
620.96466 45111.3
621.29895 33641.1
621.63239 11176.3
621.79767 7571
622.29913 4219.01
622.96735 5475.66
623.29510 21284.3
623.62640 33304.6
623.95874 23254.5
624.29138 10698.8
625.64398 6786.14
625.97278 10397.5
626.31073 7283.3
626.64032 4293.24
628.97040 118747
629.30145 182613
629.63330 128782
629.96765 66655
630.30005 20746.5
632.34723 3881.23
634.32355 6649.51
634.42090 3816.4
634.52417 3915.15
634.57251 3963.26
634.62231 4922.1
634.71118 8458.39
634.77008 5965.42
634.80652 5316.22
634.97260 1.41721E+06
635.14655 11184.1
635.30536 1.35269E+06
635.46686 10086.4
635.51117 8917.81
635.63873 732528
635.74774 8211.2
635.80603 5759.19
635.97308 276882
636.30658 43376.9
640.97412 170677
641.30896 184726
641.64233 92385.7
641.97620 34184.5
642.31012 4983.95
643.95044 6270.31
644.28351 5312.4
646.97369 4989.81
647.62122 4978.14
647.95203 4540.96
648.29230 4128.58
653.28900 4254.08
653.61609 3920.13
653.95569 3738.86
654.29126 4554.84
655.95581 5208.72
656.28625 5275.02
656.61383 5113.92
656.95251 3598.22
659.26361 7770.62
661.62744 37977.5
661.96094 49801.6
662.29114 26268
662.62671 15042.5
662.81274 4515.08
663.31775 10355
663.81042 6073.35
667.63080 334154
667.96503 331207
668.29834 183729
668.63184 76532
668.96844 12093.6
670.27942 5707.48
671.82635 42133.8
672.32733 33884.5
672.83105 12113.1
673.33344 3809.78
673.63409 18220.2
673.96741 16699
674.30035 10516.2
674.63782 3938.27
676.28717 25289
677.28857 9761.1
679.35742 5462.55
680.83417 10771.9
681.33374 9427.71
694.28424 3924.95
694.61102 3587.59
694.83014 20559.9
695.33215 13515.4
695.84094 4611.5
700.28687 27295.8
700.62225 27452.6
700.95758 17495.4
701.29095 10934.1
720.81403 10622.7
721.31537 6191.02
736.34955 14472.5
736.84827 8116.2
737.35071 4678.75
743.81555 6361
744.31226 4314.11
745.36163 44084.4
746.36444 15911.4
747.36707 4008.81
762.39178 6759.38
764.36877 7967.23
764.87311 6098.89
780.39294 4181.21
785.34729 4318.39
785.84229 3344.87
786.36981 5335.68
788.40814 4722.13
800.37665 6367.4
800.87695 5335.94
804.38361 40683.9
805.38910 15008.9
806.38464 5616.39
806.87177 3780.54
814.88947 11183.4
815.38947 9363.24
815.89020 5748.51
823.89197 4677.18
842.37909 9626.24
843.36780 6413.6
849.36731 4135.04
850.90375 8810.62
851.40527 6487.28
851.89722 3952.55
856.38635 6046.35
856.89020 5041.33
860.38800 150048
861.39203 67034.8
862.39148 18775.2
864.89771 42137.4
865.40027 33594.8
865.90302 19284.7
866.40283 7753.83
872.87872 3358.9
873.40161 3806.99
873.90625 22669.6
874.40674 20477
874.90454 9160.03
877.41858 4896.32
878.39606 22573.9
879.40479 10671.4
879.91553 5080.01
880.40820 4527.38
882.42377 3613.91
882.92474 5522.09
899.42432 3540.49
907.91943 5271.14
908.43176 4990.97
913.89691 7138.56
914.38757 6149.63
914.89563 3801.14
916.93414 3407.77
917.45068 3445.34
922.88361 4347.38
943.42438 12345.3
944.42853 5989.14
958.36340 39272.5
959.36676 17102.7
1041.40015 6648.67
1042.39307 3882.19
