3157.66806 3
129.10199 13541.2
136.07536 11193.2
147.11253 7438.23
157.13327 2735.96
185.12839 6160.19
185.16484 2427.97
186.12239 4562.81
192.10138 1561.09
213.15932 1751.87
215.13918 2507.11
223.10739 1911.44
229.11720 1885
237.12303 64249.7
238.12639 8474.82
243.13425 2912.95
249.15947 3603.98
251.10207 2588
256.16513 9226.07
260.19632 13825
261.12305 11212.5
261.19846 2229.81
265.11761 62058.8
266.12082 6872.73
277.15433 7102.48
283.13940 2879.48
291.13422 1642.63
301.14743 1553.25
314.16925 1632.24
318.14420 3206.33
326.17075 2585.27
328.18576 2731.83
330.16437 2051.79
333.17944 2830.11
336.15488 2120.01
339.20251 4676.82
341.25281 2468.59
344.14447 5440.64
346.14285 3706.38
348.19083 3597.45
357.21228 2801.69
359.26465 7839.93
360.19092 19658.5
361.19238 4192.17
364.18585 4987.96
374.20715 1615.54
376.18716 1633.3
378.20166 32240.6
379.20422 6235.09
380.15591 3302.97
385.20779 2730.78
389.18008 5163.8
397.21524 2002.44
398.16495 4046.9
404.21661 3367.05
407.19116 3647.32
415.22171 1845.32
416.17499 3280.02
419.22821 3522.55
421.24301 2792.73
431.22729 8049.15
443.21530 4490.54
445.27808 1740.63
449.23819 16476.1
450.24124 3478.4
452.28632 2016.23
459.22607 2714.83
463.25259 2463.72
468.24634 4247.99
470.29697 1678.33
473.27615 6608.23
474.27328 3547.04
475.18530 4460.96
475.25287 3512.43
486.25809 2531.27
488.29480 1675.61
490.30487 15126.8
491.30801 3563.34
492.27936 7941.27
502.26523 16476.5
503.26883 5049.56
511.24817 2547.42
517.30591 1783.28
520.27594 17496.9
521.28174 4812.36
529.26001 1982.76
545.31024 1878.98
546.25568 2323.26
556.29333 2823.54
560.32654 1666
562.32263 2063.16
572.29022 2276.93
574.25317 9150.96
575.25757 2014.17
578.28149 3511.14
581.33026 3285.33
588.34448 1952.71
599.33826 1949.51
605.32751 9757.94
612.30640 2742.93
615.34845 8146.87
616.35352 1951.6
631.31250 1707.98
633.35907 8543.6
634.36005 3113.5
643.32611 2198.63
649.31879 2644.18
658.39960 1755.98
659.33948 1745.05
660.33514 2218.31
673.32257 2404.06
687.34009 4625.88
688.32697 1767.64
691.36938 3573.87
705.36322 2016.17
714.37537 1659.06
718.41620 15786.6
719.42908 4408.65
723.36792 2575.43
732.35687 2732.87
744.39966 2791.85
757.35016 1887.69
758.35400 2090.54
762.40186 4295.34
763.40686 1753.14
773.42334 1947.19
774.37567 2833.55
775.36377 2175.68
786.40704 2207.6
788.39172 2632.82
806.39020 3746.89
827.43408 2098.83
833.44275 20368.2
834.44672 9715.51
835.44598 3059.95
836.45734 3601.61
845.43787 4727.98
860.43842 2153.42
863.44446 3018.17
864.45599 1845.89
887.46124 3476.06
888.44958 3786.1
889.45746 2138.99
905.45264 1917.47
907.45929 1977.89
932.50989 29318
933.51288 14511.9
934.50806 2965.39
935.52667 2143.36
937.42322 2720.98
949.04462 2224.33
958.53534 2697.4
959.52319 1791.07
977.04388 3168.71
977.54150 4561.97
988.49878 1926.81
989.49084 2489.9
990.47729 2109.56
1034.55750 2973.46
1035.05554 4175.68
1035.53809 2286.98
1036.49768 2214.37
1045.59265 18237.9
1046.60254 11311
1047.58630 2471.35
1050.53357 2954.24
1051.53845 2379.33
1052.49414 1949.2
1053.58240 2032.07
1091.56458 2502.53
1092.06885 3232.69
1092.55713 3345.53
1102.57129 2234.65
1118.52771 2562.4
1148.61865 2314.36
1149.12012 3142.02
1149.58667 2368.07
1163.62122 2064.8
1199.13696 7220.69
1199.64063 5013.47
1200.14063 3135.94
1208.65295 11885.9
1209.65625 10016.6
1210.65259 3459.82
1230.64795 2083.59
1231.62415 2970.53
1232.61304 2068.2
1254.64014 2181
1255.16223 2103.42
1263.18750 2075.24
1263.65747 7302.86
1264.15942 6018.83
1264.65918 5648.24
1278.65381 3408.56
1279.66797 2687.14
1295.69189 25121.1
1296.69189 20996.8
1297.68994 6425.65
1302.66956 2328.27
1319.70740 2161.75
1320.20532 7716.78
1320.70410 6247.47
1321.19202 3995.93
1344.71326 1885.29
1346.72620 1783.28
1355.72583 7832.7
1356.22424 6882.02
1356.72156 3572.25
1373.70300 2380.1
1374.69336 1864.48
1390.76489 2208.63
1391.23889 7602.45
1391.73645 11393.9
1392.22693 3479.31
1408.77625 15379.8
1409.77136 12685.3
1410.77979 3785.95
1415.74683 1934.93
1447.78516 3737.15
1448.27942 3861.95
1448.77405 2460.7
1487.75061 1883.96
1507.83740 5753.37
1508.84070 3725.56
1509.80615 2350.69
1767.95923 26663.3
1768.96338 31674.5
1769.95886 13706.9
1770.96692 4162.71
