1777.96616 3
110.07081 1096.54
120.08042 6181.63
121.08367 592.682
129.06549 719.966
129.10196 3871.65
130.08585 2302.64
133.08600 1099.46
136.07545 4204.12
137.07906 539.472
142.12195 483.352
143.11754 13842.2
144.12102 858.807
145.09679 16695.3
146.10033 1009.37
147.11240 6013.93
157.13322 2106.33
159.09186 848.412
165.10219 436.282
169.13354 631.88
171.11249 4910.14
173.09172 16134.2
173.12665 919.579
174.09514 1257.47
175.07207 440.22
175.11829 1846.14
183.11240 678.042
185.05551 505.822
185.12798 2137.49
185.16420 647.749
187.10718 1953.32
187.14366 6694.58
197.12798 1393.79
198.08612 555.605
199.07072 452.455
199.18007 3310.16
200.13931 620.845
200.18387 474.119
201.12294 2730.76
203.06627 810.492
213.15782 685.942
215.10168 2128.11
215.13846 3202.21
216.09714 4683.72
226.11812 489.938
227.13895 1259.33
227.17471 1484.47
228.13274 1430.85
229.11823 1258.43
230.14919 1655.71
234.12502 1086.38
234.14299 1388.17
240.13481 540.564
241.15399 565.495
242.07642 2594.63
242.14900 1133.57
248.15987 7413.68
249.12279 1207.77
249.16357 1109.45
254.14925 1847.25
258.14435 2730.02
260.08716 2215.51
260.19659 490.284
261.15659 519.44
262.11838 1086.26
272.15936 3703.02
276.13373 4278.6
277.11865 763.883
286.13867 2279.05
298.13776 1125.05
299.13431 1013.71
302.13382 975.136
311.17062 1728.73
312.15262 553.412
313.11417 460.374
316.14920 1047.16
317.14374 603.211
318.14413 483.385
322.66406 640.575
327.16489 793.378
328.22052 510.254
329.18164 4195.79
330.16147 2006.54
330.19556 593.457
331.12421 696.15
335.19272 1282.35
339.23730 1178.68
341.14398 1336.46
343.12622 572.506
343.19644 850.901
345.17685 2396.76
346.17719 621.085
347.22791 6310.71
348.23181 716.069
355.16238 859.925
355.22986 523.477
357.21237 848.009
358.18381 1588.59
358.68677 547.044
359.15488 1509.34
363.16544 3389.82
364.16818 693.899
369.17145 518.27
373.17316 3131.02
374.17459 487.794
375.20044 1221.98
380.19278 1866.66
387.18567 2188.56
390.17578 4525.61
391.18167 795.004
396.15076 742.752
398.20251 1087.57
412.21802 903.556
414.16150 2346.53
414.26999 871.772
416.21310 1109.23
419.22171 509.679
424.25742 744.549
426.19653 1900.1
430.19467 1239.97
432.17233 1584.58
442.26605 1589.54
444.20673 4454.09
445.21133 935.385
448.25458 747.685
456.28220 512.828
457.27649 1504.38
458.26163 2732.52
459.26312 696.256
463.23114 670.244
466.76178 730.611
467.26251 475.426
472.24313 817.081
473.20944 810.874
474.19363 1404.84
475.28720 4809.54
476.24783 1495.48
476.28448 1200.13
483.25778 1010.77
484.26834 475.646
489.24203 1676.44
491.22339 4762.79
492.22794 1118.61
493.27023 552.667
495.21841 1346.57
498.25592 577.79
501.26303 667.244
509.23111 644.999
513.22925 4118.29
514.22949 850.211
515.28455 732.475
523.30096 815.24
523.80829 625
525.26129 588.666
527.24176 1864.69
528.24554 847.85
529.29913 1017.32
531.24066 6139.38
532.24109 1349.84
539.28748 841.315
540.80688 563.419
543.27509 2662.55
544.27802 702.9
545.25537 2249.68
546.26385 481.661
550.30035 811.252
555.25177 477.658
557.29443 2393.65
558.30115 551.211
562.29633 545.382
572.27905 892.892
573.26556 1666.57
584.32416 2568.9
584.82336 1554.21
586.29596 492.932
590.29022 3024.97
591.29816 1109
592.30469 819.671
593.30084 1020.81
594.33978 882.838
595.37744 510.236
596.27795 870.92
598.27783 2905.6
599.28900 864.992
600.34479 566.015
602.27484 1606.24
604.30371 883.231
608.30493 594.415
614.30988 1438.99
616.27252 1373.48
616.34503 1618.2
622.35461 8747.49
623.35883 3035.43
624.36554 488.659
626.31213 3119.93
627.31384 1039.67
632.33875 661.841
640.86267 3132.6
641.37140 1623.43
644.32233 7599.35
645.32520 2415.97
656.36157 1447.3
658.35022 819.799
660.36121 602.166
669.35931 747.563
670.33594 640.295
673.32788 510.996
679.33978 1438.73
680.34253 962.461
685.36285 951.061
685.74695 606.004
686.35577 817.538
687.36365 1991.82
688.36920 662.801
689.37067 912.214
691.33557 560.705
697.34949 6630.57
698.37744 9329.42
698.87939 5296.53
699.37988 1297.61
703.37573 1004.49
711.36340 1257.87
712.37244 616.939
715.36047 10964.7
716.36340 3936.2
717.36798 851.933
719.37030 1813.95
720.37976 923.577
729.37402 718.352
736.39728 12778.1
737.40131 4265.21
738.41052 1324.68
747.35803 697.409
754.91949 2755.1
755.42230 1775.83
755.91827 538.135
770.42126 514.883
772.46838 673.12
777.39276 596.271
781.43323 695.947
782.44037 521.762
783.43524 614.918
793.42383 692.21
794.35840 657.265
795.36786 720.506
800.44800 548.505
805.44336 4101.56
805.94397 2676.6
806.44971 739.506
807.42291 854.61
810.43567 2022.13
819.43396 1589.89
820.42230 2562.88
821.42181 990.471
828.44458 3009.02
829.44409 837.22
833.46173 500.011
837.44476 29306.5
838.44629 14012.2
839.44983 3790.62
840.44336 542.189
847.42926 1500.71
848.42542 753.517
867.47070 615.751
870.47803 549.199
900.52472 515.961
906.49805 593.471
932.51770 4492.07
933.51208 3556.77
934.51056 1743.66
935.50562 708.436
950.52826 14271.7
951.52966 6820.94
952.53607 1951.33
967.52203 2212.76
968.52429 838.586
980.54883 1045.6
981.54382 551.253
1045.60291 2564.54
1046.59851 1926.58
1047.59521 997.826
1061.56848 1016.09
1062.58374 502.768
1063.61157 4531.95
1064.61572 2437.87
1065.61768 785.941
1079.62854 641.83
1080.61121 1600.37
1116.63586 3608.41
1117.63696 2534.57
1118.63672 1362.66
1134.64697 4366.16
1135.64807 3084.4
1136.67468 727.582
1167.64063 3221.53
1168.63342 1555.22
1249.63965 797.988
1275.70044 673.286
1280.72314 607.668
1395.75171 1858.41
1396.75256 1039.54
