3914.64914 3
110.07082 990.789
129.10193 2769.08
182.12822 1553.75
198.12309 522.182
200.13882 4646.54
226.11803 1557.42
251.14969 1062.77
269.16031 2875.4
278.11276 1297.02
285.13550 908.265
294.18033 1558.19
295.13928 5802.84
296.14301 682.856
367.13666 1493.5
393.11658 1158.64
423.22946 590.662
431.23859 2515.72
432.24130 535.287
477.24185 963.488
481.21411 778.992
494.26987 4218.84
495.27460 1022.23
544.32184 2310.56
545.32849 621.255
564.25201 671.308
592.24805 4558.29
593.25537 660.53
761.79919 1156.87
770.80176 509.773
771.30676 655.506
796.33301 1983.52
797.33972 981.577
811.33276 624.253
811.83057 569.555
819.38098 1003.94
904.37390 517.6
909.37720 603.981
925.38568 833.443
933.42114 1765.45
934.41992 745.645
958.39838 574.977
1008.43384 587.619
1008.93005 642.035
1009.42682 524.308
1017.44794 575.967
1017.93433 679.974
1057.41602 776.513
1057.94568 515.266
1058.43469 525.739
1062.44519 1035.03
1067.47131 956.098
1096.48657 1478.34
1097.47693 1064.17
1102.80383 874.911
1103.13403 657.685
1103.45667 634.211
1107.45190 824.773
1108.47754 738.482
1108.80432 1885.3
1109.14233 1667.76
1109.47986 598.589
1116.46375 717.341
1116.99866 888.383
1166.00330 769.416
1197.53223 3311.31
1198.53247 2232.92
1199.54663 698.145
1200.52515 730.127
1264.53076 617.511
1273.56689 976.122
1273.89270 939.429
1305.88647 860.037
1306.24731 1080.8
1306.56860 640.151
1312.56445 2870.84
1313.56372 1992.65
1314.55322 634.89
1324.52539 918.742
1325.52991 694.856
1425.64722 1449.94
1426.64795 822.125
1439.55811 1263.78
1440.57483 743.62
1516.12500 1370.1
1516.62646 1193.23
1568.65857 683.666
1585.67664 3508.67
1586.67639 3234.01
1587.67627 1533.9
1589.65906 637.015
1614.19421 1220.48
1614.68250 738.176
1615.17822 1026.11
1639.65918 578.444
1640.68396 681.524
1653.19312 890.182
1653.69995 2441.36
1654.20056 2642.95
1654.69739 2284.5
1655.19592 871.17
1662.20959 3500.47
1662.70862 7358.08
1663.20837 6685.99
1663.71301 4295.7
1664.20093 1926.61
1684.74036 2435.56
1685.74756 2065.52
1686.74963 1182.55
1738.75427 746.39
1739.74902 843.994
1775.28040 767.866
1775.76709 1325.31
1776.26025 875.436
1784.80847 535.273
1809.74744 542.94
1810.25085 589.044
1884.83191 636
