2149.00127 2
120.08022 1166.88
129.10115 290.792
133.08531 288.827
136.07486 272.795
147.11198 179.597
175.11838 1041.99
197.12762 472.301
199.07077 454.565
201.12253 204.602
207.11243 285.98
215.13824 2158.19
217.08189 346.46
225.12279 414.957
235.10640 557.313
243.13313 4267.88
244.13622 366.545
259.13803 200.327
276.16501 265.98
277.11786 334.404
284.15955 288.698
312.15308 605.211
345.17969 339.153
346.13846 473.227
356.21790 381.059
389.24805 206.05
459.22238 303.597
490.29709 694.567
706.37006 551.713
853.43829 1831.36
854.43921 783.25
968.46326 602.031
969.45929 243.428
1073.83972 329.66
1074.11597 330.818
1074.34070 196.388
1074.57520 400.127
1075.69495 10670.6
1076.69788 6004.55
1077.69690 422.63
1154.52734 1562.73
1155.52917 841.819
1265.56531 262.323
1266.55994 234.12
1283.57349 787.362
1284.57825 590.533
1430.64465 1041.76
1431.64172 667.332
1432.64551 206.401
1577.71667 403.29
1578.72388 344.447
1664.72888 405.334
1665.73718 226.784
