3117.53520 2
133.04205 941.828
141.10175 2975.17
155.08084 2323.08
169.09645 9384.13
173.12791 1741.34
175.11847 1542.44
201.12154 970.717
240.13333 21316.4
240.17015 1541.5
241.13646 1101.14
268.16431 2995.32
272.13464 784.86
280.11011 1244.28
289.16013 1215.6
308.10535 2123.72
311.20593 6066.63
323.16983 1774.47
337.18472 1506.77
339.20096 4903.66
341.17984 1040.44
351.20264 1421.72
400.19843 1143.49
402.24423 1006.83
412.25748 797.343
421.18893 1203.99
422.23770 5508.92
423.24155 937.39
428.19595 2387.65
440.24780 2112.04
473.28122 1597.44
521.30615 1014.37
547.26910 1790.45
570.29663 961.907
575.26648 1699.87
587.32458 1466
660.35413 1686.35
688.34991 865.531
700.40692 1360.13
797.41748 967.423
814.46002 1892.3
927.53436 1184.49
1028.57666 896.848
1099.61621 6569.24
1100.62268 3584.4
1214.64331 1512.13
1343.67615 976.161
1559.76782 1056.42
1805.85095 910.377
1891.87598 1400.9
1892.88892 1185.12
