2898.34476 3
110.07109 1165.19
129.10197 5251.39
130.06465 583.369
136.07538 1162.01
139.08714 318.182
147.11313 541.349
159.09137 1070.08
167.08148 468.843
171.11311 379.574
175.11870 1413.43
181.09740 475.754
183.14888 337.63
184.10721 378.997
195.08740 575.029
195.11285 412.466
199.10713 876.056
209.09149 987.531
226.11838 2971.65
226.15475 3536.45
227.10315 737.7
227.15845 393.058
244.09294 436.5
244.12891 1900.89
246.15477 380.212
258.10767 371.754
264.13327 638.463
272.12354 485.095
280.16632 388.576
283.13916 309.244
292.13177 647.109
298.17636 332.863
319.13770 346.489
323.20715 3404.92
324.21069 494.53
341.14569 847.978
359.15442 2595.34
359.23923 419.845
360.16003 368.472
369.14371 319.821
387.14786 376.301
392.22858 1257.61
405.21539 405.668
474.18289 2853.37
475.18436 570.734
475.26624 631.012
488.16034 811.196
491.20706 477.16
515.33093 1089.35
567.20135 381.866
584.23505 334.386
585.21503 829.92
588.34131 1750.78
588.84265 1163.47
602.24249 1046.79
602.36096 3348.53
603.36536 894.265
652.38849 711.05
652.89209 360.301
655.76056 360.744
656.26477 361.89
664.76996 1055.76
668.77393 351.244
677.77948 1391.06
678.28186 734.417
678.77502 491.365
691.34479 371.78
696.24329 382.067
700.92010 545.084
701.42163 648.242
713.26904 496.556
714.26434 714.834
715.44464 2147.4
716.45020 684.896
731.28247 2401.47
732.28571 800.969
749.44202 15354.8
749.94287 13173.2
750.44385 6631.59
750.94403 1466.54
755.43976 579.348
755.94324 464.518
783.95099 2030.51
784.45374 1895.68
784.95465 771.475
786.42725 387.153
791.34314 350.662
804.35626 1518.7
804.85052 1224.79
805.35828 443.996
812.46509 907.392
812.96277 665.083
816.95874 388.014
817.45105 465.079
825.47833 634.062
825.97290 687.851
834.47369 467.989
855.97577 651.578
856.49133 612.565
868.99133 378.356
877.40790 356.535
877.98969 708.543
878.50916 5224.93
879.51038 1890.64
880.52081 554.319
881.78931 408.746
887.48132 342.625
889.35974 407.909
890.12292 600.607
890.46979 637.636
893.44867 436.084
893.78314 430.097
896.12579 607.4
900.32813 594.812
913.45197 672.16
913.78864 912.451
914.11639 712.467
914.44556 543.029
914.77936 351.116
916.78204 356.899
917.35602 1728.6
918.34863 513.346
919.45599 3666.03
919.78845 4505.74
920.12189 3644.05
920.45886 1734.55
920.78503 880.243
921.00250 971.998
921.51031 748.902
922.12341 861.989
922.45654 1981.62
922.78809 2015.37
923.12146 1319.83
923.46051 849.396
926.98077 818.068
927.34424 898.615
927.45813 1029.22
928.12531 5606.76
928.45935 9788.14
928.79340 7493.5
929.12799 4971.28
929.46191 1640.77
929.79401 373.871
933.50989 1561.3
934.12683 2578.12
934.46368 2093.75
934.79834 2881.72
935.13696 1084.92
935.47217 735.143
940.13324 350.122
940.45844 475.819
942.52435 400.331
943.01855 588.113
953.43585 428.923
961.11664 663.667
961.44971 651.997
961.78448 379.106
966.47516 1135.17
966.79999 1576.96
967.11884 2715.19
967.45740 2493.18
967.78638 1379.24
968.11011 366.384
968.45282 782.974
977.57495 1810.1
978.57904 976.013
991.50024 440.293
992.00360 437.79
1013.54529 1660.16
1014.04523 1772.73
1014.54907 1163.07
1015.04401 520.26
1026.54675 2032.71
1027.04944 2800.22
1027.55151 1507.76
1028.04749 662.072
1028.39893 516.001
1029.38672 442.375
1034.55737 438.126
1035.55566 1064.99
1036.04834 966.977
1036.56763 700.953
1045.06201 395.218
1046.40283 2363.15
1047.40234 1548.29
1048.39673 356.038
1078.07483 954.105
1078.61682 1331.79
1079.07080 529.548
1079.63000 741.177
1084.54651 1197.27
1085.04395 1136.48
1085.54846 869.483
1086.03906 374.448
1091.06970 1270.59
1091.57288 1443.57
1092.07983 989.826
1092.56812 392.006
1100.57935 601.368
1115.42029 417.378
1116.42041 366.622
1125.97632 577.497
1126.47583 350.916
1131.63733 367.917
1133.41443 933.832
1133.60840 515
1134.07556 436.279
1134.42432 575.966
1140.06128 348.24
1140.54651 388.841
1142.08411 603.774
1142.59424 591.155
1146.58618 550.302
1147.07227 803.827
1147.57947 436.889
1149.06604 358.275
1149.56287 486.788
1150.04797 359.541
1151.45007 875.54
1155.09412 709.291
1155.59900 1378.42
1156.09082 1023.75
1156.60461 490.391
1158.67285 367.665
1175.67578 19066.4
1176.67883 11704.2
1177.68152 3960.88
1178.69702 822.296
1199.61707 670.508
1200.10254 732.14
1204.09583 578.024
1204.59412 542.476
1205.07678 562.296
1205.59180 604.88
1212.60754 1207.51
1213.10730 1430.16
1213.61938 1166.03
1214.10657 503.312
1221.61682 610.36
1253.60522 349.56
1255.54810 600.586
1256.05713 381.324
1257.11389 1470.48
1257.62268 1765.83
1258.12390 1051.58
1262.10840 559.755
1262.61121 481.522
1264.53918 921.373
1265.55859 600.971
1270.12659 1691.85
1270.62927 2770.65
1271.11780 2042.06
1271.61523 1277.5
1279.12830 604.911
1279.63879 898.943
1280.12805 605.49
1285.48865 1323
1286.49463 894.902
1288.64429 425.212
1303.50574 1737.28
1304.50293 1086.85
1304.76257 700.406
1305.51270 358.673
1320.67615 534.949
1328.11267 545.208
1328.61658 1062.61
1329.11426 620.946
1329.63135 359.285
1333.07910 352.712
1377.64648 419.005
1400.82898 1877.37
1401.82068 1429.3
1402.83838 474.185
1497.88013 1197.27
1498.88025 977.73
1499.88586 374.67
1607.69934 396.635
