2482.10648 3
110.07122 3360.64
115.08675 212.073
120.08079 1681.64
129.06601 1104.69
129.10231 2747.43
130.04976 337.135
130.06419 225.817
130.08627 1022.53
133.04305 2550.42
136.06218 414.64
136.07593 857.385
139.08681 308.726
143.08249 221.333
143.11760 206.628
147.07651 653.981
147.11292 2576.56
148.11591 244.1
153.06599 209.956
155.08356 359.174
155.09241 378.827
157.06088 446.268
157.09715 870.405
159.07649 1243.41
159.09151 635.34
167.08157 483.983
169.09706 268.714
169.13358 282.65
170.04483 435.495
171.07646 674.193
171.11282 1178.97
173.09225 263.02
173.12810 604.745
175.07166 405.956
175.11905 1878.22
181.06085 545.2
181.10707 550.003
183.15028 246.079
185.16521 648.923
187.07138 3962.42
187.14400 671.223
188.07558 209.932
189.08699 262.82
197.12842 847.982
198.08780 422.545
199.07143 1368.68
199.10789 554.679
199.17969 331.906
201.12320 292.478
205.10013 690.698
209.10365 1385.37
210.02556 353.659
212.10277 666.075
213.08714 529.125
215.13907 1301.88
216.09743 469.112
217.08252 253.665
218.15019 1082.15
219.15466 214.75
225.12325 398.553
226.11829 392.281
227.10321 254.433
233.09465 414.077
236.10286 321.679
236.13969 306.165
240.09813 459.896
240.13356 444.131
241.08208 689.428
243.13448 1009.71
244.07851 554.21
244.16599 606.314
245.07727 340.808
249.09018 491.842
249.12357 373.236
251.14948 563.268
252.10994 1187.68
254.11288 382.465
258.10886 1268.13
258.14462 579.604
259.09238 1137.02
262.08530 1110.22
264.13348 414.333
268.12970 379.497
270.10712 349.809
272.07037 1594.87
272.17432 728.581
273.05283 225.797
275.12106 223.426
276.15442 531.17
282.14453 669.638
288.12021 446.949
288.20413 533.422
290.08066 3872.96
291.08444 341.981
298.10278 748.653
298.21313 227.427
300.15588 785.254
309.11832 288.322
310.10315 708.23
315.12927 363.343
316.11401 1445.64
326.15436 277.769
328.11331 569.08
329.14877 242.346
329.18109 400.328
331.19815 336.276
333.17563 2289.34
334.17783 231.603
337.15073 363.633
338.16071 563.657
340.14493 233.574
347.19525 570.452
350.21872 2444.54
351.22369 451.288
352.09058 539.14
355.16373 237.642
356.16907 327.959
365.19348 222.5
367.12555 266.231
371.16534 248.876
372.17700 357.032
381.15115 876.673
382.15274 225.071
383.19135 277.866
385.13171 306.043
391.16714 263.798
396.15228 259.994
398.20953 290.219
401.11276 1643.5
401.20288 333.024
403.16608 827.654
403.23358 242.277
404.16391 243.259
407.15689 296
412.21085 394.271
412.70752 284.768
413.17633 322.421
416.21460 588.21
419.12274 909.8
421.21243 499.24
425.20010 275.868
428.21356 277.934
429.19565 425.524
434.22507 3927.71
435.22858 961.332
440.72125 232.654
442.20065 247.54
443.20242 432.693
444.21100 278.653
449.24164 269.732
449.73227 257.052
453.71365 266.916
454.75302 271.118
455.25504 230.653
458.13354 392.146
462.72430 283.763
463.76309 244.442
464.26117 1541.77
465.26645 286.601
468.75198 479.801
474.28262 864.43
475.28885 229.673
476.14511 548.153
476.23636 1028.81
477.75235 226.798
492.27316 254.068
494.23599 501.335
495.22614 276.322
497.26382 565.27
497.75827 341.549
500.22729 389.076
506.26700 558.348
514.19513 457.587
517.26208 1369.14
518.19104 372.469
518.26385 271.149
523.21979 275.024
524.21002 231.572
524.70905 248.281
528.21893 786.721
529.22174 278.872
530.24927 286.035
532.20856 302.953
533.28558 468.409
536.20129 487.825
548.28625 263.183
559.28894 279.46
560.29492 269.228
565.31244 432.322
570.78918 615.424
571.28601 494.745
574.26257 406.924
575.26544 736.341
576.27570 268.539
581.25964 2627
582.25885 769.235
587.17896 314.204
589.32178 2268.76
590.32520 737.457
593.30457 4298.23
594.30695 1222.12
598.25067 516.659
598.75330 408.887
600.31177 314.721
602.34357 321.772
605.18842 497.106
607.25824 443.902
607.75665 247.798
611.25714 998.346
612.25452 475.272
618.30981 4084.67
619.31885 965.116
622.21283 274.37
629.26770 611.598
635.31445 661.081
635.81842 246.818
636.31512 235.37
639.23950 935.564
640.24237 449.202
641.30322 382.308
643.83929 259.645
644.67993 422.632
645.01996 358.034
645.34198 291.2
646.25232 253.437
650.33423 326.777
651.02014 291.092
652.27765 253.204
653.38458 301.998
653.56769 237.553
659.25415 412.461
659.36761 2539.33
659.56909 262.897
660.36969 1116.57
661.37091 240.174
662.36969 240.892
664.29535 677.133
669.29376 320.438
669.81689 258.381
670.31604 268.535
677.33881 406.4
677.68799 241.128
682.30804 7575.7
683.31055 2585.62
684.31024 961.843
685.30597 288.34
688.39099 1186.89
689.39581 551.659
690.38794 303.342
691.56061 250.61
710.38141 246.397
711.33826 374.766
712.38855 705.927
713.37775 256.534
718.26361 388.93
723.34711 247.667
724.34833 1081.41
725.34418 551.712
726.33820 290.817
729.34491 1356.5
730.34467 484.347
730.89282 364.706
731.41351 395.859
734.33282 249.617
737.21710 343.585
737.86023 488.453
738.29175 600.396
740.37372 4527.21
741.37811 1588.28
742.36273 725.873
743.35602 434.573
747.35229 4638.65
748.35950 1638.37
749.36078 326.513
756.36414 258.915
760.89752 327.444
761.38599 427.034
761.88196 278.922
768.90405 254.168
769.40033 1730.72
769.89642 1837.25
770.40497 1136.88
770.90741 422.001
771.31256 248.093
771.42499 294.101
775.33118 333.229
776.39587 244.903
778.41296 311.34
779.39661 460.47
779.90131 400.312
780.39990 509.176
780.90942 274.566
785.83905 273.028
787.42358 1688.46
788.43146 847.965
789.33154 257.564
789.44812 423.269
793.33826 1772.67
794.33185 683.193
795.33832 350.431
796.07269 252.452
796.40668 532.622
796.72278 367.417
797.39716 1132.42
797.90442 460.099
798.40314 881.264
799.37848 347.023
800.38226 250.724
801.47467 1325.27
802.47968 749.088
803.38696 372.038
804.74005 291.077
806.38251 555.177
811.34961 9530.6
812.35339 3637.4
813.34222 1167.06
813.48077 286.139
818.37665 406.048
818.88037 544.245
819.38977 306.145
823.41089 5322.05
824.41199 2768.7
825.42053 567.755
827.45807 1230.79
827.96027 1149.88
828.45557 868.165
828.85162 275.79
828.99103 339.215
829.41681 1600.67
830.42560 1069.95
837.43286 293.204
838.43158 250.544
840.44165 249.781
841.42139 5409.44
842.42236 2846.96
843.43634 900.486
852.36389 311.699
852.86536 259.169
855.44373 409.211
856.45471 295.506
858.45801 664.406
859.47595 275.573
860.43781 4411.29
861.44275 1844.53
862.44250 447.981
866.45343 335.899
868.40338 318.864
869.45215 460.783
870.45435 501.606
878.44916 287.796
878.93695 301.755
879.43652 485.323
879.94586 289.094
880.43457 539.095
881.43622 293.21
883.49701 264.621
888.41553 576.381
898.45056 678.256
899.46338 428.515
900.54523 661.907
901.55035 446.219
902.37842 364.645
902.88446 408.069
903.05627 283.156
905.08490 256.264
906.42340 713.65
907.44971 354.897
908.51862 413.803
910.50787 395.43
911.40631 298.92
912.46942 256.344
915.47681 887.747
916.49017 537.451
917.08710 754.644
917.40515 648.521
917.86554 277.574
919.47345 571.944
922.48083 401.473
924.43585 7240.29
925.43915 3380.6
926.42230 899.656
928.41888 920.726
936.49463 3362.96
937.50031 2094.9
938.50787 585.168
942.49951 287.228
949.50500 291.414
950.46851 320.104
954.50494 3946.04
955.51294 2088.05
956.52264 533.366
958.50653 293.84
962.48492 363.33
963.49866 261.463
966.52515 533.965
966.97650 627.74
967.47620 1064.22
967.96594 599.525
968.49408 372.317
971.47571 769.354
972.46948 323.999
978.43414 319.069
982.54840 357.323
983.54785 408.768
989.48065 2520.71
990.48407 1353.29
991.48743 333.029
993.53192 387.713
994.51544 560.014
995.51514 271.927
1001.45093 289.808
1002.44214 258.915
1011.52948 4111.18
1012.53174 2336.04
1013.53937 776.54
1015.57935 804.249
1015.96997 283.678
1016.60529 349.303
1016.98730 256.8
1017.48059 259.276
1018.50061 336.049
1021.47980 258.301
1024.47803 562.467
1024.97961 1058.41
1025.47778 428.526
1025.98474 301.015
1027.48865 279.706
1035.46216 1291.92
1036.46790 588.968
1037.45898 358.131
1044.53125 414.116
1050.54956 321.773
1053.47693 3857.43
1054.48059 1997.13
1055.47754 758.74
1056.47388 274.485
1057.45264 534.515
1058.46411 406.881
1066.50146 471.507
1067.00305 257.849
1075.00122 524.312
1075.49756 477.656
1076.00061 509.91
1076.50269 272.198
1101.54822 937.023
1102.54883 545.788
1106.48523 279.544
1112.58044 533.832
1118.51331 446.312
1119.00793 351.274
1119.52246 517.459
1122.53918 510.981
1123.54834 410.711
1124.56824 272.068
1131.49231 470.889
1132.47107 330.258
1140.57080 3788.8
1141.57324 2204.71
1142.57788 762.221
1143.63574 331.482
1149.50562 2264.76
1150.51294 1249.94
1151.50928 552.359
1154.02087 271.633
1162.03430 373.304
1162.52478 571.43
1163.03931 453.225
1195.48474 489.619
1196.49817 400.326
1212.66370 373.511
1213.50110 2547.92
1214.50354 1564.25
1215.50647 925.351
1216.49512 311.116
1241.05786 366.902
1241.57349 679.891
1242.07373 508.444
1242.57983 353.391
1251.59436 272.435
1252.59363 365.987
1260.54541 565.567
1261.55090 281.273
1269.61096 2811.19
1270.61487 1941.71
1271.61890 784.155
1278.55188 701.784
1279.55957 633.539
1287.64465 263.274
1324.53271 402.057
1325.52930 362.732
1331.60242 294.89
1338.62939 541.26
1340.62537 408.919
1342.54089 906.827
1343.54089 499.302
1344.64844 773.626
1345.65442 820.758
1346.68872 285.981
1429.62903 391.653
1430.65295 289.511
1457.73340 414.839
1458.73828 458.164
1464.61841 292.425
1465.62317 271.826
1528.62939 470.383
1529.62134 367.222
1558.68640 661.877
1559.69263 718.185
1560.68811 301.077
