2488.11014 3
110.07095 593.181
119.04936 527.079
119.08130 1064.9
129.06532 541.241
129.10208 6229.96
130.08624 978.795
133.04280 1420.11
136.06047 848.694
136.07552 29335.3
137.07884 2370.28
141.06569 470.08
147.04361 1226.32
147.11267 3583.19
159.07642 970.486
175.11836 925.688
178.06403 644.081
181.09689 1232.73
183.11292 1319.11
185.16483 1124.74
187.07114 1193.86
187.14423 677.262
191.08151 1176.12
195.07648 992.315
197.12895 846.642
199.07248 483.351
199.10675 469.836
201.12321 2868.14
212.10239 636.681
213.15915 1263.19
215.13802 1723.3
216.09770 1881.24
218.14934 1382.14
226.08250 2646.08
226.15475 4257.07
227.15547 479.136
229.11804 2493.77
230.11293 3644.58
233.09171 8746.82
244.09265 8902.37
244.16515 32300.4
245.09494 1073.35
245.16852 3309.58
250.11806 4170.17
251.11969 522.932
261.08643 8272.61
262.08936 1159.58
272.17090 848.859
278.11295 27172.9
279.11652 3874.49
289.09537 1635.63
296.19757 525.799
298.13882 954.136
301.18619 974.745
314.20612 564.984
321.06790 1377.42
324.19180 714.668
325.15176 1735.97
325.18390 1846.2
326.13443 1159.47
330.05954 714.184
341.09146 574.022
342.20267 862.64
343.16092 7931.36
344.16388 935.924
345.21237 6985.58
346.21561 978.556
353.14691 526.285
362.13300 1857.45
375.16815 823.448
379.16034 2494.38
389.14487 723.924
390.12747 7366.52
391.12976 1402.89
391.19754 625.951
407.15558 28696.8
407.23898 576.013
408.15869 5971.2
409.16351 935.425
424.25656 671.125
425.23709 947.502
428.28821 1378.93
439.21509 690.699
440.28580 1007.33
442.13992 504.76
442.26440 500.88
443.19217 3391.51
444.19766 584.38
456.24619 980.308
458.29819 1230.99
459.16318 527.924
461.20258 9627.75
462.20428 1914.58
475.22058 649.65
478.22833 2591.63
479.23538 617.646
489.19778 4335.28
490.20142 1633.26
499.32230 1299.47
503.22574 1139.69
506.22311 5585.36
507.22726 1538.88
510.27634 639.411
517.24280 631.07
520.24097 1589.77
533.14667 749.623
546.28369 552.328
550.17505 815.728
551.15515 821.969
574.28674 1383.07
591.31335 795.158
601.29749 703.01
602.28119 689.694
618.32678 3642.1
619.32306 1327.39
640.29858 739.635
645.33551 1735.87
646.98993 646.037
647.32831 1037
660.82690 679.1
661.32983 638.95
679.64880 587.884
679.98236 666.718
685.31848 797.597
689.36670 3828.9
690.36810 1362.75
699.32672 741.046
724.41309 692.504
740.84302 2665.7
741.34564 1992.42
741.84637 1136.5
746.35864 649.306
753.21216 851.623
760.40186 4305.38
761.40662 1798.88
762.40295 667.574
764.30908 589.696
780.27106 641.791
780.43677 670.83
781.40234 889.32
781.89905 2573.19
782.40350 1211.63
805.32324 618.832
811.85413 1486.56
812.34442 2244.81
812.84473 1412.22
813.35278 838.18
813.84167 825.51
820.85547 11199.9
821.35681 9611.91
821.85767 6092.77
822.35919 2731.32
822.85266 824.527
829.41852 24736.2
829.85211 652.607
829.91925 660.964
830.42493 11578.5
830.87341 744.683
831.43024 3263.02
847.39880 1693.69
848.41229 586.063
853.45490 632.028
854.34705 760.321
863.36847 829.21
867.36743 1647.65
867.87347 960.756
868.37720 701.666
875.41522 545.17
875.88037 4250.53
876.37598 8987.82
876.87579 6426.57
877.37329 4038.49
877.87512 1810.46
884.88397 5929.04
885.38696 4944.85
885.88641 3523.74
886.38263 1254.12
886.88861 675.16
888.49640 3929.6
889.50189 1817
889.88983 549.83
890.51068 857.736
908.88763 1370.69
909.38147 1125.07
909.88580 996.38
910.39813 582.678
913.39777 808.274
913.89899 918.518
914.38916 547.255
917.39136 618.687
917.89661 844.901
918.39630 787.156
921.45508 566.141
921.95538 612.789
926.40399 3424.58
926.90210 3321.24
927.40381 2367.63
927.90930 881.288
935.40845 19928.9
935.91144 16258.7
936.41058 12125.3
936.91211 6468.41
937.41156 1213.52
937.90912 637.006
940.39099 550.049
940.90240 1032.47
946.45441 573.696
969.96686 1121
970.47778 1287.95
970.94495 818.621
974.42218 1006.61
975.43231 674.872
976.43463 1483.28
977.44580 610.986
982.32056 729.58
982.94696 3145.4
983.44531 4166.37
983.94574 3201.69
984.44781 1502.87
984.93152 858.84
991.95123 17800.9
992.45239 16775.3
992.95148 10710
993.45178 5899.07
993.95160 1867.17
996.53937 1856.65
997.55865 835.719
1003.52008 2776.68
1004.52838 1109.83
1005.52411 560.406
1019.46753 633.602
1019.97223 541.092
1023.38043 772.86
1032.47827 977.464
1032.97961 1773.07
1033.46985 886.007
1033.98022 695.824
1041.48535 5939.89
1041.98523 5499.4
1042.48621 3610.32
1042.98267 2086.96
1043.48608 682.877
1060.47192 694.381
1077.49805 937.86
1078.50879 558.927
1090.55469 6837.79
1091.56104 3414.65
1092.55579 1388.2
1097.00195 1126.04
1097.50879 1716.55
1098.00244 1146.5
1098.50500 795.691
1106.00647 2818.44
1106.50952 3902.54
1107.00720 2668.04
1107.49731 1221.34
1107.99365 689.159
1163.52795 1263
1181.45557 710.703
1183.41357 559.017
1201.61133 725.087
1219.60242 3854.71
1220.60522 2476.74
1221.61145 855.033
1237.50330 808.16
1252.48950 1093.62
1253.48535 605.159
1282.61804 978.232
1302.63306 557.034
1320.64685 5151.78
1321.64685 3387.76
1322.65112 1479.39
1365.57898 946.604
1366.57129 538.843
1380.52576 757.527
1397.54419 1566.06
1398.53394 1080.51
1399.54883 539.426
1462.67493 585.61
1463.65137 702.74
1464.67224 624.919
1480.67505 4444.59
1481.67822 3148.97
1482.68396 1888.34
1483.66931 791.838
1508.59436 684.51
1525.60046 1533.39
1526.61072 1024.25
1527.58923 626.998
1608.64807 771.3
1609.61951 878.406
1610.64075 554.405
1622.65356 611.181
1623.65649 612.511
1624.69092 839.039
1626.66174 1916.89
1627.67664 1274.98
1628.65796 626.891
1640.70337 5107.3
1641.71069 3621.49
1642.71143 2279.17
1643.69617 984.318
1721.71924 691.214
1722.72974 710.315
1739.75439 1421.66
1740.73889 890.205
1741.72498 781.194
1751.74255 568.886
1768.77356 781.737
1769.77368 591.666
1869.81287 767.642
1870.76697 674.379
