1952.04361 3
110.07107 937.823
120.08047 1763.67
129.06583 735.512
129.10207 2632.1
130.08621 275.556
131.11732 202.77
133.08556 436.87
136.07550 5217.65
137.07872 367.184
143.11769 427.931
147.07623 1916.53
147.11258 568.477
149.07420 361.676
157.06062 267.266
157.09740 377.377
158.09251 269.535
159.09155 331.794
167.08105 212.186
169.13330 397.208
171.11282 225.089
173.12798 304.775
175.07106 1541.84
175.11864 3579.94
177.11229 220.973
183.11177 318.65
185.09206 186.854
185.16383 282.406
186.12318 444.486
187.14374 1864.65
188.14780 230.277
193.09616 184.623
195.11211 188.946
197.12857 766.985
198.12274 589.432
199.18013 1647.74
200.13899 234.176
201.12335 511.824
203.06595 249.369
205.09706 338.273
209.09070 209.167
213.15961 274.811
215.13870 1769.67
217.08224 211.114
223.15527 243.561
226.11841 4729.37
227.12314 372.403
227.17520 1690.97
228.18045 218.264
229.11736 228.325
233.09537 190.976
233.12790 238.254
237.12277 2293.37
238.12770 200.449
240.13353 739.783
242.14966 478.129
243.07965 308.134
243.12949 366.077
243.14905 309.651
251.14989 202.299
253.01579 195.168
253.19180 188.949
254.11328 223.551
258.14444 536.885
260.10568 1147
261.12567 228.031
261.15857 322.894
265.11771 1374.64
268.14151 208.139
269.12350 244.423
276.13943 209.642
286.15118 1171.51
293.04669 240.157
293.11276 1141.95
298.13895 311.095
303.17697 2223.15
306.66202 340.636
310.21155 296.082
311.05817 542.526
313.14984 216.68
315.66513 215.484
316.14709 324.814
328.22171 318.786
345.19382 255.461
353.21042 219.65
360.19189 245.017
363.20175 733.542
373.18701 1866.38
374.19299 263.826
382.20789 306.227
383.15298 240.028
385.27643 275.124
387.20206 678.867
393.69135 312.765
394.15933 698.42
398.14780 361.563
399.23492 665.916
400.18219 467.406
405.21243 215.628
406.19595 345.733
411.22913 314.066
415.19730 223.135
416.26093 3525.19
417.26541 440.514
418.69312 214.553
430.20798 1029.2
447.22842 291.756
453.80002 384.889
454.30466 324.826
460.21838 218.649
470.26987 503.685
470.76746 368.973
479.27325 457.617
479.77414 386.683
488.28726 424.074
500.28558 431.893
501.28131 948.03
502.28400 350.367
504.28433 209.135
507.24277 335.352
509.28818 435.977
509.79071 316.068
510.34119 217.32
511.22903 336.2
512.31470 357.154
513.24500 212.699
515.32904 407.356
518.29462 354.89
520.25873 240.909
525.98596 258.551
529.34241 6143.65
529.77783 221.839
530.34363 1534.11
531.35187 246.272
537.80188 502.015
538.29736 384.982
547.24139 325.641
551.80182 214.364
560.86749 206.012
565.82977 222.086
568.24219 267.731
569.22943 238.951
579.98346 269.067
580.32123 211.528
585.32220 1660.48
585.65729 1545.64
585.98889 897.356
586.31396 452.874
587.32501 359.481
587.66162 273.397
588.30890 221.525
591.32349 701.221
591.66107 749.658
592.32941 234.873
595.28400 208.116
602.31476 235.345
604.26953 330.145
604.38611 849.252
604.88947 389.279
612.31305 2991.87
612.63806 212.938
613.31598 923.786
616.29401 285.257
616.37268 323.843
617.98364 1072.19
618.31494 1130.31
618.64948 712.465
619.32550 250.375
620.32581 307.843
624.31091 273.8
626.32947 262.468
628.41400 419.656
629.41046 274.752
630.32281 2271.38
631.32697 654.842
632.38647 282.033
639.43878 211.5
640.37616 828.061
641.36951 395.062
650.34326 785.312
650.97424 256.029
651.32562 1539.11
651.41974 215.865
651.84412 250.678
652.31702 826.927
653.40985 658.576
658.38721 8768.08
659.38977 2273.08
660.39728 525.045
667.31750 372.244
668.31012 220.175
668.90735 992.662
669.40851 833.43
669.90979 339.376
675.34521 322.164
676.38068 266.72
685.32806 468.239
687.36346 345.849
697.39856 803.482
698.40106 356.229
703.34314 745.702
704.33783 290.699
715.41382 496.31
725.39673 1307.98
726.40430 492.283
732.95453 931.19
733.45978 717.59
733.95001 269.97
741.49548 758.512
742.49585 356.69
743.40869 2064.39
744.41638 841.653
750.33661 303.301
751.34528 255.029
752.51526 233.687
763.40790 399.688
768.36157 598.736
769.35199 547.169
786.37445 1230.19
787.37445 382.089
788.47772 468.582
788.97314 388.962
794.40332 250.207
796.98242 495.009
797.48474 503.994
797.97467 360.319
800.39447 224.221
804.38599 924.67
805.38483 318.297
821.45056 9626.24
822.45331 3768.12
823.08197 258.985
823.45123 1009.13
828.50214 232.589
832.46777 216.149
850.41650 685.023
851.45856 245.513
854.58356 531.281
855.57965 298.28
856.49561 535.78
857.50214 314.872
861.40564 240.833
871.48682 216.532
872.48206 246.809
874.37616 274.461
878.46985 597.598
881.45081 495.629
892.45026 451.861
899.45813 904.742
900.45746 436.745
904.48846 746.365
905.48163 627.704
906.48962 253.458
915.45856 290.334
917.47211 684.351
918.47449 399.957
922.49725 13159.1
923.49915 5888.25
924.50494 1200.31
932.48328 329.066
939.52722 809.605
940.53137 241.96
949.48401 457.804
974.57086 678.04
975.57141 1424.52
976.56793 487.363
985.63898 347.164
986.62695 379.346
987.50592 380.492
1005.53491 250.048
1017.57043 1471.85
1018.57190 901.89
1035.58203 3819.74
1036.58374 2026.07
1037.58484 397.959
1076.56909 668.031
1077.57251 269.082
1089.09985 234.937
1113.59680 235.285
1130.65833 549.789
1131.65637 334.381
1148.66394 773.352
1149.66516 536.942
1231.70227 586.971
1232.70496 403.373
1234.13892 264.999
1249.71741 853.777
1250.73157 493.98
1405.82349 354.057
1552.86401 454.017
1553.87891 421.775
