2434.17339 2
110.07095 346.011
120.08051 983.041
129.06573 315.284
129.10194 890.972
130.08557 227.024
136.07544 2212.38
138.05519 295.616
147.11255 777.496
157.13272 187.502
159.09138 917.854
167.08208 204.212
171.11259 456.587
175.11879 636.661
181.09752 197.477
183.11259 187.689
185.12833 403.774
185.16457 993.959
186.08708 242.585
193.09688 952.665
197.12811 1328.44
199.10693 189.821
204.08749 232.056
213.08696 292.851
213.15944 757.103
214.15346 202.156
216.13362 298.731
221.09167 822.908
228.13426 521.192
233.16437 405.593
234.14415 913.465
239.17387 328.988
240.13528 262.162
242.14948 6914.2
243.15256 758.606
244.10815 518.226
246.09074 501.961
247.10678 295.884
249.12329 231.779
254.14822 348.672
258.10623 192.854
260.10577 355.43
261.15952 355.177
262.11798 548.661
265.11804 193.105
270.18060 528.824
271.17587 458.772
272.17789 221.735
277.11679 583.465
285.15515 251.674
292.12875 994.282
293.11102 432.435
296.19620 417.208
299.17068 899.75
309.15491 209.3
310.21085 499.727
313.22296 1049.65
327.23871 390.658
334.17642 213.345
335.19257 1520.78
341.21802 1519.15
342.22171 203.736
349.15002 1070.5
350.13055 565.483
353.21555 372.427
355.23459 409.956
357.12173 439.591
357.19299 365.59
360.19104 754.934
367.23691 191.684
370.24121 346.971
373.14838 418.725
374.15179 417.73
377.21674 322.777
383.20416 261.895
384.25906 297.951
391.15945 469.615
393.15771 275.002
398.23978 488.165
405.21628 227.802
409.28122 318.138
410.20206 214.601
412.25571 320.887
417.21350 311.774
420.18802 393.165
426.30670 214.907
428.21576 215.531
434.23938 364.776
446.22491 594.395
447.18088 195.91
459.25995 299.229
462.23663 384.15
464.23441 1024.85
468.22226 444.594
475.22934 346.94
476.19336 204.336
485.25287 204.003
491.19177 503.109
492.20416 207.96
501.30609 221.608
504.18634 357.443
539.26184 286.647
546.25513 236.704
551.22656 220.883
564.25720 204.089
565.24078 351.38
588.29950 243.076
593.23804 305.264
594.23145 197.569
596.28583 210.282
604.27515 304.044
611.30389 1106.36
612.30841 306.583
678.32825 358.198
706.32410 199.301
707.32648 325.533
708.32385 322.678
724.27173 216.161
725.34473 1231.78
726.35291 415.166
741.30035 201.678
777.35455 266.363
812.33051 269.138
856.38385 1159.65
857.38800 452.747
966.43036 246.57
967.42633 437.668
984.45020 363.483
1147.50989 202.699
1204.51807 604.317
1205.51392 344.296
1275.57288 420.708
1276.55786 348.381
1388.66443 251.36
1389.65686 273.59
