2353.21415 3
110.07083 718.317
120.08043 4883.74
121.08298 428.723
129.06662 493.495
129.10194 12526.2
130.08563 704.657
130.10506 597.195
133.04274 1903.94
136.07545 2466.44
141.10207 459.41
143.11763 1687.73
147.11258 2871.6
157.09679 4189.99
158.10051 500.668
159.09116 1737.67
159.11201 416.663
171.11255 1978.59
171.14844 436.729
173.12816 1030.63
175.11855 2115.51
177.10188 677.258
183.11142 624.607
183.14896 652.042
184.07138 459.846
185.16493 1167
186.12158 389.481
187.10677 756.925
189.06874 453.041
197.12747 450.987
199.14345 398.997
199.18100 394.822
200.13760 409.06
201.12300 1602.93
202.08148 788.474
205.09669 891.063
211.10725 724.709
213.15910 564.516
215.13890 503.962
216.09720 526.956
226.08224 533.744
226.11917 458.486
227.17548 483.823
228.13364 2741.8
229.11703 1159.25
230.14911 901.475
233.16391 511.237
240.13255 652.073
242.18520 563.564
244.09224 2271.51
244.12790 780.314
245.07590 572.409
246.12578 1001.58
247.10892 551.301
248.15988 3410.42
249.16039 1092.77
257.15897 624.115
258.14023 425.106
260.19534 507.399
261.15759 406.21
264.13376 1540.15
270.14288 611.677
274.12009 1080.51
276.13397 1943.43
277.15530 476.384
284.12411 529.055
285.15497 7630.61
286.15686 1153.32
292.12903 1139.52
293.15634 452.515
301.18710 481.21
303.17761 1458.18
313.14835 713.3
315.16763 713.158
319.19678 3463.97
320.20038 641.49
333.15494 2427.12
336.13760 655.018
339.20099 666.41
340.14795 430.094
353.21600 445.764
355.12357 458.703
357.17877 3070.76
358.15198 409.194
358.18951 412.371
359.17432 815.24
369.15308 563.262
373.13510 939.19
375.17249 425.184
386.18256 623.549
388.18552 475.899
391.19843 1086.85
402.24487 3216.4
404.19244 1606.52
405.21619 784.015
412.22134 641.066
420.22513 776.586
430.23438 554.809
448.21838 2093.03
449.22153 449.24
462.21106 700.421
487.26694 874.243
492.23984 593.596
493.74857 526.528
496.16919 971.499
501.31348 2938.63
502.31268 700.533
503.26062 465.986
504.22049 617.877
505.27640 6407.14
506.27945 2081.88
519.23389 771.56
520.23755 1697.66
521.24213 492.343
529.30237 716.625
533.30573 810.94
537.26477 1223.21
537.76556 1010.8
545.24939 743.246
559.23047 457.64
561.30310 1592.67
562.27649 774.924
563.27216 474.206
572.79932 727.483
573.30151 835.726
580.79712 702.502
581.30133 522.205
581.79938 430.224
590.26929 2418.06
591.27173 879.613
600.28583 449.868
601.29926 421.83
601.80695 687.161
602.36121 7314.4
603.36597 1363.44
610.31592 455.935
610.81812 419.219
615.31293 2777.38
615.81183 1883.34
616.30713 2239.91
617.31921 675.103
624.31390 839.019
624.81830 537.997
630.28027 441.676
631.26813 1673.13
632.26697 738.034
633.33124 3933.29
634.33539 1641.8
644.32251 480.119
648.29449 811.591
650.84961 569.222
651.34601 426.175
654.26569 507.349
659.33087 480.667
661.30811 1196.06
662.30750 568.21
664.25574 1137.19
664.84570 573.001
669.27521 438.348
675.77411 1191.33
676.27161 531.459
682.26648 1113.62
684.77686 634.6
687.32922 612.443
689.34839 563.309
690.34869 576.924
691.31207 524
715.44495 5550.58
716.44659 1457.34
719.37909 807.755
733.38116 478.888
737.84827 429.211
743.36353 673.877
744.35602 1114.17
745.36584 535.126
758.40863 428.59
760.37720 756.403
761.37891 1260.13
762.38654 693.405
768.40015 503.355
780.40222 3374.21
781.40399 1545.83
782.41180 979.714
784.37708 656.968
784.46283 480.398
785.36646 1371.48
785.49207 1070.3
786.37238 1417.5
786.49799 640.219
787.35785 1405.41
788.35876 478.086
794.40662 436.843
800.41479 571.782
804.38696 1780.08
805.39526 908.604
810.32410 1144.38
819.41321 1657.71
820.40796 1015.07
837.42279 16781.6
838.42603 9223.66
839.42834 2176.82
841.39014 612.074
843.40948 583.763
857.47540 546.605
858.44476 677.075
861.43152 592.536
872.45129 574.225
875.47601 11408.4
876.47461 3691.63
877.45911 708.249
885.47650 478.816
889.47961 505.313
890.45160 1371.82
891.44836 1147.85
897.46448 1090.55
899.47583 612.294
900.45813 853.15
901.45776 726.016
908.46057 13284.1
909.46198 8767.46
910.46301 2167.65
917.46881 2080.68
918.47333 1140.38
939.36676 668.552
945.46887 1327.18
946.47137 756.378
953.49921 853.916
954.00574 1005.11
954.50806 992.957
961.52643 512.74
962.50830 595.013
963.48645 988.084
964.47723 457.388
984.47729 770.301
987.47894 911.594
988.56488 1569.98
989.54492 1532.1
990.52698 837.102
991.50262 550.205
998.55261 481.931
1004.50543 654.138
1007.52826 9713.41
1008.53174 6604.4
1009.53632 2325.43
1017.52655 462.009
1035.04004 1045.68
1035.54041 1750.38
1036.03760 1215.24
1036.54675 498.868
1045.55713 634.067
1054.39172 2870.92
1055.38977 1132.7
1062.54736 553.919
1073.52539 918.588
1074.51587 1106.4
1075.59607 2571.62
1076.61279 803.426
1083.54846 490.839
1090.56226 1128.67
1091.05835 916.003
1091.54968 1027.16
1092.53137 494.607
1099.55798 531.082
1106.59656 933.108
1107.60071 654.487
1116.59070 446.373
1143.58569 444.883
1160.59497 1367.59
1161.59998 1186.06
1162.61414 707.963
1167.47668 916.662
1171.63440 471.473
1172.60522 856.573
1173.59204 651.049
1189.63574 2988.86
1190.63525 1109.23
1193.63403 889.353
1194.63745 1130.35
1229.61389 4676.47
1230.61414 4198.76
1231.62146 1393.75
1232.62659 703.576
1247.62231 4128.97
1248.62610 3728.82
1249.64197 1167.77
1289.67017 458.198
1290.64893 665.622
1308.65869 1707.08
1309.66150 1705.29
1310.65771 702.585
1318.70447 499.62
1319.71106 507.942
1328.68616 1529.97
1329.67615 1372
1330.68567 953.36
1346.69031 2205.33
1347.69983 2033.07
1348.69275 736.966
1350.54065 448.605
1418.73193 442.385
1436.75024 1353.32
1437.75330 1519
1438.74963 527.3
