2640.29311 4
110.07110 3261.99
120.08080 329.953
129.10211 2597.98
130.08578 386.455
133.04282 414.579
136.06171 1257.53
136.07539 894.902
141.10252 311.162
147.11285 574.294
155.08142 667.606
159.07611 474.771
167.08119 314.481
173.12787 546.026
175.11819 836.366
185.09148 739.957
200.13902 305.274
201.12292 434.479
210.02594 328.318
217.08165 353.42
224.10297 1276.58
230.09178 515.976
232.13979 1256.12
235.11871 3264.76
252.07643 358.76
265.15771 1459.56
272.17270 448.74
294.15567 409.605
299.66852 6599.98
300.16995 2269.7
308.15231 583.724
312.05057 330.575
316.17743 636.025
316.66672 1412.03
322.07913 1865.78
345.22382 564.015
353.18811 370.644
358.18436 948.528
358.68683 539.089
363.17673 1129.98
363.67886 433.065
372.18222 11192.6
372.68335 4429.06
373.18442 1006.81
376.70557 4746.86
377.20541 1808.14
377.70697 395.922
405.22012 536.84
407.71899 2110.67
408.21960 1027.07
412.71143 1085.93
415.72998 542.445
416.22287 581.37
416.55350 343.109
416.68982 351.968
421.71683 8895.18
422.21765 3708.43
422.71976 1264.54
425.69406 17750
426.19550 7380.48
426.69803 1804.75
427.23270 647.425
432.25601 858.667
445.22928 442.322
458.23355 968.06
458.56732 973.528
458.90289 390.67
464.23679 3059.84
464.57150 3071.6
464.90479 878.701
476.21710 2100.55
476.71878 540.643
478.23947 507.832
481.92468 600.523
482.25977 351.29
487.92889 2556.35
488.26294 2559.08
488.59702 1459.12
488.93085 395.911
491.26236 374.987
491.58957 422.637
492.25040 328.162
497.25983 6968.71
497.59348 5167.64
497.92734 2152.44
498.26102 654.552
509.23785 542.462
520.95178 1663.46
521.28571 988.788
521.61877 360.486
529.30896 10611.3
530.27051 2226.59
530.32819 1388.38
530.61639 2318.12
530.95245 994.803
545.96130 432.246
546.28882 476.819
549.27576 604.755
551.95490 553.329
552.28961 441.735
555.29901 681.604
555.78986 397.187
557.96155 4876.15
558.29602 4896.14
558.62891 1924.43
558.96088 662.699
563.96399 1408.2
564.29816 697.397
564.63617 452.617
564.96118 347.158
572.29773 714.23
576.96997 575.325
577.30640 543.688
579.96887 758.065
580.30444 942.887
580.63824 505.883
582.97400 392.238
583.31604 389.066
585.64050 1998.61
585.97314 2056.62
586.30951 1047.03
591.64355 1777.7
591.97662 1278.34
592.31592 1065.06
595.32678 345.35
595.65204 875.515
595.99329 740.086
596.32202 430.612
596.64655 370.997
597.29016 698.305
597.64124 548.101
597.98199 419.473
598.33130 1188.59
601.27319 353.603
603.98737 391.679
606.30469 674.388
608.31476 572.338
610.34656 380.793
610.85040 6749.01
611.35468 6167.36
611.85718 1963.29
612.28857 785.263
612.36835 444.845
612.79388 1747.07
614.81946 667.257
615.29962 2063.58
616.30188 590.118
618.31750 911.074
619.32025 402.875
620.36084 637.525
622.30365 516.263
622.64716 652.896
623.31409 504.77
623.82660 1349.66
624.32709 1039.11
624.83533 356.927
627.32251 1948.05
627.65466 1631.4
627.82068 600.292
627.98004 1908.18
628.31287 3291.56
628.64600 3299.94
628.84149 424.758
628.97906 2637.05
629.31561 1346.16
631.29907 711.562
631.54535 875.796
632.05469 364.487
634.31824 500.871
635.55408 520.218
635.80762 896.073
636.05505 682.026
636.29547 412.604
638.28680 536.122
641.89307 761.136
642.09723 1465.7
642.29364 1355.04
642.49377 737.814
647.32758 354.038
648.34717 1695.83
649.35327 585.663
651.32721 383.586
651.82684 1120.49
652.07513 964.26
652.33313 1181.55
655.36005 2530.67
655.63745 440.766
655.93207 490.869
656.36572 722.523
657.88953 686.835
658.08258 752.31
658.35321 373.477
658.49243 360.64
659.34509 704.53
659.84052 9931.29
659.98083 1881.77
660.34070 11993.2
660.64313 2327.45
660.84674 3820.47
660.97339 2773.76
661.14850 680.61
661.30920 4968.32
661.47900 2071.56
661.61218 2121
661.71710 2138.1
661.96735 2448.02
662.32581 1504.5
662.85779 592.564
663.36450 425.17
667.33527 687.343
667.84784 647.603
676.85620 1415.55
677.35944 966.89
677.85529 706.095
683.34778 763.056
686.84827 1366.53
687.34644 1288.25
695.37408 513.491
695.85199 1944.35
696.36572 1211.59
696.85455 522.858
697.40466 905.1
698.40332 639.842
700.39270 365.472
705.36823 739.69
706.37195 418.289
712.02667 414.056
713.86707 366.459
719.87378 392.063
722.38818 1078.4
722.88208 529.593
726.39520 1304.27
726.89014 1128.67
731.39008 1683.35
731.89117 1378.27
736.38086 2305.29
736.88159 1653.02
737.38721 921.812
743.35547 779.349
745.38623 4947.27
745.88733 4887.66
746.38824 1944.85
746.88696 454.669
747.41595 1973.6
748.42847 744.449
752.40381 13211.7
753.41058 5170.57
754.32220 778.711
754.41718 1214.71
767.90979 1350.58
768.41193 1196.92
768.91278 515.766
770.41821 823.443
776.91882 548.755
777.41150 670.96
780.92273 760.076
781.43042 621.329
785.91351 1522.15
786.41693 1672.97
786.91101 766.38
787.42194 456.868
794.92035 4727.59
795.42224 3929.18
795.92365 1979
796.43433 775.483
796.92603 394.626
804.43225 480.469
809.42743 1162.31
809.93365 856.478
810.41882 471.542
814.42780 661.542
818.43518 888.825
818.94031 507.341
823.44012 807.689
823.94916 445.971
824.41736 1100.56
825.42401 540.893
827.43524 2144.33
827.93628 2237.81
828.43787 1208.9
828.93451 376.038
830.45178 2083.56
831.45654 1141.67
832.34552 371.4
832.94690 621.02
835.43762 796.481
835.74957 444.653
836.43744 5252.04
836.93982 4975.81
837.44147 2608.63
837.94049 748.822
842.42719 3426.34
843.42914 1322.61
844.43756 446.081
845.44507 1877.21
845.94769 1442.46
846.44763 902.688
848.46594 707.686
850.38110 10562.2
850.95728 1480.6
851.36896 3432.1
851.50659 890.641
851.96265 881.882
852.37128 810.543
853.46252 1100.56
854.46692 634.625
855.95825 385.489
856.46027 420.037
864.95142 1313.82
865.45612 1147.34
868.95642 1260.8
869.46069 1133.61
869.95599 635.806
873.96533 712.116
874.46906 632.364
877.95673 3735.43
878.45935 3819.16
878.96039 1886.2
879.46643 657.888
881.94794 834.857
882.45789 560.165
886.96167 3132.99
887.46423 3301.16
887.96198 1699.54
888.48303 642.737
890.93445 371.246
895.47748 372.812
895.96625 1530.19
896.47241 1722.51
896.96924 847.842
899.94440 1911.15
900.44214 1541.15
900.95178 818.875
901.45135 431.683
905.47363 1214.83
905.98853 523.489
913.48553 1172.04
914.49329 765.614
931.49622 1111.59
932.50281 681.334
939.48700 374.283
949.51050 1337.17
950.52100 647.443
951.42487 1284.09
952.43683 371.382
954.49951 2195.71
955.49902 1151.68
956.49255 560.378
977.56805 371.732
1007.52582 465.996
1008.01160 594.443
1052.47607 2219.66
1053.43726 625.373
1053.61804 610.75
1109.58154 923.878
1110.58655 652.037
1151.54834 948.904
1152.54260 439.015
