2044.91471 3
110.07092 63966.1
111.07422 3626.38
112.08624 947.319
120.08037 1596.63
129.10188 6492.35
130.06477 3473.29
136.07538 1598.22
138.06590 2242.24
143.11754 1367.18
147.11261 1421.09
159.09138 2496.89
166.06046 2211.03
167.09219 5717.94
173.12808 1644.37
175.11855 19063.6
176.12273 1078.75
178.06068 986.801
195.08725 50701
196.09097 4054.63
201.12169 1028.06
211.08626 1057.79
230.14906 1872.64
234.09804 3359.72
239.11356 3493.83
241.11108 2342.57
246.09796 6253.63
252.07954 1826.44
264.10870 12576.8
265.11234 1143.69
269.10587 10763.6
270.10883 1260.52
271.17764 1318.45
282.11917 1732.44
284.13895 3445.96
285.13406 1136.58
286.13840 1609.3
288.20248 9663.93
289.20526 1073.04
313.12860 2888.57
349.19635 2486.1
362.08463 4251.64
366.11896 1001.43
367.20828 1634.64
370.15280 3403.16
373.16980 1634.07
376.19519 1996.71
376.69669 1204.89
397.22308 1190.88
422.19119 2162.9
430.19214 1615.34
450.18686 6104.12
451.19046 1590.32
457.17892 1391.33
460.26520 9392.15
460.76675 5570.16
461.26566 1380.84
464.18802 1214.36
469.27100 15960.6
469.77237 8673.43
470.27405 2477.68
474.28247 2393.02
480.17499 953.208
480.23669 1509.71
507.20496 1640.51
517.27130 2033.71
517.77069 920.623
525.78552 8956.74
526.28662 5562.05
526.78424 2524.97
534.79047 20179.4
535.29169 12208.3
535.79248 4277.86
551.23572 1070
554.30713 4818.17
555.30963 1614.99
557.31055 1291.26
560.23999 2401.1
560.74402 921.234
571.33344 67754.8
572.33667 22521.4
573.33966 3217.75
574.23840 3597.8
574.73798 1623.72
575.23773 1099.81
576.23486 1072.76
583.29944 1000.79
583.73224 976.399
592.30597 3954.55
592.80621 2419.76
594.24255 1533.38
599.30499 1055.37
605.18823 2375.07
609.22601 3271.49
609.73474 1097.96
610.76624 994.353
611.26465 1056.3
614.32629 4177.96
615.33130 1871.04
615.75677 1516.54
616.27069 2311.96
620.34985 1133.39
623.22437 2824.83
623.72729 1793.19
624.22650 995.772
624.76221 2814.41
625.26074 2205.79
625.76544 1171.81
632.64093 1025.05
632.75409 970.027
633.24957 2079.41
633.75909 950.788
637.64136 2419.5
637.97516 4361.02
638.30560 3143.81
638.64349 1975.94
638.97552 1383.03
643.64801 13476.6
643.98077 15817.1
644.31519 9084.81
644.64941 4191.3
648.84314 1664.3
649.65057 29786.2
649.98529 34703.7
650.31982 20315.9
650.65417 9206.59
650.99133 2076.44
651.25555 3036.35
651.74384 966.4
652.26331 1183.51
653.86511 976.132
655.65350 9124.24
655.98975 10609
656.32373 6788.08
656.65912 3392.08
668.33710 1419.06
668.85889 950.142
670.30310 1328.87
670.63293 1147.55
673.74915 1181.77
674.19232 1562.05
676.30676 6250.15
676.64014 8015.92
676.97418 4680.37
677.36835 3731.9
677.85754 1994.8
678.36151 1172.94
679.80597 2367.07
680.30267 1228.04
682.31049 19266.1
682.64355 20272.4
682.97821 13671.8
683.31134 5499.45
683.63934 989.66
685.28766 2193.07
686.28870 1172.31
688.80865 2754.66
689.30878 1997.43
689.81036 1036.69
692.22272 1030.08
698.29803 1246.49
699.42792 30132.9
700.43121 12388.2
701.43219 1841.49
709.84845 1036.73
711.87579 1183.35
720.87195 3907.95
721.37555 4426.5
721.87604 1282.4
729.30261 1249.67
731.22693 1505.83
736.35138 1116.87
737.78796 1273.55
740.38013 3146.37
740.87994 2355.72
741.37738 1624.92
742.31787 2585.59
743.31042 1276.25
749.23853 3953.21
749.38348 10320.4
749.88409 10388.5
750.24603 1041.4
750.38464 4657.99
750.89197 1305.39
751.38068 4026.1
752.38873 1793.6
756.44159 1750.8
764.34778 1937.92
781.38232 1540.2
782.47491 3470.24
783.46234 3352.65
786.40753 1015.09
800.47595 57165.8
801.47827 27152.1
802.48285 6803.7
802.89465 1096.79
803.39319 1786.11
803.48712 967.183
810.46606 1456.41
812.39777 1724.86
812.91113 1029.66
824.91052 1089.78
833.42383 2527.16
833.91528 4200.5
834.42206 3347.49
834.90826 1420.38
842.42175 9328.9
842.92493 8017.65
843.42603 5107.41
843.92639 2385.38
844.33893 1138.56
850.45630 2021.38
859.41705 2754.57
859.91779 2229
860.40710 1269.46
861.36102 3274.82
862.33112 2162.58
863.32037 985.697
867.92938 3752.76
868.42462 8344.81
868.92188 5873.11
869.42218 3514.19
869.92010 1114.64
870.39771 990.67
876.93390 12956.6
877.43481 11031.3
877.93213 5753.55
878.44122 4021.97
878.94891 1304.24
879.37006 18506.2
880.37354 9893.03
881.37469 2761.54
881.92987 1691.63
884.36243 983.82
885.94043 1693.18
886.43854 1908.99
886.92273 1438.81
887.42853 1822.25
887.92859 2025.76
888.44104 980.289
888.92126 983.622
894.45734 1017.24
896.43823 6785.55
896.93811 6869.23
897.39441 2386.7
897.45178 2576.13
897.94110 2140.78
898.37659 1444.08
901.93958 1263.68
905.44440 21530.9
905.94434 21661.9
906.44666 12028.4
906.94897 3993.01
910.42261 1563.83
910.93744 2262.51
911.42926 1322.17
914.44806 2165.46
914.94550 2605.24
915.44727 1545.18
919.53168 2956
919.94867 1173.98
920.52954 1863.63
927.41815 1335.92
937.53430 17964.2
938.53558 9473.5
939.53784 3018.12
949.51727 1140.22
953.38464 999.349
954.41486 1015.26
959.31055 1456.72
977.34882 15268.6
978.34888 7176.98
979.35577 2336.73
982.41211 3458.92
983.41437 1921.55
992.40302 3016.97
993.40289 1396.75
1010.41187 14220.2
1011.41339 8751.83
1012.41193 2699.65
1028.42078 2488.47
1029.43201 1135.3
1032.43250 998.312
1050.56848 1199.94
1051.56677 1308.41
1068.57617 7383.43
1069.57837 4516.3
1070.58545 1275.88
1080.39844 2283.42
1108.38672 8704.29
1109.39038 5033.99
1110.38098 1348.45
1111.48083 1308.77
1148.46899 1020.28
1182.52795 1534.04
1183.60400 6999.55
1184.60425 4919.58
1185.60352 1769.7
1239.55054 2388.56
1240.54688 1686.7
1296.69360 1268.39
1353.69092 1383.8
1354.68311 1130.83
1440.73755 1819.3
1441.72449 1180.98
1497.77551 2282.21
1498.76233 1617.87
