1744.81345 3
110.07103 7895.39
111.07515 370.918
112.08685 326.22
116.01664 317.588
120.08053 11635.4
121.08390 968.817
129.06575 710.247
129.10207 6829.27
130.08609 2819.31
130.10458 418.394
131.08195 375.154
131.11754 364.609
133.04282 2648.55
136.06004 459.336
136.07553 15054.1
137.07884 1104.7
141.06609 334.598
147.11266 4616.16
155.08171 341.507
157.10738 359.607
159.07582 649.757
159.09122 800.432
159.11267 314.73
166.06134 460.81
169.09647 350.03
171.07642 537.042
173.09158 352.978
173.12807 868.569
175.11868 3800.17
185.16444 854.722
186.09105 1558.16
186.12347 2116.04
187.10739 911.069
187.14325 408.212
189.08664 640.797
192.10175 821.269
193.09683 805.023
194.10088 314.724
195.08778 832.445
197.12744 479.869
198.08755 561.932
199.10721 360.194
199.18022 15116.6
200.18405 1548.57
201.08704 426.835
201.12315 1273.29
202.08635 322.033
203.11697 876.332
204.08194 440.491
204.13399 9177.22
205.09570 442.941
205.13795 684.172
207.11287 331.916
210.02431 341.211
211.11922 701.41
212.10249 387.667
213.15923 437.795
215.13878 5253.15
216.09750 679.002
216.14397 418.981
219.11203 360.248
221.10370 467.775
222.08665 447.303
223.10744 3541.7
223.15497 1388.24
227.17520 8140.85
228.17871 924.287
230.12868 3255.91
231.11256 13791.9
232.07365 403.426
232.11607 1915.15
235.10516 394.4
237.12259 2093.8
239.11356 4299.35
240.11911 574.64
243.13344 6076.6
244.13753 664.88
244.16524 441.92
247.10721 1524.44
248.13908 4070.68
249.15913 691.363
251.10226 1124.54
251.15044 1214.39
254.63582 362.699
258.12357 1515.68
259.10806 2115.84
260.11017 447.171
265.11774 4752.99
266.12259 656.044
269.12521 963.148
270.14172 343.496
274.12259 714.702
275.10144 643.174
276.13535 830.689
276.64548 335.441
277.15421 347.838
285.15958 361.355
285.65259 427.238
287.13419 718.094
288.20239 602.811
289.09665 524.082
289.13266 384.601
290.11658 355.949
293.11240 1148.79
303.21396 2736.03
304.11005 449.07
307.14337 2372.28
318.14474 375.318
334.63971 338.169
340.25955 567.282
345.15698 888.38
346.13916 1288.01
351.20200 7397.03
351.64899 543.731
352.15030 584.407
352.19958 2665.14
353.20218 394.641
356.21710 592.256
359.66779 2579.32
360.16397 1041.49
360.67404 434.08
362.13379 613.59
362.68408 365.802
363.15970 333.036
364.65979 937.036
373.66568 4555.23
374.16721 1617.71
374.66937 585.276
376.14819 732.174
380.14307 551.287
383.27689 385.666
384.16635 616.896
389.18243 397.366
402.17596 1519.31
406.19910 1559.91
416.21320 334.96
420.22702 544.537
422.23972 2823.83
423.24457 664.271
429.15076 656.901
430.20773 1104.68
430.70776 565.866
432.25549 1654.99
434.20346 627.196
434.70151 389.842
435.19995 360.879
443.20459 755.337
447.16574 418.143
449.71567 2081.09
450.21725 763.669
461.21234 1122.32
462.21814 590.269
463.19379 716.736
464.71884 752.839
471.19531 1115.03
472.20331 601.074
473.16449 451.807
480.22192 393.89
481.20917 642.699
484.23416 675.913
489.20691 2981.53
490.21005 1100.98
491.17114 504.244
496.22302 880.582
496.35910 816.695
496.72861 591.927
500.18765 701.543
507.23029 1521.19
507.73038 1023.52
508.21619 729.166
509.27081 4703.19
510.22748 1830.7
510.72507 967.612
511.23468 377.013
512.22693 553.682
515.26337 474.882
515.72052 429.695
518.19818 711.232
518.29303 403.631
533.80365 1036.62
534.30475 754.104
542.24188 370.352
545.74152 991.11
546.24011 763.715
548.74725 1075.5
549.25220 485.713
557.75244 3380.85
558.25336 1863.37
558.75244 534.554
559.77374 4171.5
560.27509 3135.34
560.77618 1262.12
561.29993 2326.74
562.30579 663.845
565.23206 791.595
566.23901 490.413
574.24725 2716.93
574.75049 2284.36
576.27081 2113.18
576.60425 2254.7
576.94006 1099.29
577.26825 554.448
580.31018 2007.65
581.33887 1056.13
582.29706 1634.17
583.29138 1347.81
583.37640 353.213
584.28467 618.128
591.25543 3523.01
592.25781 1400.66
593.25439 486.282
595.77606 505.508
596.27527 431.857
597.40881 353.015
601.28973 466.81
602.29230 1942.25
603.29236 621.355
609.26508 2076.24
609.77197 2070.15
610.29401 3608.43
610.79614 2075.94
611.30243 1032.01
619.32196 732.051
620.34406 669.575
622.27124 477.283
625.40088 2428.12
626.40509 719.035
630.29016 1070.76
630.78302 1090.41
631.29694 623.722
637.33215 6811.96
637.84882 407.732
638.33521 2453.27
639.28351 4973.97
639.78699 3312.09
640.28473 1278.66
644.28198 3823.62
644.78174 2745.75
645.28217 1650.91
653.28662 2042.49
653.78961 1513.01
654.28143 593.744
665.27014 605.951
672.82477 509.35
673.32916 642.257
673.82526 473.765
675.29510 504.506
679.79431 838.928
680.30206 525.037
685.38062 739.093
685.79688 960.19
686.30310 617.97
688.80048 611.106
690.34595 708.201
691.34430 402.389
691.82898 1553.45
692.32935 1070.32
692.82654 358.38
693.32996 378.973
694.79980 2821.87
695.30066 2546.48
695.80157 948.975
700.31293 521.502
701.30707 425.145
702.30322 445.887
703.80560 1850.47
704.30743 1452.2
704.81250 650.762
708.36682 6001.28
709.37231 2082
710.37561 497.488
711.31641 357.322
718.33337 1233.22
719.32385 1095.64
720.33636 407.888
724.36163 3639.67
725.37195 1315.52
726.34479 699.968
726.84210 763.269
728.31720 1155.08
729.29932 1151.49
730.29596 490.474
734.32532 411.681
735.34460 3297.33
735.84497 3419.44
736.34570 1418.05
736.84521 512.412
737.32355 399.034
742.33087 1247.54
742.83600 529.523
746.32434 3175.1
747.31128 2681.6
748.31244 843.912
749.39270 819.702
750.32782 363.052
751.33777 551.276
752.39392 410.673
760.35229 1882.12
760.85046 1687.59
761.34949 1010.43
761.85529 367.433
762.32025 949.041
763.85425 403.851
764.33936 387.741
768.34741 433.285
780.34113 356.91
788.46600 482.956
808.87909 596.295
809.37921 607.139
811.39404 4648.14
812.39874 1639.04
817.35791 415.799
829.49194 440.726
832.39539 631.814
833.35645 772.55
834.36969 364.504
839.37073 475.11
839.87427 471.549
842.38538 361.337
850.38129 595.128
851.37793 1280.98
852.37286 589.305
853.37708 427.164
857.34955 678.9
858.35138 414.047
859.40179 972.682
860.39764 1640.35
861.40485 748.232
868.39703 11242.5
869.39996 5254.33
870.39673 1850.09
880.42645 467.657
881.41486 666.414
890.37811 774.425
896.40771 688.555
898.42609 8142.41
899.42627 3434.29
900.42908 1138.73
915.40802 422.399
929.42017 600.17
952.47003 1223.55
953.47180 506.017
958.43262 459.083
961.40704 757.406
962.42767 468.373
981.48102 6068.33
982.48267 3261.36
983.48242 1259.38
995.44391 842.255
996.42902 612.784
1013.45032 8418.62
1014.45428 4101.55
1015.44958 1527.25
1016.45508 505.372
1020.41980 854.316
1021.42035 632.549
1028.46167 439.215
1030.44275 787.649
1031.44800 405.169
1032.45349 372.01
1034.49719 1113.17
1035.51208 740.24
1048.45081 501.54
1087.56079 437.7
1088.59497 393.914
1091.47949 379.445
1096.48816 581.904
1097.48535 377.956
1101.47278 956.654
1102.47498 422.364
1114.49854 9137.15
1115.50085 5225.24
1116.50488 1454.22
1118.53857 1334.49
1119.52026 933.809
1120.53064 499.701
1148.47180 753.288
1149.48901 516.121
1218.53418 384.313
1219.56335 513.275
1248.55042 406.108
1259.54956 454.426
1260.55933 548.107
1266.53198 447.362
1277.56226 5340.91
1278.56348 3516.5
1279.56335 1353.11
1388.58801 405.061
1406.60498 1331.41
1407.60144 946.064
