1710.89920 3
110.07088 1077.6
112.08668 2240.23
115.08609 503.493
129.06679 464.413
129.10196 13456.8
129.11292 949.541
130.08601 5883.88
130.10490 1025.96
131.08920 448.598
139.09770 532.257
147.11247 10662
148.11644 554.505
157.10788 1154.69
167.08128 539.347
167.11821 523.156
169.13341 2020.96
175.11850 2813.33
183.14919 1002.18
195.11267 656.656
197.12813 1205.27
209.10313 1605.2
211.14282 474.445
213.12303 1013.88
216.09746 1594.93
226.12964 4085.53
227.13411 485.889
239.15030 904.523
240.13390 3068.38
244.14040 2041.05
244.16426 757.569
246.61908 873.84
257.16010 2820.47
258.14435 5802.53
259.14685 619.903
275.17075 1729.38
278.14938 795.335
296.16000 723.357
306.09625 957.28
307.08051 603.318
308.17105 1596.57
309.15457 1136.76
310.13486 455.866
324.10587 18057.4
325.10898 2281.99
327.16547 1796.31
329.18036 628.167
329.70013 918.148
344.19193 455.675
345.17422 861.76
359.72809 496.263
362.20288 2960.17
363.20688 573.212
365.18735 589.493
373.72412 3341.58
374.22601 1709.23
382.72937 1496
384.87527 480.533
394.25641 721.575
400.21729 464.002
408.71680 628.244
422.24991 1373.62
422.71219 4039.05
423.21317 1899.03
435.24225 895.614
448.25110 3267.16
462.72510 550.768
464.58337 573.737
464.79388 1722.22
465.29688 792.307
467.57486 536.091
473.24814 630.44
473.58600 499.641
478.79248 5584.87
479.29385 3277.6
479.79236 949.097
487.79681 1290.97
488.29980 1257.37
492.23187 1885.85
493.23462 720.757
498.93509 706.416
500.28421 467.96
504.61319 1395.95
504.94470 998.14
505.27603 1236.57
505.60904 881.014
505.94125 1162.35
506.26993 1045.87
510.28494 1079.63
510.61914 2339.9
510.95261 559.991
511.23776 489.364
511.94235 499.536
512.29456 471.02
513.78339 1700.98
514.28552 1369.64
518.30017 822.65
520.22650 5608.87
520.78540 479.02
520.96948 489.464
521.22913 1309.81
522.26245 519.151
522.96613 557.347
523.64117 766.632
523.98120 491.223
524.30756 601.435
526.64008 908.435
526.96844 1462.12
527.31372 1657.69
527.77985 16142.9
528.28003 9940.1
528.78210 2965.23
529.25842 893.784
532.31049 1721.75
532.63983 6930.61
532.97327 7216.44
533.30762 3716.53
533.64050 865.413
535.33813 987.04
536.32794 592.47
536.94983 647.71
537.27441 1726.87
537.59406 663.497
537.94916 518.929
538.31366 25682.4
538.64722 28802
538.98047 16393.6
539.31622 4717.66
539.64630 655.204
543.27728 1003.5
544.31622 12420.5
544.65082 14338.7
544.98492 7254.41
545.31934 2012.61
559.29944 1444.75
559.62640 1184.58
559.96613 533.664
560.30115 1710.58
561.34113 1239.79
562.35236 564.591
564.96857 1157.14
565.29871 5938.06
565.63135 4852.87
565.96576 2309.87
569.34387 489.506
570.97229 23478.1
571.30585 25706.5
571.63959 12888.9
571.97614 3398.79
572.31067 674.605
576.30267 1364.47
576.79993 1042.57
587.83264 1728.74
588.33569 643.259
590.34448 490.607
596.34473 5647.53
596.84619 4901.33
597.34906 1588.04
604.35742 2182.28
604.85986 1642.61
612.37091 2924.44
612.87292 2578.52
613.37396 1246.42
617.36426 2131.38
617.86432 2718.84
618.36475 740.945
621.37756 633.831
621.87463 557.662
625.59692 767.009
626.36755 6134.03
626.86896 4944.93
627.37311 1676.33
635.37457 2435.69
635.87537 1330.39
638.86786 511.31
639.34534 1315.18
640.32568 1261.96
643.60565 581.637
646.37726 633.961
647.38293 696.512
647.87469 1751.02
648.37457 1214.63
651.87653 555.2
652.37036 1010.66
653.34369 1825.07
653.84491 1040.98
655.88696 4383.38
656.38672 4383.12
656.88800 1746.63
657.35516 9103.15
658.35889 2757.9
659.36212 592.496
660.87805 4234.74
661.38000 4184.45
661.87573 2211.38
662.37897 625.176
663.89185 561.524
664.89325 979.262
665.39862 598.636
666.35144 3900.03
666.85150 3279.79
667.34943 1584.35
667.84442 569.409
669.88397 7691.85
670.38538 6566.02
670.88666 2389.79
671.39160 671.804
675.35632 3093.39
675.85828 2604.99
676.35571 1620.03
678.39832 1747.91
678.89423 3277.22
679.39349 2107.8
679.89148 895.889
685.89441 1344.41
686.39563 990.804
687.84265 540.045
688.30511 581.387
694.40540 6559.17
694.90631 5973.48
695.40747 2792.41
695.86560 1297.27
696.36792 1156.44
696.86261 725.575
697.39850 792.846
698.39557 520.598
700.86395 1755.8
701.36017 1748.39
701.86169 1064.83
709.86731 4030.44
710.36749 4025.25
710.86182 1283.65
711.41193 1035.52
711.90698 934.369
712.40533 645.048
712.90717 500.144
715.40851 1032.46
716.41046 621.085
718.87421 2024.17
719.37292 1934.24
719.91907 5675.31
720.41699 6756.1
720.91620 3985.69
721.41382 1340.92
724.90747 1002.29
725.40833 2004.37
725.90039 1595.76
726.40662 676.116
727.38464 920.32
727.88715 1582.79
728.40155 1023.07
728.91864 2187.48
729.42169 2165.18
729.92212 1144.96
730.41205 782.386
731.45660 1430.45
732.45941 755.744
733.91260 7780.23
734.41248 10787.4
734.91107 5420.99
735.41248 1572.68
742.42963 1016.82
742.91949 5483.46
743.41870 5726.72
743.91858 2288.81
744.42029 900.497
751.93005 598.735
758.93030 661.439
760.39404 516.159
768.89972 1574.08
769.40277 2140.1
769.89758 1237.57
773.89734 1095.31
774.39807 1507.25
774.89551 1022.7
782.89966 2003.98
783.40082 2733.64
783.90320 1901.4
784.40533 550.421
791.91199 809.833
792.40582 618.995
802.43842 641.641
812.47406 501.74
827.39056 854.756
830.49512 685.611
867.49133 3045.72
868.49585 1634.42
899.52142 551.738
917.51819 606.513
939.55853 688.869
957.45013 619.912
1008.58704 613.916
1026.59473 705.496
1027.60681 859.146
1037.53894 519.181
1045.57446 829.642
1046.57422 695.602
1054.55420 1206.67
1055.55896 795.725
1063.56555 528.224
1085.64575 709.987
1086.64221 512.346
1095.62744 1221.95
1096.63171 702.949
1113.63782 760.286
1114.63892 741.958
1175.68347 479.368
1191.68079 2475.07
1192.67981 1944.39
1193.68884 645.19
1213.69189 985.573
1214.70056 910.271
1241.69104 1317.67
1242.69299 904.12
1243.67554 501.999
