2409.20732 2
110.07085 520.877
112.08644 547.969
115.08624 617.366
120.08038 4715.58
121.08371 345.723
129.06540 469.344
129.10188 1327.37
136.07530 827.227
140.08134 610.169
157.13318 511.44
158.09222 733.209
169.09647 438.921
169.13161 303.26
173.05522 1146.49
173.12802 1733.79
175.11858 3031.75
183.11186 693.377
185.09229 313.616
185.12837 475.859
186.12302 1265.64
189.10037 335.854
197.12790 923.442
198.08649 439.73
199.07091 460.206
199.10690 414.488
200.13911 384.972
201.12270 2462.46
202.12695 434.284
211.10735 347.302
212.10260 447.01
212.13872 1494.11
213.08708 891.508
214.11836 2070.49
215.10158 348.133
215.13812 305.179
216.09731 1205.66
217.09633 1732.74
226.08279 398.98
226.11865 356.497
227.10196 917.638
228.13347 3592.64
229.11821 704.055
230.11298 580.16
230.14919 676.983
231.09737 949.009
233.12808 1075.15
233.16275 397.457
235.10678 1064.66
242.14920 1179.75
244.09196 5915.55
245.09232 473.272
254.14537 430.076
255.14452 8953.12
256.14706 859.818
259.10782 333.699
261.12228 1418.81
263.10190 4625.06
264.10498 636.175
272.17111 5560.94
273.17505 616.671
275.09967 615.107
276.13315 959.449
282.18021 847.684
284.12131 459.863
289.11841 579.913
299.17047 467.669
300.19211 580.443
303.16998 479.914
310.13840 424.798
311.16852 581.338
312.11987 329.695
312.15353 789.232
315.09732 1272.09
320.12299 11798.3
321.12677 1700.06
327.12836 335.842
327.20178 1100.58
329.14572 1536.62
329.17978 1274.04
330.18915 329.041
331.16486 671.722
339.16455 697.668
344.15607 404.405
345.15475 2424.87
346.13739 1512.11
356.19223 714.104
357.17502 2056.62
358.17834 469.019
363.16580 3063.52
364.17139 453.635
373.14853 903.845
374.17572 407.196
375.20044 390.568
377.17850 494.999
387.16629 588.438
388.18680 727.948
389.17535 370.039
391.15970 3822.59
392.16382 558.577
410.23663 399.592
412.21777 323.914
417.14044 499.102
418.20728 944.088
425.20328 484.719
426.19781 384.628
428.24829 338.022
429.25024 413.268
431.22708 428.628
435.23398 994.461
439.22937 331.867
440.21286 676.399
441.19919 850.326
442.17001 1151.96
442.22971 971.479
443.15057 392.675
445.20831 1327.61
454.19180 594.628
455.26059 846.816
457.24011 806.292
458.24182 349.023
459.22198 1548.89
460.18073 1692.09
470.16278 945.808
471.22012 541.82
473.20425 643.158
474.19507 367.335
476.24973 1560.76
486.23334 466.352
488.17310 1350.66
491.22360 341.707
498.23352 360.567
499.21832 348.299
504.23947 957.339
506.22375 375.275
508.23645 320.331
515.25934 2303.36
516.26282 691.304
525.26630 508.124
532.28613 21982.7
533.28876 5881.38
534.29266 641.32
539.27966 340.543
553.26215 647.42
555.25391 567.206
556.25195 390.848
558.29071 510.086
570.28876 754.183
573.26459 1136.77
574.26825 471.741
583.24707 508.867
589.26465 324.929
601.25812 2216.51
602.26306 670.8
603.23755 375.46
604.31409 729.619
606.27740 474.736
614.32867 660.45
618.28870 742.522
619.29291 416.408
631.35370 4809.8
632.35712 1540.31
637.28937 347.323
654.30750 365.316
659.38312 470.601
672.33386 931.19
682.32092 396.166
700.33044 555.459
701.33362 387.675
715.33752 358.313
716.32697 523.195
717.35480 673.409
733.34937 501.607
734.33673 452.889
744.43732 1511.5
745.43970 680.989
816.38623 428.811
817.37256 649.343
834.39081 576.486
835.39569 469.806
841.45551 980.451
842.44934 522.896
858.48199 2158.49
859.48615 914.659
959.52899 2679.97
960.52991 1411.62
961.54303 378.728
1022.51605 415.209
1023.51630 341.085
1061.51563 329.535
1062.51733 416.794
1063.50073 354.638
1070.55579 444.786
1087.58728 2804.54
1088.58704 1302.01
1089.59143 333.68
1185.58276 526.409
1186.57336 507.959
1187.57898 361.42
1217.64453 355.162
1234.65442 5709.73
1235.65503 3692.93
1236.66931 1143.06
1345.68237 448.705
1346.67676 638.371
1363.69678 3833.9
1364.69922 2792.24
1365.70410 733.007
1420.72888 829.823
1421.72583 840.558
1428.74011 356.162
1447.74939 333.058
1464.74500 5714.78
1465.74829 4006.72
1466.74951 1470.51
1533.82629 396.446
1560.82642 471.151
1577.82642 3546.34
1578.83044 3353.84
1579.83032 1503.97
1648.84424 460.887
1674.85046 468.587
1675.83679 1050.63
1676.83362 662.625
1692.85400 5387.73
1693.85950 5552.3
1694.86426 2040.23
1791.92102 1500.35
1792.92969 1494.21
1793.92041 799.37
1905.96411 1416.48
1906.96667 1289.2
1907.96252 888.309
