1238.67487 3
110.07104 8399.87
111.07435 377.686
112.08662 685.927
115.08639 367.596
116.07040 459.381
118.03181 477.672
120.08042 1660.53
129.06593 1508.5
129.10205 12036.3
130.08603 6073.55
130.10484 564.532
131.08965 424.023
136.06165 3931.57
136.07545 1604.1
137.06477 488.72
141.10202 511.794
147.11264 6657.49
155.08118 749.754
157.10841 597.119
157.13326 1837.37
158.09222 895.595
166.06073 364.056
167.09258 690.47
169.09764 379.385
175.11867 3100.27
185.12796 2196.74
186.12331 2625.97
187.10732 723.787
197.12837 1214.74
199.18031 1417.76
200.10266 1200.66
200.61874 1072.96
204.13406 6990.26
205.13847 422.139
207.11238 856.874
215.13892 351.914
216.07938 1106.78
217.08286 314.967
219.10735 980.969
219.62218 437.585
223.14278 401.211
225.12004 358.449
226.11601 409.096
227.17441 678.902
227.62054 33388.5
228.12160 6784.88
228.61900 1424.39
229.13211 376.478
233.10405 349.183
241.61797 27584.9
242.11919 6271.87
242.14949 3913.67
242.61716 1313.22
243.14323 586.933
251.63379 317.339
257.14020 410.207
260.17178 546.153
261.15530 13950.7
262.15897 1115.19
263.13898 2918.66
263.64047 726.922
264.06241 396.435
268.10886 357.897
271.17252 321.029
272.17160 569.599
276.16721 719.109
277.13623 7825.42
277.63745 2243.17
278.13583 367.172
284.65875 512.787
285.13458 981.523
285.19141 1494.36
288.14914 683.662
288.20157 564.235
291.65100 556.577
297.15549 709.248
298.21158 939.848
299.17236 775.551
303.17886 354.191
305.15778 327.806
305.64685 26796.6
306.14789 8813.93
306.64737 1983.55
307.14542 367.324
312.04904 495.169
312.17731 328.401
313.18613 2958.24
314.18524 677.247
317.17490 1793.4
318.14658 1445.33
327.16812 6694.65
327.23895 451.707
327.66946 1976.69
328.14005 429.84
328.16519 393.26
332.19202 19876.9
333.19501 2764.02
341.16528 28910
341.66669 10159.4
342.13892 1390.14
342.16873 1834.56
342.66592 345.316
345.16956 11200.7
346.17233 2009.61
347.16681 323.259
347.84894 728.994
355.23276 1352.62
358.19022 349.713
363.86032 878.233
364.19391 771.394
368.16522 414.091
370.13916 328.457
370.20779 981.226
374.70700 380.921
374.86346 327.148
375.19720 640.695
380.87195 2946.45
381.20520 2163.55
381.54248 1057.58
383.70981 12148.2
384.21115 4758.69
384.71024 1560.17
386.87421 972.553
387.20935 400.973
388.70273 555.876
397.70724 11965.8
398.20862 5336.06
398.27148 562.403
398.70990 1594.98
400.22989 1212.2
404.69150 334.095
407.89395 473.402
410.02573 348.633
412.96524 532.401
413.20132 6004.02
413.26031 1145.8
413.56494 3478.6
413.69562 10589.4
413.89801 2433.91
414.20233 4378.56
414.28265 731.029
414.70123 452.587
426.27176 851.017
427.26584 759.307
428.03506 504.34
433.22391 349.313
437.20590 822.887
438.24008 875.334
439.23514 361.193
440.25494 1228.51
440.75519 724.002
445.27615 13720.9
446.27945 3045.31
447.28128 401.742
449.24054 463.44
450.27780 357.582
454.23419 5401.21
454.75143 1339.18
455.23709 1016.73
457.25067 2279.42
458.25391 450.224
465.20129 663.881
482.22833 20147.1
483.23013 4494.82
484.22742 1175.65
488.29440 359.611
489.76950 728.188
490.27139 333.139
502.26089 631.878
515.22992 402.464
525.27026 690.155
526.26990 552.246
544.27954 402.652
545.28583 600.909
553.26630 646.582
554.26691 369.582
558.35986 5240.45
559.36371 1607.69
560.35681 336.927
570.25781 344.047
580.25012 357.859
581.23480 713.347
582.23663 555.166
583.24902 995.496
591.29681 906.554
609.30670 357.127
610.28577 2518.92
611.28900 590.503
622.27106 414.474
624.27557 592.673
629.39618 3205.91
630.39960 1091.34
636.30054 536.578
638.30310 374.269
651.29382 433.471
652.27155 1069.28
653.33081 4907.6
654.33221 1676.72
655.33228 523.205
661.34991 757.048
664.29883 478.832
670.28174 333.926
681.32300 13076.2
682.32562 4289.52
683.32721 1227.19
686.41864 9413.7
687.42072 3249.24
688.42639 523.465
757.45410 3549.83
758.46088 1266.87
766.41272 5367.2
767.41370 2126.58
768.41504 513.347
789.44519 377.348
794.40796 8072.36
795.40997 3039.58
796.41046 753.343
879.49890 687.083
880.49744 432.622
907.48761 544.84
908.48090 328.515
