1382.72358 3
110.07115 21502.6
111.07407 902.913
112.11192 3839.29
120.08076 2113.1
124.11192 965.944
125.07082 4459.85
127.08640 2714.85
129.06721 635.385
129.10222 27612.9
130.08618 9372.2
130.10500 1477.98
132.10185 3503.08
136.06169 6318.93
136.07565 1536.69
136.08675 715.259
137.07111 1390.85
138.05542 713.593
138.06609 2245.92
141.13852 3375.82
142.12251 765.844
145.09720 3528.46
147.11278 15333.3
148.11618 781.657
152.10693 1946.57
153.06570 2747.84
155.08136 3824.02
155.11763 945.494
156.07590 649.704
158.11745 12539.1
159.07591 896.841
159.11258 1751.45
165.10223 866.657
166.04982 10174.3
167.05281 706.252
169.13356 4896.06
170.09238 708.964
171.07614 2283.76
172.10789 1991.3
173.09198 2093.36
173.12782 673.279
175.11838 1968.34
178.13354 816.401
181.10805 2100.23
183.07642 18879.6
183.11307 693.909
184.06956 1613.02
184.08191 1059.08
184.10793 843.217
185.09236 680.968
185.16483 4251.15
192.07623 1327.6
194.12798 872.183
197.12842 1305.63
197.16530 1032.92
198.12263 645.893
199.10742 1138.68
200.10298 17542.7
200.13847 1608.35
201.08722 653.97
201.10715 1615.86
209.10356 9057.72
210.16011 833.059
212.10263 1230.5
213.08592 851.053
213.15952 2887.02
215.13881 9064.49
223.15524 11296.2
224.10199 1158.78
224.15941 1171.74
226.11852 5319.44
227.10268 3227.28
228.09636 809.616
228.13449 752.17
230.11198 668.062
230.14957 2224.72
238.10022 1077.88
238.15483 41421.1
239.15843 5502.32
239.61900 785.322
240.13402 5345.87
243.13272 1980.76
244.12903 15796.6
245.13130 1454.8
246.61247 749.436
248.13023 4360.78
248.16019 6843.64
248.63347 1462.81
249.16330 725.206
251.15025 11718
252.13651 2264.06
255.12833 1993.07
255.64853 1201.44
256.09280 738.213
256.64590 1194.1
261.15601 822.662
266.14560 1667.83
267.14523 2900.79
269.16092 5857.69
270.16003 747.538
271.10382 1378.68
272.17215 1138.8
274.10278 1171.35
279.14554 829.016
280.12939 2497.6
282.05081 1265.9
282.15594 1081.11
283.14020 2655.52
284.08160 1079.22
284.09396 1288.39
284.16028 174598
284.21121 1307
284.22458 974.713
284.29849 694.977
285.16327 26212.8
286.16528 2330.95
287.17151 3039.77
288.60684 1050.08
292.14017 4563.07
294.64288 1391.16
295.14005 1465.2
296.12411 1249.2
296.64151 1422.98
297.11984 7715.69
297.15616 7064.53
297.62134 1649.95
297.67072 785.31
298.15701 839.587
299.09818 12731.6
300.10236 1056.96
301.15109 1531.67
303.17508 1023.91
305.18170 32602
305.63254 4400.1
306.13544 946.947
306.18481 4463.98
309.08380 864.457
310.15088 32850.8
311.15393 4518.77
311.66650 794.796
312.04938 1503.61
312.19223 2144.73
313.15021 5926.9
314.15613 845.364
316.67682 748.314
320.13641 765.59
322.18738 3679.33
327.09332 1273.18
330.17722 1668.68
332.20657 1800.22
339.12994 781.293
339.16559 686.858
342.20291 1019.71
345.62515 1172.7
347.20557 1845.22
350.21725 2914.68
354.14597 1314.49
357.21304 3217.09
358.15973 2461.73
358.21909 727.596
359.02832 908.9
364.16260 853.728
365.14362 1323.39
366.17789 1716.75
367.16318 3801.06
369.70441 1730.36
370.20844 815.698
372.18994 1462.8
375.18118 819.938
376.21198 2811.35
376.54691 1024.12
380.70303 6009.3
381.20810 2419.43
382.17297 4090.37
384.18732 15282.7
385.13907 1736.63
385.19397 1494.62
389.21646 11635.3
389.71774 4697.66
390.21539 1118.98
392.15762 1492.08
392.19742 948.154
393.18753 8081.71
394.10126 1376.68
394.16223 740.858
394.19913 873.929
394.69879 1042.43
395.12350 817.885
395.19925 2331.39
395.23630 2929.05
395.68857 732.786
397.07541 1941.02
398.21887 1468.88
402.19699 2908.3
403.17596 2479.28
403.70538 11314.6
404.20694 4848.45
404.70999 856.105
405.22635 758.879
408.87152 748.339
409.17493 723.666
410.16687 30108.5
411.16806 6034.78
412.21588 19766.1
412.71841 8411.1
413.22000 2848.8
416.51187 953.212
418.68793 1016.13
419.18610 764.024
420.20804 20950
421.18161 16844.7
421.72211 1348.62
422.18594 3049.79
423.23456 9679.08
424.23969 2482.45
426.23517 774.435
427.19315 24032.1
428.19846 3433.42
428.56226 1591.35
429.19711 1199.44
429.69168 4093.2
430.19220 2134.53
431.89746 1201.42
432.23010 798.127
438.20444 13109.6
438.70490 4371.72
439.21155 2005.7
439.24063 2016.35
443.69241 1186.5
444.18097 1324.02
444.68768 851.072
446.21143 1213.83
450.23218 1019.44
450.56372 916.175
452.20074 1853.36
452.69440 5818.68
453.19510 2415.83
454.17166 735.969
457.18762 1012.62
460.21759 1448.11
461.20746 12983.6
461.70761 6747.63
462.20093 1803.76
463.23840 796.135
463.30188 1515.96
464.22122 1236.05
470.22083 910.574
472.28540 1900.85
474.21039 2656.72
475.19092 2900.53
477.23914 1159.6
478.23154 2388.1
479.19501 872.75
480.15524 794.067
480.77875 723.687
481.24722 2759.28
482.16476 3603.25
482.25778 965.863
486.25812 931.567
488.27081 1104.34
491.23553 3154.07
492.21695 2381.16
494.26642 2091.58
494.32809 811.718
495.25635 10462
496.25867 2843.58
497.17413 915.097
497.27075 2497.72
497.77017 1160.18
498.22318 858.092
504.29654 738.393
505.24152 2466.66
506.27597 41584.9
506.77786 19001
507.27768 7453.94
507.77985 1192.38
508.14407 4317.02
509.24567 7668.38
510.15820 1809.77
510.24930 1632.03
512.28235 29596.3
513.28546 7448.9
514.29584 949.536
516.26483 1248.64
522.24585 1577.65
522.31067 5289.41
523.25067 22699.1
524.25250 6264.77
524.77820 737.857
525.17053 8576.03
526.17035 1704.25
530.29346 1994.06
531.24176 7057.07
532.24335 1889.51
533.28772 2483.06
534.26611 11990.6
535.27008 3198.69
540.27734 34269.6
541.27991 9876.05
541.79626 4934.83
542.20062 933.82
542.29700 3932.84
542.80035 846.497
549.25116 23218.9
550.25458 5100.35
551.30316 1277.06
552.78558 1705.18
553.29309 988.441
558.28546 1811.6
563.29034 923.101
570.32025 740.274
580.30750 2920.3
581.30719 1870.75
583.31531 2696.31
583.81604 1262.43
587.29230 1343.45
588.27148 837.784
592.32013 13454.9
592.82062 8028.83
593.23175 6404.52
593.31781 3055.64
594.23889 1997.74
594.34119 1037.07
597.29724 1306.2
604.32245 865.99
605.35431 941.175
605.88617 1317.55
609.29810 2983.37
610.25842 34087.3
611.26105 9073.77
612.26270 1349.62
615.32532 1648.77
617.32031 1775.78
620.24530 1255.85
621.22766 7254.37
622.24005 1757.5
622.33044 4309.93
623.33179 1737.9
623.89587 1492.05
626.31757 1817.78
627.29999 872.792
629.82416 1473.16
632.35431 1010.9
633.33527 11483.4
634.33832 3501.18
635.39606 1277.51
638.25690 15641.5
638.83124 9360.75
639.32343 6284.5
639.83319 2385.35
644.32458 3597.35
645.32349 1382.29
647.34485 4684.84
647.83600 26145.9
648.33679 15138.7
648.83862 6230.37
649.34271 2232.33
656.35187 1477.63
656.85382 821.77
662.33539 45194.7
663.33752 14386
664.34021 3018.18
677.32422 1343.5
678.31177 2307.95
679.30865 741.633
690.25269 1336.99
692.33197 1245.43
694.34119 791.343
695.33826 3752.75
696.33398 1180.5
697.40851 816.431
704.37885 784.442
707.30951 3403.32
708.35376 1002.81
710.34711 1473.2
721.39886 2398.64
722.40338 891.055
735.42743 1323.07
743.39331 5119.92
744.39697 1799
746.41809 4240.89
747.42279 1646.83
752.34613 983.684
761.40350 65360.9
762.40546 24548.7
763.40826 5122.75
764.42291 1887.54
777.36896 748.078
790.30475 926.891
847.42902 732.783
856.47815 3261.97
857.48260 1466.61
865.44098 774.527
874.48761 40322.8
875.48755 18580.9
876.49139 5009.11
877.49023 1150.87
879.46167 1508.95
880.45398 720.619
936.47827 985.86
972.47571 783.267
990.49109 3134.4
991.49042 1479.14
993.52155 851.036
1011.54639 6303.16
1012.54767 3442.12
1013.55182 934.382
1047.50745 1284.12
1082.58289 1576.04
1083.58240 888.256
1130.56213 719.756
