3578.63588 4
110.07040 754.968
120.08056 490.449
125.07048 905.562
129.10191 2657.12
130.08626 822.597
136.07545 1234.48
147.11235 2140.76
156.07654 660.705
159.09161 885.656
166.06047 1190.46
175.11847 607.273
213.08574 496.717
221.10268 3571.03
229.11725 767.924
239.11340 1794.73
240.13365 972.101
249.09766 13407.2
250.08327 2635.14
256.14383 2927.12
257.14667 547.577
258.14468 1006.82
263.11346 482.089
267.10797 27765.9
268.11176 2977.45
272.17157 685.996
284.13879 5604.26
285.14014 753.597
316.12854 628.275
347.19128 859.245
355.16290 479.614
364.15964 1007.42
413.18069 6744.28
414.18442 1552.4
415.19623 799.683
418.23038 771.297
484.25693 957.1
489.26736 961.738
502.25528 1857.62
502.75568 615.264
512.24890 6435.45
513.25311 1880.6
514.24591 509.374
541.29950 770.703
544.21594 537.639
550.23682 547.823
566.77472 918.609
567.28583 1174.86
615.29382 690.906
617.32233 1230.18
623.31976 1052.17
623.81622 731.638
643.28827 4168.87
644.29108 1624.95
661.26648 1052.6
679.27716 1113.86
687.84283 1204.93
688.33838 702.215
746.36438 1701.16
747.37488 875.431
760.33887 1059.59
762.40906 1358.75
762.90277 3707.65
763.40680 1830.46
763.90759 1083.47
778.34973 1544.13
779.34930 694.157
800.88831 6062.58
801.38702 5052.55
801.89014 2773.43
820.06250 2733.27
820.39526 4622.13
820.72791 2482.06
821.06488 1342.37
821.39789 569.793
824.89380 625.323
828.88947 6999.74
829.13922 13098
829.38928 14925.2
829.63873 10225.8
829.88983 5629.21
830.13867 1891.94
830.37927 623.271
845.96802 2486.68
846.47009 2231.21
846.97626 1158.55
855.37225 579.221
856.88293 563.099
857.39410 1795.28
857.89160 769.39
858.40417 1041.26
858.90308 962.107
859.14752 1429.7
859.39758 1319.87
859.64935 929.975
863.16785 585.296
863.40186 2562.54
863.65259 1566.3
863.90198 1150.3
864.15747 681.551
875.40857 3121.49
876.41388 1544.69
877.41870 933.85
885.97400 845.576
886.42621 661.949
886.92047 1123.24
887.16101 632.814
887.41449 581.351
890.39301 796.27
890.90967 7928
891.18036 11487.8
891.41516 20630.5
891.65735 11297.4
891.90753 7657.09
892.17212 2984.7
892.40369 1007.97
894.45898 1527.92
894.78558 729.41
894.95917 6824.95
895.42621 14617.8
895.66315 19432.1
895.91302 21145.1
896.16553 16489.2
896.41223 12731.9
896.65350 3714.22
896.92242 2092.16
909.38953 1431.58
910.38885 706.311
925.68854 614.107
934.43774 2177.64
934.76782 4039.34
935.10327 4197.95
935.43768 1938.19
935.77429 860.719
967.45392 2480.15
967.79279 3885.33
968.12518 2626.28
968.45667 2078.92
968.78271 734.266
980.93939 819.595
981.93616 779.556
982.43384 647.273
989.94592 1229.9
990.44177 1445.23
990.94269 695.205
991.44641 699.092
999.55280 535.255
1003.50232 2038.89
1004.49957 1484.71
1005.13379 1159.24
1005.48291 911.273
1010.47577 3301
1010.80627 4870.55
1011.14050 4618.36
1011.47699 3488.61
1011.80127 1465.58
1017.97852 802.664
1018.47144 907.571
1018.97144 640.836
1034.95618 551.392
1035.45642 615.872
1054.50269 551.183
1055.50549 535.702
1056.80762 618.683
1067.15784 943.609
1067.49744 595.369
1067.81653 643.69
1070.45056 647.606
1070.62073 701.711
1071.59888 769.001
1072.48999 2143.12
1072.83044 4024.48
1073.16675 3844.71
1073.49878 2074.82
1073.82776 822.304
1091.50891 2551.56
1092.01709 2222.74
1092.50732 1304.95
1094.49988 820.898
1098.84558 579.188
1099.16748 1203.68
1099.51355 1590.81
1099.84399 1241.14
1100.18945 860.126
1103.47156 1091.28
1104.01392 639.796
1104.85059 19591.8
1105.18372 34185.6
1105.51697 34094.5
1105.84985 27177.1
1106.18042 14389.3
1106.50854 5588.47
1106.83557 1602.96
1121.47021 974.466
1132.54932 1686.25
1133.54041 1082.82
1134.55029 650.112
1145.50635 857.049
1155.53833 970.937
1156.02771 564.311
1156.53845 854.534
1158.49280 726.776
1159.00928 1050.49
1159.50256 789.551
1167.50012 1593.61
1168.00867 1278.82
1168.51831 1102.04
1169.01367 721.769
1173.05078 1241.13
1173.55798 1635.52
1174.05200 1246.94
1174.52246 746.409
1201.53601 636.579
1216.05945 643.333
1224.54529 1221.59
1225.05457 762.212
1229.58643 2075.28
1230.09106 2344.82
1230.58569 1325.27
1231.10364 751.215
1234.55981 636.215
1245.63586 559.935
1263.57349 817.809
1279.54578 562.655
1280.06323 715.758
1280.58386 597.295
1287.60278 586.632
1288.09509 693.105
1288.58118 983.257
1289.07996 1493.71
1289.56946 935.908
1290.06091 569.844
1327.12769 1160.51
1327.61951 1268.47
1328.61194 798.005
1335.63049 12906.1
1336.12891 18267.2
1336.63025 12958.2
1337.12964 7669.81
1337.62488 3073.63
1338.11560 667.691
1392.65784 665.59
1401.14819 4579.08
1401.64929 6843.96
1402.15173 5236.94
1402.65039 3591.33
1403.14819 1865.27
1450.68506 2722.22
1451.18506 4472.21
1451.68567 4078.51
1452.18665 2673.36
1452.67358 1220.13
1506.20911 660.376
1506.71252 1014.9
1507.21497 863.561
1507.73657 574.23
1515.20569 3480.44
1515.70642 5996.96
1516.20801 5065.83
1516.70593 2788.51
1517.20862 1457.81
1517.71631 611.66
1600.77722 876.931
1601.75525 630.17
1608.74438 1146.52
1609.25525 1340.01
1609.74316 648.28
1712.76123 805.906
1713.74243 880.603
