1935.02849 2
120.08022 1520.63
129.06546 352.14
129.10178 636.749
130.08577 454.129
136.07518 335.216
140.14276 278.121
147.11221 927.383
157.13263 195.347
158.09167 526.803
159.09015 287.388
171.14862 251.853
173.12721 212.821
175.11801 361.982
183.11205 1111.65
185.12735 281.266
185.16403 422.987
186.08678 1706.72
187.07034 967.156
187.14375 252.195
191.11803 229.675
199.14362 329.452
200.13849 756.163
201.12292 392.287
211.10698 610.089
213.15901 380.221
215.13860 466.696
219.11209 829.626
219.14912 356.051
226.08142 336.584
228.13342 3084.51
229.11787 692.569
230.07581 217.983
240.13322 650.051
243.10771 869.479
243.13292 483.358
247.14284 531.556
254.07701 217.346
254.14935 424.294
258.10773 1895.31
258.14362 1327.87
262.11737 886.305
269.08713 312.533
276.15369 999.709
282.14349 276.301
282.18042 654.702
286.13861 1636.73
287.09637 261.88
287.14169 201.389
294.14304 247.105
299.17004 984.51
300.15421 260.884
304.16431 263.475
311.17044 843.423
312.15289 663.91
318.18045 737.537
325.15216 241.575
327.20181 310.087
329.18060 525.463
332.19360 346.249
333.19107 501.181
339.16516 1033.24
341.14285 245.164
349.15155 235.714
353.21619 231.614
355.12247 999.534
356.19177 318.293
357.17538 1280.95
361.18539 950.08
367.16107 195.188
371.13467 205.625
371.19611 212.568
372.15033 1902.92
373.15192 273.192
375.20139 227.681
377.14520 649.723
383.11887 381.567
383.19229 196.49
385.20645 319.416
388.15765 383.575
389.14359 215.185
389.23947 808.646
406.17081 692.849
408.19019 382.929
409.16595 255.735
410.23959 294.352
411.22156 251.191
416.15555 613.65
422.20258 415.763
423.18723 261.51
426.19699 381.348
434.16455 919.85
436.18118 283.688
440.21304 599.519
442.26971 227.541
443.22803 264.357
450.19662 276.956
454.18994 657.136
456.24283 265.482
457.24158 367.751
458.20316 256.366
460.27542 1683.96
461.28076 354.849
465.24976 196.827
467.22470 337.358
468.20554 966.646
471.21777 671.062
472.22064 226.262
482.18695 213.929
485.23480 721.988
486.23325 194.228
487.22852 196.707
488.21194 464.562
502.22781 430.962
505.24054 628.739
508.25690 271.675
515.22290 499.416
519.25415 467.121
522.26483 307.566
529.23755 255.54
533.23297 861.226
539.28070 779.917
547.24628 423.973
549.26367 205.024
553.25208 205.714
556.31299 275.397
567.27710 769.543
579.29279 440.275
584.30206 450.253
601.29602 406.298
607.34247 2137.8
608.34778 650.585
614.32941 284.124
618.32440 520.932
628.30859 298.61
646.31512 535.439
662.29315 201.88
666.33655 279.054
680.29480 234.439
706.41022 508.194
707.41449 260.657
733.32343 304.99
751.33575 378.647
864.42200 252.26
967.51349 494.692
967.67181 728.754
968.09113 266.443
968.67303 498.174
969.66602 1476.8
1139.56738 781.447
1140.56494 418.339
1252.66321 336.411
1253.65430 304.972
