2774.42704 3
110.07111 924.53
120.08029 1284.4
127.08611 428.599
129.10204 1975.85
133.04272 1111.92
136.07561 1115.14
140.01021 445.277
141.10185 416.848
143.11705 355.118
147.11237 620.257
155.08125 552.725
157.09680 481.033
157.13272 386.715
159.09161 765.853
167.08073 447.666
169.13324 523.715
171.11258 540.444
173.12881 454.278
175.11870 2547.45
183.14775 378.325
185.09187 1092.41
185.12811 592.142
197.12865 909.06
199.10664 395.389
201.12297 1103.25
212.10226 735.995
213.08731 364.6
215.13876 641.753
224.10349 336.011
226.11749 389.659
226.15486 1377.68
227.10265 684.357
227.17439 347.557
228.13333 490.627
229.11668 357.972
242.14977 579.565
243.13336 778.254
244.16496 350.444
245.07751 438.219
246.12802 353.871
256.12897 411.716
257.15952 495.708
259.09122 354.27
283.10477 470.367
283.14215 387.806
285.15567 528.836
288.20139 464.452
296.12326 2248.51
296.19611 809.907
297.15598 557.312
298.13742 446.672
311.17029 503.736
313.18686 1128.95
321.15433 372.499
322.07919 1270.44
327.16452 546.957
338.18188 961.285
341.14471 766.283
341.21616 368.634
367.16104 574.96
367.23367 847.815
374.11502 499.764
375.72955 1071.07
396.18677 442.538
398.20450 532.518
401.28726 413.762
414.19824 819.036
424.18604 486.822
432.27008 569.876
432.77039 515.352
438.27057 1034.71
440.73502 486.876
450.19626 611.622
466.24103 866.022
475.78357 642.495
495.28793 492.292
505.20474 504.781
509.31183 756.624
521.23383 2103.23
521.34674 410.566
522.23529 413.693
525.30219 369.44
527.28442 579.708
541.30511 551.053
548.17493 436.944
551.35272 645.046
573.31848 500.194
578.25507 656.219
592.37286 491.239
601.40369 625.297
608.37500 1752.2
609.38458 609.404
626.26923 4240.04
627.26978 1111.63
649.29175 844.895
663.41675 679.518
671.82947 500.002
672.33221 378.103
679.40875 1392.19
680.41644 456.042
697.30707 9161.69
698.30994 3325.1
699.30994 901.102
713.35492 412.819
730.44482 515.195
750.44977 3934.43
751.45477 1327.04
756.39905 733.745
756.89520 442.347
761.40430 375.756
765.40002 1646.05
765.90369 1570.04
767.44342 374.69
769.90063 680.787
770.40613 718.456
790.91278 670.552
799.91376 3353.89
800.41388 2286.41
800.91852 651.321
801.48199 1630.1
810.39215 7124.39
811.39618 3205.54
812.38416 767.221
858.41388 1000.73
863.53552 3748.42
864.53497 1567.62
865.54132 434.046
876.94708 674.046
877.45538 787.835
881.42773 8682.08
882.43066 4127.03
883.42480 1118.26
891.46869 668.655
914.02454 698.48
914.52557 448.415
924.41949 938.932
924.98871 476.222
925.45587 1076.45
925.93250 854.948
926.46527 2951.55
926.91248 470.597
927.46722 591.366
932.52374 1672.47
933.53662 636.959
950.57190 803.866
979.55109 468.455
993.49359 404.033
994.51080 6217.35
995.51678 3250.53
996.52142 1299.85
1003.56024 1981.64
1004.57745 607.553
1007.58228 689.293
1076.61475 464.745
1078.61047 1129.83
1079.60510 567.192
1085.54138 1270.18
1094.62610 769.155
1095.62622 478.868
1102.52234 410.632
1104.60974 3118.8
1105.61328 1305.27
1106.58630 617.034
1123.55481 6992.27
1124.55847 4099.71
1125.55664 1375.06
1175.64465 1362.57
1176.64160 668.966
1232.66626 5029.49
1233.66956 3026.21
1234.67444 807.942
1236.64355 1756.23
1237.65186 1017.27
1238.64905 461.525
1254.66443 753
1255.65637 676.032
1285.64880 461.139
1293.66528 2234.47
1294.66321 1411.6
1295.66199 398.562
1303.70435 3906.76
1304.70520 1812.24
1305.70398 483.732
1313.60010 655.052
1314.59509 597.695
1342.65759 882.243
1350.68811 2863.11
1351.68689 1839.02
1352.68982 978.845
1359.72290 782.98
1360.72656 403.993
1367.75037 720.042
1368.73608 526.836
1386.70239 470.942
1407.70496 7217.55
1408.70544 5715.89
1409.71204 2281.98
1410.71045 433.093
1424.76392 446.132
1432.76672 421.762
1520.78943 1455.37
1521.79590 1258.74
1522.79211 471.743
1529.80298 1649.75
1530.80872 1052.01
1531.78210 428.246
1538.80786 527.969
