2595.35610 4
110.07105 9066.85
120.08051 21065.1
129.10207 20067.9
143.11766 23024.9
147.11250 24210.4
171.11215 8783.46
185.16449 14583.2
187.07077 18948.9
201.12297 56774.8
202.12756 4236.44
205.10007 5393.99
213.15948 11639.7
229.11798 72455.2
233.09579 5759.23
240.13367 5389.52
253.09236 6176.16
254.14896 5839.23
257.13165 5938.64
257.16031 11520.2
258.14471 18966.2
272.15854 5890.75
275.17072 21811.3
282.14441 5599.22
286.13937 39192.9
300.15469 28307.9
302.15134 7564.64
316.13232 8824.35
337.18637 13301.3
341.16922 6545.62
349.68365 26626.7
350.21585 21749.8
355.19626 5160.43
363.67920 5984.89
367.13159 5406.38
369.68109 5730.57
371.22876 15198.7
376.21811 31808
377.22046 5219.04
378.19473 18920.8
378.69855 5687.99
383.18643 8196.26
383.67947 22036.7
384.18420 8726.51
392.19229 38941.2
392.69333 16117.4
399.22269 10808.3
403.20041 10075.5
413.18314 6548.52
426.22046 7112.19
431.19403 5565.1
434.57230 4812.41
434.73654 36864.1
435.24359 63995.6
435.74539 24459.2
436.24667 7422.98
440.22040 15900.2
440.72253 7027.61
447.25754 19348.2
448.25729 6457.97
448.73422 40687.3
449.23431 14456.8
449.73639 5532.81
454.26624 5647.26
465.24414 17252.9
466.25409 5270.85
468.22821 8862.73
484.27191 6541.41
484.77692 19077.9
485.28214 9915.01
486.23975 9548.04
489.75500 8525.71
496.22134 5206.64
498.26791 15956.4
498.76877 8622.36
505.25922 4585.16
510.26740 6009.28
522.27301 10834.6
522.60980 7634.05
526.30072 7520.8
535.30359 44644.8
535.80475 22472.6
536.30634 9071.93
548.30310 62055.6
549.30426 13430.5
562.79272 6772.77
567.29767 11574.6
567.63660 4526.39
568.30719 4689.31
570.26672 6821.33
571.22150 18012.3
572.22638 6169.4
576.82123 14817.5
577.31354 10464.5
579.28925 31585.9
580.29291 9870.41
581.29907 4564.69
585.30725 8970.18
585.82599 149780
586.32782 91989.3
586.82892 30367.8
587.33136 6404.18
591.30017 9567.3
591.79871 4416.01
597.26727 8633.43
623.34998 5472.87
636.30945 7006.54
641.30383 6897.26
642.34406 23909.2
642.84082 15521.8
643.33618 8274.13
649.41406 5018.1
651.34668 205352
651.84772 129322
652.34882 56010.3
652.84644 16533
656.30994 8920.54
661.38733 38747.5
662.39063 12410.9
667.28369 8059.64
670.29083 6089.23
684.30902 43099.4
685.31165 15281.3
696.33582 5198.06
698.36035 10844.2
698.88159 8108.18
699.38031 10018.5
707.88757 55649.5
708.39246 41944.9
708.88953 22512.2
712.30542 16563.6
713.30499 6500.51
714.33417 5070.8
718.38507 7906.55
718.88751 10871.5
719.38708 5307.05
719.88776 4621.94
723.37976 6863.49
724.38434 5803.67
726.35553 48326.8
727.38818 26164
727.89465 27005.7
728.39679 16650.2
728.89008 5776.44
732.42578 76339.7
733.42932 26180.4
734.43396 7137.6
736.39911 360352
736.89929 260077
737.40076 142646
737.90143 40570.5
738.41376 5348.36
740.37402 10283.3
741.38159 4857.77
749.39575 5084.03
754.39288 7135.04
755.38379 19122.2
756.38824 6980.7
765.36536 5704.5
766.35114 28456.1
767.35565 12889.9
782.92078 16793.7
783.37616 384443
783.89655 7143.74
784.37988 160067
785.38141 37975
791.91577 99264.8
792.41638 84452.2
792.91656 38437.2
793.41479 16486.1
795.43390 6667.23
797.39050 10034.2
800.92065 264279
801.42047 212647
801.92120 116139
802.42322 34725.9
811.40973 8700.87
832.44580 13271.2
832.94324 8149.6
833.45032 6508.3
841.44708 16612.8
841.95245 8473.31
842.44983 4844.67
850.45422 105845
850.95502 106336
851.46143 57089.2
851.95837 15941
852.46832 10194.3
868.46753 73307.5
869.48163 178188
870.48535 69445.5
871.48969 17894.3
878.45453 10115.8
879.43463 27349.9
880.43915 13433.3
882.44720 12857.7
883.45056 5409.08
896.45978 411520
897.46356 206097
898.46808 59091.3
899.48285 10094
906.98987 6536.45
908.47992 5073.15
924.49323 14159.9
925.49567 4954.97
926.48364 5405.87
940.45282 7635.7
967.51300 4705.29
968.55518 49630.3
969.55664 25860.1
970.56311 6847.03
995.52966 72574.5
996.53186 43482.1
997.53406 12554.3
1009.49762 5542.39
1011.49292 9120.94
1025.53210 10582
1026.54041 5373.78
1053.53540 10756.5
1054.54993 5130.67
1069.59900 52131
1070.60046 26876.4
1071.60974 10049.3
1078.56299 5465.75
1096.56372 7315.47
1124.57349 10021.2
1152.62366 9736.02
1153.61304 8374.52
1154.61572 7307.66
1155.58203 6736.2
1170.64465 61498.3
1171.64526 39131.2
1172.65173 11739.8
1179.63696 5855.26
1181.59375 40403
1182.59595 24015.1
1183.61438 8651
1197.62842 7298.33
1207.60925 4832.82
1294.67798 7978.46
1301.68689 26501.4
1302.68127 18907.3
1303.70227 7414.35
1308.66431 7354.22
1325.67261 8616.55
1326.66980 8096.9
