1628.70737 3
110.07102 7848.94
111.07436 291.795
112.08664 329.055
115.08654 281.403
116.07027 329.931
120.08049 7645.46
121.08395 527.521
129.10216 1725.47
130.06491 3527.64
130.08583 497.174
132.08061 1735.98
136.06161 3921.95
136.07549 7629.24
137.07909 470.621
143.11751 385.075
147.11264 971.414
156.07547 358.445
156.11249 423.608
157.06059 811.679
157.09782 383.082
159.09143 27130.5
160.09479 2911.01
167.08130 2917.96
170.05975 3669.18
171.07570 894.015
171.11305 347.17
173.12833 2055.62
175.11865 6212.21
176.12277 302.293
183.11237 334.517
183.14870 2356.28
185.09184 15865.7
185.16415 594.647
186.09560 1319.62
187.08601 852.688
187.14371 12616.3
188.14746 889.027
195.07602 3088.93
196.06009 2809.82
197.12837 288.324
199.10629 288.843
199.17955 756.766
201.12317 1290.53
202.08624 493.254
207.11360 295.696
211.14381 1232.02
212.10333 311.203
213.08667 8937.52
214.08943 961.509
215.13853 3936.43
216.14273 411.065
217.09683 453.658
221.12802 863.161
225.09799 1173.54
227.17516 519.922
228.13281 347.027
229.11792 791.314
233.16484 290.747
239.11279 575.153
240.11690 298.019
243.13379 411.883
244.16536 794.613
248.10645 428.334
249.15916 536.529
250.12157 1032.93
250.64461 2967
251.14616 897.517
252.09647 663.588
252.13423 504.659
252.16829 469.618
253.09291 1722.59
253.16478 319.658
256.14395 3681.48
257.14651 437.699
260.10651 458.505
265.11780 5522.72
266.12375 951.564
270.12943 558.969
270.19250 391.938
271.17612 1504.17
272.17310 347.686
277.13455 947.141
279.61865 372.15
280.16498 1165.34
281.09027 305.777
284.13892 3841.18
285.08685 384.206
285.14133 635.28
288.12717 962.957
288.20236 43556.1
289.20581 5937.68
290.20831 599.212
293.11240 3495.69
294.12314 6673.99
295.12521 1227.82
298.11887 864.735
302.11319 635.979
303.17743 587.551
303.21350 582.798
305.12766 3614.42
306.12921 659.583
307.68384 1227.61
310.16858 615.448
311.17108 379.426
319.17365 5157.81
319.67542 1734.87
322.15463 6943.6
323.15695 1295.6
326.17023 361.922
332.13525 664.234
333.12292 1320.71
339.16650 776.099
350.14764 3996.45
351.15173 680.756
357.22491 311.654
358.15878 669.543
359.16696 399.589
364.12775 1038.38
367.68216 343.708
373.23172 892.692
375.23349 1313.37
376.68692 1700.03
377.19025 551.784
378.14178 2153.01
379.14502 420.695
381.15350 846.366
385.14948 530.011
385.21985 345.998
386.20105 620.829
399.16553 4118.66
400.16931 836.066
402.24414 1060.48
403.22739 2429.74
404.23245 441.208
411.17938 314.764
413.14578 782.623
416.29581 796.901
416.74518 696.434
417.24835 632.911
419.13370 369.179
419.24020 554.671
421.15735 381.453
431.15601 468.005
434.17062 409.395
438.48825 326.422
438.98264 404.476
439.17169 2095.94
440.17444 678.487
440.24399 506.05
441.19543 524.501
444.15292 333.039
447.20151 772.239
457.87448 329.322
458.20145 329.798
460.25305 606.148
460.72250 926.365
461.21478 2659.83
461.71664 1155.93
462.16898 764.447
465.17166 654.706
469.72656 5933.01
470.22824 2702.34
470.72836 960.118
478.26532 397.824
479.19174 1992.26
480.19611 595.572
483.25546 1400.34
484.25876 341.085
486.22177 495.162
486.27209 559.335
490.28232 315.362
500.28177 24025.9
501.28461 6316.2
502.28876 1107.91
503.32935 5992.4
504.28687 2432.47
505.23190 1578.4
505.56586 1500.08
505.89987 471.46
510.29620 391.917
515.32898 1388.98
516.23560 514.352
516.33411 408.396
516.74091 418.426
522.20850 2012.21
523.20764 439.341
525.24323 5649.49
525.74426 3295.26
526.24298 1005.77
531.29187 2289.55
531.89667 464.777
532.29077 901.874
533.30615 622.123
534.24750 4408.46
534.75177 2590.61
535.25385 1080.12
540.21643 739.669
542.27856 1102.1
542.78107 409.177
543.28021 928.418
543.34375 410.315
543.78101 438.734
544.19873 325.065
544.27045 593.136
544.33563 519.2
544.79968 502.557
548.29767 387.191
549.30194 3113.95
550.20215 1318.84
550.30444 1407.67
551.20215 348.553
555.25116 520.954
558.23236 2164.64
559.23706 584.371
562.23102 546.886
567.81812 371.13
568.21234 995.825
571.74969 445.61
576.25165 855.834
594.21857 1600.48
595.21423 564.65
597.76721 602.103
598.26343 489.921
603.24487 327.73
606.77277 833.146
607.27277 810.836
607.77142 423.774
613.75037 334.297
614.36157 1326.17
615.36139 474.116
615.77960 9644.78
616.28046 6188.27
616.78198 2269.39
617.35669 1018.28
619.34198 641.074
620.31427 622.785
624.84949 1165.31
625.34711 773.82
629.26465 1048.31
632.37164 10413.6
633.24658 439.951
633.37463 3838.57
634.22473 688.339
634.37909 771.789
637.33984 20820.3
638.34253 6861.8
639.34650 1139.16
643.27911 332.471
644.37152 3914.01
645.37360 1271.68
647.27759 1321.69
650.35394 532.53
650.85596 381.831
651.24933 1719.9
652.24811 419.336
659.36090 1446.04
659.86285 873.231
660.36761 478.737
673.35449 507.234
673.85706 433.732
691.29663 516.498
691.80066 400.32
696.37158 2093.12
697.37476 839.27
698.37909 343.235
700.30542 3350.7
700.80798 2838.56
701.30920 1081.17
703.28229 2522.08
704.28815 1171.19
704.37878 948.691
705.39716 522.267
708.81989 2735.84
709.31891 1828.44
709.81860 881.406
710.32330 337.193
715.89972 491.851
716.40466 528.33
716.91180 449.543
727.44989 325.383
731.27625 2878.09
732.28113 1102.27
734.35583 460.555
735.34576 453.134
739.89948 535.03
740.90668 736.87
741.39270 720.008
741.91119 513.443
742.91644 329.437
745.45618 4346.41
746.45856 1916.36
747.46729 392.139
748.36829 429.03
752.36688 8386.85
753.36957 3019.7
754.37360 799.428
759.39789 6279.13
760.39905 2263.03
762.27960 2049.64
763.27655 1164.9
765.39465 1355.52
766.41833 337.612
780.29266 2449.33
781.29034 1132.26
783.40308 1327.4
784.40942 817.145
809.47638 437.618
814.47827 753.235
815.47473 501.19
832.48755 6515.92
833.48975 2959.24
834.49408 872.562
855.46161 410.351
863.36664 760.904
864.36835 350.033
872.48016 15111.6
873.48334 6732.9
874.49023 570.487
877.34338 965.211
878.35254 630.906
889.36060 620.401
890.35657 356.552
900.32782 649.238
917.35394 1262.46
918.35645 651.479
920.43585 523.771
921.42126 692.025
925.35748 570.92
926.33624 328.325
938.44556 9877.96
939.44733 4666.65
940.45325 1407.56
943.35577 4166.54
944.36041 2538.82
945.36755 728.184
961.54028 347.242
979.55597 2135.71
980.55951 1360.47
1003.56091 521.907
1049.48499 1079.01
1050.47205 454.775
1050.61060 1080.03
1051.60583 703.931
1052.60193 371.532
1067.48779 6667.33
1068.49170 4016.44
1069.49988 989.94
1094.39392 339.014
1112.40869 2355.21
1113.41162 1226.96
1114.41113 484.242
1129.43311 1826.98
1130.43420 976.969
1131.44275 393.972
1151.63354 618.044
1152.65320 486.238
1230.55054 2685
1231.55408 1701.35
1232.55359 629.771
