2576.25591 2
120.08023 1747.79
129.10175 1773.77
136.07520 585.675
159.11223 6093.84
175.11824 6532.69
183.11180 452.342
185.09090 655.778
187.10710 5375.34
187.14383 463.675
199.06990 560.393
201.12183 465.305
203.10196 2048.69
213.08627 1891.11
215.13852 587.181
216.09779 1008.58
217.08180 605.332
231.09715 5079.04
232.10071 586.152
256.09030 508.069
261.15784 633.601
270.14374 4574.38
271.14603 432.704
274.10150 640.074
286.13965 761.086
286.18628 1136.58
288.08136 1606.43
288.15405 2888.44
289.15524 827.885
292.16455 1305.44
303.21332 1629.31
312.15466 462.244
317.14481 729.144
340.15012 609.988
353.10791 486.206
371.11826 1976.02
371.19101 536.412
381.17401 722.54
387.18655 831.547
389.12735 1409.27
399.18591 2700.21
400.18576 563.787
417.14142 576.341
417.19489 976.575
435.14899 1728.14
436.14847 453.667
449.24716 1610.86
466.27585 3094.08
467.28064 659.343
484.20599 722.816
500.17615 523.749
518.18158 950.855
531.21936 465.799
536.19617 714.542
548.32086 631.117
565.34406 2404.89
566.34399 554.706
585.25433 626.173
603.27295 498.656
629.22144 649.01
647.22687 716.769
661.40259 584.532
678.42688 11210
679.43079 3784.73
680.43573 699.303
776.42609 482.376
793.45697 923.282
794.46021 512.898
833.43921 487.273
834.34949 476.303
850.47406 4826.83
851.47723 1992.25
963.56335 2460.67
964.56049 1239.41
1047.57690 462.257
1064.60657 3471.03
1065.60754 1777.28
1195.64282 3031.04
1196.65295 1855.69
1197.65588 695.657
1296.69421 2526.53
1297.69690 1743.76
1298.70911 699.554
1393.71570 1174.12
1394.70532 933.095
1410.73682 2934.78
1411.73535 2104.49
1412.74597 660.38
1467.75476 773.898
1468.77942 469.932
1494.76660 1147.44
1495.77026 976.928
1511.78406 5391.81
1512.78784 3995.09
1513.78906 1703.59
1624.88611 1013.7
1625.88208 993.628
1626.87622 473.377
1725.90662 1384.09
1726.90100 1054.08
1727.92395 516.566
1897.97559 884.135
1898.95325 713.92
1899.97778 523.684
