2445.96347 3
120.08045 27253
121.08391 2240.66
129.06551 1890.81
129.10193 18102.9
136.06169 883.923
136.07541 6992.89
147.11282 849.253
158.09146 896.556
159.07675 852.521
165.10178 4279.5
171.14880 2502.28
175.11856 5090.17
181.06038 911.206
183.14880 7450.69
187.07103 1197.88
198.08771 1421.14
199.14371 1296.84
200.17503 1487.18
210.15967 1614.85
211.14369 927.699
215.11507 933.478
216.09744 7100.19
228.17049 3183.73
231.11238 1403.26
232.13979 11273.1
240.13329 924.616
241.08153 2259.04
245.07582 1323.07
247.14343 1158.31
248.13741 1100.59
251.10176 3387.47
258.10754 2417.65
259.10794 2661.98
276.13358 8365.94
277.13690 1312.75
279.09637 2955.61
296.08679 2717.17
299.24347 1935.54
300.08185 2683.32
309.22733 2729.7
314.17035 1506.3
318.14627 1447.03
327.23862 9253.51
328.24231 1723.69
330.05847 882.683
337.67685 1929.92
346.68283 926.561
348.11758 1045.27
360.10419 1420.07
361.15204 1011.52
363.16571 2851.21
366.13156 972.079
378.16693 2934.71
379.15564 1598.45
387.16382 1326.16
393.10312 1819.58
395.20285 30436.2
396.20599 5938.84
396.25851 3130.8
401.70721 2395.56
402.20334 971.334
405.17572 1222.12
411.11353 9125.74
412.11832 1123.79
424.25409 2482.22
425.13144 1990.43
429.12558 1320.45
436.15051 958.745
442.26523 9533.99
443.26913 2091.55
452.73108 1467.92
453.23132 921.251
465.19855 1474.07
474.19495 1306.87
476.17700 2127.59
482.14954 2643.85
484.24460 1537.23
486.14096 896.771
491.22375 925.432
492.22391 1019.23
494.18863 2324.43
500.16162 1007.9
510.22934 17575.3
511.23355 4616.3
522.14636 2636.58
540.15515 5116.49
541.15643 985.618
553.70282 942.388
557.18103 1553.21
562.71252 945.577
575.24152 1490.51
577.33313 3584.93
578.33777 1198.75
579.16431 1167.28
587.31592 1825.21
593.24902 2543.57
597.17804 2427.28
605.32782 14345.8
606.32971 4020.51
611.19391 1350.29
621.26123 6528.14
622.26135 2210.63
639.27191 27694
640.27374 8018.73
641.25879 3359.58
642.25848 978.983
664.37024 1980.43
669.21167 1075.21
673.24463 1114.95
673.74274 1617.89
674.35028 4638.64
675.35541 1952.61
682.25446 6766.33
682.75208 4538.73
683.24896 1520.55
687.22284 1144.09
691.26233 2493.42
691.37103 2035.36
691.76123 1770.8
692.36121 8255.02
693.36243 3170.85
708.20886 1096.06
709.38708 4941.47
710.39075 1406.69
718.35669 1042.09
731.24384 1391.6
731.74414 1190.61
736.28729 2556.31
737.28229 1404.03
738.27515 1162.28
738.76776 952.12
740.32501 1864.87
747.27704 4402.29
747.77747 3436.51
748.27179 1226.06
754.29877 36077
755.30176 12249.2
756.30322 3048.85
762.32684 1162.38
764.78986 1468.03
765.29230 1527.49
766.34766 1292.55
766.89166 2427.63
767.38855 2278.37
767.89270 1185.7
775.40680 940.322
785.39178 1310.89
792.42505 2629.9
793.42432 1470.87
802.40436 4575.1
803.39899 4567.18
804.40283 1791.96
807.32819 1392.8
811.80829 1084.88
816.50525 1070.55
819.81665 1448.98
820.41870 27944.9
821.42059 13361.6
822.42175 2704.91
825.33545 30221.1
826.33862 12132
827.33832 1773.41
868.40497 970.774
922.35352 1246.13
922.46869 945.378
923.34479 1321.88
939.49426 3665.14
940.36230 19382.2
941.36292 6684.84
942.36658 3028.06
949.47388 2494.28
950.46265 3284.05
951.47583 1166.83
967.48584 14424.4
968.48834 7823.19
969.48499 1858.48
984.51343 1766.62
985.51636 1365.25
1026.39490 1137.28
1055.38818 8346.91
1056.39197 3769.73
1077.54419 972.63
1078.52478 2183.95
1079.52393 1053.17
1095.54309 7813.44
1096.54553 4699.7
1097.54602 1306.37
1106.40222 1722.48
1107.39197 1419.55
1124.40918 13913
1125.41443 7661.79
1126.41016 2032.8
1152.41028 1665.9
1217.42615 1394.39
1222.38611 3594.72
1223.38806 1721.57
1224.59619 1486.93
1225.58386 1338.58
1235.43994 15603.8
1236.44458 8987.87
1237.45398 2821
1253.45313 31481
1254.45532 19489.1
1255.45703 5665.9
1256.47253 1488.18
1333.41724 1992.24
1345.48169 1342.56
1346.47583 3825.77
1347.49207 1577.4
1351.42273 1001.43
1363.51086 3396.59
1364.48596 12935.7
1365.49133 8169.4
1366.48987 2213.59
1381.51477 4260.76
1382.52295 2072.28
1383.54163 961.241
1462.46899 1331.21
1493.54468 2278.55
1494.54199 1181.94
1528.58362 3353.43
1529.58594 3385.17
1530.56787 1227.87
