3740.66745 3
110.07079 1193.5
120.08042 937.476
136.07553 1716.14
147.11244 793.915
171.07556 844.077
181.06052 665
185.05482 702.964
199.07082 1273.4
209.10268 1272.43
211.14337 678.066
216.09726 5106.57
217.09995 635.43
221.09178 641.376
226.08191 3619.96
227.06499 1434.67
231.09729 1096.45
241.08105 757.844
244.09193 14264.9
245.07768 2701.68
259.09119 791.405
266.16071 2240.4
284.17108 4777.04
292.12912 655.868
294.17825 995.056
298.13834 1343.26
299.16739 765.547
301.11383 1733.82
312.19263 1146.73
314.09937 707.289
322.18619 888.191
328.11288 766.386
343.16354 832.9
344.14288 757.912
346.12253 1258.96
355.12601 873.378
355.20764 5058.05
356.10733 2995.2
356.21191 756.883
360.14011 775.447
373.13464 5563.23
374.10953 667.755
383.15366 700.976
384.10379 953.833
400.18063 811.164
413.18570 687.847
425.27493 802.011
427.17819 1208.27
429.16708 1205.43
452.13812 982.871
453.12173 811.446
454.10791 1039.67
454.19293 743.516
458.19196 813.919
468.29190 6583.1
469.29327 1840.2
470.15045 2190.19
471.13239 3269.18
471.21176 1308.43
488.16071 16650.1
489.16174 3082.16
496.31522 1731.3
496.81808 1174.96
514.18042 818.638
524.34369 1037.81
541.22711 746.272
542.20123 930.13
559.23523 3045.38
560.25226 955.456
567.35907 8254.09
568.36249 2606.15
569.21552 1212.02
570.20166 764.04
571.28143 693.769
581.26599 1270.5
587.23029 2708.17
588.23260 897.924
599.28259 917.056
626.23322 814.039
627.22150 910.629
637.43011 997.492
644.24982 2319.87
680.44116 3310.08
681.44696 1290.5
697.28448 788.929
698.26245 1496.26
708.46405 1239.14
712.30444 1107.04
715.28760 2388.62
716.28894 1110.75
730.31812 841.653
772.31183 788.702
781.48993 5017.17
782.49402 2050.23
845.52625 1093.13
859.38116 1054.53
867.35315 724.365
877.38025 1424.44
887.33569 878.79
894.56641 1128.58
950.44312 967.025
973.61395 1036.42
974.61438 962.078
991.62598 21911.5
992.62994 12504.5
993.63049 3074.22
994.46259 749.602
1015.40021 1140.07
1029.99023 799.188
1072.40637 1173.8
1097.46570 777.896
1122.66748 5283.75
1123.67065 3300.23
1124.66492 1444.66
1139.53845 1088.62
1140.04114 1679.64
1150.49011 880.763
1167.47412 823.55
1168.48438 1030.81
1169.51172 893.611
1185.49463 1745.86
1186.50208 1168.13
1213.07019 1707.89
1213.57312 1399.22
1214.07422 1055.27
1248.64807 1330.77
1278.59656 1031.46
1279.09045 1991.02
1279.59741 1033.48
1280.09460 1027.85
1282.69824 5802.07
1283.69995 3731.48
1284.71008 1814.43
1299.51660 876.862
1316.54358 1342.97
1317.52686 790.561
1363.65381 948.63
1364.13049 1126.51
1364.63293 1298.39
1411.74304 4527.56
1412.74475 3474.23
1413.73572 1252.62
1419.17151 860.563
1419.68042 890.6
1420.17859 1005.86
1427.65637 751.472
1505.20813 783.953
1513.72241 1001.8
1514.19666 1079.91
1514.69775 1507.25
1515.18628 1213.35
1540.78491 3044.61
1541.78760 2503.39
1542.77417 1337.96
1577.72156 1630.65
1578.22510 2590.64
1578.72729 3080.2
1579.21570 1830.64
1579.71338 891.639
1641.83789 2751.3
1642.84412 2311.29
1643.83105 1104.69
1770.86658 1175.91
1771.88342 1280.2
1772.88965 916.541
1885.91333 1398.8
1886.91882 1430.53
1887.91211 990.905
1986.93115 1236.25
1987.95789 1829.42
1988.92371 1154.88
