1935.02519 2
120.08044 1417.59
129.06541 351.267
129.10194 541.572
130.08568 252.241
136.07558 362.265
147.11240 667.086
157.13318 290.129
158.09195 493.521
159.09114 283.543
175.11879 474.8
181.06076 183.378
183.11224 840.153
185.12776 340.172
185.16452 414.475
186.08675 1634.06
187.07091 767.673
187.14351 299.601
199.14377 399.089
200.13843 706.76
201.12335 321.121
211.10730 665.756
213.15948 415.238
215.13824 329.935
219.11232 814.54
219.14786 272.836
226.08195 191.195
228.13356 2979.93
229.11816 593.033
230.07751 230.496
240.13333 487.832
243.10806 566.158
243.13307 499.456
247.14349 467.758
254.14914 256.211
258.10791 1542.39
258.14410 1062.48
262.11789 830.074
271.10538 206.028
276.15439 851.681
282.18024 371.799
286.13873 1242.61
294.14520 251.764
299.17023 691.076
300.15366 222.452
311.17026 692.259
312.15393 423.296
318.18024 542.457
327.20154 196.537
329.18085 368.693
332.19620 442.212
333.19116 327.048
339.16486 1091.1
341.14276 225.253
349.14929 208.072
353.21637 383.627
355.12347 1018.37
356.19238 326.368
357.17514 1080.79
361.18594 862.736
372.15042 1660.9
375.20105 299.987
377.14609 360.896
383.11853 200.853
385.20901 323.93
388.15982 284.646
389.23895 898.569
406.17090 522.621
408.18594 201.211
409.16837 189.22
410.23932 257.959
416.15515 449.914
422.20352 266.208
423.18405 253.114
426.19687 593.895
434.16541 754.94
436.18234 196.369
440.21298 581.628
443.22577 194.225
453.20792 195.018
454.19125 851.315
456.24689 206.808
457.23941 207.05
460.27557 1535.44
461.24048 216.01
461.28107 263.349
467.22604 220.372
468.20724 912.118
470.26297 219.013
471.21909 762.62
472.21680 214.251
476.20834 219.169
485.23492 696.38
488.21082 258.193
495.12744 428.43
502.22617 424.205
505.24130 655.641
508.25549 263.304
515.22174 531.017
519.25464 534.13
522.25531 312.404
533.23395 805.972
539.28247 674.41
547.24628 336.105
549.26721 247.979
553.25238 253.435
559.25391 223.8
567.27667 740.455
579.28925 267.573
584.30212 357.343
601.29730 292.384
602.34125 250.015
607.34296 1771.37
608.34357 259.579
614.32910 271.719
618.33038 416.537
628.30884 211.862
646.31549 362.037
666.34900 248.592
680.30414 257.758
706.41077 607.684
733.33508 237.167
745.38202 298.334
751.34601 347.834
864.41669 267.918
966.56866 857.639
967.07745 623.176
967.49762 493.282
967.66962 1031.79
968.12842 277.483
968.53839 459.885
968.70020 377.711
969.17871 230.163
969.48694 204.777
969.67004 2683.1
1082.53320 216.285
1139.57031 820.623
1140.57092 305.272
1252.64929 348.187
1253.67322 206.169
