1360.65680 3
110.07108 1795.47
112.08669 2035.42
113.07089 427.292
113.10723 694.302
115.08627 1125.24
116.07044 703.553
119.04904 476.011
120.08096 427.412
129.10210 4410.98
129.11310 411.037
130.08588 530.326
136.06165 8265.21
136.07552 24651.2
137.07893 2533.84
139.08676 361.907
141.10197 4038.6
147.04417 861.307
147.11256 836.02
156.11310 786.635
157.10820 1566.83
158.09221 3761.17
159.11212 690.665
162.61052 399.145
167.08148 490.767
168.61052 1602.51
169.09680 1275.38
173.12827 496.762
174.13474 573.367
175.11871 15210.3
176.12291 957.991
178.11742 480.264
183.11290 443
184.62430 685.721
187.10712 552.459
192.10248 500.879
193.09691 833.814
195.07576 582.438
195.11267 407.262
197.12816 792.641
200.12114 555.464
201.12349 497.897
202.08549 643.968
203.10217 454.895
204.14738 403.816
204.63878 1017.96
205.62880 672.057
211.64702 498.522
212.60643 659.114
213.08826 609.479
213.15250 14988
213.65427 2994.58
215.13867 682.227
218.14476 704.009
219.11264 2630.69
219.13445 2077.71
219.63638 477.246
222.15800 1120.31
223.10736 1235.09
225.12384 381.246
226.11630 688.872
226.15413 1051.46
226.60408 1704.53
227.14999 6572.53
227.65039 1779.74
228.13737 635.719
228.16798 440.592
231.09723 603.745
236.63739 686.642
237.12309 8490.5
238.08418 515.674
238.12665 1011.79
240.13353 451.578
241.08192 696.48
241.16557 3237.51
241.66364 4201.89
242.16501 807.127
243.08720 4103.43
243.13374 497.063
244.16568 439.017
246.15791 2055.63
246.65923 585.256
247.10727 1231.39
248.06963 1001.63
252.13322 628.756
254.67101 12523.9
255.17540 3026.93
255.67958 2000.86
256.18118 439.839
259.09204 1804.59
259.66336 592.297
262.13831 2266.16
262.15790 552.426
262.64163 540.133
263.67615 20633
264.06345 444.679
264.17773 5412.84
264.68011 915.771
265.11768 4868.78
265.16071 450.351
266.12042 532.47
267.19211 961.655
268.17630 1840.63
268.66849 7089.26
269.17065 1409.5
271.17599 3713.99
272.17249 1882.23
272.68155 1955.38
273.18311 533.033
277.67368 4852.62
278.17517 1298.16
285.20303 12739.8
285.62152 457.563
286.17029 1799.52
286.20624 1729.86
286.67294 1126.48
288.20233 25205.5
289.20572 3051.7
290.65302 456.328
293.11285 2926.31
294.11588 467.519
294.68372 3009.39
295.18658 1030.23
302.22729 421.462
303.21298 484.44
303.65936 3019.97
304.16098 863.3
304.66772 740.927
308.68109 586.846
310.23578 651.091
312.04843 824.89
312.66431 4332.29
313.16571 1298.36
314.67816 453.574
317.65750 1850.89
318.15793 691.329
322.69550 703.031
323.19467 3632.97
323.69617 1273.2
326.17029 535.278
326.66168 917.637
327.68939 2551.97
328.18924 1370.94
330.05954 404.177
332.20093 574.722
333.19327 400.855
336.20193 8771.63
336.70175 3634.96
337.19290 864.816
337.68564 585.039
339.10815 3514.9
341.22278 637.776
343.67352 461.204
345.20776 13051.8
345.70898 4487.34
346.17606 1017.15
346.20831 1017.01
348.12015 603.586
350.19955 3695.35
350.70010 1169.13
351.20300 407.417
354.16354 729.853
354.22446 10258.5
354.71506 780.666
355.17917 2714.47
355.22723 1887.67
355.68073 957.156
357.11877 14202.7
359.20554 2944.43
359.70624 924.55
360.21332 609.22
363.20187 819.485
364.20502 506.476
368.18649 662.903
368.23987 2271.68
369.21790 1207.3
371.25058 1954.31
372.18146 1967.08
372.68576 595.222
374.89212 643.367
375.12946 4167.82
375.22394 537.704
376.67831 1828.03
377.17722 1092.26
382.20847 1556.78
385.19037 2300.95
385.69202 1183.8
386.24750 496.585
394.19522 4275.36
394.69769 1916.84
395.19843 487.288
396.23932 544.574
399.23419 3400.53
400.22794 1536.08
400.72330 768.036
401.22678 1389.21
401.68808 479.226
404.74268 6551.1
405.24365 4272.75
405.74521 1577.93
406.88913 870.989
407.22360 740.374
408.19354 451.991
408.74283 629.413
409.55899 1738.25
409.72739 917.525
409.89404 864.78
410.02570 1625.47
410.25940 459.396
410.98535 464.841
413.74805 1288.86
414.24771 750.193
414.72083 966.045
415.56238 6734.36
415.89645 4621.54
416.23087 2415.91
416.56708 764.208
417.24478 24557
418.24786 5072.51
419.07431 2805.2
419.24997 685.298
421.56552 5093.56
421.90051 3270.17
422.15509 2246.62
422.23804 1154.48
423.16013 440.475
423.72720 1119.58
425.29785 9195.94
426.30008 2052.5
427.56906 1091.48
428.03613 1504.62
436.26611 682.707
437.08502 41477.4
437.25842 3021.84
438.26404 718.803
439.00223 1505.13
440.25961 1685.22
443.30798 463.409
448.22302 1608.82
448.55438 797.042
448.88586 422.475
453.29233 11918.3
453.73160 1504.88
454.02621 1931.11
454.27258 10795.5
454.55820 1838.49
454.90018 604.363
455.09549 39844.3
455.27112 3430.42
455.33417 519.65
458.72162 439.603
463.94376 685.441
465.25189 450.145
467.99429 446.292
470.32181 473.554
471.30322 1022.05
472.22665 442.098
476.24261 503.651
479.23703 561.953
480.74127 673.326
482.31342 462.128
483.01715 1077.78
485.73721 610.503
488.24814 804.879
489.74493 1695.16
490.24753 744.835
510.30869 3144.18
510.37247 758.982
511.27487 649.245
519.30878 661.914
520.72815 587.506
523.27435 939.029
526.34564 2604.05
527.34955 576.089
528.27698 11664.8
529.26984 2575.79
529.32928 740.402
530.26727 476.849
534.72754 2964.53
535.23242 1345.28
536.32996 10283.6
537.33301 2813.95
538.33594 694.214
543.90686 506.429
546.28735 61371.9
546.50244 457.236
547.28986 16392.9
548.29071 3132.69
551.32745 437.369
554.33960 7338.03
555.34406 1680.33
556.27344 1097.17
557.26984 423.533
560.91522 495.233
561.92157 767.748
571.33502 455.06
572.35394 541.772
582.33490 916.214
588.36768 460.106
600.33081 423.421
605.28693 525.99
608.28540 579.516
616.35889 1222.02
617.36023 437.552
634.30603 4975.75
635.30872 1464.88
638.35895 533.549
643.30322 1454.64
652.31586 921.545
665.37421 888.138
671.39478 463.308
673.32220 1981.84
674.31482 762.487
683.38232 838.481
689.41016 1302.36
690.41559 476.712
691.34131 2325.38
692.33112 2150.65
693.32874 623.821
699.39282 712.845
706.42432 566.004
709.35046 54754.3
710.35364 20747.4
711.35675 4608.88
712.36206 769.746
717.40302 1932.42
718.41052 779.766
719.33459 737.975
745.32745 449.972
766.36285 2268.4
767.37042 1105.34
792.38739 2851.73
793.38489 1197.55
794.38751 479.448
810.39667 11463.2
811.40070 5089.37
812.39923 1415.05
820.38281 1022.64
821.38934 524.299
837.39606 463.756
846.44684 809.535
847.44635 572.482
909.46515 1101.94
910.46106 424.366
978.49176 599.951
979.48621 416.67
