3156.42299 4
110.07111 1142.05
129.10208 1931.47
133.04266 3836.2
143.11729 2562.75
147.11249 1490.14
157.13222 865.267
171.11243 6792.14
172.11545 790.498
185.12827 1408.22
210.02649 740.534
231.09718 1187.36
239.17505 1761.77
242.14920 3068.64
246.18120 1050.84
251.14981 1200.57
284.19641 7804.35
285.19879 1038.82
313.22369 862.014
327.23819 1938.38
341.21802 3153.27
350.21848 905.187
355.23325 4164.4
373.11691 708.567
391.12857 738.054
421.25354 1520.61
425.21918 803.102
426.30533 2091.28
443.22791 774.956
445.75540 1038.69
454.30109 3834.21
455.30258 987.569
460.25201 945.536
474.27383 945.762
481.27548 1112.72
481.77585 936.1
489.78983 3653.75
490.29184 1371.11
495.76749 1343.72
523.22565 1146.91
536.28479 851.937
544.75635 4287.82
545.30933 4086.41
545.80969 2719.16
546.30945 968.788
553.32373 1589.93
553.83099 1112.5
559.91565 904.913
571.32574 22555.6
572.32874 6409.09
573.32471 2300.68
579.81873 1142.42
580.31665 1071.99
591.36041 2068.42
592.36340 892.93
596.91870 1092.95
602.27185 2822.05
602.76825 2027.19
607.31970 1356.55
610.79730 1060.3
621.33344 2122.65
621.83112 1037.18
625.32245 1903.91
625.82440 1239.37
630.33813 1027.56
630.84241 1120.51
636.30786 1126.63
659.78680 1373.31
660.28729 1469.31
666.83411 780.141
676.31720 3076.57
676.81476 1438.92
677.31500 1077.74
689.94867 1748
690.94855 893.777
704.44434 2400.05
705.44519 945.502
725.30383 5260.77
725.80408 3452.19
726.30652 2454.75
726.95709 1166.37
727.29401 1126.52
727.62988 828.327
731.36981 771.744
731.85992 1307.11
733.82703 5041.09
734.32727 3725.8
734.82971 1522.48
738.32056 1250.24
740.38464 1628.1
740.87372 1462.34
741.43127 948.863
741.82166 777.834
741.92743 1290.13
749.12891 935.599
749.37006 1086.01
762.86737 965.722
764.59924 966.321
764.87097 1728.25
765.12854 3524.46
765.37677 3603.06
765.62054 1529.47
765.87341 1193.39
766.12659 894.247
773.61682 1123.84
773.88751 1220.42
774.11676 1096.16
774.30121 816.138
777.42188 1088.27
778.42981 862.921
781.86890 1000.31
782.81506 8668.5
783.31641 7314.08
783.82007 3049.45
784.31531 2125.6
785.61511 779.065
788.90234 8442
789.40149 13661.1
789.60443 5450.8
789.73718 1452.55
789.88861 7904.98
790.12457 4156.4
790.38019 20972.4
790.59467 1027.84
790.85992 5847.06
791.37097 8719.96
806.41626 1664.05
807.42181 882.245
830.38110 896.091
831.36169 2999.1
831.69836 4075.01
832.02850 3141.66
832.35699 1340.01
839.35950 10191.8
839.85950 9117.13
840.35870 5117.68
840.85718 1852.42
841.36353 1059.58
845.88336 1675.87
846.38501 1223.36
848.46021 1091.27
854.89142 5954.7
855.39130 4608.97
855.89093 2554.58
858.34766 1622.42
858.68201 1416.65
859.01434 1170.82
864.01965 6051.16
864.35352 8126.31
864.68939 5341.98
865.01563 2357.34
865.36664 1430.49
869.05420 1281.56
869.38934 2594.7
869.72302 2171.5
875.38788 801.352
890.50781 4153.71
891.50922 2467.14
894.87164 2613.44
895.37872 2145.13
895.88055 1451.38
896.32513 1450.83
896.93579 879.301
898.73218 960.872
901.71344 4201.63
902.05121 4969.19
902.39136 5385.85
902.72791 3531.41
903.07819 1658.77
903.41785 1021.97
903.87915 7314.27
904.37714 5788.66
904.87750 2990.93
905.41229 7595.83
905.91577 5840.67
906.41534 3816.44
906.91992 1787.98
907.41376 1099.13
919.51398 918.906
920.09351 1384.18
920.75146 1218
921.39850 918.949
922.40717 1390.34
925.75580 4555.4
926.09088 5498.04
926.42426 6698.75
926.75970 4385.64
927.09137 2527.04
929.06396 1025.58
929.40680 1574.48
929.73456 1396.19
932.09570 826.064
932.88763 966.738
933.74738 843.898
934.41583 934.491
934.73883 3712.49
935.07275 4270.67
935.40320 4311.04
935.74445 2571.14
936.06738 905.05
936.40833 950.092
945.40454 1118.35
945.89130 869.762
947.06824 860.051
952.41138 909.437
952.75098 2264.39
953.07916 2908.59
953.41656 1918.46
953.75000 1812.95
954.40265 8615.87
954.90326 8815.9
955.40192 4828.85
955.90118 1690.96
958.41742 7577.23
958.75269 10759.6
959.08453 10781.5
959.41760 7002.66
959.75409 4029.54
960.08490 1517.68
961.54175 8058.33
961.89746 1152.95
962.54315 3122.56
963.43518 1364.57
963.78693 4427.07
964.11957 2896.85
964.46191 2013.28
964.78674 894.365
966.42188 867.186
966.74884 1428.98
971.88898 855.985
976.54333 2077.28
976.79749 2054.39
977.12396 1854.87
977.40729 1385.65
978.57184 878.34
979.11053 1238.54
979.44489 1273.2
982.45898 6050.67
982.79474 7832.8
983.12762 8134.32
983.45886 5183.74
983.78857 2378.5
985.43060 6061.73
985.92908 6373.28
986.43304 3517.69
986.93127 1824.48
990.41858 954.686
990.77765 833.357
991.40656 891.982
996.11560 2987.72
996.44434 5723.66
996.77759 5395.48
997.11078 3498.7
997.44745 1552.34
1004.42230 872.512
1009.11871 1129.03
1009.43939 4318.95
1009.78357 3829.55
1010.10748 3746.15
1010.43201 1633.15
1010.77606 974.671
1012.99701 857.136
1015.11841 10586.8
1015.45239 16870.5
1015.78461 12918.9
1016.11908 9440.46
1016.45270 6874.2
1016.76233 1102.66
1017.92316 875.088
1018.42065 977.459
1018.91949 831.372
1025.90430 1827.49
1026.41418 2194.17
1034.41724 6159.64
1034.92029 5860.59
1035.41516 3940.13
1035.91809 1800.29
1041.95361 820.739
1049.95789 912.043
1067.94788 1181.21
1068.44946 839.228
1084.96704 904.183
1085.46741 1025.97
1088.51367 1078.58
1089.60718 8810.18
1089.93176 822.087
1090.60474 5265.99
1090.93542 904.632
1091.60938 1608.93
1102.97986 2251.86
1103.47644 2621.93
1103.97559 2066.67
1134.46497 1685.06
1134.96826 1047.35
1138.44763 1382.85
1139.47156 791.612
1140.46472 791.593
1149.50952 892.495
1150.50513 1270.35
1160.00671 1180.48
1160.51758 1144.74
1169.00342 826.819
1169.49194 868.604
1178.00977 3434.61
1178.51013 4096.06
1179.01196 2559.28
1179.51331 1614.82
1180.01282 1501.44
1188.02246 2591.44
1188.52209 3108.73
1189.02344 2316.22
1189.52844 1876.94
1218.49304 964.857
1218.99341 1204.19
1226.99731 5146.18
1227.50098 4793.09
1227.99744 3679.07
1228.50366 2255.23
1228.99487 961.884
1238.53845 1566.62
1239.50452 1753.29
1240.50134 814.683
1246.53699 1880.5
1247.04407 2338.22
1247.53430 1399.05
1248.02930 995.389
1249.62561 1506.28
1250.65186 1046.68
1287.00732 814.113
1295.52991 2062.64
1296.02771 2846.07
1296.52551 2365.11
1297.03662 1271.88
1304.09033 1450.35
1351.64331 831.26
1353.06189 870.565
1399.53955 1173.41
1480.70117 779.683
