2192.02837 2
110.07106 1959.74
112.08685 587.586
115.08630 421.653
116.07053 505.26
120.08056 3258.8
127.08633 460.631
129.06577 711.133
129.10207 2221.13
130.09778 339.164
133.04286 1102.58
133.06081 510.347
136.06038 344.003
136.07553 13966.7
137.07896 1136.46
141.06561 1208.44
143.11803 321.107
147.07547 378.931
147.11264 819.335
155.08131 1715.53
155.11682 380.932
158.09242 1275.4
159.07617 681.441
159.09062 672.338
167.08148 599.144
169.09689 680.87
169.13319 388.333
171.07578 399.773
171.11247 1138.07
172.10672 352.277
175.11874 8042.81
176.12238 482.381
182.12816 448.98
183.11270 2041.99
183.14848 790.141
185.09154 575.861
185.16486 690.053
187.10722 620.2
189.08609 597.748
193.09692 1645.76
195.07677 343.38
197.12874 691.918
199.07137 818.533
199.10762 980.795
199.14368 791.46
200.10222 654.924
200.13890 1608.87
201.08778 439.764
201.12236 648.793
210.12367 375.693
211.10526 404.041
211.14310 557.866
212.10271 601.948
213.08542 425.789
213.15988 993.67
215.10176 452.751
215.13852 456.227
216.09630 622.153
217.08174 3028.68
219.11227 535.08
221.09154 1564.03
226.08188 438.734
226.11815 815.555
227.06512 443.18
227.10228 2457.85
227.17456 417.266
228.13382 2522.16
229.11864 369.693
230.07930 439.292
230.11304 515.606
233.16386 638.733
234.10779 982.082
237.12251 775.569
242.15001 551.437
243.13338 387.757
244.09245 5148.71
245.09027 437.494
247.10756 1522.38
249.12355 340.813
254.14847 411.163
258.14386 578.32
263.10196 375.587
264.13388 469.657
265.11804 2190.65
268.16492 1205.62
270.10754 822.947
270.18152 700.325
274.18665 909.239
276.13336 485.233
277.11795 596.887
278.15060 428.416
282.14447 565.275
283.14218 1503.29
284.12509 334.184
286.13849 833.291
288.11652 501.445
292.12833 2081.55
298.10110 336.66
298.13828 1180.05
299.16931 545.939
301.14896 413.32
304.09656 1714.18
304.12643 1454.85
309.07156 477.645
309.12057 514.013
310.17480 473.675
311.13956 753.611
321.15546 2600.77
322.13675 1607.83
322.17194 398.848
326.09720 791.589
326.13214 686.881
327.12897 1723.93
327.20261 849.438
329.18097 356.01
330.14624 373.748
335.12097 366.99
338.18201 1778.89
339.16238 537.789
341.14429 1025.84
341.21933 368.109
343.16080 3294.58
344.15982 444.787
345.13953 5134.79
346.15076 1395.71
347.16992 541.789
348.15390 529.74
353.25430 522.569
355.12503 362.887
357.17706 617.673
358.13785 557.214
362.13522 1199.63
363.20261 821.109
364.15009 1409.15
365.17697 455.5
369.17236 388.308
372.15445 497.074
375.16614 3206.04
376.19135 725.944
378.17706 514.479
379.16168 488.168
380.14294 858.977
381.17670 522.994
381.24545 430.57
387.13000 604.852
391.19730 360.926
393.17618 2521.28
394.17752 555.088
397.17148 883.267
398.20935 341.951
399.18884 546.68
403.16345 1668.5
404.16870 367.404
406.12488 343.553
414.20105 517.995
416.21094 506.031
417.17905 2041.85
418.18088 530.531
419.15421 734.528
426.19925 864.635
427.18076 449.701
429.17935 363.683
429.21500 407.753
435.18735 632.696
436.18222 856.035
437.16263 892.771
438.15985 511.2
442.23181 818.016
444.21063 1536.29
445.16940 359.669
446.16705 450.409
446.20499 445.342
447.22266 889.529
448.22028 378.448
455.18842 503.253
462.19870 963.824
463.17975 1454.39
464.17792 611.931
468.22208 2089.06
469.22867 535.334
472.18149 1581.4
473.19617 520.989
474.19687 974.125
474.24445 526.624
480.20804 763.603
485.25064 5146.76
486.25180 1305.98
488.20825 711.15
488.26123 391.156
489.21204 490.035
490.19186 2451.36
491.19162 522.565
498.23990 429.014
500.21738 382.952
502.23285 637.841
504.20187 375.612
506.22379 431.28
507.21783 1287.42
508.20062 2754.82
509.20120 672.662
516.24927 971.872
517.24878 536.301
525.22455 1046.4
526.23547 593.973
537.22998 394.78
542.26416 422.801
543.27423 455.788
544.23438 711.373
545.23413 866.856
547.21448 817.595
555.24921 351.454
562.24939 2095.32
563.25110 726.606
565.22083 508.254
572.26508 399.436
574.21039 407.055
579.27759 659.745
585.26862 354.103
587.27814 597.225
589.25714 490.746
590.25665 490.302
591.23529 660.363
600.23053 471.14
601.22339 1165.7
607.27423 717.746
608.26874 766.743
614.29456 1199.73
615.30792 510.277
618.24750 1933.18
619.24371 1043.86
624.29492 548.77
636.25610 1588.73
637.25909 606.608
646.28400 556.744
664.29211 576.093
684.29816 640.349
689.31622 542.649
690.30707 1518.22
691.31238 452.458
700.29059 744.927
701.32330 2665.95
702.32690 1159.99
707.33575 648.808
717.31586 1503.16
718.31744 663.489
735.32947 1832.79
736.33270 573.385
755.34186 695.077
772.36060 2647.8
773.36267 1380.11
794.41907 866.05
816.38702 535.619
826.37494 554.257
843.39880 3220.63
844.40076 1658.76
845.39581 435.865
906.39929 385.257
924.45844 513.717
925.45801 733.703
942.46570 14616
943.46796 8127.38
944.47424 1825.89
970.44153 650.78
1040.46716 904.842
1041.46814 478.056
1057.49426 3671.13
1058.49426 1842
1059.50488 696.207
1069.50024 491.668
1082.47766 415.45
1095.52551 1063.47
1096.52026 742.851
1097.50330 551.32
1188.53369 2465.37
1189.53479 1580.87
1190.53711 733.892
1210.50696 459.921
1216.57593 667.768
1219.55835 364.229
1227.53809 855.223
1228.52612 802.665
1229.54211 386.702
1245.55286 16366.3
1246.55627 10454.7
1247.55908 4217.52
1248.56970 987.579
1340.62439 509.01
1341.62781 598.509
1358.63782 10527.8
1359.64258 7884.49
1360.64758 3180.33
1361.66199 659.824
1379.64026 679.019
1439.70410 465.022
1457.71057 9625.41
1458.71094 7662.23
1459.70850 3683.24
1460.71704 961.396
1556.78162 2521.37
1557.77478 2290.97
1558.77710 841.789
1667.81958 418.301
1668.81848 426.057
1684.83508 714.778
1685.81836 543.324
1799.86353 542.221
1800.86768 513.417
