1824.78667 2
110.07108 3579.62
112.08656 396.391
115.08618 301.183
116.07040 403.845
120.08052 2083.85
126.05448 524.611
126.09108 610.13
129.06607 415.829
129.10208 4565.29
130.05014 261.098
130.08603 542.557
136.06161 1503.8
136.07568 641.799
138.06647 269.823
140.01100 288.74
141.06528 242.276
141.10220 270.493
147.11295 747.296
153.06558 801.883
155.08212 430.82
155.11775 2351.42
157.06088 253.398
157.10773 472.834
158.09241 655.095
159.07617 294.167
165.10190 633.635
167.08142 311.321
169.09688 321.649
169.13351 255.496
170.09221 1663.54
171.07632 818.143
171.11324 296.656
173.09180 396.996
173.12862 441.323
175.11871 6629.76
176.12312 281.484
180.07640 351.706
181.06050 1095.32
181.09671 535.772
183.11240 1310.09
183.14931 374.656
185.05437 266.482
185.09283 382.815
186.12358 256.688
188.10266 649.396
195.07651 292.193
195.11345 350.426
198.08727 2427.56
199.07179 886.177
199.10722 809.686
200.13934 410.692
201.08696 312.733
201.12315 382.344
203.06631 437.616
209.09142 504.306
210.02589 275.195
211.10674 489.732
212.10112 260.863
212.13960 257.429
213.08598 263.75
216.09767 1280.05
217.08450 494.202
218.15005 618.713
220.07201 423.625
222.08664 559.677
223.15480 689.579
224.13899 1071.61
226.11818 777.709
226.15343 287.233
227.06616 291.84
227.10229 1391.34
228.13435 633.746
231.09712 252.039
234.12338 1798.84
237.09819 362.895
238.11971 311.852
239.11353 563.687
240.09605 247.217
240.13353 763.336
241.08078 572.368
242.15002 353.36
244.09363 281.111
244.12968 341.986
245.07625 779.836
249.09877 1005.7
250.08131 1502.82
251.14977 959.091
252.13405 1034.21
255.14362 316.975
259.09088 389.378
259.10626 268.312
262.11865 961.047
264.06253 484.332
267.10825 4190.22
268.09314 867.274
269.16098 490.086
270.14496 474.353
271.17603 366.411
272.17221 704.049
276.13455 841.689
279.14471 435.374
280.12833 1890.79
285.11884 2332.09
288.20248 4408.04
289.20673 616.09
295.10425 307.774
297.15533 3264.69
298.13528 370.014
298.16058 363.88
312.04846 988.395
315.20166 676.609
318.14648 265.596
323.17010 553.425
325.15094 378.993
326.18417 425.818
330.05917 743.478
334.18509 579.288
335.17081 8908.83
336.17300 1402.07
337.09076 255.532
346.15247 293.923
348.05798 503.346
352.19708 686.285
353.18054 1485.16
354.18301 306.931
362.18201 605.34
363.16537 1652.05
364.16132 2769
365.08392 630.908
365.16391 367.307
365.22882 258.187
366.06805 972.614
366.17648 1363.33
370.13522 305.641
373.14877 331.608
380.19180 2355.06
381.17401 1364.21
382.17780 293.845
383.09326 686.551
384.18735 501.574
390.17612 619.116
390.21756 288.768
398.20297 928.76
399.20172 388.148
400.14606 263.267
403.23041 264.798
408.23358 2354.04
409.23743 435.487
412.25708 257.227
416.22784 268.115
425.26154 6371.89
426.26624 1163.78
427.19363 346.564
432.18701 1131.6
433.19180 293.275
436.25314 262.51
444.22272 734.727
449.21176 853.822
459.19574 319.588
468.22098 378.306
471.32513 273.436
476.22098 637.222
477.20523 3465.91
478.20178 558.234
485.25409 257.732
494.22845 835.467
494.28326 341.646
495.21695 599.012
496.21561 329.459
509.32040 390.641
512.24615 475.687
513.24481 704.712
526.24719 305.631
536.29810 307.249
537.27844 345.075
547.26111 311.984
548.16284 265.23
554.30585 702.733
555.31042 283.214
564.28680 284.977
579.25580 665.666
590.77374 311.595
591.32495 712.534
592.21228 903.472
593.19653 465.043
596.27820 477.024
609.34174 266.161
613.31219 291.671
615.34650 323.129
616.31982 402.704
624.27667 2014.51
625.27484 628.892
633.34552 1386.05
634.33057 4605.79
635.33496 1479.71
641.30194 568.325
642.28680 925.712
643.29828 415.78
651.35577 52299.8
651.58020 330.797
651.68066 271.413
652.35944 16123.4
653.24725 582.962
653.36438 2040.93
659.31573 414.047
673.30396 326.997
678.35577 337.966
692.35077 327.198
695.38318 858.133
701.38232 313.17
731.35120 268.315
735.30701 358.238
736.28754 358.318
740.27374 330.684
749.36072 611.411
751.34741 277.096
764.28802 339.363
766.38916 974.624
767.38843 359.172
769.36328 321.081
786.38214 313.031
815.43475 270.318
824.43579 291.508
835.39734 314.182
836.39923 398.077
837.39764 287.15
845.90283 532.304
846.39606 654.419
853.41553 2288.93
854.41675 958.44
855.40271 408.97
876.39404 292.692
894.40192 285.384
913.56146 344.847
920.49536 670.02
922.43103 529.06
923.42200 796.624
928.37616 416.591
940.44647 7337.72
941.44861 2980.16
942.45636 708.437
950.43866 323.509
1016.54675 609.557
1017.55054 1204.88
1018.55542 453.68
1033.47290 474.121
1034.44983 352.071
1040.44177 935.732
1041.44299 873.719
1042.42944 554.765
1050.49451 1338.69
1051.48486 2420.59
1052.48364 1110.27
1058.45093 459.056
1068.50525 3893.2
1069.50537 2064.23
1070.51868 463.887
1078.48669 651.797
1079.50171 387.897
1103.57117 469.179
1114.60510 1578.91
1115.60449 672.285
1151.59717 297.437
1155.51855 296.956
1180.54102 545.67
1197.58044 369.851
1198.56055 676.643
1215.57678 3712.32
1216.57324 2382.2
1217.57275 537.601
1225.55933 298.887
1295.57532 456.263
1312.59998 979.248
1313.58960 601.887
1329.61853 2233.35
1330.62158 1586.68
1331.61389 523.567
1340.59473 609.442
1341.59119 370.032
1442.70093 634.456
1443.71399 627.579
1511.70837 355.935
