2093.05669 2
110.07110 887.909
115.08658 295.91
120.08057 4077.71
127.08650 588.949
129.10207 2032.88
130.06467 280.063
130.08607 942.88
133.04269 487.498
136.07559 6167.7
137.07880 501.707
141.06566 524.409
141.10269 264.774
143.11772 386.801
147.11272 1742.25
155.08147 1327.53
157.06026 546.318
157.13335 513.326
159.09152 1828.32
169.09647 301.59
169.13339 3565.59
170.13748 299.194
171.11229 635.878
171.14882 344.832
174.09105 488.887
175.11893 450.468
181.06076 803.939
183.11285 499.16
184.07170 579.43
185.05513 385.245
185.12778 614.627
185.16481 1018.22
186.08743 633.557
186.12270 942.529
187.10730 458.517
187.14426 296.398
193.09711 427.074
195.08723 471.579
197.12831 2355.73
199.07115 1025.11
199.14436 274.873
199.18045 390.185
201.12305 991.402
202.08191 1574.51
203.08519 764.933
209.05519 326.64
212.06601 270.224
213.08495 273.958
213.15953 789.776
214.11868 1336.05
214.15335 326.45
215.10278 386.148
215.13750 418.543
216.09726 449.612
217.09489 325.028
219.11258 5202.27
220.11652 564.029
224.10320 344.957
226.08214 1880.75
226.15424 871.956
227.06833 405.078
227.17517 569.657
228.13377 885.008
229.09314 1069.01
229.11859 1378.8
231.09933 390.499
234.12265 424.654
235.10744 507.758
241.09435 303.432
242.07880 342.161
242.11368 641.972
243.10782 366.288
243.13353 462.466
244.09253 1741.53
245.08151 486.716
245.08830 494.687
246.09021 664.843
246.18044 1432.69
249.12270 326.71
252.09903 319.953
254.14973 1563.4
258.09055 546.672
258.16025 277.545
259.08560 267.329
259.10849 416
262.11826 469.263
263.10175 675.779
267.11575 4816.45
268.11844 367.924
268.16550 380.374
272.14145 841.033
277.11694 486.416
279.11548 328.269
280.16434 286.117
282.14328 483.271
282.17889 338.409
283.10342 452.082
283.14188 872.046
284.12463 374.236
285.15512 1424.81
286.15668 895.222
290.11459 621.693
295.11069 1680.46
295.17624 267.78
296.10519 489.702
296.19626 1633.25
298.09796 644.988
298.13953 432.34
299.10220 411.069
300.13306 2072.05
301.11414 646.6
302.15289 1463.54
307.14285 2105.32
311.13873 500.148
313.18643 1181.84
316.13196 940.372
317.13174 313.69
321.16364 540.739
323.17093 600.982
325.18765 363.991
325.22174 470.092
326.16635 304.944
327.12274 487.926
327.20187 443.021
328.12970 1193.06
330.12787 742.689
333.12457 393.703
335.19312 916.727
337.10925 266.04
339.12854 407.693
339.20218 343.715
341.18307 695.581
342.20370 569.704
343.10840 369.861
343.19955 477.664
345.15417 682.01
345.24918 469.289
349.15714 313.302
351.16611 443.541
353.21793 515.259
355.11771 1391.35
356.12622 755.783
356.22723 784.795
360.11755 388.871
367.23389 1799.8
368.23398 434.081
369.18130 267.816
371.17511 275.088
373.15015 2198.33
376.19272 274.993
377.14862 616.523
378.12891 1461.72
381.10202 356.637
382.17538 494.952
384.22354 1403.79
393.17883 356.337
394.17389 412.104
395.13489 285.412
396.19415 568.003
398.13019 1293.23
401.22260 486.848
409.15387 614.89
410.20410 730.734
412.25748 536.333
414.19891 1014.14
415.15732 1885.85
416.19901 317.905
421.16382 529.693
422.16873 397.409
422.24094 313.917
424.25552 389.3
425.14368 950.774
427.22952 720.477
431.19360 292.777
438.19696 931.675
438.27185 421.443
440.18124 304.634
442.17438 307.887
442.26456 463.782
444.20126 1720.23
445.20700 403.301
448.27765 408.826
450.23706 284.01
455.29333 308.655
458.24188 639.367
459.29343 2032.42
460.16235 700.552
460.30023 374.557
466.18365 401.982
467.26077 323.079
468.24780 364.114
472.21823 455.263
480.16983 313.317
483.21521 403.641
483.29611 328.742
485.27530 283.066
486.23166 601.405
488.18103 655.367
488.21744 585.484
492.16879 377.332
493.28000 326.896
495.25522 707.718
496.23318 509.433
497.19904 414.65
498.27335 1161.68
501.22290 1769.7
502.23062 541.643
511.21463 601.939
513.26428 666.2
514.22046 458.283
515.14697 456.083
517.18829 503.743
528.24530 541.24
533.15710 287.556
537.26544 385.697
546.23792 292.869
549.32385 469.23
555.30627 283.944
557.30969 296.927
568.16864 292.238
569.23901 498.293
572.37384 459.577
583.24811 661.483
585.30408 411.156
586.18170 429.533
597.34515 542.135
600.27563 671.692
603.19843 936.524
603.26941 321.465
604.19238 417.018
610.28394 328.098
617.26917 575.245
624.29651 414.946
626.24780 1129.65
629.39722 2698.04
630.40796 865.049
643.23993 378.929
644.23071 350.703
654.24677 1542.86
655.24432 545.904
661.25409 3141.19
662.25507 624.499
671.35449 288.844
674.29388 547.657
675.26123 310.511
682.31860 445.196
683.31750 331.567
699.34711 1173.61
700.35083 511.659
702.27289 470.781
703.25311 396.623
704.31824 364.542
705.29828 326.99
716.34454 382.416
720.28455 382.555
748.42242 404.095
758.44189 1231.49
759.45691 328.04
773.35217 287.531
786.26917 361.411
787.37689 444.998
798.41547 398.761
814.27661 727.607
819.35486 322.531
832.28027 384.51
847.33130 966.709
848.32568 361.447
857.41724 452.086
901.42004 371.927
942.37134 677.017
943.36829 407.016
944.51434 1534.36
945.51758 953.009
956.47198 345.657
960.37866 6120.6
961.38165 2525.97
962.38544 826.854
1000.48529 446.447
1001.49402 331.059
1010.46002 306.953
1031.42188 962.149
1032.42102 394.403
1043.59204 821.382
1044.58875 379.283
1046.57092 1067.26
1047.58398 726.142
1071.51501 1273.45
1072.51221 719.044
1073.51501 295.416
1174.62524 448.46
1175.63123 388.316
1233.48254 371.921
1245.67163 1075.95
1246.65991 670.715
1341.53284 363.874
1344.74426 467.493
1345.73914 307.803
1470.59692 326.96
