2432.09966 2
110.07083 586.924
115.08604 755.869
120.08022 688.673
129.10207 865.018
133.04250 1863.46
136.07503 368.116
141.10167 317.348
157.06050 487.299
157.09679 425.952
158.09225 609.769
159.09061 530.842
167.08090 656.121
169.09676 457.877
169.13303 322.37
175.11833 4910.7
178.06369 657.71
185.09183 496.986
185.16428 4701.4
186.16792 461.482
187.10612 329.178
197.12794 322.373
201.12248 395.797
211.14420 357.205
213.08545 352.139
213.15906 3015.58
226.11848 315.286
230.09476 3031.9
236.10210 1309.49
240.13322 593.784
246.12589 1288.03
254.11201 704.852
256.12796 360.206
258.08981 7159.97
259.09326 696.38
261.08813 320.16
269.12308 412.519
274.12045 1030.13
275.11606 1453.39
282.18024 1417.71
287.13452 1193.23
299.11563 315.946
300.18918 580.044
304.16080 918.613
321.06714 1469.41
323.13519 426.498
327.11087 5418.56
328.11359 707.839
343.14178 789.857
345.12152 799.883
369.20972 462.94
373.18973 610.002
375.13037 393.232
390.12476 2220.93
391.13098 371.655
396.13388 400.012
397.11432 330.23
406.15930 330.577
412.20123 475.184
414.14151 1202.7
418.11957 8772.8
419.12286 1338.91
420.11514 447.227
432.15121 339.29
434.15155 1287.86
435.15222 948.724
435.19852 1125.03
440.19470 3452.84
441.19800 713.834
465.15747 382.957
466.13818 465.904
477.15463 352.04
501.17444 382.242
503.20908 1886.93
504.21384 418.481
505.15271 1045.71
515.18591 354.61
527.22980 541.003
531.20282 4322.83
532.21259 1877.99
533.21613 811.242
549.24438 1442.99
556.16058 348.11
578.24487 364.565
579.21625 376.093
590.23804 444.731
592.18903 363.639
602.27448 838.927
618.23901 763.827
620.28119 2091.94
621.28357 508.983
630.27051 1748.36
631.27258 407.153
661.26636 448.928
669.24280 346.776
678.28943 365.35
687.25269 511.211
704.29907 433.43
713.31531 440.367
721.32831 2644.43
722.33160 681.993
731.31775 503.91
732.32629 342.751
890.37335 357.711
907.40613 1162.54
908.40759 443.176
947.40222 599.784
964.42548 4059.02
965.42743 1957.94
966.42725 532.979
1127.48792 3097.09
1128.48828 1824.58
1129.48657 410.188
1184.51172 504.129
1228.53589 2899.59
1229.53943 1735.18
1230.52905 631.156
1298.55774 579.487
1315.57007 4923.58
1316.56824 3187.61
1317.56665 1221.56
1372.59253 1287.07
1373.60217 865.447
1398.60950 639.578
1399.59509 644.648
1416.62036 8332.75
1417.61755 5631.59
1418.61829 1880.94
1419.60547 379.274
1471.66345 615.776
1472.66138 498.77
1497.66895 603.596
1498.66736 695.591
1515.68506 6092.47
1516.69092 4325.94
1517.69214 1778.77
1628.76868 1517.2
1629.77332 1063.05
1630.76245 567.576
1788.79700 822.54
1789.80103 1103.43
1790.78149 575.602
1949.83179 436.659
