3098.45688 3
110.07107 1358.42
120.08094 302.621
129.10193 1119.07
136.07559 445.52
147.11240 495.606
155.11766 702.611
169.13348 416.103
171.11284 530.14
175.11885 1788.92
183.11263 1043.06
187.14259 430.657
199.10779 281.75
200.13945 469.127
204.13327 376.586
212.10291 1192.89
213.08598 282.841
230.11311 813.591
245.07657 504.14
253.09467 308.162
266.14911 672.486
281.08856 603.421
291.16592 733.775
294.14481 1117.21
311.17090 5957.97
312.17474 826.527
314.13504 554.595
325.18576 651.034
356.10944 349.56
366.21103 288.475
368.19363 814.789
371.19504 278.577
374.12317 296.986
377.17923 720.288
379.23257 433.011
384.22247 855.149
394.20801 11889.8
395.21335 2003.53
401.16281 329.541
409.14752 2077.2
410.15204 282.508
412.21866 6783.23
413.22174 1274.54
422.20520 457.211
456.29016 431.046
466.16776 441.346
477.21262 307.913
479.22894 1148.05
479.29623 965.646
481.27408 443.228
490.26617 392.016
492.18451 5367.91
493.18921 823.709
495.22336 441.571
497.30936 872.143
498.31201 330.465
507.29175 5738.8
508.29422 1527.73
510.19550 2728.73
511.19952 499.11
516.32507 735.008
516.82416 355.613
525.30316 2241.79
526.30371 699.314
541.21997 362.291
559.23370 291.837
560.24390 455.788
577.27069 320.192
586.76514 1305.34
587.26581 805.025
592.31268 778.641
595.27905 1378.79
595.77954 434.465
600.76312 1981.52
601.26532 1374.9
601.76294 557.513
605.26978 1630.3
606.26837 517.052
609.27539 2033.14
609.77698 1377.61
610.27661 394.189
643.29907 333.563
651.82306 596.347
652.32825 486.782
657.30579 1389.87
657.80817 823.591
665.81763 1295.84
666.32251 833.908
666.82178 473.575
678.25598 440.153
681.43774 800.682
682.43939 302.091
705.39874 814.331
706.83899 672.581
707.33856 415.726
707.84619 337.022
715.35364 1119.33
715.85773 705.875
716.35999 316.709
720.39899 5005.47
720.90002 4183.59
721.39893 2263.38
721.90674 532.58
742.36005 870.247
742.85645 736.267
743.36334 402.345
750.87286 1178.01
751.38129 614.533
777.91095 520.597
778.41663 553.976
800.40924 373.715
808.38037 303.471
820.40118 500.586
820.72949 479.483
821.32416 819.152
822.32520 397.022
826.06860 1549.3
826.40283 2705.22
826.73590 1832.7
827.06805 719.917
828.43750 6859.05
828.93829 6311.44
829.44012 2894.74
829.93890 1084.22
833.49139 590.986
863.76501 459.55
864.09949 468.046
864.43298 484.973
885.95093 1390.99
886.45325 1591.78
886.95166 893.034
929.45740 341.776
932.55237 461.508
934.45990 635.044
959.48566 2052.34
959.98438 1786.03
960.48993 1223.35
978.44849 442.833
987.46283 409.913
989.50842 330.768
995.01343 1328.09
995.50323 2488.64
996.00763 913.975
996.51477 364.081
1000.82471 521.092
1001.17126 636.907
1001.50970 454.14
1001.85254 497.508
1014.61548 644.905
1015.60925 379.676
1022.50122 470.358
1023.50311 408.134
1025.03137 330.851
1025.53210 745.059
1031.64795 837.488
1032.47278 694.222
1033.52295 923.014
1034.01172 959.654
1034.52454 1197.65
1035.48792 698.478
1037.40210 1066.64
1038.52661 1538.99
1039.01965 2056.29
1039.52698 1001.71
1040.03125 404.358
1063.45581 929.712
1064.45654 441.583
1073.02075 330.94
1073.53796 729.526
1074.02319 489.653
1074.52979 345.682
1080.48743 819.742
1081.49951 432.044
1082.03479 6892.73
1082.53577 7244.95
1083.03650 4956.43
1083.53845 2368.84
1084.02295 682.349
1090.49963 311.973
1121.48328 515.803
1131.55603 313.452
1139.55066 1414.31
1140.05078 2185.98
1140.55408 1713.85
1141.04346 657.77
1190.07446 1827.26
1190.57275 2407.73
1191.07458 1147.57
1191.57129 623.333
1200.50281 382.841
1207.57056 413.591
1208.09058 457.174
1208.58044 790.069
1209.07300 607.776
1216.57751 847.437
1217.08313 1368.84
1217.58545 1282.99
1218.08459 842.407
1218.54333 427.69
1220.59961 315.464
1221.08850 756.327
1221.58154 587.244
1222.07666 360.668
1229.59412 3279.13
1230.09155 6167.2
1230.59265 5420.67
1231.09363 3300.82
1231.58691 1370.3
1232.09167 315.302
1237.34668 319.308
1237.46594 432.554
1237.61145 329.575
1237.72766 458.191
1237.87207 418.528
1237.99878 569.031
1238.12903 537.401
1238.59583 40834.2
1239.09937 56129.4
1239.59961 40776.1
1240.10303 20807.6
1240.61157 6456.62
1241.13062 1417.66
1241.66626 312.438
1286.65503 520.899
1287.11548 579.138
1287.64832 365.337
1289.66797 330.889
1295.14075 3681.84
1295.64075 4960.49
1296.14246 3764.78
1296.63867 2013.25
1297.13452 613.786
1303.56775 362.912
1336.66418 587.504
1337.15479 1214.96
1337.66089 1122.57
1338.18115 530.557
1345.66638 5207.61
1346.16443 7978.56
1346.66687 6614.78
1347.16541 2962.79
1347.65796 1342.7
1353.58875 323.821
1401.69629 334.266
1439.79822 1142.17
1440.79761 935.553
1441.80957 369.076
1656.86047 321.534
