2173.01786 3
110.07120 987.513
120.08075 5070.92
121.08427 407.923
129.06567 248.641
129.10229 5291.4
130.06506 3503.03
130.08617 1001.36
130.10461 307.435
131.06831 260.959
132.08072 507.921
133.04288 852.529
136.07571 4759.5
137.07932 381.575
141.10222 474.74
143.11804 659.58
147.11285 2510.95
155.08131 1175.97
157.09702 368.956
157.13354 702.929
159.07622 338.878
159.09166 7297.93
160.09505 795.759
167.08115 331.931
169.13385 370.622
170.05980 1013.27
171.11296 942.075
171.14909 457.463
172.10806 240.835
173.12848 1945.27
175.11891 2145.03
183.11227 450.942
183.14940 337.392
185.09190 483.873
185.12849 992.647
185.16492 546.329
186.12352 3923.89
187.08609 933.602
187.10765 306.737
187.12775 257.3
187.14362 378.95
197.12898 438.041
198.12758 410.364
199.10759 620.018
199.14352 352.519
199.18048 956.606
200.10007 206.324
200.14311 1724.57
201.08743 214.607
201.12321 1789.38
205.09752 239.318
207.11346 240.864
210.02576 248.434
211.08653 594.356
211.14401 551.4
212.10286 359.823
213.08702 3369.6
213.15950 597.981
214.09206 234.058
215.13887 1382.78
216.09695 293.157
217.08528 245.699
217.13356 435.07
218.15007 779.272
226.11896 594.535
227.15472 822.66
227.17482 810.244
228.11232 470.042
228.13405 592.559
229.11830 756.33
230.11284 1192.93
231.11409 259.388
231.14984 481.281
233.16566 270.126
234.12500 283.439
235.10669 466.868
238.11995 236.859
240.09744 218.178
240.13385 1005.48
241.08154 265.965
242.14943 348.414
243.13362 1220.6
244.09262 382.99
244.16508 719.109
245.07652 265.468
245.12926 379.658
246.12650 299.475
247.14441 210.595
249.12321 401.028
249.15973 535.764
254.14966 460.634
255.14920 4758.92
256.11975 364
256.14825 786.438
256.16983 639.682
258.09113 1460.38
258.14240 1324.25
260.10596 317.161
261.09030 264.159
261.12579 223.708
263.10330 526.022
265.14011 672.424
271.14194 273.801
271.17490 313.761
272.11743 257.656
272.17575 15090.8
273.17896 2773.68
274.11960 223.524
274.15649 345.914
275.14011 224.741
276.15350 1469.72
277.15573 390.49
280.16492 422.926
282.18027 314.406
283.14352 1325.51
284.16156 538.337
286.13876 758.829
288.17154 368.673
294.18185 422.854
298.16135 213.89
298.21274 561.914
299.17188 335.571
300.17068 9915.91
301.17322 1679.92
302.15170 663.319
304.16525 755.881
305.18103 2027.62
306.18277 233.058
309.15640 217.395
312.15479 2140.48
313.15796 269.407
315.18179 1859.64
316.16095 280.165
316.18991 325.501
319.17599 335.632
326.18835 280.62
327.20621 490.25
329.15973 561.416
333.19150 3509.68
334.19644 552.061
338.17856 3203.91
338.67996 844.028
339.18405 217.625
341.21478 211.967
342.21515 256.508
353.22086 330.794
355.15695 376.462
357.17783 624.743
359.13876 429.797
360.15503 1482.04
361.15701 463.613
363.11511 307.313
368.23251 786.621
369.17612 301.236
369.25101 331.463
370.20743 393.332
371.17392 2016.59
372.17560 312.045
373.16861 300.997
373.22571 227.72
374.13101 260.19
381.21460 374.414
384.22717 283.451
387.23712 333.738
388.19736 710.171
388.70160 1325.69
389.20496 467.269
391.18347 1224.17
392.17612 486.522
395.26578 265.979
396.22650 501.504
400.22980 259.806
405.21140 256.582
412.25610 376.069
413.25497 2190.97
414.25531 738.089
418.26663 1262.92
419.26636 238.38
422.23523 292.957
428.22696 338.086
430.27957 729.663
431.22809 1104.23
432.23123 408.056
432.26093 364.685
437.21555 232.984
439.26935 335.833
440.24637 687.756
440.29422 232.913
442.24542 837.489
444.22699 300.949
455.30081 281.626
456.29727 371.476
458.20578 800.773
459.22226 1144.35
462.23315 276.465
466.22845 255.206
467.26758 287.278
468.24854 323.411
470.24799 282.632
472.22144 617.8
477.76770 285.97
483.29099 410.527
484.29172 835.585
485.29028 241.332
490.30008 258.3
491.29514 222.107
494.23853 323.275
497.27463 796.829
498.28369 283.158
499.25360 460.838
502.23816 228.342
510.30435 427.678
511.23819 279.549
512.24652 409.064
513.28638 337.897
515.32611 251.236
520.23938 422.786
525.34259 286.466
527.25714 369.402
527.34271 341.354
529.27148 3231.43
530.26965 1124.39
531.28345 337.809
538.25037 3506.57
539.25128 962.141
540.25153 241.016
541.24347 251.746
542.25018 352.767
543.24298 314.022
545.25952 487.01
545.32166 316.963
548.23468 354.018
549.26453 644.328
551.27795 299.528
553.33588 1029.44
555.32965 470.57
557.24805 1965.59
558.25281 776.454
559.25555 599.288
572.25677 241.993
574.27966 393.586
575.28522 293.055
578.29865 1731.86
579.29724 497.402
584.28192 473.062
585.28510 359.263
586.79840 1755.11
587.30078 1163.9
587.79950 443.196
597.31769 264.141
600.80170 463.649
601.30151 469.94
602.36902 250.776
612.27490 393.603
612.33923 318.384
613.27979 328.059
615.31268 960.053
616.35046 609.814
619.27356 584.953
620.28058 313.125
625.30481 264.338
626.32648 862.269
627.33185 616.294
628.32312 1068.71
629.32739 361.612
630.29205 257.808
630.38403 292.891
632.38123 306.061
636.34265 357.004
636.83429 325.897
639.32178 515.521
642.35938 1218.12
643.28424 262.155
643.37299 377.692
644.34003 3635.99
645.34546 1343.7
649.29004 615.56
655.32660 449.11
656.31940 2145.52
657.32660 1085.28
658.33173 314.672
664.37506 412.404
666.43280 238.079
667.29285 3320.78
668.29199 1034.43
674.34180 1040.68
675.34882 12736.3
676.35187 4994.67
677.35388 1292.53
678.35071 246.558
680.30225 1261.76
687.36584 259.035
690.30676 648.355
691.30603 316.163
698.40039 250.193
706.37311 306.218
707.35309 784.324
707.85284 697.386
708.36108 463.184
714.38129 360.207
716.35742 5061.69
716.86072 3717.1
717.36249 1906.91
717.85895 639.661
724.34998 1200.4
725.35596 764.26
726.27716 427.131
726.39667 461.526
727.29266 402.363
727.40552 351.232
732.37152 894.41
733.37543 314.122
739.35010 729.114
740.36005 683.927
741.39484 329.226
742.37634 663.766
743.38928 508.574
745.38715 254.078
746.39099 270.416
749.44458 276.499
754.39948 356.898
755.41113 279.8
757.36688 1043.56
758.37885 1136.73
759.39825 576.582
761.34979 500.777
762.34497 377.102
765.34058 389.034
765.84784 271.984
766.35651 944.087
767.36859 390.435
768.42816 517.636
768.92218 368.683
769.42981 554.563
771.40295 1184.07
772.40845 759.165
773.41681 1707.52
774.42010 574.573
776.39648 11013
777.40131 4397.3
778.39911 1388.85
779.38593 713.635
780.40558 257.653
782.41998 234.992
785.40186 489.447
791.34436 290.145
792.43597 258.127
793.46521 236.573
798.41620 678.526
799.41479 332.568
800.85059 248.728
805.37085 272.939
811.42371 242.954
818.47144 332.659
819.36359 245.606
823.38232 5789.29
824.38550 2775.02
825.38312 733.829
837.34155 420.29
837.43872 329.629
840.40521 603.54
841.41974 394.836
843.86292 393.017
844.35974 1012.38
844.87164 727.99
850.48517 251.662
853.44141 388.065
854.44257 338.268
855.45728 630.156
856.45459 269.861
857.46692 450.819
863.43097 429.566
863.93988 328.049
864.44666 261.669
868.39063 462.53
869.40326 274.188
870.47717 742.331
871.47925 307.545
871.93524 281.444
872.44067 263.636
874.42847 669.944
875.46552 3713.15
876.47015 1666.71
877.47577 701.837
878.48285 273.966
879.46021 504.726
880.43292 639.213
881.43274 447.857
882.43195 656.001
886.50897 855.888
887.51263 486.182
888.40375 382.942
889.40509 264.39
890.38306 367.972
894.41949 5534.52
895.42365 2602.98
896.42731 708.53
899.46338 1336.62
900.46698 548.576
901.46753 341.434
905.39447 377.64
908.38336 632.074
908.89136 1050.43
909.39899 675.909
920.43335 285.516
933.51251 366.38
936.52789 267.01
939.48450 249.948
940.48187 342.209
945.47650 741.908
946.47070 455.323
947.46503 368.889
948.54779 303.589
964.55573 289.798
964.92108 459.967
965.45111 8131.7
965.92676 1350.86
966.45575 3738.69
967.46436 1340.51
968.47217 922.53
969.46606 396.406
981.44592 356.73
982.47009 261.648
984.51288 640.632
987.47620 407.826
988.49200 346.236
990.49457 322.897
991.48669 277.623
995.48029 285.443
1004.45740 292.897
1014.50366 1198.79
1015.48932 771.434
1016.49121 437.309
1018.47662 391.462
1020.46539 495.301
1021.46277 462.067
1029.56238 494.724
1029.95251 997.395
1030.46741 796.014
1030.94019 341.217
1031.48828 373.558
1032.53345 368.397
1033.54077 456.703
1036.49414 8296.26
1037.49585 4491.83
1038.49658 1267.87
1039.50476 295.957
1040.38733 261.853
1041.38879 274.879
1060.50525 430.94
1061.54431 578.86
1062.55566 364.672
1063.58545 323.015
1068.51392 268.466
1078.52002 1966.73
1079.51855 960.127
1081.55151 584.752
1083.58289 368.377
1090.54150 273.635
1100.58911 408.607
1101.62512 256.923
1122.55579 264.57
1123.54321 279.665
1130.57007 611.085
1131.56860 624.478
1132.56921 430.852
1149.57800 8535.26
1150.58130 5784.53
1151.58630 2143.14
1152.58936 594.416
1158.53809 253.559
1159.56506 317.503
1165.55420 1099.55
1166.55884 362.527
1170.59644 347.515
1171.60974 572.382
1172.61633 331.194
1190.50720 282.598
1200.59241 1045.61
1201.58374 777.662
1202.57837 379.053
1262.66248 1335.4
1263.66711 857.173
1264.67944 397.199
1277.64136 325.52
1278.63110 544.363
1279.62622 306.966
1299.67175 262.289
1300.66467 321.857
1301.65417 282.368
1334.65540 492.845
1335.66675 416.325
1431.71313 1760.81
1432.71912 1292.27
1433.71558 639.966
