2895.53574 3
129.10193 4184.44
130.08615 2413.24
136.07555 41013.7
137.07899 3421.55
145.09694 2572.19
147.11270 6006.67
155.08121 1031.14
157.09700 3841.03
159.07597 773.8
171.11345 1126.12
172.07147 1980.29
173.09195 8383.95
183.11253 2161.83
185.12849 1025.89
185.16490 1228.57
186.08751 923.749
197.12837 3107.58
199.18057 1142.5
201.08698 3658.87
201.12282 2015.37
212.10240 2832.02
213.15929 1770.88
215.13840 4527.64
216.13341 2845.99
227.17513 2062.1
228.13406 5053.48
229.11819 1571.52
230.11305 4432.17
234.14459 15067
235.14755 1578.9
242.14949 2705.13
243.10873 4443.28
243.13365 16135.9
244.12584 2115.35
247.10710 1080.85
249.15984 3979.34
254.14943 1584.91
256.16510 1625.01
265.11798 2400.79
268.16501 2357.59
270.14304 1129.86
275.10229 890.964
277.15347 2220.31
283.13989 5525.39
285.11923 879.944
286.15051 958.359
287.17130 1005.76
293.11285 2812.66
298.17661 1239.61
298.21323 815.168
299.17065 1546.78
300.15454 2376.69
301.15005 5549.95
301.18445 1169.21
302.13361 8931.38
303.13928 1267.97
304.12756 846.88
305.18143 12002.5
306.18439 1309.45
311.17099 7038.5
312.17691 908.73
313.11136 869.175
314.14703 2894.59
315.16861 1903.93
315.20145 1843.82
322.13800 1009.88
324.19086 1032.94
325.18625 2944.44
327.16623 874.592
329.18164 4639.45
330.14200 1324.58
334.17456 952.605
337.18750 2016.03
341.21695 956.87
342.20148 3251.63
343.19742 5258.69
344.19678 1316.75
354.17862 3822.13
355.19812 2818.41
356.21906 5205.53
357.17352 782.38
360.19150 10822.5
361.19534 2248.65
366.14157 815.974
369.23929 1082.47
370.20541 963.895
371.19135 783.417
372.18839 10115.9
373.18387 1518
378.20200 2806.19
382.20795 8506.53
383.18610 815.842
384.18207 1029.07
388.18643 1262.5
393.17661 3561.08
400.21835 8659.15
401.20203 2099.58
401.70627 824.173
402.20004 2610.55
405.21573 1017.78
406.19681 4631.54
407.19571 876.587
408.22443 1429.73
413.24051 1551.31
414.23743 1590.62
415.21841 2922.63
419.22485 12970
420.22784 2283.23
424.25632 1088.32
425.25119 1126.08
426.23322 3337.12
427.21942 2100.43
427.26688 1787.41
431.22711 1014.56
436.25897 928.219
437.22577 1653.37
437.72864 803.818
438.27167 1981.51
441.20786 1834.59
442.26273 1228.71
443.26059 4464.1
444.26257 958.306
446.23502 1147.24
451.22775 985.843
453.24423 14182
454.24597 3159.61
456.28146 2516.44
458.23557 1983.89
459.21841 3293.22
461.23767 1375.67
468.20502 939.58
471.19284 1041.14
471.25644 25302.4
472.26035 5995.12
473.26077 1119.88
474.23187 1105.78
476.24582 47893.1
477.24789 10661.8
478.25995 1930.27
481.27402 2750.77
481.75037 6363.97
482.24823 2820.06
485.23648 898.892
488.24884 1318.83
489.23398 3623.61
490.23175 1225.26
492.24374 3035.9
493.24124 809.679
496.28128 1821.32
497.27219 862.825
498.28918 854.136
499.28757 2158.86
506.26050 4926.18
507.25186 1253.65
512.24365 1483.7
514.28961 3248.15
515.29700 813.307
519.28058 1473.87
522.26410 927.267
525.30353 3672.56
526.31635 1169.14
529.27173 2287.01
530.25348 3519.66
531.25482 965.721
535.24457 881.739
538.29547 8525.57
538.79346 6109.86
539.23358 1058.3
539.30029 1192.21
540.27576 1650.39
542.33533 3615.17
543.34155 910.625
545.26898 1562.22
547.28265 41086.4
548.28583 10928.7
549.28394 2122.9
550.28839 806.386
552.31299 10628.4
553.31567 3367.63
556.26892 2180.37
557.27496 827.835
560.26428 2180.27
563.28046 4282.47
566.32690 937.15
567.31769 2405.98
568.31622 899.294
570.32385 19268.4
571.32776 6021.22
572.32788 1052.04
578.28046 2328.37
579.28333 1392.96
584.34045 1162.93
585.32385 4224.64
585.82629 809.958
586.32739 1963.77
587.32318 1269.67
589.29651 1916.43
590.31781 1346.34
594.83417 12192.7
595.33624 8381.17
595.83752 2559.24
596.33759 1335.13
598.31158 965.719
601.33551 916.18
602.31805 2874.23
603.32172 1362.2
605.32990 2678.23
606.32770 1724.13
611.31348 3440.55
612.31531 1232.18
613.32147 1070.39
616.30994 2584.63
617.29950 1075.18
619.34686 3079.98
620.33557 1722.56
625.32245 2554.74
627.38135 1087.71
634.31702 8066.3
635.31445 4029.32
636.30658 1417.23
639.34344 1343.98
640.34418 811.225
642.35699 1995.35
643.33521 5229.28
644.33789 2754.78
645.34576 970.381
646.31750 814.899
655.36743 2183.3
656.36591 1281.02
659.35455 9874.81
659.85681 7409.67
660.36621 32577.3
660.86133 845.218
661.36890 11444.1
662.36737 2898.56
663.36646 1186.49
669.35638 2327.1
670.35614 1319.14
673.34949 1139.19
674.36121 1096.08
676.36725 3133.18
677.35779 2071.52
688.36450 1229.84
691.37408 1339.17
700.34839 957.34
703.32764 1278.97
705.39752 1739.31
707.32166 1201.25
708.31763 920.874
710.38464 3136.18
711.39337 1573.17
712.39063 1187.99
714.36292 851.949
715.37665 4666.13
716.37817 1937.21
717.35913 1701.65
718.43054 1251.73
720.39020 1606.21
721.34326 1493.65
726.40192 1534.13
727.40295 827.809
728.39478 897.215
730.37579 2432.32
731.37262 1630.31
733.38770 10276.7
734.38855 4987.26
735.36963 1870.71
736.36261 1149.73
738.40735 1281.32
739.40240 870.917
740.88635 8081.02
741.38977 6285.03
741.89020 2333.84
747.40515 1766.02
748.38727 9752.72
749.39160 4132.86
750.39343 1124.43
754.36395 1094.55
756.41693 2533.7
757.41400 1045.92
768.42688 1263.36
771.39691 5619.76
772.39130 4075.22
773.41327 1255.9
774.36682 2334.58
775.37134 1472.67
781.41821 1349.35
786.44434 1400.2
787.43781 892.633
788.37946 1148.29
789.40790 36317.7
790.41193 15995.8
791.41461 4522.08
792.38904 2413.57
793.39563 900.842
797.43005 3033.96
797.93109 2397.54
798.44226 1397.94
799.44177 1126.58
802.40442 5344.94
803.40625 2191.31
804.43372 1550.96
805.41846 849.601
806.39850 2195.46
809.44421 1133.35
820.41418 5228.19
821.41949 2462.42
827.45056 1660.98
828.44476 968.734
830.43842 1866.96
831.43060 894.526
838.94720 5482.79
839.44733 4766.36
839.95288 1858.93
840.46136 1095.44
843.46179 923.264
845.41254 2041.79
846.42743 1168.45
847.45496 3215.39
847.95319 1779.39
848.45367 4246.32
848.94879 1262.36
849.45117 1487.18
855.43811 1253.47
857.47461 1748.31
860.49280 1017.66
861.47260 2335.85
862.46741 1242.62
863.42468 6191.29
864.42444 2649.98
865.45221 927.693
866.46875 1730.11
867.45435 919.402
873.44586 7872.18
874.45923 8025.27
874.96735 4963.99
875.47180 4626.67
876.46613 1331.39
881.43573 900.134
884.47852 2698.19
885.46887 3725.97
886.47003 1817.35
887.46375 1172.14
891.45496 6879.81
892.45831 3935.64
893.44995 1435.31
897.46460 2101.3
901.46826 1799.84
902.49213 41169.9
903.49634 20625.1
904.49689 5851.11
905.49719 1324.46
911.44940 3124.64
912.45123 2057.19
918.48816 3162.99
919.48071 4686.21
920.47705 1346.41
933.48877 1545.42
934.50403 1628.68
944.48615 9666.19
945.48773 4977.36
946.49396 1873.96
947.52588 952.957
948.50592 1203.2
958.50555 1415.88
959.51031 864.376
962.49310 28765.1
963.49542 14897.6
964.49500 4100.98
965.51825 1539.55
966.53503 1113.32
967.57196 2756.4
968.49945 1444.94
969.50983 1256.9
976.50922 4516.11
977.50677 2461.19
983.54980 1587.75
984.54346 2222.51
986.52161 1641.1
989.52985 1412.49
990.52069 1272.29
997.53760 930.303
1001.55981 22690
1002.56409 12512
1003.56720 3393.33
1004.53796 2611.45
1010.52063 1917.34
1011.51788 1238.27
1014.55157 1199.57
1015.54688 1996.54
1016.54865 899.193
1024.53467 1841.62
1032.56848 1764.83
1033.56177 1876.89
1047.59265 1776.33
1048.58752 1024.45
1057.56531 5372.75
1058.56799 4156.96
1059.57373 1124.58
1069.55603 1389.02
1075.57617 28126.6
1076.57825 15773.1
1077.58215 5539.87
1078.56409 1221.94
1081.56860 1547.43
1082.55444 1089.23
1089.59070 2164.95
1090.58911 1856.42
1091.55530 1104.99
1107.57263 3005.28
1108.56616 1611.62
1109.57007 931.981
1112.59399 4010.42
1113.58801 3630.36
1114.59363 1614.29
1125.57727 2026.63
1126.57678 904.936
1130.60303 27975.1
1131.60718 15532.6
1132.60938 4834.36
1133.60022 1435.35
1139.56897 2264.53
1161.60205 1155.07
1162.59167 1878.31
1170.66418 2164.05
1171.66797 1305.59
1178.61377 1829.11
1183.62659 2339.23
1184.62720 2176.28
1185.62488 1194.7
1188.66052 6983.52
1189.66602 5413.03
1190.67236 1732.37
1201.64038 20398.9
1202.64014 15112.4
1203.64185 5656.7
1204.63550 2579.38
1205.62830 1163.37
1206.63904 1245.52
1218.62769 1795.51
1252.65015 1692.33
1273.69812 895.701
1284.68091 2851.52
1285.67419 3111.48
1286.66650 2008.74
1299.69519 3262.96
1300.69678 2641.26
1301.71436 1053.73
1302.69043 30113.5
1303.69165 18796.1
1304.69702 7980.87
1305.70813 1893.58
1317.70154 14010.6
1318.70520 10230.4
1319.71216 3778.08
1351.74902 1098.22
1397.76086 1726.98
1398.76538 1952.15
1415.77466 8348.12
1416.77332 6595.91
1417.77649 2601.23
1480.75586 2229.46
1481.76953 2622.95
1560.83069 1356.14
1561.82129 1800.14
1562.83093 891.865
1578.84070 4158.87
1579.84082 3875
1580.85242 1882.97
1689.86194 1149.51
1690.86389 1212.16
1707.87671 3008.16
1708.89294 2878.82
1709.89270 1671.33
1820.97070 1478.33
1821.97986 1667.75
