2139.00014 4
110.07085 3490.7
116.01614 2172.42
120.08037 9764.76
125.07104 1007.02
128.07039 1345.91
129.10187 9150.18
130.08604 2506.44
133.04269 14443.1
136.06165 2953.3
136.07582 1372.91
138.05458 1115.1
147.11249 4982.13
153.06557 3060.77
155.08109 15387.9
156.06494 1002.7
156.08441 1086.2
171.07561 2332.83
173.09171 62926.6
173.12463 1274.18
174.09497 4852.2
175.11852 1883.98
176.10628 1001.72
181.05969 1117.1
184.05975 992.952
185.09189 2137.21
187.14384 2926.11
197.12813 1127.68
199.17880 1268.8
201.08664 41967.1
201.12129 1285.03
202.09038 3267.34
202.62849 950.366
203.10356 1485.75
211.14406 780.125
213.08647 4355.41
215.13806 1672.47
217.08147 5494.63
219.14915 2731.26
221.12788 34378.7
222.13174 4255.26
225.09871 978.354
225.12305 1719.55
226.11739 862.651
231.09886 1562.36
234.08876 867.506
240.13411 2172.46
242.15099 828.514
243.13206 882.451
244.07397 891.789
244.12823 1960.27
245.07640 7059.13
247.14468 777.77
249.12285 11788.1
250.12593 1634.4
258.14383 3144.61
262.08578 1395.88
274.12109 858.068
275.17133 1371.32
276.15018 4217.48
277.11768 5152.02
284.12384 1959.46
285.13467 1770.12
294.14438 5661.83
299.06143 3670.86
299.66245 3888.47
300.16348 859.952
302.13327 3643.65
308.66797 27453.9
309.16962 8475.4
309.67120 974.829
323.17102 1839.9
332.15891 1671.92
340.12427 1546.36
341.18100 10181.2
342.18408 1350.05
350.16959 2483.28
351.19690 943.222
353.18097 6215.44
358.16019 2695.35
360.15256 1045.31
365.21072 3732.87
365.71179 1279.04
371.19174 3079.52
373.16940 947.344
381.63882 841.434
386.17899 2851.06
386.23654 1393.79
401.16406 1324
403.19833 1255.99
404.24902 14228.4
405.25330 2551.15
406.86395 2237.41
407.19965 1197.3
407.53003 1120.46
409.67392 1059.77
410.17648 1097.08
410.70285 1827.52
415.03513 1658.33
415.73071 826.16
418.68198 2061.96
428.52792 1550.96
428.86105 872.728
430.49454 918.465
430.99689 1149.5
431.19165 1146.47
432.72290 1514.27
434.20139 1005.56
434.53134 2528.66
434.86548 1160.51
443.18903 1054.38
443.87531 2242.36
444.20981 1896.6
444.54010 932.605
446.98038 872.836
449.52930 828.83
449.87155 1346.95
450.20709 1194.61
452.21539 4329.29
452.72177 1153.74
453.21054 2784.01
454.25079 871.856
461.22900 3729.2
461.72891 1560.54
462.22824 821.965
465.18851 908.183
466.21921 1693.59
466.71863 1220.88
470.22314 16633.6
471.22534 3631.22
472.70425 1038.45
473.20914 1478.23
474.73309 1245.64
475.22504 2422.88
476.22171 910.586
479.25803 1978.6
479.58862 1330.49
481.56845 1029.25
481.90329 1446.29
482.21344 1908.55
482.88657 967.389
483.73874 1326.89
487.18948 1428.65
487.21112 1395.2
487.28806 5819.32
487.78201 2987.33
487.89035 2070.36
488.22473 12813
488.55557 7847.89
488.88962 3925.37
489.23538 1068.12
491.24646 2511.94
495.74988 4631.16
496.24872 2095.63
496.70740 1422.8
496.74390 1206.43
496.91202 1619.79
497.20013 1154.45
497.58069 938.203
497.75443 4741.51
498.25595 3383.51
498.75754 1441.12
500.72705 3405.19
501.22540 1616.69
501.73596 1106.01
502.89865 849.798
503.10626 1299.5
503.22714 1119.45
504.71945 881.936
509.71655 4473.94
510.21744 3468.43
510.71375 1020.07
518.72015 1901.94
519.27643 7853.9
520.28174 2448.28
526.27454 843.248
530.58978 1990.2
530.74695 1064.66
530.92908 1580.46
531.00092 1029.29
531.25934 1891.6
532.23492 2316.64
533.24707 1205.49
534.30957 2676.02
534.81812 1082.72
535.28967 2380.62
535.77655 1376.27
536.26996 6603.97
536.77924 2241.54
541.28510 1530.6
541.78149 1883.62
542.24292 3221.65
542.74451 1922.91
543.25464 1234.26
545.69507 902.144
546.23071 2045.81
546.73840 1055.96
551.25171 4748.94
551.75421 3659.79
552.24603 2919.67
552.31012 1556.69
552.74493 1358.41
552.80908 1055.76
553.25189 2013.53
555.23657 1621.31
555.73810 1571.03
556.24017 1047.9
557.24762 1171.61
558.26611 964.079
558.60455 1627.15
560.25830 3375.11
560.76080 1698.78
561.26349 2527.59
561.76343 1208.86
564.27319 5561.07
564.60675 4305.89
564.94122 2977.07
566.25812 5938.6
566.76111 3762.89
567.20624 853.783
567.26587 1348.4
567.70874 3397.68
568.21454 1384.08
574.76923 2712.04
575.26819 2793.18
575.76868 968.899
583.25220 904.289
583.31366 1009.39
587.75250 1226.26
588.24109 3957.33
589.23914 1323.21
591.76685 1663.61
592.26422 1802.33
593.79993 1607.53
596.75555 2823.46
597.25739 1400.88
597.75562 956.748
598.31775 10391
599.32056 3807.27
600.26636 1197.56
600.76849 6954.14
601.26996 4214.85
601.77051 1559.3
605.76276 1661.18
606.31281 924.246
607.26709 959.443
609.79669 3775.15
610.28864 1279.42
610.80890 1050
610.98199 935.518
613.29791 5536.09
613.62939 4216.62
613.96326 3495.38
614.30792 986.06
615.78607 2066.1
616.16083 940.872
616.32800 143468
617.33209 45061.8
618.33368 9771.9
619.33710 1139.45
623.75549 1165.95
624.25214 1719.27
624.75696 1155.45
625.24841 969.078
632.26563 1609.78
632.77344 921.749
634.29504 2222.05
635.30536 1704.48
640.97644 3708.68
641.31024 3227.59
641.64252 1779.22
641.98132 1644.99
642.28046 2709.13
642.78809 1760.75
643.29608 928.473
646.27313 2930.54
646.77155 2616.64
646.97748 8936.3
647.31537 9322.55
647.64630 6815.65
647.98138 3643.03
648.31976 955.956
651.29388 2228.56
651.79181 1661.32
653.31934 5078.85
653.82031 3294.6
654.31885 2039.93
660.79852 1074.79
673.32660 1391.02
677.98334 1949.94
678.32092 2540.98
678.98889 1162.05
680.79254 2007.23
681.29510 1137.21
683.30438 987.225
683.98944 3044.06
684.31976 2869.59
684.65790 1003.16
684.99133 903.853
687.79175 1809.94
696.80078 1043.13
697.29517 973.811
701.30988 3085.7
701.40442 2098.18
702.30585 1075.69
710.33014 1255.31
711.40820 1110.06
712.84308 2823.13
713.34406 2610.15
713.84094 1159.47
718.35480 952.735
721.33783 1023.3
721.44849 969.703
721.84973 15776.7
722.35040 13365.9
722.85138 5737.9
723.35449 2103.57
729.41278 13597
730.41467 4943.93
731.41449 1102.43
735.30548 1997.55
736.30933 1190.69
762.27319 1322.85
770.34155 2034.06
773.35553 1057.47
786.36005 934.976
786.87830 1329.14
791.39868 1099.78
791.89929 1167.74
795.38257 7526.05
795.88312 6495.77
796.38538 3675.24
818.34308 2365.28
820.39832 1009.84
825.34943 5865.76
827.37238 872.651
830.46118 19035.4
831.46338 7712.49
832.46851 2084.19
833.36249 1508.11
834.36432 1226.87
836.35559 10352.3
836.90240 3944.99
837.37042 3939.61
837.90173 1207.65
838.35822 1411.01
845.90613 23026.4
846.40765 21997.6
846.90869 11415.8
847.40985 4972.53
847.91302 1092.11
848.39301 3050.49
849.40015 1479.59
853.38287 1848.96
861.35205 2174.84
862.35736 1109.57
864.44836 2245.27
865.43115 1053.64
896.90472 1294.13
906.39844 935.069
910.43689 1027.1
910.93457 1095.75
917.41174 2004.27
919.44122 5904.09
919.94208 6245.56
920.44275 3511.55
920.94531 1568.23
921.44427 2019.53
922.45258 1053.16
924.42950 907.144
931.42792 3353.85
932.43933 1366.97
944.38873 2466.42
947.38428 4755.42
948.38892 2242.41
949.43951 12128.4
950.44165 7120.3
951.44495 1740.89
962.39764 2442.54
963.40747 1026.06
965.40179 973.439
973.47119 1027.83
974.44470 889.808
990.49164 9114.78
991.50067 3754.62
992.49487 1727.71
1000.44952 1781.89
1001.43805 1051.69
1008.43036 1124.19
1009.43390 954.938
1018.45178 5243.18
1019.45282 3390.27
1036.43616 3678.04
1037.43518 2197.69
1057.47607 934.404
1058.47266 932.991
1060.47107 3861.08
1061.47241 2338.46
1075.47717 2376.6
1076.49194 1539.58
1078.48120 1817.78
1091.46021 3065.41
1092.45630 1588.33
1101.50317 1599.75
1103.58191 1487.26
1109.46912 6055.91
1110.47217 3627.03
1111.47656 1508.11
1119.50427 1113.66
1129.49866 1008.87
1131.50818 3314.22
1132.51111 1613.21
1133.50757 917.466
1149.52063 4331.09
1150.52197 2208.99
1166.49048 1216.12
1192.51013 7726.9
1193.50830 4405.62
1194.51147 2296.02
1210.51672 5979.98
1211.51672 4023.73
1212.53015 1914.09
1218.57397 2057.93
1219.57800 1033.74
1222.54272 1062.52
1304.55090 946.16
1305.62976 4639.22
1306.63098 3652.43
1307.62463 1670.33
1321.54846 1224.59
1323.58899 1505.5
1324.60107 917.194
