1219.70036 2
110.07096 3747.11
112.08666 442.373
113.07024 380.465
115.08587 542.014
117.10143 581.047
120.08048 4702.51
124.03907 578.17
127.08637 1499.94
129.06558 3475.41
129.10193 7211.23
130.06372 401.782
130.08598 2669.37
130.10550 440.683
133.04263 622.969
136.06273 316.45
136.07549 4079.97
139.04927 305.404
141.06549 2174.67
143.11751 1544.74
147.11244 6810.16
152.03400 3206.95
155.08116 537.448
155.11778 393.305
157.09685 552.7
157.13310 416.239
158.09157 1459.86
159.07576 493.326
159.09109 1191.15
167.08099 1088.12
169.06044 8584.33
169.09785 335.054
169.13295 1477.12
170.06407 408.208
171.07584 369.302
171.11253 757.137
171.14876 1353.78
173.09155 399.115
173.12805 3179.85
175.08952 869.763
175.11847 3957.3
177.08517 552.974
178.06421 605.025
181.05949 373.163
183.11244 1439.75
183.14920 568.498
185.09245 532.755
185.12851 710.414
185.16463 1758.85
186.08691 12678.2
187.07053 433.209
187.09102 470.062
187.14357 6438.3
188.14711 313.538
191.11670 350.113
195.07660 601.438
195.11250 316.144
197.12791 1518.59
199.07120 355.323
199.10762 412.486
199.14360 1550.4
199.18025 529.464
200.13818 536.512
201.08702 578.707
201.12294 3740.21
203.08459 1133.25
203.12103 1771.32
205.08104 691.627
207.11237 396.26
208.07089 573.371
211.10701 968.675
211.14348 419.952
212.10213 951.563
213.08652 1369.51
213.15933 2175.08
215.13846 6828.97
216.14368 608.406
218.14952 405.523
219.11258 350.675
221.12874 344.159
224.10236 1024.33
225.09814 390.646
226.08200 751.256
226.11777 516.542
227.10133 566.745
228.13368 7357.6
228.16924 539.888
229.11630 678.494
229.14059 328.903
230.11238 483.239
231.11253 2242.07
233.16280 316.875
235.07051 1029.08
235.10464 365.812
239.09573 412.578
240.09889 390.327
240.13393 841.326
241.08231 379.604
241.12981 693.808
242.11333 515.353
242.14995 917.369
243.10814 886.982
243.13266 816.7
244.09183 342.325
246.15575 819.293
246.18057 3159.15
248.13873 989.096
249.12292 1966.42
251.14981 564.972
252.09706 2261.75
254.14890 550.921
256.16550 341.717
257.16125 435.634
258.10666 346.188
258.14301 1232.54
259.10785 709.371
260.10626 852.098
261.10767 471.322
261.16052 367.406
262.10117 703.76
262.13123 345.833
263.10321 322.131
269.12381 8383.86
270.10803 2871.06
275.17099 466.114
275.20679 337.939
276.13339 2440.6
276.17148 689.426
280.16397 863.769
282.18024 826.316
285.00809 659.756
285.15628 464.783
287.13440 5331.9
288.13559 448.957
288.20316 493.938
293.15945 527.065
296.19669 1043.54
299.06393 331.021
302.18454 338.373
308.15793 759.2
311.17026 571.146
312.22836 650.929
314.20636 3409.72
315.20819 624.714
320.15872 493.67
323.16980 392.182
325.18741 421.539
327.20181 4403.6
328.20096 457.223
329.18021 351.19
329.21716 341.453
330.18076 2518.81
337.18637 3935
338.18906 504.413
339.20007 341.879
341.15765 558.6
341.19308 350.351
341.20813 336.321
342.12463 1072.54
342.15546 348.892
343.13095 811.653
344.13266 560.528
347.22809 4801.57
348.18985 654.92
348.22983 399.914
354.21307 1532.4
355.06964 736.766
355.19455 1172.74
358.17593 375.38
359.17056 4014.3
360.15128 1234.96
365.18198 1261.18
368.19183 421.93
372.22372 362.311
375.19995 1666.11
377.18100 2046.9
382.20825 1227.26
395.26425 489.878
400.22086 366.47
410.23911 405.685
413.21820 920.435
413.27563 567.48
422.27737 375.976
427.21976 431.413
428.22165 580.006
429.25760 541.2
430.24863 457.482
431.22833 531.913
436.25574 817.231
440.28177 655.678
441.21216 1187.76
446.27646 349.282
448.25916 420.253
454.26566 429.695
455.21265 781.529
456.21359 782.536
457.21442 503.321
458.23907 3883.41
459.23193 719.868
464.24609 519.625
474.27011 713.094
476.24557 1913.06
476.29395 873.501
477.24716 420.63
481.27689 436.782
489.20618 373.536
494.29639 5489.68
495.29944 1265.52
509.76804 584.895
529.31384 525.918
557.30713 2109.81
558.31122 575.162
575.32111 854.399
587.31116 627.655
599.33270 1246.98
600.33081 350.635
604.34509 1768.8
605.32874 2507.23
606.33405 363.08
609.29803 2158.36
610.29901 776.749
610.37488 364.746
622.35406 3733.85
623.35986 769.162
656.37830 432.925
670.39032 664.622
703.41583 436.179
721.42242 6403.83
722.42725 1657.09
790.45496 365.556
802.48083 460.549
820.49103 4096.06
821.49353 1706.17
843.46881 484.999
844.46893 513.128
845.47284 375.067
875.47900 867.405
876.47650 536.106
921.44873 342.536
933.57605 1181.08
988.56848 649.014
1034.62891 550.809
