1793.80204 3
110.07097 26775.9
111.07474 1090.43
112.08656 3582.9
115.08615 1294.89
120.08047 1356.9
129.10199 4000.59
130.08617 1155.29
136.07545 1307.25
147.11241 844.924
157.10793 1727.44
157.13277 1256.01
159.09122 957.542
175.11853 6482.77
179.09253 1348.99
185.12799 1371.07
198.12454 1105.35
207.08748 3792.65
214.09758 1852.39
223.15538 1352.41
226.11829 2549.36
244.16638 836.2
251.14980 4191.17
252.07603 2287.38
255.14459 7407.7
256.14777 940.325
257.17142 820.612
260.19644 1133.47
272.17130 10959.8
273.17426 1135.18
285.16663 6333
286.17172 910.657
295.13937 2506.71
305.06415 2952.62
313.15015 1087.59
320.17169 3882.61
340.20053 904.777
340.68945 1384.62
349.20248 10789.5
349.70361 5066.91
351.14377 970.23
354.18726 8546.26
355.19077 1438.53
383.71268 5780.11
384.21399 2574.83
385.25510 4100.09
386.25677 893.569
393.72137 1658.38
402.72668 6466.17
403.22733 2551.22
407.71841 938.589
408.22110 1233.24
416.72415 8438.36
417.22589 4897.84
417.72656 873.214
418.14749 1048.08
425.26184 1481.1
425.72888 1189.33
426.23312 1476.05
442.22961 1886.46
442.72531 1033.18
451.23483 30643
451.74155 10826.9
452.17950 2367.3
452.24384 20962.7
452.74521 10176.5
453.25467 10650
454.26123 1613.3
457.23770 1176.03
460.23935 6884.12
460.74149 3444.52
461.24728 2762.5
461.74756 1135.95
465.71304 6369.63
466.21106 2800.99
472.28674 16427.8
473.28946 3716.17
485.76395 1545.31
486.22232 846.467
491.25760 963.102
491.71939 1431.46
492.72641 888.377
499.76263 1237.72
500.22263 27335.5
500.72430 13414.7
501.22916 14102.3
501.73087 6095.79
502.23178 1879.89
508.78430 11075.3
509.28000 5550.59
509.74100 1661.71
509.76971 1663.34
514.27527 844.92
521.61078 1777.25
521.94623 1860.08
523.28619 1015.67
523.61810 1061.23
527.28699 11982.5
527.61719 22579.3
527.95056 13496.2
528.28296 6340.05
528.61652 1509.61
533.28925 140904
533.62280 115732
533.95703 56593.3
534.29089 18315.3
534.62244 1818.76
539.29260 35777
539.62592 31297.3
539.96008 14919
540.29517 4590.99
544.31439 974.863
545.63000 891.34
546.26031 1075.08
548.74591 1303.58
549.20538 1750.85
549.25153 1172.7
550.29272 1195.11
550.80225 9839.75
554.24719 1211.56
554.31647 2096.43
554.60278 2061.48
554.93536 1355.01
557.26050 896.103
557.77197 4480.59
558.27124 3073.03
559.94427 7510.65
560.27588 13279.3
560.60773 9953.6
560.94257 4848.01
561.27509 1194.23
563.79059 2893.84
564.29218 2476.2
564.79669 1101.5
565.27661 1409.49
565.62842 889.492
565.94818 78236.4
566.28137 71092.6
566.61487 33266.5
566.94958 12717.9
567.27771 1807.78
571.95026 10225.4
572.28357 8107.11
572.61975 4537.97
572.95068 1147.19
573.30255 2633.37
582.29724 22281.3
583.30109 7006.92
584.30988 1322.28
592.60284 855.381
592.93396 2674.05
593.26251 1725.94
597.34747 857.18
598.30365 4897.23
598.60638 12833.3
598.78766 2462.08
598.94000 10141.3
599.27374 7510.32
599.60522 2160.39
600.27582 1233.07
600.35425 6871.31
601.36133 1425.65
607.30798 2305.03
610.32166 1031.13
612.33466 1140.45
612.77655 2168.17
613.28082 2015.31
613.77905 1347.02
615.35327 1334.88
622.84131 2961.95
623.34161 1943.94
647.28998 3661.59
647.78644 2559.05
649.85089 1391.33
650.36664 940.148
652.27789 1214.46
654.84058 1809.19
655.34412 1978.99
657.34961 2621.71
657.85706 1984.5
662.35883 1446.85
663.24561 1072.5
663.84949 1756.27
664.35181 1566.78
667.38867 7422.17
668.39166 2223.73
669.39783 891.507
671.82959 1208.07
677.37396 2021.26
678.35974 898.784
679.38708 4107.67
680.27588 16398.9
681.27838 4675.67
682.28516 949.893
685.39844 878.538
695.38165 25940.9
696.38342 10748.1
697.39783 78083.6
698.40149 27955.3
698.83020 1209.73
699.40814 5647.87
703.83417 1443.48
704.32391 1290.76
706.33710 1185.89
706.84344 1120.32
711.40399 2137.81
712.38385 950.273
712.87329 1335.32
713.39575 3320.85
714.41235 1163.29
721.37854 1444.27
721.88257 1376.32
726.37128 1366.16
733.43756 2900.58
735.37933 956.913
735.87665 932.033
748.41180 2160.39
749.40485 1330.86
765.36365 4648.55
766.42029 27114.3
767.42163 9993.94
768.42834 2231.16
769.91357 1012.97
775.35272 1115.39
776.42493 1011.99
784.43103 5604.14
785.43164 2209.7
793.35895 19037
794.34729 4950.73
804.45142 950.609
812.44458 1227.61
832.42358 2920.61
832.54974 1046.53
833.44415 1777.46
846.38489 3742.42
847.38220 1043.6
864.39532 6349.14
865.39496 2278.89
887.51062 3006.26
901.46167 5337.32
902.46265 3173.5
903.47601 6955.19
904.48297 3297.96
913.49445 2294.57
919.47418 2347.72
920.46729 889.486
930.40851 1523.99
999.44281 3361.34
1000.44250 1654.57
1001.44574 1025.17
1016.56970 883.406
