3238.78635 3
129.10204 1582.46
130.08606 3061.76
143.11778 1546.55
147.11258 6639.03
171.11308 1334.51
173.12808 855.316
183.14880 3783.23
186.12367 1466.04
187.10735 792.952
189.08713 805.617
199.10757 594.152
199.18008 1749.17
201.12299 2191.5
211.14381 3431.83
213.08720 757.054
214.11867 1938.99
217.08160 3078.7
227.17519 2036.22
229.11829 1087.57
234.12329 560.574
243.13353 817.141
244.09258 1544.07
258.14508 1091.32
260.19641 5836.28
261.20023 672.232
262.11768 719.012
280.16495 8087.34
281.16904 1327.8
297.15543 577.541
298.13855 1179.1
298.17575 5345.94
299.17889 721.802
303.12799 557.878
312.19226 1111.14
313.11398 878.738
314.15271 917.892
314.20685 1416.7
316.14969 2032.81
328.18671 820.719
331.12430 8483.12
332.12897 1181.14
332.16107 785.026
342.20270 3626.52
343.15958 1513.61
343.21167 1121.02
353.21826 679.676
357.17752 2538.77
365.25403 842.362
369.17365 746.305
371.22900 1277.87
373.28033 8771.11
374.28302 1451.89
381.21179 1573.15
383.26419 1233.18
385.17117 648.454
386.20343 890.892
393.24905 2674.04
396.22232 1314.64
399.21942 1284.79
402.19830 3834.63
403.20041 738.917
411.24512 2266.53
412.18292 1086.11
425.24048 753.901
427.28806 620.589
428.19342 817.328
429.23343 1828.14
430.19296 7153.2
431.19571 1008.78
440.28625 972.676
441.27298 671.618
443.24994 647.496
445.24835 1190.49
446.21219 1078.46
450.27167 1288.69
453.23553 985.019
454.23105 737.622
455.28772 2504.59
456.24829 854.48
457.20248 1733.49
468.28113 4075.72
469.28421 623.513
470.25858 1732.31
472.34845 4201.2
473.35385 1150.19
494.29865 1433.4
497.23230 970.888
498.25098 1287.1
500.27493 868.638
524.30420 1682.71
525.31079 631.598
526.29840 813.489
527.25946 1969.65
541.21954 1873.92
542.32074 2198.38
543.27496 1271.93
545.27374 1436.1
551.32153 1078.81
553.25928 761.157
553.36938 1761.83
554.37134 643.191
558.24860 2369.52
559.24225 592.684
563.35956 647.679
566.32117 1067.75
568.36920 1070
569.32587 2033.62
570.27997 1678.17
571.27893 735.052
573.39545 4517.6
574.39801 1623.81
581.36615 3101.12
582.36841 1068.49
583.34644 1114.39
586.24194 698.442
593.37927 600.419
595.31665 648.226
598.29584 1269.82
600.27716 597.152
601.33832 742.319
611.31775 574.911
616.31177 663.476
618.29004 580.942
630.36945 581.568
637.38910 982.302
638.23792 1171.04
640.34955 1609.36
641.34631 766.551
654.37378 864.53
655.26270 3179.49
655.40747 1038.63
656.25403 1670.67
658.36603 2063.51
659.37378 671.912
666.34430 1212.68
667.34412 683.051
673.27600 3447.05
674.28015 1017.64
681.32990 733.279
682.41333 2460.99
683.36462 1564.44
684.36688 1125.15
685.35046 1042.14
692.40125 1047.45
699.34412 1375.78
700.33856 727.29
704.43719 6882.92
705.44202 2491.28
706.44775 658.708
708.39093 1669.62
710.40808 3369.97
711.40051 1446.16
717.36145 682.712
726.40356 1424.64
729.40259 767.085
741.33716 1603.9
742.33826 907.808
747.33069 636.407
751.32355 1736.37
752.31274 825.018
752.47021 737.587
753.44025 648.464
758.36334 1247.66
765.42090 787.304
766.42889 596.751
768.34753 4528.84
769.33752 6298.88
770.33606 2298.14
771.37109 654.493
771.47449 641.082
779.44446 782.787
782.46741 786.791
783.42859 1168.12
784.42487 1318.33
786.35974 6634.62
787.36066 2589.03
793.44312 1776
794.44861 1328.87
796.46478 1199.84
797.45502 1174.48
803.50348 2609.07
804.51019 969.756
811.45428 3245
812.45233 1928.91
813.43213 692.355
821.47333 998.263
828.39087 1253.95
830.44275 801.932
832.44202 632.945
839.48828 1313.42
846.38727 643.593
854.42334 2046.35
855.43182 746.355
860.52600 8010.39
861.52924 3542.72
862.53149 1198.08
864.38501 1390.54
865.38599 1112.96
871.45605 1526.96
872.45453 652.528
878.50214 856.868
881.43201 4549.88
882.41986 7451.25
883.41107 2897.44
884.44672 743.583
885.47632 769.161
891.01788 788.082
891.52362 890.1
892.50818 1074.26
894.49359 936.761
895.49292 697.491
896.50983 2004.42
897.51294 1155.66
898.50275 653.146
899.44379 10623.4
900.02179 3420.59
900.42657 4335.45
900.57153 1744.76
901.02319 2015.25
901.43408 1324.57
909.53949 916.027
910.52954 1016.35
917.54767 24724.6
918.54999 13008.2
919.55029 4708.35
920.54425 1091.03
925.49335 1028.58
934.55804 712.779
939.51355 608.332
941.46973 887.185
951.04047 665.059
958.48456 691.025
959.48499 1144.56
960.47211 742.719
967.51331 1369.65
968.50928 686.447
977.48645 838.336
978.48669 828.392
984.54486 1177.14
985.54437 771.105
988.58582 10226.7
989.58813 5925.98
990.58582 1804.63
991.58875 1156.94
993.57410 706.26
994.51874 3621.92
995.50677 4819.72
996.51300 2619.01
997.53210 1006.26
998.49500 1018.83
1009.59869 1327.64
1010.57721 867.661
1011.56708 1088.03
1012.52753 8844.3
1013.53333 5130.44
1014.54254 1237.84
1025.54871 684.586
1026.54883 741.575
1071.62109 755.89
1077.59961 640.664
1079.56775 3164.33
1080.58093 2123.09
1081.58740 1076.7
1089.63232 13441.3
1090.63660 8410.19
1091.63757 2972.42
1092.64111 881.508
1095.59753 1226.29
1096.62048 688.356
1107.60034 1645.64
1108.59497 2542.42
1109.58740 1664.74
1110.59424 665.618
1111.58301 1332.29
1112.57739 802.861
1113.53918 781.193
1125.61487 4070.31
1126.61255 3135.41
1127.62012 1006.57
1129.59509 715.549
1200.66760 2708
1201.67358 1416.71
1218.67371 13675.5
1219.67664 10049.7
1220.67676 4301.62
1221.68079 1579.45
1226.63062 1135.58
1240.64331 2962.25
1241.65149 1687.63
1242.64343 982.994
1309.69128 673.287
1310.67358 847.377
1327.68835 1233.1
1328.68970 790.117
1331.75903 3775.64
1332.76599 2720.8
1333.75793 1068.06
1339.70862 1044.86
1340.69678 807.055
1368.72144 651.063
1370.76904 1318.17
1371.77429 1056.31
1388.78162 12330.7
1389.78442 10420.1
1390.78540 4762.1
1391.77441 1270.08
1408.73267 738.765
1422.74084 695.669
1423.74158 1012.71
1440.77063 1672.28
1441.75732 1123.67
1442.76379 812.273
1501.86926 2382.37
1502.86621 2274.42
1503.88245 1309.09
1588.89441 2398.8
1589.89526 2396.01
1590.90906 985.242
1781.02380 638.658
1782.01538 870.415
1799.04016 3619.38
1800.04297 3360.75
1801.03186 2118.77
1802.03406 727.466
