2675.32094 4
110.07110 3659.78
120.08057 6952.29
129.10214 4664.45
130.08603 1713
136.07530 1637.88
143.11763 4855.03
147.11253 4449.38
171.11279 2734.55
185.09091 1076.59
185.16476 3386.52
187.07104 3222.39
201.12308 13672.3
202.12682 1145.22
209.10309 1306.13
229.11801 15263.5
230.12299 1177.21
233.09587 2146.42
240.13400 1168.26
245.13213 1401.68
253.09364 1795.54
254.14978 1472.9
257.13266 1128.21
257.16080 3432.09
258.14474 4054
272.15948 1127.57
275.17093 6979.1
282.14441 1606.93
284.16129 1323.69
286.13956 9429.99
300.15494 6172.01
302.15115 1291.85
316.13214 2161.04
334.14270 1120.65
337.18552 3886.47
340.19824 1093.4
341.17807 1392.8
342.65628 1158.44
349.68365 4771.88
350.21597 5553.17
358.20770 8837.09
359.21191 1225.79
367.13690 1281.42
369.68079 1305.61
371.22824 4238.62
378.19485 5244.62
378.69489 1042.56
383.19037 1110.14
383.67804 5322.46
384.18390 2692.29
392.19183 8214.09
392.69244 3563.62
393.19296 1520.24
399.22339 3416.76
403.19986 1902.61
413.18350 1056.14
415.19937 1348.88
426.24158 5922.43
426.74060 2710.62
429.24533 6586.37
430.25037 1313.39
434.73718 8443.5
435.23849 4194.1
435.73825 1324.63
439.23077 1046.26
440.22003 4760.21
440.72318 2051.17
448.73462 7187.73
449.23575 3780.61
456.18445 2483.59
465.24490 3612.31
468.23041 1224.51
475.22745 4740
475.77167 3236.21
476.27759 1744.49
484.27005 1755.63
486.23779 2127.62
490.26093 1067.97
498.26904 4133.57
498.76608 1969.18
510.26425 1272.28
516.27020 1952.1
516.60419 1677.49
524.76117 2589.47
525.26465 1249.56
526.29761 6833.41
526.79846 3920.72
527.22070 1227.44
530.29376 11384.2
531.29523 3148.1
562.78839 1331.66
563.29382 1529.73
567.29163 1851.4
567.81647 1755.46
568.30664 2097.78
570.26605 1433.49
571.22168 4330.06
572.22589 1436.46
575.28436 4852.73
575.78625 2804.3
576.82117 24863.7
577.32123 15147.3
577.82269 4517.83
578.32715 1272.45
579.28937 6672.78
580.29474 2092.77
585.30377 2277.22
591.29907 3769.92
591.80060 1743.59
592.29272 1742.1
594.28955 1741.5
597.26660 1800.87
615.27582 1168.32
623.34973 1882.22
625.81018 18257.6
626.31158 11307.2
626.81305 4738.19
627.28802 1610.13
628.26990 7762.18
629.27252 2518.42
633.33960 3942.66
633.83417 3781.76
634.33911 1445.3
636.30731 1441.22
641.29712 1952.91
642.34259 31385.1
642.84259 22793.1
643.33771 9334.04
643.84283 2822.4
644.39111 1607.14
654.34094 1331.56
656.31311 2219.8
657.31165 1098.9
667.27783 2232.17
668.93665 1274.68
669.29559 6167.85
669.89343 1708.68
670.29858 2990.44
682.32153 2064.33
682.82483 1595.12
684.30872 9721.96
685.31061 4174.42
691.32935 20401.5
691.82990 15449.5
692.32996 5654.42
692.83026 2287.54
696.33777 1935.24
698.36224 2481.62
698.88373 11069.5
699.38403 9137.87
699.88470 4351.45
705.36835 1398.27
709.88312 1136.44
712.30121 3234.39
712.38281 1179.55
713.29913 1772.94
714.41595 11595.7
715.41931 4274.9
718.38806 6557.77
718.88635 4189.27
719.38617 2692.37
719.89050 1486.2
726.35596 11400.4
727.39508 60074.8
727.89563 47016
728.39673 23025.2
728.89618 7703.54
729.38873 1307.29
739.36182 1307.01
740.37341 3142.55
741.35602 4809.71
742.34827 1553.94
747.87152 6679.57
748.37408 5198.58
748.87415 1638.47
754.39069 2289.73
755.38580 5164.88
756.38519 2389.89
765.36707 1280.22
766.34906 7098.57
767.36230 4108.49
767.87671 2251.73
768.37329 2178.7
773.90265 3239.49
774.40527 3987.66
774.90570 1696.01
776.38220 40824.4
776.88367 31940.2
777.38373 13352.9
777.88983 5368.15
778.39099 1135.02
782.91125 17908.5
783.37640 91800.2
783.90753 9291.86
784.37952 41296.8
785.38342 9415.71
786.38361 1316.64
791.91547 42155.7
792.41681 32438.7
792.91565 18308.6
793.41815 6992.44
797.39301 3304.86
798.40125 1813.3
811.41382 3404.04
812.39148 9425
813.39807 3656.9
822.88690 1207.67
823.43158 2150.85
823.93958 1234.81
825.39026 1346.15
831.89966 11186.5
832.39532 7590.16
832.89124 4330.51
833.37482 1555.48
833.46979 1530.79
840.90375 20943.7
841.41333 19769.3
841.94495 14149.4
842.45471 7826.41
842.95593 2708.09
850.45459 1131.77
851.47333 21669.3
852.47656 9267.46
853.47974 2549.86
868.46710 17201.7
869.47589 8174.55
870.47894 2397.96
872.42523 1401.23
878.45721 2309.09
879.44073 6983.84
880.45190 2961.84
881.44495 1580.79
882.44220 3826.06
883.45203 1839.2
890.43884 11905.4
890.93872 10757.7
891.44183 6504.07
891.93524 2696.97
892.43341 1154.81
896.46014 101154
897.46350 50236
898.46826 14202.3
899.48242 2279.04
912.42157 1597.13
913.42334 1192.85
922.44586 1188.6
924.49243 4058.36
925.49261 2277.15
926.49091 1424.06
931.43829 1286.91
940.45068 2423.96
949.44690 14258
950.41895 4592.22
950.57495 4365.64
951.56665 3276.32
967.53955 1362.47
968.51172 1383.03
995.53027 20324.4
996.53314 12499.9
997.53345 3380.77
998.54413 1154.01
1007.55157 1287.65
1009.51569 1280.34
1011.49316 2093.75
1013.48230 1139.85
1014.48590 1189.6
1025.54370 2118.29
1048.52124 4208.62
1049.52686 2721.94
1051.59058 7724.51
1052.59973 3839.04
1053.54102 3827.95
1054.53699 2103
1096.58813 1395.85
1097.58911 1171.31
1124.57275 2299.21
1136.58069 1431.55
1149.55859 4800.79
1150.56665 2764.92
1152.63086 10086.2
1153.63391 7253.03
1154.62354 2074.15
1179.61768 2254.01
1180.62134 1379.07
1181.59814 10263.6
1182.59058 6195.34
1183.59705 3249.79
1225.64087 1335.34
1250.61023 4928.04
1251.60925 2935.38
1283.67664 3295.54
1284.68994 2057.92
1285.67395 1400.18
1307.67578 1186.3
1308.66772 2589.47
1309.67273 1695.41
1381.64539 1446.17
