2909.44498 3
147.11258 256.656
170.09283 246.011
185.16437 227.77
213.15959 211.318
218.09537 364.431
227.17506 199.344
234.14427 754.212
246.09013 918.465
359.17322 853.854
404.24850 493.44
460.22171 320.123
475.28531 616.867
580.25391 411.699
580.75122 247.241
590.24023 189.56
604.32959 267.145
618.28088 216.182
625.75500 248.879
626.25934 198.712
675.29224 785.915
675.79321 729.087
731.83649 418.922
732.33679 505.935
751.39893 369.518
788.37415 240.814
788.88586 200.079
880.43994 227.069
937.45886 1345.61
938.46185 711.962
968.51666 231.582
968.69940 270.533
968.78918 299.146
968.88159 334.133
968.96600 311.147
969.06891 533.661
969.14441 393.993
969.24719 593.144
969.33655 495.36
969.66461 98579.2
969.97522 693.644
970.06915 935.337
970.15363 792.35
970.24933 838.798
970.33575 716.867
970.43787 691.863
970.66724 53890.9
970.93207 270.471
971.07074 399.098
971.16028 215.021
971.35370 220.215
971.67084 17337.4
972.66766 1221.59
991.40399 254.19
1036.53381 395.602
1037.53357 231.504
1093.54980 1510.15
1094.55176 941.581
1104.48608 246.497
1164.58838 827.895
1165.58875 687.691
1217.58240 275.328
1235.62805 738.203
1236.63000 556.518
1250.50830 502.8
1251.49817 372.048
1252.53235 219.981
1334.69727 350.913
1335.69104 240.905
1349.57275 679.753
1350.58557 562.056
1462.66785 282.841
1463.65625 392.737
