2060.02091 3
110.07113 2568.94
119.04922 999.184
120.08058 13890.3
121.08400 976.136
129.10208 6486.63
130.06480 1056.16
130.08617 3318.91
133.04333 792.286
136.07558 51460.5
137.07887 4375.03
139.09767 1987.85
141.10210 1467.43
147.11269 6571.89
159.09151 2568.75
169.09717 2009.67
173.09146 721.4
175.11888 2680.59
185.16516 789.655
187.14346 995.713
196.11319 671.366
199.10757 13150.4
199.18062 1295.18
200.11209 1132.65
201.08719 1496.02
201.12350 1227.74
207.11227 2928.55
213.15918 699.461
215.13844 1209.28
223.10768 532.135
227.10252 24045.9
227.17393 1920.05
228.10609 2557.25
232.11024 739.221
233.12836 3231.68
233.16550 905.957
235.10515 2108.9
235.12390 763.706
240.13387 2320.42
242.14978 745.968
243.13341 1851.28
244.12796 717.691
244.16454 1268.86
249.14354 1262.1
249.15952 1181.2
258.14474 4685.52
260.10645 541.909
261.12338 3340.97
262.08530 831.374
263.64758 27837
264.14886 6783.4
264.65009 1083.23
266.17282 1328.39
270.14276 802.892
276.15485 5427.41
277.13428 1933.24
277.15933 2256.29
277.64481 15906.2
278.14539 5358.15
278.64655 885.376
283.14374 3911.67
294.16669 11676.5
295.16956 1632.61
298.13950 2511.77
299.13913 2132.94
303.21411 1240.78
311.13892 1996.2
312.19437 893.229
315.13113 565.012
320.12393 1333.42
327.13370 2787.77
328.13910 697.953
337.18179 15875.6
337.68317 5892.52
338.18176 1207.66
338.21173 559.014
340.18604 19601.3
341.18909 3275.56
345.22000 678.768
347.19223 10513.4
348.19467 2503.17
351.17911 23125.2
351.68021 9548.7
352.18158 2299.91
356.21719 1547.68
361.15268 1040.15
363.22519 840.376
364.15146 1923.66
365.15143 903.433
380.19968 840.588
380.69644 753.87
390.16531 697.066
390.23904 2232.72
391.21454 829.303
398.17059 2651.45
408.19125 2682.41
410.20227 578.246
411.22546 1109.46
418.71326 15124.6
419.21518 8207.98
419.71634 1764.84
425.27612 3433.68
432.71072 11787.4
433.21176 6399.72
433.71436 1324.59
440.21637 2609.97
441.22141 873.118
453.27048 7505.63
454.23672 2130.44
454.73489 1098.21
461.27380 615.869
468.22955 6723.38
468.73032 2877.69
469.23441 771.563
477.23404 712.184
496.31302 739.187
499.21558 712.256
501.27017 939.372
503.25015 1849.98
510.25522 19152.9
511.25687 6999.34
512.25800 1772.4
517.25531 643.057
519.28467 835.459
524.30524 1093.94
525.30927 1324.56
526.28802 3519.71
527.21136 1941.08
527.29260 864.189
528.21185 814.868
529.31134 3073.64
530.31335 701.877
537.25574 751.5
543.25909 1496.88
545.24683 647.314
553.29547 1087.92
554.28290 23886.5
554.78754 1214.18
555.28595 7020.82
556.28461 938.336
563.29443 15431.4
563.79626 9978.46
564.29767 3679.4
564.79944 992.418
567.28052 675.912
571.30115 1215.59
574.29028 603.455
579.31177 825.698
581.27759 3368.42
581.78198 1871.6
582.27252 655.669
588.33850 4449.41
589.34259 1356.68
590.31354 631.833
598.81763 565.67
599.31891 611.827
603.36151 588.125
612.29980 785.242
616.33344 7841.34
617.33838 2447.78
618.33801 586.737
624.33337 1132.86
637.82422 1315.89
638.32086 1111.01
640.29523 1522.71
642.28174 797.585
655.30670 731.893
656.32703 1128.93
658.35242 1725.34
659.38049 861.677
664.33514 572.527
666.31073 1156.89
673.30994 19912.2
674.31268 7318.16
675.32220 2040.94
676.33759 650.899
682.34674 630.283
684.32574 1365.18
686.32892 817.653
687.37378 2866.18
688.38422 1320.56
688.88141 2566.16
689.37811 1539.83
691.31671 1156.75
699.24603 613.454
700.36700 1084.1
701.35040 55152.8
702.35413 23440.9
703.35699 4714.13
718.37067 585.208
737.35199 1053.21
745.36517 596.223
751.40637 2240.62
752.40961 972.388
753.38367 1234.52
770.28650 669.695
771.44495 1643.43
775.89764 621.4
779.40302 3582.5
780.40173 2151.63
781.41492 636.285
786.40161 19367.3
787.40497 8041.66
788.40521 2445.05
816.40979 699.644
819.39264 1840
820.40497 1243.91
822.44104 1682.67
823.33307 681.232
823.46161 616.09
836.41968 16323.6
837.42126 8696.13
838.42542 2020.64
840.43274 708.617
845.47144 698.226
847.38751 1626.32
848.39740 1484.32
850.43127 2886.95
851.43848 1961.82
863.43341 1276.01
864.41510 28146.9
865.41760 15234.1
866.41699 4646.25
867.40814 649.748
883.38440 778.226
883.95087 2711.31
884.42383 1751.82
884.56073 1580.36
884.94238 1083.88
885.53540 1069.6
890.43103 1757.63
891.44409 1308.3
899.48688 21208.9
900.48926 11299.9
901.49243 3120.39
902.50043 785.539
907.45654 35172.2
908.45819 20204.4
909.45856 5682.94
910.47656 1016.14
916.42151 1477.95
918.41827 949.656
919.43622 870.845
933.48071 1749.73
933.98108 1944.07
934.47205 1202.61
935.45032 35592.9
936.45276 19925.2
937.45374 5816.5
938.45844 1064.33
960.53906 646.545
979.47485 2388.63
980.47858 1203.39
982.44238 831.984
990.03088 1067.82
990.52454 771.11
996.46521 616.849
997.60620 2277.67
998.61884 1219.74
1010.51892 2222.99
1011.52338 1460.97
1028.52881 13746.8
1029.53125 7550.04
1030.53198 2910.8
1035.57434 671.217
1038.49768 590.473
1066.51318 599.883
1068.64685 2177.67
1069.64734 1052.31
1089.56738 1213.13
1090.56152 986.998
1095.54663 658.185
1107.57568 781.926
1109.55640 618.032
1125.58215 31888
1126.58276 20540.3
1127.58765 7389.87
1128.58252 1864.01
1133.55212 2018.06
1134.55432 1363.22
1161.54614 7112.63
1162.55054 4576.04
1163.55042 1662.98
1196.61877 4042.16
1197.61755 2745.74
1198.63342 1273.25
1205.71753 590.679
1246.62170 631.025
1247.63586 606.651
1274.63953 2110.05
1275.63171 1182.29
1359.68066 1137.95
1360.69141 1478.9
