2314.19034 3
110.07117 1576.67
120.08070 3841.15
121.08388 256.669
129.10220 2684.17
130.06482 392.411
130.08627 634.1
133.04294 1031.68
136.06160 376.678
136.07565 1576.77
143.08179 377.483
143.11786 5483.59
144.12144 262.009
147.11282 1507.37
157.13235 216.611
158.09233 294.591
159.07571 230.52
159.09154 2044.62
160.09523 202.121
169.09735 342.453
169.13321 202.474
170.05960 183.118
171.11278 5291.38
171.14825 259.173
172.11646 347.239
173.09232 270.78
173.12811 506.651
175.11893 1757.25
183.07507 208.055
183.11276 543.623
183.14915 249.87
185.09181 301.458
185.12906 209.447
185.16492 1830.69
186.08708 231.795
186.16841 222.166
187.10837 436.202
187.14426 397.134
191.11786 417.234
197.12836 517.947
199.07162 302.266
199.10767 319.395
199.18079 325.557
200.13881 279.771
201.08701 223.187
201.12321 770.409
210.02524 423.916
213.08688 382.709
213.16002 1664.05
214.15193 191.033
215.13884 778.452
216.09717 284.329
216.13324 252.38
217.08194 414.729
219.11292 335.909
225.09938 208.522
226.11879 378.644
227.10339 393.213
227.17508 647.181
228.13411 7813.38
229.13800 658.066
230.07635 231.301
230.15056 366.226
231.11354 232.294
239.17467 609.548
240.13361 373.34
242.14966 2252.13
243.13568 468.366
245.07837 292.844
246.15590 2316.03
248.16037 1492.68
249.16029 401.398
250.11913 310.76
251.07875 188.118
251.10402 207.856
253.09268 271.504
258.14194 288.726
261.16000 201.568
270.18057 249.864
272.12411 518.946
272.17749 258.63
276.14948 315.861
277.15384 275.006
278.11218 262.02
281.11230 300.085
281.22305 247.673
282.18054 288.563
284.19620 2488.24
285.19922 247.657
292.07730 285.462
296.19629 597.121
297.15567 1019.71
298.13620 209.527
299.16980 224.349
300.17322 215.475
301.18741 269.776
313.22305 3560.51
314.22818 462.636
315.16507 331.99
319.19720 2537.98
320.19958 289.896
325.18768 220.009
326.24493 452.95
327.20282 687.601
327.23929 761.508
341.21857 2114.78
342.12601 305.813
342.22562 355.783
351.20413 220.151
355.23407 1957.16
356.23724 445.584
361.18243 241.444
363.11459 258.942
373.20932 630.561
379.13614 257.261
383.26492 1247.19
391.19662 361.543
395.26575 224.147
396.22659 361.625
409.28119 698.94
414.24487 277.326
419.13022 197.024
426.30771 1177.14
427.31015 228.094
432.22064 359.426
432.28165 2299.14
433.28418 441.393
436.15872 326.488
440.28775 437.465
454.30237 1677.47
455.30301 306.546
474.26712 244.514
504.21609 206.621
510.26300 253.68
515.25470 441.778
515.75714 276.597
521.24438 223.412
524.28522 314.321
532.21759 245.923
533.26813 816.226
534.27118 315.384
541.25391 219.251
542.24768 238.636
549.24176 363.508
550.21478 277.523
553.37024 229.564
558.33002 228.559
586.33661 331.114
595.26855 270.384
595.77429 256.303
600.29791 204.999
608.27734 555.37
618.36188 1697.47
619.36517 467.193
622.27716 272.796
622.77594 386.397
624.35522 296.186
639.30487 299.038
642.80646 774.286
643.30817 552.815
643.80695 319.327
646.35736 508.147
647.35522 226.634
649.29559 335.986
651.78601 233.764
652.28033 219.979
662.33167 223.457
665.78149 439.019
666.27576 425.739
666.77576 298.377
678.32281 221.419
678.82013 291.433
679.31628 491.544
680.30176 208.7
686.32526 555.628
686.82654 589.818
687.32336 438.531
696.32843 419.701
697.32373 226.505
701.80591 263.905
703.37335 3616.76
704.37744 1800.87
705.38159 485.02
709.35455 227.818
715.30884 326.286
715.80237 272.634
720.33478 717.8
722.32471 324.158
722.82556 290.68
730.30530 230.553
749.34235 347.998
750.35645 414.864
754.28687 331.528
755.42419 1125.2
756.43909 422.524
757.84998 453.262
758.34369 525.376
758.86310 276.079
759.34241 398.137
763.86359 344.061
764.36432 812.475
764.87048 328.93
767.85901 899.199
768.35168 1032.34
768.85968 428.724
769.35132 345.688
770.34827 461.331
771.35205 472.102
771.48132 453.318
771.84344 812.727
772.35400 2001.15
772.84973 651.02
773.34760 873.483
773.48529 583.707
774.40979 2766.07
774.51880 243.813
775.41492 1356.92
776.42340 317.961
799.36517 249.071
807.37750 336.999
807.86664 502.236
808.36542 423.121
808.86005 428.768
815.86560 216.463
816.36945 714.253
816.86493 325.098
817.37292 326.324
824.87958 1601.18
825.37976 1963.58
825.87714 1048.9
826.37305 649.663
828.40118 417.062
828.90643 541.974
829.38715 458.721
830.37213 558.03
831.37274 914.065
832.38312 272.146
837.40143 365.443
838.39966 234.135
848.39294 1442.35
849.39539 305.306
855.37366 614.559
856.91803 245.605
857.40540 466.843
857.90002 321.195
859.37665 230.429
860.39032 273.81
863.91595 383.09
864.41986 674.5
864.91644 373.355
865.42102 240.252
867.39990 237.715
869.46924 472.975
870.46741 675.14
871.47693 230.741
872.41931 429.709
872.90845 807.824
873.40704 635.776
873.90759 216.594
877.38336 342.134
878.92297 281.341
881.42151 2924.58
881.91846 3648.2
882.41663 2808.26
882.92041 1064.31
883.43384 1014.56
884.42865 281.049
886.89862 244.605
887.40356 229.495
892.53192 226.737
893.39618 247.865
901.40759 249.107
902.40942 234.195
905.44379 295.319
905.93396 378.869
906.43488 297.959
913.43713 488.107
913.95520 340.584
914.44165 253.988
914.96039 238.234
916.45825 239.347
917.46045 286.423
921.47797 1915.62
921.95239 364.923
922.47522 1528.83
922.94153 420.064
923.48413 603.384
930.43451 1361.66
930.95477 2110.68
931.44763 3915.62
931.95367 2193.15
932.44983 1296.75
932.95483 325.097
933.44586 224.153
937.45648 254.045
942.47778 316.032
943.43689 219.563
947.44727 1317.39
948.97754 363.289
949.46033 523.173
949.97046 407.324
960.49304 280.195
961.50745 221.248
962.46606 226.125
968.44214 245.555
969.45105 293.386
970.46332 220.897
971.48004 224.879
978.98688 574.017
979.49268 470.635
979.98438 251.413
986.39709 516.754
987.50287 1931.3
987.99506 2214.44
988.49799 2058.07
988.99701 725.657
989.50372 271.861
992.51819 1281.37
993.52362 916.226
994.52985 324.753
996.52570 701.442
997.53522 404.44
1002.51117 290.356
1005.45062 371.445
1029.50403 884.401
1030.50391 839.597
1031.53052 323.169
1032.53015 891.911
1033.52930 777.112
1034.53357 414.914
1035.53247 239.351
1037.48730 249.63
1044.53467 413.804
1045.03162 235.446
1056.55676 257.074
1064.04285 269.164
1064.55823 382.886
1065.05798 276.129
1065.54834 225.376
1072.55396 956.583
1073.04822 1271.19
1073.54932 1175.83
1074.04590 570.412
1083.51538 220.31
1086.52405 236.333
1098.52698 379.945
1099.52588 579.497
1100.05566 248.324
1100.52368 269.263
1101.52209 218.458
1107.49512 243.919
1108.06812 634.466
1108.57556 915.378
1109.05957 749.276
1109.57971 380.366
1116.51050 326.912
1117.46790 246.732
1123.54883 564.068
1124.57300 723.764
1125.55737 253.224
1131.53906 243.482
1133.53979 3217.93
1134.55054 473.144
1144.46338 379.303
1145.47803 338.329
1147.55396 1283.07
1148.54968 1054.29
1149.54700 443.637
1166.63000 725.388
1167.62073 446.471
1187.53931 315.872
1189.52832 450.015
1190.53162 462.072
1191.52808 279.084
1201.61475 221.51
1217.48340 252.088
1219.57800 295.849
1220.58264 327.024
1230.55237 298.41
1231.54883 261.88
1232.59851 462.713
1243.54614 341.666
1244.53589 319.45
1283.57788 424.078
1284.60486 1766.35
1285.60425 1321.45
1286.60205 685.506
1287.56799 249.773
1303.57092 217.607
1319.64600 587.472
1330.59363 536.18
1331.55725 468.584
1342.62390 218.307
1353.61499 223.766
1354.61096 222.835
1356.62219 277.638
1357.63477 293.271
1371.64441 1555.52
1372.64417 1504.87
1373.63989 816.873
1374.63049 242.148
1390.66492 248.504
1391.62305 288.405
1392.61023 293.778
1393.61865 252.168
1443.63696 229.877
1444.64819 288.257
1516.69519 225.452
1534.70142 538.228
1535.70081 654.841
1536.70251 445.027
1542.71106 266.228
1543.71521 359.988
1614.74963 218.827
1648.75293 640.209
1649.74829 839.253
1650.75171 472.633
1651.74512 259.661
1761.83679 458.492
1762.83582 664.534
1763.82056 296.017
