1793.80442 3
110.07121 8553.6
111.07448 488.245
112.08688 921.546
115.08677 409.762
120.08077 2221.78
129.10229 4951.25
129.11288 377.963
130.08624 849.918
130.10490 362.901
133.04280 207.165
136.06198 542.512
136.07578 3471.03
137.07899 253.257
139.08713 230.657
141.10243 497.765
143.11797 391.123
147.11295 1403.87
155.08249 317.29
156.07672 259.689
157.10831 689.179
157.13347 1698.8
158.09192 498.5
159.07620 706.108
159.09149 747.749
166.06094 309.765
167.08194 357.936
169.09761 289.788
169.13383 369.576
171.11269 405.589
173.09186 270.748
173.12837 511.428
175.11890 3160.36
179.09317 550.757
183.11359 264.801
183.14932 364.656
184.07137 347.721
185.09248 219.408
185.12828 547.744
185.16496 1821.94
186.12375 263.239
187.07182 332.142
187.14366 716.98
195.08766 228.843
197.12871 379.714
199.10785 261.465
199.18060 993.066
200.13908 395.549
201.12315 750.097
204.13359 421.735
207.08780 1477.37
209.10353 213.077
209.13972 217.446
210.02478 274.802
211.14301 236.871
212.06676 538.67
212.10266 669.371
212.13945 354.964
213.15981 546.124
215.13890 725.505
218.15042 472.22
223.15596 459.796
225.09846 381.507
226.11819 952.477
226.15501 322.026
227.10039 233.674
227.17497 257.243
228.13548 236.075
229.09279 924.752
229.11681 386.015
234.12447 213.539
240.13319 268.646
243.13336 281.129
244.09326 259.803
244.16568 1019.21
248.16100 256.25
249.15952 489.736
251.15044 1515.97
254.14717 348.645
255.14496 2709.36
258.14096 214.183
260.19693 315.256
272.17221 3116.64
273.17633 410.94
276.13437 268.433
285.16751 2044.48
286.16971 269.709
288.20386 325.024
294.17950 237.366
295.13965 666.913
299.13748 228.025
300.17450 324.63
305.06445 831.448
305.18219 369.973
308.64633 254.27
313.15057 461.891
320.17175 1097.19
325.15085 294.376
337.16089 366.89
340.69025 627.261
341.19058 250.83
343.14371 382.149
347.16940 293.645
348.19275 236.849
349.20282 4194.16
349.70447 1463.88
354.18790 2777.98
355.19211 436.949
363.18893 363.678
373.22299 259.9
376.19635 238.182
380.19553 353.341
383.71362 1935.96
384.21747 669.111
385.25580 1320.14
386.26083 295.225
392.71988 268.748
393.72177 412.235
402.27185 341.509
402.72702 1813.64
403.22882 840.769
407.72089 263.754
408.22525 412.359
416.72467 2692.26
417.22595 1184.09
423.19534 228.666
425.19241 284.748
425.26324 564.753
425.72791 264.541
426.23798 518.7
436.23022 254.544
437.23978 306.667
437.74039 224.863
442.23114 691.092
442.72562 494.733
443.19666 396.15
443.24713 241.339
443.73758 384.723
449.21716 243.068
451.23535 8424.07
451.74231 3206.96
452.18088 516.467
452.24472 6643.58
452.74600 2942.11
453.25555 2877.83
454.25992 556.184
456.70416 276.376
457.24109 387.249
457.73737 234.68
460.24036 2234.05
460.74197 1110.31
461.24774 810.283
461.75024 256.108
462.22940 365.568
465.71350 2301.29
466.21155 938.526
466.70941 226.052
472.28766 4743.21
473.29095 1097.29
479.22455 670.599
483.73764 599.147
484.23569 459.99
485.76608 596.135
486.22397 313.019
486.72452 314.594
491.22531 519.235
491.26456 555.418
491.71259 569.431
492.21591 337.443
492.29349 342.119
492.71835 232.008
495.22714 353.233
499.76407 576.279
500.22427 7481.36
500.72510 4256.25
501.23047 4621.62
501.73148 1865.94
502.23010 510.683
508.27579 430.098
508.78476 3517.37
509.28378 2054.46
509.73392 563.028
509.77969 552.101
510.25342 465.859
513.24109 1034.03
513.60675 317.755
513.94098 416.278
517.78107 1541.89
518.28278 1098.63
518.78473 413.078
519.28949 372.012
520.28058 255.074
521.28931 308.836
521.61328 610.631
521.94659 493.812
522.27405 396.816
523.61768 591.824
523.95117 366.936
526.78894 251.448
527.28802 4041.31
527.61798 7117.39
527.95062 4998.64
528.28497 1855.31
528.61420 490.69
532.27789 280.129
532.76880 299.599
533.29028 42318.5
533.62366 36569.4
533.79059 293.054
533.95758 18004.9
534.29132 5245.9
534.62604 1370.17
534.95660 296.038
539.29358 10859.4
539.62671 9098.85
539.96112 4637.11
540.29663 1495.4
540.63342 314.881
540.79431 308.361
541.29364 338.448
543.31543 447.477
545.29822 698.641
546.26105 341.679
549.20685 573.339
549.78192 1093.76
550.28650 926.065
550.78577 268.829
551.24298 466.186
554.24854 445.702
554.31818 724.896
554.60559 543.235
554.93542 445.71
556.61896 499.727
556.96057 292.474
557.77167 1647.42
558.27313 782.872
558.78467 396.157
559.94580 2354.81
560.27637 4158.34
560.61084 2818.06
560.94525 1665.59
561.27808 634.182
563.78949 672.584
564.29156 782.625
564.80029 404.056
565.26978 297.859
565.94910 23179.8
566.28229 22213.3
566.61810 11908.2
566.76172 340.299
566.95453 5572.26
567.29126 2115.54
567.62311 374.287
571.95203 2972.04
572.28534 2764.84
572.62317 2568.78
572.96106 956.686
573.30347 1010.27
573.81250 352.875
574.32025 863.713
578.30566 253.098
582.29803 7226.14
583.30396 2359.82
584.31671 556.054
584.80908 347.958
585.30713 236.357
592.60126 349.818
592.93500 615.582
593.24744 316.42
593.32648 1951.61
593.61102 347.984
593.82330 1460.9
594.32751 566.848
595.33075 346.911
596.27069 392.635
597.28345 420.632
598.30048 982.501
598.44073 280.023
598.60663 4369.7
598.77460 576.788
598.94202 3916.22
599.27509 3162.44
599.35535 473.101
599.61499 1240.05
599.95538 387.083
600.29022 613.226
600.35779 2303.01
601.35846 663.247
603.26410 262.857
607.30847 609.049
607.80798 459.462
610.32745 305.484
611.32361 243.881
612.32806 487.235
612.77649 720.693
613.27777 531.48
613.77942 360.479
615.35724 353.309
616.28760 321.581
621.28662 310.191
622.28790 292.542
622.84583 1058.61
623.34601 726.577
623.84644 340.24
632.35492 292.458
638.31219 340.974
643.80048 306.004
644.29938 312.068
647.29022 1261.94
647.79169 633.976
649.85272 531.783
650.35834 456.177
652.27850 551.426
653.28168 269.469
654.84491 790.373
655.34839 682.78
655.84857 308.606
656.28656 363.805
657.35547 765.186
657.85681 698.478
658.35071 469.604
662.34406 343.643
663.37451 275.024
663.85016 569.852
664.35187 680.343
667.38916 2247.95
668.39606 948.9
670.37909 337.775
671.82916 482.103
672.33478 321.047
673.30365 816.277
675.70538 247.878
677.37451 437.037
678.37152 351.741
679.38922 1401.83
680.27686 5014.49
681.28070 1513.88
682.28516 405.658
685.39624 322.554
687.40668 312.027
688.32062 519.51
689.30518 325.514
690.30072 276.725
693.84692 296.578
695.38318 8177.22
696.38342 3180.75
696.79224 331.029
697.39880 24786.3
698.40234 8986.07
698.83173 333.242
699.40704 2021.22
703.83160 741.264
704.32574 566.886
706.34027 528.249
707.85559 383.732
711.41345 303.459
712.38062 423.215
712.73218 262.68
712.86963 549.942
713.04700 297.293
713.39630 1315.51
713.87830 260.1
714.41962 254.376
721.38489 656.836
721.87866 380.818
722.38629 285.58
726.37494 427.807
726.86951 396.755
735.37683 482.139
735.88397 304.201
736.37799 253.5
744.34222 708.576
748.40930 793.268
749.42621 375.077
750.35284 338.674
755.45538 263.765
756.42603 1088.57
757.42694 278.065
758.36591 301.864
761.86072 256.711
762.35852 289.424
764.41821 261.673
765.36383 1629.18
766.42261 7859.42
767.42450 3321.77
768.42529 917.801
769.90686 274.769
775.34772 430.007
777.38434 283.928
782.44318 488.913
784.43134 1773.95
785.36591 502.075
785.45422 555.379
786.37402 314.441
787.37933 388.359
793.35974 5510.29
794.34875 1461.01
795.33807 512.246
795.43994 377.753
798.31921 475.488
804.46118 307.884
814.42279 286.903
827.38300 242.826
828.35626 410.112
832.44043 1250.68
833.44830 571.717
845.39099 1217.64
846.38739 1444.07
847.39221 658.119
850.45697 351.6
856.41827 1119.69
857.41870 457.079
864.39807 2020.26
865.39526 786.546
866.39886 331.053
868.42975 360.452
869.51770 802.923
870.52032 466.526
871.46179 312.905
872.46698 254.12
880.41290 326.967
896.39740 288.758
897.38171 637.633
898.39709 289.099
901.46454 2208.74
902.46600 1013.21
903.47760 2193.19
904.48694 1019.18
905.49030 328.373
910.46875 245.561
913.49115 553.426
919.47321 728.426
920.47650 328.096
921.49622 288.074
930.41461 645.431
944.45886 362.381
950.44757 264.994
967.45050 831.609
968.45038 508.474
969.43402 380.925
984.47528 814.15
985.47742 617.348
999.43695 819.439
1000.43579 430.156
1001.44586 307.215
1027.48755 717.267
1028.48706 331.607
1286.59607 701.798
1287.59534 471.738
