2126.10039 2
110.07108 1123.55
120.08051 2580.59
121.08413 297.225
129.06580 334.116
129.10208 2013.27
130.06427 184.242
130.08589 1105.05
133.04265 313.913
136.07553 1932.25
141.06561 482.005
141.10170 207.403
143.11841 284.088
147.11256 1419.57
155.08151 380.112
155.11775 247.928
157.09671 412.324
157.13336 390.599
158.09225 183.303
159.07616 461.3
159.09142 770.802
167.08145 496.238
169.09712 236.168
169.13348 556.403
171.11250 395.804
173.09190 343.356
173.12813 802.557
175.11702 1232.32
181.06123 206.725
181.09846 198.867
183.11218 513.885
183.14891 461.008
185.09181 5464.91
185.12836 559.791
185.16460 1142.54
186.09653 339.925
187.07085 378.049
187.10832 207.141
187.14317 214.072
193.09688 359.051
195.07637 293.337
195.11203 219.288
197.12817 716.1
199.07201 403.995
199.10638 278.973
199.18010 1776.88
200.13847 192.727
200.18445 188.224
201.08716 232.385
201.12299 2176.69
202.08203 205.739
202.12852 194.382
203.10242 2420.32
205.09746 327.035
211.14296 380.402
212.10222 357.179
212.13942 247.182
213.08649 694.646
213.15948 1960.39
214.11777 529.463
215.13860 784.337
216.09724 519.548
217.08235 426.373
221.09142 297.793
226.08171 344.572
226.11879 335.344
227.06552 270.935
227.10245 322.206
227.17529 1819.31
228.13348 476.36
229.11729 839.279
230.07738 508.664
231.09811 205.623
233.16528 285.651
235.10521 235.016
238.11760 270.103
239.13803 488.789
240.09732 322.234
240.13309 810.777
241.08159 594.933
242.15009 275.334
243.13313 410.766
244.09261 1887.73
245.07660 448.771
249.16013 336.549
254.14854 253.372
256.12891 398.479
256.16376 285.968
258.10806 312.12
258.14368 519.983
259.09180 424.243
262.08539 436.264
262.11829 226.33
263.10233 348.709
266.14700 407.53
268.16541 343.617
270.10699 304.305
270.14529 225.917
275.08093 253.872
280.16534 696.344
281.11185 255.197
282.14435 223.362
284.08759 262.531
284.12238 268.204
284.15976 10198.9
285.16287 1313.01
286.13950 251.15
288.13486 277.645
292.16519 310.164
294.18048 340.315
296.19708 436.278
298.13962 247.492
298.17520 801.911
298.21176 325.983
300.15451 1560.69
301.15732 251.705
302.17050 4182.43
303.17386 538.159
306.14233 258.994
310.17575 2607.77
311.17749 380.991
312.15222 249.289
312.19397 203.525
314.20618 788.41
315.16656 434.514
326.13373 262.594
326.16922 266.157
326.24432 456.745
327.20047 276.018
329.18149 306.672
339.16614 409.981
343.16107 1746.99
344.16498 217.67
351.20020 291.604
353.14389 212.908
353.21588 301.893
355.19211 381.341
357.17697 1174.56
367.23315 242.536
369.18573 252.23
370.23346 378.305
371.23141 244.686
373.21274 195.217
376.12512 231.986
377.14606 637.126
379.23108 287.429
385.24347 323.69
387.25919 697.715
393.24716 366.2
397.16476 206.522
397.24356 1201.18
398.24506 212.182
403.16165 587.484
409.27844 274.653
411.26065 535.82
413.23813 817.404
414.21027 246.908
415.25381 1679.73
416.25714 302.367
421.17062 350.782
423.26053 792.799
424.26041 255.48
428.25702 271.687
434.16528 281.893
444.20523 426.502
445.20963 308.839
458.18723 592.668
466.19336 202.337
468.28503 335.295
483.21805 500.65
483.30661 250.552
484.20569 214.28
492.31696 362.031
500.17285 461.586
501.22949 788.698
502.23126 460.433
510.32590 368.722
517.20367 696.431
518.18182 295.679
520.23199 239.077
529.22870 375.173
534.29388 391.778
535.20844 225.152
552.30322 821.159
553.30725 326.168
557.29987 291.586
588.28424 242.338
599.24445 406.373
603.26593 206.903
613.26245 351.327
616.27032 396.36
617.26453 261.472
630.28656 400.699
631.26855 270.603
634.28613 211.419
648.29474 417.768
649.31311 399.021
658.28650 213.987
666.34503 1684.13
667.35004 658.848
672.33557 223.477
744.35345 236.959
745.31012 405.931
763.31866 431.201
765.41632 690.551
799.32581 206.165
801.37512 259.704
866.46466 337.366
877.36530 284.177
923.48682 719.892
924.48181 452.335
950.45166 596.296
951.45404 252.569
1064.58130 268.707
1070.54956 757.275
1071.55566 308.247
1185.57971 211.284
1299.61963 342.865
1300.60876 225.404
