2365.33023 3
110.07097 240.067
116.07017 834.99
120.08035 1159.79
129.10182 761.52
133.04263 201.076
136.07529 319.884
147.11261 279.861
157.13332 327.404
159.09174 233.343
173.05443 197.441
175.11853 954.977
177.10226 236.691
185.12788 341.076
185.16515 283.886
187.07085 539.344
196.14375 206.153
199.17940 340.203
201.08704 367.587
201.12242 370.735
205.09634 200.22
213.15881 266.362
215.10236 231.467
215.13811 211.659
221.12819 601.958
227.10193 884.172
227.17467 291.774
235.10698 356.609
243.13336 203.476
245.07590 226.048
249.12234 645.132
258.10806 410.726
272.13794 277.274
277.11792 233.921
284.19623 197.589
289.16180 725.086
302.09723 599.025
310.21106 418.337
314.16953 214.672
316.11313 436.15
331.21887 220.477
339.23883 187.107
373.13470 242.66
387.18262 516.068
402.24521 1285.92
423.29605 264.513
438.30630 755.468
439.30771 193.198
490.29379 466.04
490.79657 195.846
501.31311 1885.13
502.31616 401.284
536.37805 331.672
551.38928 956.641
552.39368 241.162
571.32275 254.928
597.33905 319.857
597.84393 222.058
614.39789 1312.56
615.39862 495.425
625.85004 303.703
626.35559 255.673
653.33630 297.526
654.81226 425.056
655.31067 349.592
664.47321 1211.91
665.47498 555.2
690.37317 519.528
690.87311 388.975
691.37805 200.073
715.44409 1793.78
716.44653 804.533
726.39441 374.727
735.51001 643.232
736.51166 315.365
761.85583 237.146
762.36444 221.415
766.43634 830.114
767.44086 381.256
784.46704 259.164
788.49457 826.162
789.44116 1234.61
790.37915 440.993
790.46643 420.458
802.47546 5413.61
803.47797 2368.01
804.48230 488.889
864.54620 481.547
865.47351 502.738
866.48315 309.463
868.41333 416.862
868.91406 357.002
915.55981 2544.62
916.56165 1533.78
917.56201 321.575
924.95947 348.954
925.46277 378.221
945.53564 211.031
964.56329 315.66
965.57587 357.021
979.57965 1740.06
980.58276 1058.94
981.61053 269.044
986.59637 1614.13
987.59906 1125.09
988.61182 235.463
1039.00769 296.41
1039.50378 306.576
1078.65002 857.612
1079.65723 516.89
1080.66016 210.193
1095.55530 340.503
1096.55188 224.155
1115.64441 261.427
1137.62000 245.029
1150.45129 276.558
1172.67456 412.088
1173.66675 316.966
1186.69507 210.959
1187.68103 279.427
1192.66907 346.514
1193.67554 773.893
1194.68201 585.055
1195.67480 203.746
1250.69849 577.209
1251.69873 530.95
1252.66980 206.473
1287.69177 662.248
1288.68945 462.577
1379.74438 347.583
1380.74390 354.178
1450.78247 537.095
1451.77380 488.013
1452.76135 292.487
