1959.92813 3
110.07096 1090.5
112.08659 1211.33
116.07033 592.804
126.05473 5624.56
129.06566 849.911
129.10202 3160.68
129.11287 445.483
136.06154 4394.05
136.07564 2009.53
147.07584 608.09
147.11275 484.741
167.11766 4306.93
169.09683 1103.76
173.09132 590.105
175.11865 1949.39
195.11249 7614.47
196.11630 536.737
213.08461 460.158
213.12292 2233.17
233.64201 662.76
244.07648 507.356
244.16618 833.808
253.17763 527.874
264.06284 1369.5
264.16971 1729.94
266.14850 677.323
271.18924 591.815
274.65515 1278.68
282.16776 3518.26
282.66913 1469
283.66116 466.874
284.16083 451.515
288.20123 567.893
290.07983 546.835
292.16553 1285.81
309.19165 680.264
310.17490 2073.96
312.04916 1007.06
313.20901 1599.88
318.14746 715.37
323.18198 1792.6
323.64413 15373.9
324.14554 4257.91
324.64621 702.371
330.05939 956.947
330.69446 9791.93
331.19601 4142.22
331.69714 671.021
335.16690 479.213
341.14319 577.251
343.68158 2084.74
344.70389 684.864
350.17725 658.616
352.19693 1272.97
353.70825 545.125
358.17322 1388.66
358.70059 1707.11
359.20209 576.304
361.22147 817.045
363.62704 838.456
367.70535 1314.06
369.22357 947.376
372.17041 7712.61
372.66730 2430.13
373.16168 614.043
378.19522 530.527
379.22095 14474.3
379.72192 6918.66
380.22360 1320.49
382.23035 4319.69
383.23529 610.886
389.21729 544.425
393.69156 5754.22
394.19260 2297.73
398.11392 1016.22
398.17776 859.422
398.68430 1476.07
399.18130 680.937
402.69513 531.102
406.24438 769.25
407.22699 3572.02
407.68958 11585.2
408.19083 3828.52
408.69244 770.165
416.23233 688.143
416.69525 876.18
421.15695 587.829
426.17163 1041.43
427.74713 19118.4
428.24832 10616.4
428.75137 2214.05
433.14667 796.9
433.67319 1056.05
434.22055 1670.97
434.71997 492.74
441.75613 463.29
442.21912 888.115
442.67969 16603.1
443.18112 6314.98
443.68179 1387.95
447.67056 2824.7
448.17142 968.99
449.24942 1695.46
455.75287 1962.71
456.21536 9306.09
456.67682 28084.5
457.17816 10836.2
457.68021 2186.02
460.74112 823.336
461.24939 500.817
464.75858 574.201
465.21790 606.271
466.27655 4509.62
467.27820 1202.56
476.27286 14508.1
476.77466 7382.92
477.27625 2571.79
480.20425 827.937
483.20862 1463.96
483.71078 918.783
489.89154 2379.95
490.22556 1371.51
490.55396 524.369
490.74542 1422.25
491.24844 550.789
496.68945 480.948
503.29727 783.215
504.27914 2502.35
504.73959 3461.71
505.20255 12114.3
505.70380 5772.17
506.20380 1178.29
517.23511 818.777
517.73590 641.578
524.79926 15676
525.30109 9085.42
525.80182 2829.58
526.30353 699.319
528.23053 972.105
528.56274 794.413
539.27075 630.746
539.72913 2202.77
540.23102 1218.2
545.77136 1054.78
546.30524 1918.7
547.30756 522.235
548.30396 1063.59
552.80798 761.926
553.26343 1754.54
553.72174 2230.75
553.78546 532.461
554.22162 667.085
554.73102 606.976
563.32910 12383.6
564.33148 3918.4
565.23517 729.401
565.33002 522.431
566.31433 853.646
588.25446 1135.25
588.66437 2945.86
588.99933 3256.05
589.33215 1657.25
589.67316 524.172
594.28094 691.9
594.66748 2101.24
595.00421 1113.09
595.34155 860.521
600.35236 554.726
601.33264 721.814
601.78607 546.916
602.24615 1193.36
602.75073 971.757
615.58807 523.52
615.98871 762.338
620.92468 5989.61
621.25836 6518.65
621.59064 3851.86
621.66046 4366.15
621.99286 3783.59
622.32532 1438.9
622.65491 773.652
627.33026 520.795
627.66888 667.195
628.26733 571.111
643.35590 1986.91
644.36420 674.179
645.80359 847.947
646.28033 9736.95
647.28253 2676.52
650.77881 495.505
653.32404 6653.96
653.83881 1184.02
653.98840 838.699
654.32715 5259.91
654.63965 816.589
654.82831 1349.59
655.31287 1054.25
660.38226 24343
661.38550 8686.75
662.38727 1516.63
678.32086 507.34
698.39569 588.835
699.36792 684.446
706.41138 595.936
716.39368 1607.29
717.38708 1053.53
718.38965 4425.16
718.89056 3525
719.39130 900.807
719.89398 526.624
726.24268 2157.47
734.40704 2040.74
735.40485 821.578
740.40894 1059.41
744.25726 917.019
756.22876 589.99
757.43365 31407.7
758.43683 14935.5
759.44098 3291.04
769.34869 504.978
783.32318 719.288
786.37512 5693.34
787.37640 1978.82
788.38635 503.389
796.35754 852.951
797.34692 1390.69
798.33710 640.052
804.37976 866.185
814.36993 13382.3
815.37299 4691.37
816.37823 1353.78
828.31866 639.992
832.37958 2262.99
833.38507 733.076
837.46198 606.276
841.33710 533.594
854.48651 32852.7
855.49017 14835.1
856.49316 3637.19
866.33997 571.902
884.35242 5739.41
885.35297 2513.03
886.35400 742.494
894.33447 3207.67
895.33240 2066.27
896.34369 737.517
911.42059 1452.73
912.34589 18706.7
913.34747 7037.08
914.34753 1404.63
920.49316 1089.32
921.49969 526.765
951.53870 15016.9
952.54230 8266.9
953.54694 1923.54
1008.46838 513.884
1009.39264 1940.19
1010.38611 889.45
1018.45996 2441.8
1019.46545 828.439
1048.59302 12761.1
1049.59351 8148.48
1050.59827 2290.23
1106.42529 583.764
1216.68115 885.231
1217.67749 700.218
