3262.26450 3
115.08585 3969.16
120.08041 26923.6
129.06541 11872.4
141.10179 29601.2
153.10190 3904.4
157.09662 5773.82
169.09669 42224.1
171.11255 6309.62
173.09175 6377.23
175.11842 27538.9
184.10764 23026.1
185.09157 23360.8
186.12328 3739.03
199.10690 6625.48
201.08673 3846.31
201.12253 6289.57
202.11830 5841.97
209.09084 5141.96
212.10242 7836.66
229.11726 15849.1
230.07675 4692.9
230.11285 43119
231.11664 3612.89
245.07637 7528.06
246.15543 16222.2
252.13319 11530
270.14432 12773.9
283.13950 8641.47
287.66867 5981.48
298.13892 43859.5
299.14346 4141.7
309.15546 12884.9
317.19229 40706.2
318.19724 4611.19
342.09061 5431.56
344.14523 7752.59
345.10410 6156.75
352.19525 4935.54
360.10239 7047.85
371.11853 6338.86
380.19174 13768.6
398.20218 8460.71
399.18362 4860.86
400.69626 3982.7
409.70361 4550.9
413.16556 45015.3
414.16794 7501.46
446.23508 34550.5
447.23898 6210.86
458.18726 9099.04
465.21799 6320.74
474.22351 11186.7
474.72293 4119.04
482.18924 5446.95
500.16193 5245.04
501.16739 6936.21
509.23364 14207.3
510.18610 8876.09
514.21423 4703.62
518.18579 5778.1
527.24615 7746.55
528.19318 38243.2
529.19482 9272.55
529.73651 3923.88
530.24603 4061.95
538.74567 14472.3
539.24567 6634.28
557.71570 3667.28
573.20300 4449.94
574.32928 56554.8
575.33081 15116.1
589.16809 7227.33
594.26294 11025.7
594.76672 5438.58
603.26648 24086.6
603.76678 14006.6
604.25891 3816.43
606.71484 7950.94
611.22864 4288.55
629.24786 5111.4
639.22888 8498.83
640.22815 3971.74
647.23053 4246.06
657.23724 18183.1
658.23993 5772.16
660.78040 12614.4
661.28027 11396.6
661.78156 3810.23
687.17096 5593.13
689.35583 31473
690.36041 9502.29
695.28992 25212.3
695.79175 18065.2
696.29694 5108.04
701.29071 3952.45
702.25446 3956.8
704.19672 7133.52
710.65405 4959.06
714.79547 11744.6
715.30060 7362.34
723.80054 105405
724.30188 80888.2
724.80487 28993.6
725.29999 5912.86
744.77753 3820.89
754.25153 3863.22
772.26068 30276.1
773.26691 10825.1
788.32819 6998.88
788.83118 10500.3
789.34351 6193.23
797.33502 81064.4
797.83643 73164.6
798.33331 27641.6
798.84076 6151.9
800.28040 5673.31
815.22821 4633.64
817.28625 5286.86
818.39722 31696.8
819.39728 13358.8
833.24023 6946.05
844.86383 4207.68
845.36987 5387.19
846.31781 13203.6
846.82745 9278.37
847.32855 5472.51
853.87646 47843.2
854.37769 43789.4
854.88037 22165.6
855.38824 6292.29
873.30096 4434.88
886.30487 9027.39
887.29596 8512.14
902.39313 5853.37
902.87500 17584
903.36871 18586.8
903.86627 3895.03
911.39160 37943.9
911.89215 40659.9
912.39142 21641.8
912.89832 6966.43
929.41895 4297.65
932.31281 3995.63
947.44208 36739.6
948.44641 16423.6
949.45184 4095.48
960.37933 14901.9
960.87848 12228.6
961.38165 6179.11
967.93268 20942.8
968.43451 25523.2
968.92755 13064.4
973.05902 11385.3
973.40009 19300.3
973.72687 21971.3
974.06116 11859.6
974.40967 5388.89
979.06689 66342.7
979.39856 106746
979.73120 89547.8
980.06366 55931.2
980.39508 20535.1
983.32672 9268.47
984.30878 7868.5
1001.32605 45967.8
1002.32770 31374.2
1003.33112 8238.14
1005.71564 4292.21
1006.06250 4161.43
1006.38593 5861.75
1006.73297 7751.79
1007.07788 10765.9
1007.41595 8803.53
1007.73651 6031.17
1011.72717 14452.2
1012.06201 26816.1
1012.38763 27429.5
1012.73315 15592.7
1013.07330 20996.9
1013.40771 11256.7
1013.74756 7791.23
1016.92468 11772.1
1017.42310 7941.12
1017.92725 5701.74
1025.45166 11984.2
1025.94690 13063.4
1026.44714 8047.61
1037.98364 5237.24
1038.47595 17372.1
1038.97852 21086
1039.48303 5272.13
1045.40808 4143.69
1058.48193 6671.05
1061.34570 6225.92
1073.95081 4224.11
1074.44263 8227.81
1074.93152 7278.21
1075.44189 5231.65
1076.48157 29968.8
1077.48657 16263.9
1078.49890 4502.03
1082.46484 17957.2
1082.96521 21947.1
1083.46594 13866.1
1083.96863 8311.48
1084.34998 6513.11
1087.46265 6996.21
1087.96545 6339.11
1097.40295 7606.68
1102.38965 7271.31
1103.37793 5366.65
1114.40857 11645.2
1115.40649 7339.29
1131.46216 7459.93
1131.96545 12878.2
1132.43994 6533.44
1139.98230 14674.6
1140.47852 18999
1140.97925 11286.5
1141.48108 6959.82
1187.52026 8171
1188.51160 3974.97
1188.95435 4042.88
1189.46667 6715.42
1189.97852 5354.97
1194.40771 4008.54
1195.53235 3958.71
1195.99243 11067.7
1196.50061 7198.55
1204.50378 12726.4
1204.99951 16458.5
1205.51904 40780.9
1206.00647 5886.67
1206.52625 16788
1207.53271 6217.56
1211.42798 7209.35
1212.42615 15206.2
1213.42700 4929.95
1229.44189 55092.9
1230.43970 37838.7
1231.44055 17845.9
1232.46094 4944.16
1245.48267 4369.3
1253.50354 6890.76
1254.00354 9992.71
1254.49487 5229.24
1262.01257 15938.9
1262.51172 17019.6
1263.00977 16636.3
1263.51538 8159.63
1287.61731 4286.65
1302.51965 6168.21
1308.49524 4103.57
1310.51111 4994.2
1311.00671 14420.1
1311.51367 12774.9
1312.01379 9901.53
1312.50000 9879.59
1314.50684 4118.49
1319.52820 18247.3
1320.02722 36027.7
1320.53577 41613.8
1321.02747 14151.9
1321.54480 16188.7
1324.50452 4395.47
1325.50488 9349.11
1330.49646 9250.39
1331.48694 7667.24
1342.53003 12658.5
1343.52905 11435.1
1344.53455 4891.53
1366.53662 5613.47
1367.04529 4437.96
1368.51404 7555.45
1369.02893 7244.25
1369.52026 4914.57
1372.56824 5027.95
1373.56323 5179.23
1375.04175 10576.3
1375.54529 16924.8
1376.04236 15389.8
1376.53638 8472.37
1377.03491 4693.45
1384.05066 25485.4
1384.55225 27341.4
1385.04700 25391
1385.55164 13641.7
1389.57568 12774.4
1390.56873 9332.92
1391.58081 4319.03
1410.59082 5522.64
1411.06482 6152.18
1411.56226 7004.28
1419.57190 20879.4
1420.06824 32765.9
1420.57300 26093.5
1421.07056 15180.1
1421.55457 5801.9
1424.51868 5257.6
1425.03455 4022.83
1425.54871 4324.03
1426.55457 4004.23
1428.58276 12481.4
1429.57153 12582.3
1430.58899 4996.41
1433.54028 6916.66
1446.59802 113179
1447.60022 74219.8
1448.59985 28913.8
1449.60339 6982.78
1459.07959 7414.79
1459.58423 15871.9
1460.08325 17412
1460.59900 10347.8
1461.09814 6000.23
1464.60876 4526.98
1468.09741 34327.2
1468.59326 53127.7
1469.09167 53157.1
1469.58875 30812.1
1470.09082 14713.3
1470.59583 5325.6
1487.55811 5075.93
1489.59033 6315.51
1490.58557 5443.91
1517.59180 5600.81
1518.08496 5664.02
1518.60657 4097.63
1544.56848 12051.8
1545.57861 7919.65
1546.57532 4111.18
1575.64734 6125.24
1576.65479 4860.47
1593.66614 55260.4
1594.66174 39828.9
1595.67139 18121.3
1596.66504 6295.23
1691.63965 8463.47
1692.62329 4891.68
1706.74841 19098
1707.75049 14399
1708.76477 7649.56
1804.74744 6285.05
1805.74622 5616.38
1821.78223 18809.3
1822.78015 15669.6
1823.77295 9464.1
1935.85901 5725.93
