2577.27024 3
110.07117 4091.01
120.08067 5170.85
121.08376 480.199
129.10225 3616.51
130.08626 1306.01
131.11783 448.97
133.04283 1463.41
136.07568 8423.07
137.07910 819.456
141.06561 601.485
143.11761 390.652
147.07626 487.745
147.11275 2827.49
155.08171 542.641
157.06050 517.557
157.09741 476.556
159.07643 4628.04
159.09171 1103
159.11275 7536.99
160.11610 454.693
167.08118 410.812
169.09724 530.893
171.11244 552.867
173.09209 838.722
173.12813 851.35
175.07019 405.118
175.11893 3389.52
177.10216 408.505
181.09703 597.159
183.11288 797.807
183.14909 7452.27
184.15308 632.498
185.09160 770.389
185.16473 1840.29
187.07129 4342.21
187.10767 3870.24
187.14418 788.28
195.08752 811.48
197.12903 800.621
199.10841 642.092
199.18105 809.07
201.08702 5666.92
201.12325 1983.6
205.09702 626.789
209.09200 667.709
209.14026 452.415
210.02567 643.118
211.14423 2384.28
213.08676 850.84
213.15984 1815.66
215.13898 1829.13
216.09764 489.986
217.08263 684.851
217.13680 1675.65
226.08171 448.203
226.11946 543.605
227.10196 814.656
227.17479 700.634
228.13370 695.061
229.11784 1643.28
231.09753 3817.49
232.11485 484.046
232.14096 1089.27
233.16489 565.033
240.09848 462.013
242.14973 1437.16
243.10916 597.819
243.13329 2452.97
244.09346 856.414
244.16519 557.468
245.07681 1472.9
245.13123 943.251
246.11018 399.848
251.15060 461.297
256.09256 2022.01
257.12415 536.233
260.10623 1510.48
260.19650 1686.8
270.14508 1970.49
274.10284 1635.53
276.06543 454.521
284.12354 674.335
288.15540 1749.16
288.20294 631.982
292.12820 1389.15
294.18082 622.763
295.11157 861.339
300.15509 6660.28
303.21469 700.456
308.17142 910.604
312.15347 423.759
314.20615 408.285
317.14838 417.024
325.11371 482.535
325.18591 1172.24
326.17096 3801.58
327.17508 596.372
332.16174 639.051
340.18622 812.106
341.21497 506.737
342.20157 555.969
343.12442 897.327
349.18585 418.255
351.16656 675.624
355.15503 427.629
356.19543 688.029
358.15924 562.26
370.24252 1081.78
371.11670 637.23
371.22595 1317.76
374.17429 598.798
375.13309 947.926
377.10901 527.711
379.16003 609.736
383.19373 423.683
385.24628 458.163
388.17239 430.143
388.25391 1752.24
399.18958 1430.36
406.71878 3302.13
407.22015 1949.15
408.13953 578.201
413.23697 892.237
417.19586 655.681
427.21591 443.888
435.13000 463.786
437.21283 2913.65
438.20609 620.975
444.20050 517.361
448.18393 457.932
455.21359 2833.04
456.20853 526.681
458.22409 453.75
460.21954 920.421
466.27545 1772.26
472.23853 1335.33
472.73926 608.079
476.18060 533.778
488.32132 579.322
498.30490 1152.98
499.28690 2176.67
500.28998 543.414
505.25513 3993.04
506.25662 743.014
508.28986 1413.51
514.29333 511.747
516.22559 667.133
516.31360 3686.65
517.31506 853.434
528.77972 553.863
529.29028 476.33
535.26050 489.062
536.28204 6166.47
537.28674 1554.47
557.29169 1084.94
558.26434 544.833
565.34674 1059.5
566.24536 1074.96
568.17902 587.054
568.23114 509.94
576.22675 566.619
589.26331 530.037
590.28351 633.605
597.27374 439.927
604.32477 2633.04
605.32758 975.157
615.38129 2858.01
616.38794 598.295
617.36554 628.171
618.27515 1127.72
621.37231 1656.06
629.30237 459.104
649.36670 14455.3
650.36975 4674.75
651.37366 805.35
656.37158 987.395
657.37762 464.447
663.32117 921.242
664.32526 521.971
667.24634 705.093
678.42804 1878.86
679.29346 443.74
679.43256 821.761
683.33765 1455.6
683.83380 742.655
684.34229 581.36
687.29303 627.518
696.84546 3950.82
697.34753 2881.53
697.84863 967.71
698.34375 592.554
699.35376 846.212
702.35059 551.721
705.32104 574.231
717.41077 2937.34
718.41034 2912.65
719.41901 594.776
720.33588 1225.87
720.83539 1226.9
721.32928 712.865
729.30072 652.165
737.34979 583.384
744.34998 593.346
745.34656 591.362
755.43579 644.112
756.40057 1237.34
756.89874 990.697
757.40045 802.477
758.39178 779.664
775.41388 5182.51
776.41956 2225.31
777.42169 541.664
778.30682 1209.74
780.40924 552.175
784.43781 1728.06
785.44189 582.929
786.35748 531.167
787.34943 533.285
792.36578 651.773
793.35156 515.846
793.46411 705.707
794.43433 517.027
812.42908 17686
813.43445 8026.95
814.43884 1857.99
815.37183 505.223
816.37689 533.603
829.45526 564.798
830.49268 3979.31
831.49591 1370.43
842.42932 464.172
844.40302 706.75
845.41473 569.083
846.47430 1719.95
847.48413 637.186
850.47925 4255.56
851.48785 1940.65
856.43909 492.006
857.41833 723.909
858.40308 1086.1
858.94519 675.181
859.43781 1468.82
860.39777 2127.25
861.44604 1017.86
863.45862 737.449
863.96844 667.793
867.48010 621.601
868.47333 492.687
877.36731 955.016
884.42383 914.732
888.39252 485.427
889.41846 3381.34
889.76190 1463.73
890.09521 3727.37
890.42651 6154.72
890.76135 1577.03
891.09747 1118.48
891.42188 1270.69
894.40118 564.955
915.47681 2312.26
916.47620 823.034
920.98077 479.154
921.47577 522.658
923.33997 543.564
927.44861 509.784
927.78326 731.492
928.45923 765.305
929.56268 1811.62
930.57104 817.393
938.47699 4615.95
939.47784 2373.82
940.47968 800.791
940.98651 603.379
941.46643 682.239
943.46875 15390
944.47333 8497.02
945.46454 2154.61
946.54291 491.956
949.49408 1503.68
949.99243 1362.77
950.50439 1565.32
950.99628 511.625
951.52649 840.51
954.44354 553.387
962.47272 576.479
962.96613 752.915
963.57727 1855.07
964.58026 1067.27
979.49072 472.355
980.49615 537.232
984.48944 611.665
991.47870 499.217
998.49603 865.058
999.49377 510.585
1001.47748 485.682
1005.42383 989.226
1006.40680 530.097
1006.53656 602.673
1007.01050 1602.03
1007.50739 1790.98
1008.00525 668.561
1018.45313 1121.05
1022.47559 514.46
1028.57312 887.244
1029.58191 521.974
1035.99329 817.289
1036.50281 1648.91
1036.99927 864.446
1038.55566 818.009
1042.50293 619.45
1044.59497 2470.21
1045.60876 1169.04
1046.61621 494.209
1049.51270 587.898
1050.51868 699.015
1056.55579 4825.58
1057.56104 2719.15
1058.55920 955.876
1064.61047 3586.3
1065.61389 2404.36
1066.61182 738.568
1067.51514 3112.77
1068.52478 1256.01
1069.51343 1027.95
1071.53992 803.09
1072.03552 500.518
1072.52905 1351.19
1080.04248 760.106
1080.54395 1635.54
1081.03491 1368.17
1081.54700 1469.85
1082.52344 652.274
1096.54297 592.761
1104.53357 1497.07
1105.03088 2063.98
1105.55994 3826.64
1106.04602 793.282
1106.56238 1744.04
1107.55750 855.641
1115.52283 824.702
1116.53137 992.478
1125.53601 658.865
1130.50269 494.006
1133.48083 1033.29
1134.49084 825.598
1146.52173 706.748
1147.50378 826.913
1148.51599 488.436
1157.62830 622.828
1160.54480 511.908
1164.53992 619.184
1165.53149 613.093
1166.50171 490.257
1169.05786 498.396
1170.56433 495.144
1175.04163 608.477
1175.53162 629.947
1182.54565 8571.89
1183.54822 5189.96
1184.55139 2068.03
1185.59766 6845.96
1186.60034 3937.83
1187.60388 1814.68
1188.61182 492.102
1195.65674 2343.93
1196.06995 554.126
1196.66467 1069.66
1197.66772 603.992
1203.53638 5200.69
1204.56775 3984.06
1205.62378 2451.01
1206.62451 1215.25
1228.61902 1588.27
1229.61572 1405.34
1230.61353 489.716
1246.58203 593.949
1261.66052 925.245
1262.66345 864.921
1286.11462 589.201
1295.63232 2072.21
1296.67664 2286.67
1297.68982 1478.61
1302.60693 2391.56
1303.61060 2130.62
1304.62122 827.778
1305.66394 7751.62
1306.66785 5234.99
1307.66418 2364.31
1326.12390 599.752
1334.13843 1342.72
1334.63721 3731.33
1335.14148 3502.23
1335.64429 2071.03
1336.14697 768.163
1348.68665 1604.47
1349.69910 1356.87
1350.71118 605.248
1375.66821 637.936
1376.66296 618.862
1392.68420 10192.8
1393.68945 7448.89
1394.68738 3522.37
1395.69775 1175.38
1410.75354 1786.96
1411.74194 1466.6
1412.74561 898.616
1418.75208 1802.78
1419.75684 1497.31
1420.76172 867.626
1439.67151 1676.11
1440.67749 1434.71
1441.65771 703.506
1494.76038 647.42
1503.72485 585.61
1504.71350 689.197
1511.78833 3007.28
1512.79602 2715.44
1513.78784 1348.27
1514.80981 611.032
1521.72876 1496.87
1522.74023 1285.23
1624.85474 660.398
