2293.11968 2
110.07093 1222.71
120.08040 3631.23
129.10191 3296.79
130.08609 1215.59
133.04266 572.761
136.07538 10463.6
137.07831 838.567
140.14308 408.082
141.10172 2085.7
143.08070 416.456
147.11247 3296.14
155.11761 475.485
159.07582 691.237
159.09094 875.753
169.06044 1066.33
169.09676 5150.38
170.10098 379.521
173.12842 523.974
175.11896 782.795
183.07507 407.496
183.11223 533.616
183.14877 515.957
185.09100 631.811
185.16463 427.996
187.07069 1378.91
187.10751 413.774
189.08691 503.989
199.07066 747.864
199.10750 681.088
199.18002 1427.96
201.08717 380.748
201.12289 2166.66
207.11205 694.361
211.14357 414.576
212.10281 563.087
212.13861 693.661
213.08662 1357.88
213.15887 700.763
215.13812 898.177
217.08192 1262.08
226.11775 1459.17
227.10199 1150.39
227.17477 2293.2
228.09637 547.659
229.11769 1490.29
230.11075 489.222
235.14357 9391.48
236.14725 1073.98
238.08170 1517.42
240.13362 10796.6
241.13666 1001.86
243.13295 2897.86
256.09207 3774.47
256.12677 521.1
257.09583 499.884
258.14420 3693.01
259.14670 373.368
263.13828 5543.07
264.14188 451.193
265.11789 1890.28
270.10776 927.539
272.17160 640.491
274.10263 2390.96
276.06433 3638.45
276.15439 1895.78
277.15384 1178.41
282.14313 530.838
282.18057 1425.67
286.13879 464.578
288.11850 478.29
293.11230 5580.95
294.11670 760.356
296.12302 813.543
296.19547 784.253
298.10187 1008.94
299.17087 880.178
300.08203 797.413
300.15454 526.681
303.20557 1967.46
305.14777 470.179
309.15503 3051.77
312.15643 410.335
314.16974 1466.94
314.20898 640.909
315.13232 452.298
316.11038 667.202
323.17050 1888.56
324.15240 620.242
325.22156 551.102
326.17084 558.537
327.16531 5012.31
328.17166 618.633
331.20078 1534.54
332.15958 461.778
337.15042 379.862
339.20187 563.365
341.18085 2536.55
342.20358 1718.68
345.17636 1509.25
346.14120 603.055
347.10080 770.117
350.13370 4422.66
351.16168 1169.25
353.21790 1064.83
355.16022 2015.13
356.21655 846.674
359.18893 1062.29
361.15036 995.275
363.18652 8066.81
364.19009 1349.14
367.15994 1561.6
369.17548 4405.44
370.17831 601.44
371.11472 497.288
371.22647 870.907
373.17136 683.957
374.13858 636.154
387.18613 1448.35
389.14822 4511.93
390.14969 497.967
391.09094 4626.42
392.09262 583.341
392.17899 1247.24
401.14249 573.585
409.16650 422.757
410.20297 673.996
411.18347 484.859
413.23813 491.17
416.21341 1555.79
419.15479 5228.09
420.15381 889.961
425.23840 422.863
427.25229 479.17
428.21423 1505.04
429.19504 1018.1
434.22415 7925.04
435.22656 1468.26
437.16522 1535.63
438.19858 3081.27
439.20145 587.875
440.24744 668.884
444.11566 545.079
449.20178 848.707
454.26300 502.856
456.20721 4932.96
457.21097 918.477
458.12982 687.253
460.23975 947.105
462.12732 4300.76
463.13397 723.089
463.21808 433.773
468.24503 853.477
470.22198 412.582
472.27911 601.454
473.19580 512.225
474.21732 1858.69
475.21918 698.917
476.18082 1682.93
482.14987 1263.26
482.25845 2191.89
487.21060 531.144
487.26425 512.392
490.22989 1196.79
491.21265 517.17
498.22202 403.45
500.26724 1015.92
502.23038 1762.95
503.23102 410.926
504.17535 4043.26
505.18387 840.252
505.26309 3866.81
506.26501 928.257
508.23889 826.445
517.26617 694.094
518.22363 2270.27
519.22614 570.324
522.25433 1177.29
529.20776 448.178
530.18658 709.057
532.23975 1705.22
533.24408 490.015
536.23120 934.779
542.27979 622.764
547.21606 1391.4
548.22314 538.459
550.24915 858.327
557.20221 796.358
566.29144 522.232
573.15961 2685.73
574.15991 762.192
575.21075 4127.19
576.21191 759.21
581.32996 410.478
584.30194 4392.24
585.30670 1339.04
586.28607 1547.21
591.16962 2936.61
592.17102 681.271
595.22852 443.785
599.25281 404.502
602.31293 48373.2
603.31580 14600.2
604.31750 2144.62
611.30365 1013.11
617.25958 2246.43
618.25323 628.928
621.32355 1040.34
631.30756 1411.74
632.31726 546.051
643.27045 514.338
645.32220 548.317
649.31506 686.467
658.24103 774.71
659.23535 879.659
660.30219 655.861
663.33313 449.056
668.23193 446.06
670.29156 481.025
676.25958 985.906
686.24298 2146.99
687.24475 588.503
688.29663 2798.55
689.29944 960.892
697.38501 607.299
704.25269 5626.96
705.25671 1745.2
706.25177 453.428
715.39648 4576.64
716.40112 2196.66
717.39966 453.683
730.34564 481.684
756.35565 479.159
771.32635 444.48
772.31812 950.819
789.34045 942.24
790.34821 404.28
799.32581 1338.6
800.31348 529.458
801.37897 609.011
817.33850 3564.52
818.33917 1375.23
828.47693 1607.38
829.48523 600.275
930.42023 1116.63
931.42719 628.24
941.56482 443.153
1146.62671 492.24
