2283.17630 3
110.07103 52750.2
120.08047 21741.9
129.10207 41047.2
130.08601 55023.7
141.13838 5248.25
143.11871 4690.66
147.11255 127705
148.11632 6237.52
167.09244 5485.57
169.13373 15668.2
170.09172 5191.85
171.07646 8009.74
172.07149 17310
178.13341 6532.9
181.05942 4513.63
187.14384 53218.5
188.10295 6353.93
188.14784 5621.6
193.10687 4030.29
195.08731 7173.33
197.12761 8232.24
198.08731 14374.6
199.18011 173950
200.18394 17370.8
201.12302 10792.2
211.11867 20896
212.10268 30142
215.13834 19047.4
216.09729 23682.8
217.13676 15810.1
221.10329 4381.09
222.08727 7945.33
227.17514 82855.8
228.17792 8773.27
229.11740 18815.2
230.07683 19338.2
235.11804 9114.87
238.08241 4957.4
239.11334 52317.8
240.11687 5238.09
242.18655 12257.3
245.13148 34730.7
255.10913 14818.3
256.09341 4132.54
260.19632 103953
261.19989 16973.1
262.11816 8382.36
273.11823 13982.2
279.16995 4760.63
283.17618 4582.75
284.15982 5711.83
286.11438 4753.61
291.21643 5225.52
319.21228 11320.2
328.07523 4977
328.22223 16773.8
330.16425 7480.97
334.18628 6395.77
336.16315 6269.81
338.69193 5907.23
343.16068 40498.2
344.16464 5991.04
345.10342 73933
346.10703 7868.55
352.19620 15039.6
358.21564 22966.5
359.17068 17696
359.21588 4392.5
360.15640 21619.6
362.18204 14579.4
373.28021 99702.5
374.28375 22308.6
376.19733 4158.92
380.19080 13044.7
398.23038 9712.81
398.73285 6434.75
412.22440 5336.91
413.16699 10535.1
419.27734 12927.4
430.19266 16853.4
433.18246 7934.35
437.28613 58055.3
438.29047 13417.7
440.17657 9375.95
441.15921 17643.8
446.73340 5112.92
447.27094 31310.2
448.27579 4629.64
450.20734 10243.2
456.18692 5729.58
457.17657 7648.67
458.18692 103091
459.19016 20590.1
465.28082 104554
466.28360 23800.2
469.24796 10287.9
469.75003 5114.82
473.20264 19335.3
473.25751 12657.1
474.20105 36473.1
475.20233 9392.11
475.24429 5935.91
476.14453 4783.66
483.21466 7449.03
483.71381 7526.14
484.20996 5394.75
489.24487 7941.26
492.22061 7886.74
496.19876 5455.73
497.75742 17651.7
498.25940 7918.08
504.32034 125539
505.32312 30153.7
506.32129 8306.93
513.22833 10494.3
517.73846 6787.6
518.23956 4795.14
523.26233 5327.94
523.75684 12193.4
524.25299 8234.56
525.75989 4710.12
526.25049 18229.6
530.23438 19029.1
531.24213 12617.5
532.27319 10062.4
532.77313 7236.71
539.75458 10673.1
540.25415 11059.7
541.22662 5004.98
543.27222 8992.11
545.77252 14554.2
546.26794 17390.2
546.76611 10946.5
547.26801 5320.23
548.76190 5504.26
554.24231 7144.68
554.77985 11284.8
555.28351 6864.58
559.24182 9567.91
560.29126 4838.01
561.23047 7140.42
562.33575 4548.6
563.29382 4669.94
565.27380 11830.7
565.77466 6682.13
566.27856 8453.73
569.27563 7744.1
570.25403 9358
571.27161 19618.7
572.20355 25417
573.20740 7833.29
573.78723 19950.6
574.28442 30759.9
574.78534 19017.2
575.28619 5147.6
578.78247 6116.2
579.27161 5053.36
582.29828 15658.1
582.79828 20677.4
583.29352 16556.7
583.79266 8289.26
586.33746 4949.9
587.28601 37207.7
587.78583 35478.5
588.28381 32368.4
588.78448 8684.96
589.22699 77890.6
590.22998 19051.4
591.22711 4470.53
596.29803 60308.8
596.79639 59186
597.29645 32598.3
597.79431 9028.75
598.30402 4562.21
605.30328 70263.4
605.80359 36223
606.30316 15030
609.29425 6707.4
614.31287 5206.05
617.40411 85359.3
618.40686 24712.9
619.40784 7152.05
621.81622 7765.43
622.31812 9099.4
627.24835 22610.5
628.25220 7363.66
630.33051 18605.8
630.82410 35757.5
631.32281 20789.4
631.82684 9556.23
632.31927 4782.95
636.83655 4754.54
638.84521 19787.4
639.33698 41277.9
639.83838 28226.1
640.34100 10560.8
644.27496 31942.7
645.27057 10518.8
653.34003 4427.89
654.30750 4592.63
657.29315 10163.2
658.29437 5865.94
667.27979 13504.5
668.27881 6112.83
674.31635 11608.2
676.37744 44809.7
677.38171 16995.3
684.29724 18136.2
685.28601 37914.8
686.28748 12536.5
687.29004 4878.12
701.33813 5882.38
702.31158 87780.1
703.31305 31313.3
704.30841 11314.2
710.27496 11978.1
710.36487 14383.3
710.85291 10528.3
711.32196 17667.1
711.79559 6266.07
712.30554 11718.9
719.36829 5455.54
720.82251 4726.09
727.30927 17477.2
728.29993 18712.1
732.43085 52120.7
733.43262 21512.9
734.43268 6189.5
745.31976 20305.1
746.32410 10250.9
751.31055 5953.09
759.84058 6025.69
768.34161 30065.9
768.84058 9976.19
769.33948 18154.3
770.36487 11338.5
777.34558 6891.01
778.34827 4969.77
780.36444 5033.48
781.33411 9771.75
785.35583 7540.03
787.40503 6646.52
795.45398 25672.4
796.35278 6698.25
796.46411 11004.8
797.36621 6314.48
798.36786 24782
799.37311 8518.67
803.36884 4961.65
806.43024 5003.55
807.86456 7216.12
808.36029 11844.1
812.40344 6791.28
813.39282 8813.68
815.39636 26542.7
816.38196 34046.5
816.87537 26005
817.37469 21578.1
817.87274 6402.04
820.32990 6617.6
823.44623 65430.8
824.45428 27547
824.88861 29879.8
825.37915 44896.6
825.88495 33563.4
826.37964 11976.1
829.44684 7380.5
833.89429 9875.54
834.40021 10514.9
834.89124 6708.99
837.36511 6289.71
840.47260 19608.9
841.47906 8593.03
846.47321 112266
847.47614 57135.8
848.47510 21475.4
858.92535 6275.53
859.42395 7080.75
864.37671 10081.1
865.35828 22817.3
866.35919 13695.3
867.93127 4723.32
868.41852 4615.02
872.92310 4578.34
881.42218 18127.5
881.91016 5622.75
882.38458 24834.4
883.37769 15171.8
892.44427 8610.24
892.93701 9195.39
893.44891 8769.41
893.93585 5436.23
898.43701 5456.55
899.41467 7092.99
900.94971 11685.5
901.45276 15682.5
901.95306 10427.9
902.44177 6130.62
905.38696 7159.66
909.49872 11861.2
910.49396 6075.59
916.44647 5396.65
920.48029 4634.5
921.37183 6790.02
922.40332 10213.4
923.41119 4823.41
928.47754 4539.1
933.42249 9881.05
934.41595 5111.86
937.48767 76513.7
938.49567 41543.2
939.36084 5314.35
939.52240 9333.12
943.49103 10917.9
944.47827 27620.3
945.47986 14986.8
946.48145 5882.91
948.38885 10542.7
950.43665 4739.39
955.42639 5017.12
956.41351 6522.26
957.39825 4623.84
961.49994 370910
962.50287 181410
963.50360 70655.6
964.50836 16323.4
965.41089 14148.9
966.39374 14120.1
966.55212 6968.73
967.53601 4830.95
971.48395 6706.01
972.47522 13779.5
973.47742 8816.79
976.49872 12346.4
977.48816 12943
978.43640 11011.1
979.44037 5615.41
983.42841 11688.1
994.50781 112166
995.50854 64839
996.51605 16630.1
1011.53247 13937.5
1012.53064 5630.59
1020.49750 5222.55
1034.46082 5284.99
1035.47607 6545.03
1051.48303 6707.47
1052.50671 4989.75
1056.57263 4634.5
1057.56458 9140.05
1061.48743 7451.32
1063.54468 5908.28
1074.58582 127688
1075.58984 72648.5
1076.58899 27812
1077.57849 4912.98
1078.50122 10417.6
1079.50049 6080.33
1080.54517 9869.56
1081.55798 5040.56
1091.52808 34357.7
1092.52502 27184.7
1093.52502 8587.68
1096.50439 6251.94
1108.55176 125676
1109.55188 79942.8
1110.55396 28186.8
1111.56116 5299.83
1147.55994 4654.99
1148.57751 11975.1
1149.58130 9625.45
1157.63000 7498.96
1158.62085 5156.04
1164.59082 9234.91
1165.57898 27756.2
1166.59619 11149.8
1174.56641 21227.3
1175.63501 37354
1176.63782 23135.5
1177.64209 10671
1181.60327 13993.1
1182.59607 10567.9
1185.46436 6493.83
1191.58997 66671.3
1192.58740 64197.1
1193.58228 27853.5
1194.58972 5448.49
1209.59912 55557.1
1210.60193 38789.6
1211.60181 13167.7
1212.58423 5687.81
1272.64465 7307.56
1289.68701 5850.64
1329.67078 9442.5
1330.68958 5712.44
1346.68591 8395.55
1437.69250 4945.67
1649.74487 5309.56
1650.76453 4592.36
1666.76465 5328.47
