1784.83976 3
110.07097 15650.1
129.08189 1822.56
129.10205 353608
129.11835 2404.69
129.12674 2237.48
130.08604 4436.5
130.10518 21766.2
133.04332 1987.37
136.07599 2114.84
139.08676 4447.21
147.11249 7034.02
155.11742 3345.65
157.09689 2341.37
158.09204 2177.71
167.08162 1856.24
171.11259 1929.54
175.11879 27530.1
181.09766 2117.87
183.14915 1833.07
185.09192 15330
187.07072 3297.57
187.14404 3459.61
197.16451 5948.23
198.12320 3513.01
199.10753 13972.2
200.13905 18230.1
201.14272 2116.42
213.08664 38169.5
214.09012 3077.4
216.13376 5203.45
224.17667 1853.73
225.09795 2049.37
225.15953 7384.16
226.11832 22647.4
226.15416 5810.4
227.10229 12743.8
228.13525 3303.48
241.20264 2383.96
242.18614 35834.4
243.09796 2779.2
243.18893 5242.76
244.09196 2008.98
244.12871 21717.3
254.11230 3249.29
256.14365 1943.49
258.10730 3028.01
268.12860 2149.88
271.17538 4722.08
272.12375 39378.6
272.17020 4180.82
273.12787 4748.33
284.12357 58622.1
285.12772 7149.08
286.15305 2961.89
287.13409 3437.06
298.09589 2060.49
304.16110 151632
305.16360 16123.2
306.16431 2139.34
309.15445 5213.18
310.10281 6343.32
315.16641 3026.77
320.66104 2562.51
323.20691 12790
327.16608 16066.7
328.11304 36999.9
329.11679 5454.22
337.15100 4109.54
339.20322 6539.75
340.83752 4816.2
341.14755 4021.39
342.12808 4592.65
345.19083 1921.8
349.20218 3601.77
355.16064 61259.7
356.16519 8750.39
357.21329 50942.7
358.21573 9760.23
369.17422 3417.06
371.15515 6306.06
373.13596 1990.68
381.13760 2526.85
383.85284 2817.42
384.18451 3520.07
384.70847 6944.51
385.20789 2911.33
386.20319 3111.19
393.71036 3839.56
394.21103 1953.5
399.15042 49077
400.15378 8359.6
410.21497 2854.62
414.23608 2421.28
419.18701 6820.17
429.71826 2255.88
433.69641 7276.67
434.20007 2985.92
442.19107 10012.3
452.17639 5677.32
456.20975 2895.25
459.20251 2549.45
461.77017 2940.26
464.69022 2325.63
465.24451 2409.12
467.29752 2415.1
468.20743 3414.97
468.28076 3841.44
470.18671 55310.9
471.18823 11726.6
473.69781 39313
474.19934 19003.6
474.69781 4005.06
475.76245 2966.18
476.88348 8240.81
477.21539 6426.89
483.25577 27633.2
484.25739 6440.18
485.27228 2475.97
500.21097 2073.42
510.29593 11527.7
510.79910 6478.41
527.24518 3307.52
529.23407 2910.69
535.28918 4155.96
537.74554 20956.3
538.24927 9765.59
538.74487 3211.98
540.27924 4108.69
545.27606 2099.85
545.73779 2220.95
546.24939 4674.07
546.76666 6782.3
547.27118 3161.91
552.24524 2396.63
552.58356 4281.75
555.24213 2158.34
556.64069 2621.05
556.97009 2308.89
557.92444 16847.9
558.25812 13097.7
558.59424 7113.54
558.92621 2063.82
561.26318 3471.74
562.31665 15193.5
562.64929 14034.2
562.98578 7474.05
563.24731 3397.24
568.31958 3635.95
568.65277 3626.63
569.29413 2454.91
573.26587 5174.89
573.76471 2557.05
580.25659 2961.46
588.34894 3863.91
594.97693 5906.1
595.62640 3173.6
595.96191 2354.9
596.28564 3109.88
597.30518 4556.02
597.80225 2525.87
598.28180 18499
599.28546 5726.36
600.33984 2311.13
605.26666 55320
606.26941 17938.2
607.26837 2918.28
608.78229 29572.2
609.28387 15163.5
609.78424 5712.3
612.29797 2630.45
626.28101 5641.66
627.28009 2305.17
640.32434 3211.48
643.23462 12925.4
644.23822 4501.23
646.29639 2107.59
658.27679 2410.63
661.82684 3190.91
662.32324 2311.94
663.34662 3060.62
666.29547 16795.3
666.79767 12675.9
667.29767 4545.94
684.80658 5377.77
685.30902 2471.07
695.33594 2089.2
697.39142 21368.9
698.39905 7337.7
703.84790 2876.77
705.81671 7158.71
706.31500 9166.22
706.81567 4023.33
709.36755 2149.23
711.36914 7580.46
712.36353 2341.7
714.82141 162940
715.32306 119165
715.82513 49145.8
716.32581 13798.7
716.83038 2161.25
720.29358 32792.9
721.29602 11238.5
722.29150 2804.18
726.37726 7426.79
727.40186 2575.87
763.33429 3947.6
763.82849 6557.68
764.32861 3757.38
771.33099 6954.71
772.33594 68148.6
772.83655 48627.3
773.33752 22117.8
773.83850 6707.52
793.43195 6251.51
793.93359 9183.22
794.43304 7832.58
794.93634 2659.01
802.93597 2212.56
824.37775 9606.8
825.38422 4102.29
831.31976 2341.59
836.38116 21381.4
836.88239 18629.4
837.38342 10980.1
837.88574 3129.8
839.46271 4066.13
840.46954 2166.49
842.37476 2425.2
849.33575 26503.6
850.33905 10308.9
851.33624 2135.15
853.48523 3255.5
886.34912 2301.8
900.36096 2847.13
913.40625 3879.62
922.54248 5158.63
928.37756 3928.89
929.36517 7706.91
930.37177 3290.28
939.40100 4204.66
945.90717 2111.21
946.08344 2434.4
946.38837 354633
946.70660 2176.11
946.88031 2170.66
947.39166 170562
948.39508 47697.3
949.39667 9960.17
1019.58667 11774.9
1020.58575 5605.95
1021.59290 2216.18
1028.42981 2598.93
1057.47693 2392.4
1074.48303 47416
1075.48596 26012.3
1076.47559 6173.03
1125.48169 22201.7
1126.48682 12300.6
1127.49255 4548.1
1128.49695 2155.21
1145.52087 31892.1
1146.52319 19590.7
1147.52148 6782.64
1216.55664 14096.1
1217.56213 8702.78
1218.57068 2729.2
1240.50403 8468.48
1241.51086 6402.57
1242.53503 2209.76
1331.57886 9638.74
1332.58728 6274.52
1369.57776 2077.28
1428.64270 4471.2
1429.63269 3115.19
