2129.93717 3
110.07106 12963.8
129.10208 21463.9
130.08595 987.955
130.10555 1060.16
136.06168 1960.11
138.06607 931.668
147.11264 2125.33
155.08154 691.37
159.07704 651.999
171.07686 758.276
175.11890 2372.12
181.06068 649.701
181.10789 1364.81
184.07170 877.58
185.09216 811.676
185.16454 11773.8
186.16820 978.856
187.14391 3276.69
195.11261 1076.06
199.07188 1163.27
200.10222 836.797
209.10370 3929.18
210.08650 1406.06
213.08673 2534.32
213.15948 3707.24
215.13861 2620.89
217.08179 1682.28
218.14952 1884.61
223.15457 743.557
226.11841 1746.43
227.06566 1775.3
228.09689 1280.9
231.09756 1146.19
240.13397 2329.23
241.08153 1752.48
242.18556 1072.34
245.07639 2861.43
248.16121 679.798
251.14981 3407.76
258.14566 664.117
259.09146 1329.74
264.06268 733.295
274.18695 9921.87
275.18903 1104.39
282.10745 1274.67
298.09561 853.395
303.21313 1567.44
303.63159 4239.81
304.13232 1163.3
312.05005 829.513
317.62939 3290.34
318.12640 1105.29
319.15228 1286.16
330.06030 863.003
332.20779 1725.76
336.66940 788.478
337.16504 918.994
338.63458 995.959
350.21805 16048.2
351.22125 2411.19
352.13852 3353.67
352.63995 870.648
353.14325 1403.08
356.10834 1175.2
360.13150 706.248
360.17352 680.345
361.14496 4464.76
361.64499 1356.46
362.14157 660.298
373.17117 685.311
374.11841 782.968
380.15558 677.489
380.64813 1224.11
384.27185 1237.73
388.66632 921.055
389.16180 887.623
389.65485 1323.38
392.18762 673.688
393.70810 3697.16
394.20920 1502.86
397.66956 875.345
402.28189 27893.4
402.66302 9077.77
403.16507 3423.79
403.22897 3034.71
403.28442 5326.3
403.66452 1074.27
404.29086 732.752
406.18524 703.764
409.70752 6867.99
410.20834 3688.74
410.71121 838.281
411.66855 3964.5
412.16873 1932.62
417.68744 841.585
421.25464 3061.08
423.70483 4979.84
424.20642 2691.79
426.15707 751.008
435.70129 1688.26
436.19733 1452.31
444.22046 711.311
444.71323 1077.6
445.20978 818.025
453.22333 2136.12
453.72745 1068.42
458.21515 5496.29
458.71695 3045.88
459.20615 2453.06
467.22205 6877.76
467.72180 3760.19
468.21515 1704.31
469.19980 1007.26
470.20245 885.42
484.68753 1455.6
486.72626 1318.23
490.74191 1369.83
491.24527 1125.99
494.74146 1824.63
495.23721 1002.29
495.73383 1136
496.23935 820.836
497.19135 3325.44
499.74734 17746.8
500.24884 7894.49
500.75119 3070.34
502.21475 850.94
503.74884 1377.08
504.28134 3094.44
508.74008 9913.05
509.24115 5094.87
509.74155 1885.67
514.26031 700.702
517.30878 3855.47
517.68915 840.794
517.74896 4961.35
518.25458 3173.89
518.74323 913.932
526.75085 1700.08
527.25250 2010.93
527.75171 1075.89
530.24463 728.604
539.24939 3479.07
539.75098 1760.5
548.25574 7567.94
548.73718 8423.9
549.23877 3885.21
549.73627 1414.28
550.27570 1504.55
550.77368 1507.15
552.21729 1212.94
552.57111 738.759
552.72235 1025.91
557.30457 2582.45
558.30878 782.088
564.57697 1471.66
566.21649 708.414
567.26459 764.895
567.76233 1200.86
575.31671 1559.39
576.76831 1004.37
584.22217 1608.3
585.22308 1294.79
587.74030 772.001
589.30219 1402.47
592.60242 999.334
595.27106 3321.64
595.60272 4084.62
595.93610 2603.91
596.27631 1101.12
597.21570 4009.04
597.56604 794.661
597.89899 800.413
598.21191 1281.03
599.26654 1040.63
601.26996 3450.54
601.60559 3418.85
601.94025 2788.34
602.27283 1153.53
606.25543 1377.48
607.27563 12220.3
607.60852 10039
607.94263 6842.89
608.28113 1562.46
613.23291 811.561
616.24817 810.329
623.27423 872.898
623.78186 2142.29
624.28198 1255.4
625.30194 2542.43
625.80615 1324.96
626.30829 830.529
627.92670 1812.57
628.27002 1558.76
628.59442 956.065
631.24780 864.924
633.29407 1067.96
633.81604 8212.08
633.92908 1569.82
634.32080 8383.74
634.59448 747.997
634.81805 4427.69
634.92859 750.145
635.24042 966.32
635.32977 1089.15
639.93298 6361.41
640.26776 7572.02
640.60236 3391.99
640.93488 1084.69
644.30646 1253.56
644.96912 2304.1
645.30499 3424.88
645.63562 1380.92
645.97076 1119.84
646.35199 2842
647.35406 952.375
649.24677 798.428
652.24792 955.346
652.79779 2223.5
653.29968 1335.61
654.31744 920.525
658.30023 2180.38
658.79102 1275.84
659.30072 775.332
661.79834 1128.39
662.31989 2123.24
662.82446 1691.82
663.32416 986.908
665.98608 2010.93
666.31952 3111.62
666.65869 848.507
667.25702 2868.45
668.26160 1045.8
671.99884 1593.7
672.32910 5271.92
672.65857 1986.09
673.32758 1059.15
677.62482 3025.79
677.99628 7535.24
678.33118 7945.74
678.66071 3693.65
678.99603 2521.92
679.33923 1037.01
682.31152 1265.85
685.26721 2174.78
690.34424 1798.08
693.81659 915.917
694.31903 844.374
695.18890 1871.98
698.64728 1274.34
698.97992 1637.02
699.31201 1229.31
703.26624 752.34
704.98425 1112.84
705.31616 909.558
709.34479 4299.6
709.76428 2145.38
710.25732 1770.04
710.36200 1851.08
710.65112 4042.95
710.98541 4331.41
711.32007 4934.38
711.65765 1778.67
712.32141 734.228
717.38879 5943.09
718.39697 1721.45
721.27600 1550.34
733.32941 900.418
733.81073 854.52
742.33698 1622.13
742.83612 1796.97
743.34113 848.965
746.27124 926.67
758.75757 900.185
760.29712 1641.94
769.39832 943.356
773.34259 997.9
777.83038 1778.79
778.32843 975.161
783.36487 1460.89
786.41028 8611.62
787.41620 3830.14
788.84949 945.423
789.34497 794.982
794.32904 760.904
797.35699 2105.58
797.85303 3417.53
798.34436 2392.32
798.84924 1188.55
801.37360 1118.43
804.32147 2647.91
805.32190 1316.38
806.36566 1974.89
806.85669 2493.55
807.34924 1233.21
815.84851 3042.31
816.34680 2121.1
816.84625 971.64
818.41125 1841.97
819.86102 874.346
822.32538 3136.77
823.32874 938.138
823.87555 1833.93
824.37250 2425.94
824.86053 1310.48
825.36414 771.423
832.87592 2660.13
833.37463 2872.7
833.87158 1702.65
834.37592 2250.49
837.34503 1306.97
837.84711 1031.17
838.35645 818.176
840.38617 3946.57
841.38446 1474.36
841.87915 11336.6
842.38055 10990.7
842.88190 5296.49
843.38507 2312.34
846.40942 2920.43
846.85168 2893.3
847.40863 1313.05
847.84143 1032.67
849.40192 781.758
850.88770 1263.04
852.37634 799.396
853.31348 1505.18
854.30945 753.585
864.82312 862.344
865.84717 832.691
870.39508 5580.74
871.40210 3008.21
872.39929 1057
873.38824 1069.95
873.87708 1234.54
874.40442 1354.34
875.29675 1360
880.40106 1040.38
880.90076 1517.68
881.85742 1065.46
884.38861 3356.76
885.39026 1084
888.40027 1365.47
889.40460 865.876
890.87085 3199.6
891.36768 3147.11
891.86890 1660.35
892.39185 1567.63
892.90143 1128.88
893.40247 960.457
893.89313 885.193
894.39801 959.339
895.35193 970.967
897.34637 1085.38
901.43207 6667.2
901.90424 2292.29
902.43115 3015.98
902.91071 1367.33
903.42560 1142.24
906.38055 1325.9
906.62390 857.421
910.40900 12186.8
910.90961 11785.6
911.41101 7002.31
911.90723 2551.42
912.41510 1621.63
915.42529 970.292
917.40466 1239.45
919.41974 936.982
919.91718 776.566
929.43988 917.734
930.40839 1228.15
930.64160 766.307
933.43896 2302.82
934.43994 887.899
934.64423 1447.12
934.90070 1823.13
935.14673 2045.52
935.41290 1912.15
935.91223 903.699
941.43311 1669.27
944.92273 789.265
945.42438 1261.92
951.39557 847.054
955.39410 839.136
959.39410 1953.28
959.90234 2242.37
960.40198 1707.21
965.45447 819.726
966.94800 812.295
967.46082 1153.82
968.35791 2133.87
969.37781 1051.99
971.43536 911.879
972.44360 1278.66
980.47699 2588.62
981.47760 1601.77
990.46570 827.958
993.42773 1234.12
998.48737 35466.3
999.49194 17963.8
1000.49731 5252.4
1001.49658 1314.13
1002.43323 1104.12
1016.48181 5423.77
1017.47626 2933.24
1034.49133 3499.96
1035.48987 1747.77
1039.38171 1270.07
1055.53491 792.33
1058.47266 1262.51
1059.48218 769.104
1066.49341 831.632
1067.48560 944.916
1078.44934 1493.6
1095.50928 2860.52
1096.47241 7045.04
1097.46667 3181.64
1099.53674 4720.91
1100.54065 3018.87
1101.53809 1010.9
1119.37268 1525.58
1122.46777 792.755
1123.52881 877.514
1133.54004 834.121
1159.77747 762.078
1165.46936 858.182
1165.79089 1194.24
1166.13354 1463.89
1186.57056 4733.72
1187.57910 2689.61
1188.55835 1229.19
1197.50989 1304.97
1246.53345 1228.73
1246.85498 1000.09
1248.39722 837.152
1281.49048 947.366
1284.56006 1195.3
1285.52991 838.501
1289.84924 774.01
1323.62476 861.896
1418.56592 829.329
