1609.78862 2
110.07111 297.567
120.08042 9109.86
121.02814 216.221
121.08355 457.02
129.10187 388.968
133.04260 243.355
136.07555 1293
141.10204 186.684
142.08606 227.233
143.11781 179.648
147.11292 241.772
158.09215 417.578
159.07639 337.21
159.09106 682.504
169.09630 484.517
171.07643 207.148
171.11293 216.297
175.11850 2565.38
185.16403 197.22
187.10735 6930.14
188.11128 341.225
201.12332 386.037
215.10219 5843.35
216.10782 357.219
219.14813 248.253
221.12820 459.284
228.09753 195.89
229.11946 313.674
231.11195 307.127
233.16429 2486.95
234.16711 257.218
245.12389 779.385
247.14456 226.603
249.12263 756.099
249.15924 410.534
251.10236 348.033
254.14980 322.07
260.13962 299.794
261.15906 1442.57
262.08521 328.263
262.14868 616.149
265.11780 600.2
272.15738 242.516
277.11801 231.116
277.15411 526.649
286.13907 260.282
288.13412 1563.38
290.08002 446.502
293.11243 1166.63
306.14456 649.446
317.14893 784.859
318.17926 349.211
362.17007 1411.23
373.22214 452.255
391.23474 450.709
401.21707 519.65
406.19641 384.902
408.18582 775.973
419.22830 578.989
424.21979 256.699
425.21310 1919.47
426.21808 225.35
456.17004 248.165
511.14151 207.569
523.09198 305.487
537.28009 209.074
554.25177 1009.53
700.29291 301.502
717.31671 2143.04
718.32086 747.116
737.49164 279.526
804.49451 559.215
805.01343 201.35
805.49963 3221.98
806.00067 1961.77
806.50635 1080.87
806.99695 219.281
830.40143 1817.96
831.40466 896.302
940.44482 278.608
977.46967 1496.27
978.47009 780.723
1068.47986 219.765
1078.51611 1114.78
1079.51917 487.227
1091.50806 237.468
1117.52710 1094.75
1118.53064 797.106
1135.53748 5110.97
1136.53967 3089.96
1230.61230 437.204
1231.61792 218.915
1248.62036 1507.4
1249.62134 951.763
1395.69104 418.754
1396.70630 321.355
