2589.28635 3
115.07494 187.358
117.09049 276.61
120.08035 625.173
128.10660 427.156
129.10201 361.882
133.08563 433.829
136.07526 4603.28
137.07840 307.951
147.11212 337.375
159.09174 197.017
173.12764 1053.93
175.11800 291.406
183.11209 477.579
185.12759 205.696
201.12265 1525.51
207.11243 185.812
226.15384 212.063
229.11783 255.205
233.16290 284.954
235.10684 531.098
235.14323 1196.17
237.12268 778.951
244.16473 2429.58
245.16844 254.572
261.15808 350.47
263.10144 1240.13
263.13794 412.969
265.11771 530.618
279.09650 309.461
284.19604 198.854
332.19452 300.007
343.16025 341.794
346.17453 1785.49
347.17715 392.692
350.13330 897.676
355.19659 551.241
362.17026 623.3
364.18512 697.507
373.20651 248.611
376.18542 1254.19
377.18945 189.486
378.16522 1026.84
392.17819 209.234
447.22128 790.202
448.22232 212.003
463.21582 568.107
479.21390 310.607
520.27698 560.414
521.28040 206.148
576.30426 224.112
608.26917 254.209
610.27808 293.402
633.36395 515.927
645.32782 307.674
657.29639 397.742
690.31946 247.652
759.37793 218.193
770.41663 825.862
771.42310 242.848
818.37225 201.296
840.92126 292.38
841.40912 286.271
862.42780 234.049
862.56775 394.454
863.39532 427.626
863.64160 205.061
864.34985 352.451
864.49060 410.54
864.66321 331.738
865.56281 781.861
865.81525 217.276
876.43481 229.635
876.93164 287.427
933.36255 248.843
933.50708 395.365
1028.52209 510.949
1044.49878 222.445
1046.48938 464.75
1047.48669 266.092
1061.53442 514.654
1062.54309 382.609
1097.57312 290.328
1119.51062 245.775
1141.61438 347.128
1176.56702 1463.22
1177.56677 851.747
1232.58008 223.376
1274.59192 246.321
1275.59644 228.114
1289.65149 1483.28
1290.65027 1096.85
1291.63586 352.152
1346.57825 250.195
1402.73621 392.823
1403.72742 370.783
1437.67151 201.932
1438.67236 387.053
1508.68347 262.239
1517.75623 885.084
1518.76709 682.853
1519.76208 291.46
1621.78882 229.778
1680.82117 823.227
1681.82239 621.139
1682.83582 225.346
1751.87109 469.416
1752.86780 499.97
1753.85046 257.696
