3608.63962 3
128.10655 576.762
129.10196 1004.5
132.07648 1200.25
133.04253 1527.75
136.07558 618.775
171.14873 2899.92
173.12799 17903.9
174.13165 1131.18
175.11855 5223.35
199.10674 649.916
199.14394 2861.45
200.14676 545.108
201.12294 31763.2
202.12650 3226.49
212.10226 815.927
214.11824 2369.4
227.10184 1915.35
230.06021 773.518
247.08522 994.47
255.16945 2603.77
258.05383 1049.21
275.08014 8584.21
276.06256 615.411
276.08267 742.99
281.08734 555.7
282.18042 1385.26
283.13998 730.097
297.15576 667.762
298.11426 538.416
300.19113 25057.6
301.19470 4239.51
304.16110 1828.23
310.13904 2411.2
313.18683 3494.34
315.16559 501.934
328.14966 3224.33
330.21265 893.941
333.08591 841.183
335.13333 639.067
341.14481 713.099
352.18475 592.797
361.12567 724.786
369.21265 1067.22
371.26404 1912.75
372.09613 853.001
374.14780 2277.17
381.24075 606.845
382.20819 547.278
389.12311 3648.81
396.22327 983.253
397.17700 1139.43
399.25851 5021.95
400.26065 979.542
409.20728 1603.15
414.23526 1067.55
417.24292 1787.44
424.18359 1684.84
427.21777 1215.66
442.19174 886.433
446.16858 471.434
451.26190 701.872
457.18387 744.537
468.28162 621.349
471.16241 553.829
473.21738 846.478
475.19440 587.132
479.22266 495.206
488.19116 1834.73
495.29343 795.351
496.23355 932.029
496.29227 596.396
504.27661 5426.96
505.27823 1120.09
513.30261 2778.91
514.29651 1149.1
523.25128 1095.97
524.28748 507.14
530.32788 606.48
542.23114 530.178
556.24927 842.006
557.19452 1093.75
558.20178 535.128
565.30078 1031.84
566.20795 567.29
571.23450 514.047
572.21466 596.19
574.26636 1107.03
575.20471 496.539
579.27795 608.774
582.32043 489.84
584.20880 806.343
587.26080 1002.6
595.31921 1054.54
598.19147 490.292
615.21735 735.995
617.36096 4142.66
618.36121 1360.08
655.33002 642.389
656.30865 699.145
660.30573 555.885
666.25549 513.188
670.29327 927.21
671.29083 837.941
673.33508 2045.8
674.34009 870.895
683.27979 748.517
688.30310 1047.67
689.30542 495.67
695.24524 552.247
698.25256 893.088
707.29828 533.407
712.31628 703.158
713.88074 715.211
714.38141 504.668
725.33234 801.825
726.36237 752.524
727.37079 568.046
730.32208 2332.64
742.35565 614.778
746.40137 5138.24
747.40802 2237.02
770.35150 1124.25
780.29675 1209.93
787.37488 643.076
797.32013 1431.78
798.31378 1191.88
799.31580 815.026
815.33685 1092.06
817.34058 662.618
851.40826 1056.4
851.90924 1367.96
856.45020 546.274
875.44562 4854.59
876.44739 2711.29
889.42432 1090.26
890.42804 739.908
896.38995 834.736
897.38275 878.446
907.44531 595.937
914.39771 602.952
915.92902 1662.91
916.43304 1584.63
916.93298 1170.75
935.42834 575.027
941.42682 678.578
941.76306 863.633
942.09058 967.542
970.30322 657.789
973.43939 974.414
973.94489 1403.67
974.42621 722.903
990.48657 584.789
992.41614 1545.86
993.41785 746.729
996.44128 781.929
1022.51331 10706.1
1023.51691 5704.28
1024.53210 1370.73
1046.97827 3278.25
1047.48096 3620.18
1047.98120 2907.24
1048.47095 1467.77
1048.98291 556.927
1097.49927 684.241
1104.49963 2244.06
1104.99036 2681.19
1105.49426 1880.66
1105.98315 718.805
1155.01941 2219.89
1155.51709 3281.21
1156.01624 2692.71
1156.51440 1453.71
1185.57898 13201.6
1186.58020 8869.73
1187.57910 2870.74
1188.58643 723.748
1189.52441 995.05
1190.03137 1207.91
1190.52637 787.473
1198.53174 12348.8
1199.03308 17073.9
1199.53406 12558.6
1200.03308 6632.44
1200.53552 3321.6
1201.04761 811.754
1203.57983 1067.25
1204.56628 1747.56
1205.07629 1589.8
1205.57373 1086.32
1211.48499 996.51
1212.47168 617.957
1221.44910 1024.45
1240.08276 554.267
1248.06238 4832.32
1248.56580 6770.97
1249.06763 6050.56
1249.57312 3189.61
1250.06421 1112.6
1289.58875 610.135
1290.08289 965.168
1290.58276 917.793
1298.62903 7262.13
1299.09155 8679.6
1299.61328 7503.92
1300.08801 3219.49
1300.64294 1945.96
1346.59644 1514.3
1347.60303 1683.05
1348.60925 827.349
1354.10791 711.198
1354.60803 1506.84
1355.10718 1261.34
1355.61243 607.4
1363.11902 1952.47
1363.61560 2708.17
1364.11218 2808.01
1364.61304 1227.73
1390.63391 583.369
1393.63477 1487.72
1394.12463 2143.69
1394.62476 1674.21
1395.13330 1119.98
1395.64282 557.781
1396.50061 1209.24
1397.50879 623.138
1402.63074 3360.19
1403.13110 4748.31
1403.63318 4139.75
1404.13586 2621.04
1404.62903 1211.31
1411.63965 24936.4
1412.13892 40624.2
1412.63831 34221
1413.13733 20134.4
1413.63794 9087.99
1414.13416 2424.84
1414.63367 852.447
1426.75854 4584.55
1427.76074 3307.64
1428.76733 1495.81
1451.17102 583.266
1459.64673 1317.76
1460.15527 2153.44
1460.65210 2895.19
1461.14075 1937.05
1461.64575 1009.09
1468.65918 5341.05
1469.15930 7855.7
1469.66260 7055.92
1470.16260 4194.22
1470.66443 1879.98
1475.12329 799.243
1475.64294 1410.71
1476.65857 1744.36
1477.65173 977.688
1524.57397 806.237
1540.17578 1241
1540.66687 1404.96
1541.18738 715.346
1541.80347 1446.89
1542.79919 1137.32
1548.67688 3134.63
1549.17615 4979.92
1549.67883 4502.89
1550.17993 2760.55
1550.68213 1314.1
1551.14844 641.068
1554.65063 687.13
1588.71118 1401.75
1589.18750 798.129
1589.72449 1892.61
1590.73840 1188.9
1596.70679 638.932
1597.19104 1752.69
1597.68286 2534.85
1598.17773 1965.95
1598.67957 1160.73
1605.69727 3916.24
1606.19751 6852.51
1606.69714 7076.89
1607.19678 4719.81
1607.70044 2806
1608.17664 744.362
1611.68652 815.164
1612.19727 871.941
1637.71240 841.415
1638.71204 733.536
1639.68616 600.628
1647.22754 920.63
1647.70874 1150.33
1648.20850 741.546
1655.22559 2233.31
1655.72961 4060.95
1656.22986 3631.73
1656.73132 2280.65
1657.22778 1388.37
1661.70300 761.817
1662.20947 551.203
1696.75562 538.352
1701.80835 2291.61
1702.80762 1815.41
1703.81702 1273.35
1704.79065 708.251
1705.25977 759.063
1705.76099 1423.51
1706.26636 1044.7
1717.77405 832.457
1718.75964 1222.87
1719.76733 599.658
1720.78406 590.667
1801.74524 655.355
1830.85535 2375.28
1831.85742 3002.89
1832.86377 1446.03
1833.86841 761.001
1945.87964 1914.29
1946.88062 1386.25
1947.88464 776.012
1948.86121 601.629
