2840.55173 3
120.08021 1196.84
129.10223 2350.48
136.07520 991.367
145.09674 6685.42
147.11232 983.389
173.09177 23879.2
174.09508 1566.92
185.12833 1833.91
199.18054 3294.54
201.12263 1452.84
215.13976 1393.18
226.11743 1491.22
226.15437 2483.13
227.17490 3139.29
228.13351 2192.21
229.11771 1509.48
241.15417 4172.89
254.14938 3323.82
258.10773 1950.99
258.14447 1953.98
270.10852 1122.57
271.17670 1122.01
272.15991 2532.18
286.17554 25945.2
287.17889 3169.65
297.15488 1942.77
299.17017 2319.63
300.15457 2886.98
312.19299 1161.23
315.12997 2679.35
315.16550 1508.79
339.20154 1055.89
341.14407 2569.9
342.20139 6282.64
355.19708 3784.19
357.20984 1472.65
359.15530 2534.42
371.19177 2878.13
371.26038 1184.93
382.20361 1032.29
383.19269 2732.18
385.24255 1709.53
386.20126 1993.9
399.25821 2491.54
400.25186 1506.45
401.19855 1041.61
405.19690 2076.35
410.23990 3492.53
412.18256 2361.52
413.23679 2304.19
414.19833 2836.64
428.24698 2356.72
430.19162 1103.01
454.22610 2918.37
456.27658 1076.7
468.28052 2385.64
472.23834 4167.81
473.24298 1367.33
481.27817 2289.81
484.23550 2289.09
485.23328 1952.74
496.27301 3502.84
497.27887 1454.61
499.29144 2015.06
502.24847 1201.04
514.28705 3636.1
515.28339 1325.3
523.32367 1450.94
525.26276 2859.41
527.27582 1535.88
533.29480 2014.56
541.34570 1461.16
543.27460 3033.19
544.27753 1226.89
551.32483 1244.08
552.31335 1258.76
557.33099 1140.7
567.31024 2696.27
569.33307 1597.49
570.32751 1435.25
571.30731 1067.37
572.26013 1052.02
573.28638 1297.54
585.32428 2722.22
612.32452 2459.78
613.33228 1107.11
630.34387 52241.5
631.34753 14377.5
632.35040 2155.49
638.34888 1946.49
640.36542 2268.35
656.36328 2093.84
667.33978 2354.66
686.36804 1858.02
695.37183 1563.3
698.37036 1192.05
699.36713 1878.69
713.37793 1791.46
725.42413 1509.5
741.41119 1174.58
743.42761 9419.15
744.43555 3264.46
769.40533 1631.5
780.43121 1574.65
787.42010 1479.37
796.45654 1401.1
798.43353 2580.47
799.44116 1214.64
812.44806 2037.91
813.43951 1192.66
823.42639 1226.36
872.47180 4143.12
873.47449 2210.7
879.47400 1728.07
879.98871 1196.02
883.47662 1178.71
912.49530 1253.73
926.47614 1114.34
946.48120 8617.32
947.48615 6753.53
948.49268 3601.58
952.51697 1130.64
957.51385 1158.28
970.52783 1290.43
973.51794 14713.8
974.51874 7330.93
979.54095 1641.77
980.53241 1726.53
1014.54474 2014.9
1015.05707 3265.93
1015.54901 3279.9
1016.06427 1240.35
1025.52234 1165.69
1072.58423 16251.6
1073.58789 7937.61
1074.59094 1845.81
1093.10400 2481.39
1093.60864 3226.36
1094.12952 1351.21
1128.60767 1768.95
1129.11829 1836.03
1164.13318 1163.15
1171.65454 8770.15
1172.65234 5395.12
1173.68677 1350.62
1222.14978 1468.37
1222.65442 1620.67
1242.69153 9680.57
1243.69470 5935.22
1244.69641 1937.64
1278.67249 1560.98
1353.72852 1424.42
1371.73315 10408.8
1372.73425 6902.52
1373.73682 2275.13
1442.77466 9454.71
1443.77356 7055.26
1444.78674 2917.9
1543.82288 8791.49
1544.82056 7098.47
1545.80127 2660.97
1627.88159 1138.05
1644.86951 12922.1
1645.87219 10707.3
1646.88171 3751.39
1757.95630 7014.62
1758.95300 7081.98
1759.95178 1743.42
1871.03760 1547.38
1958.06653 1520.18
1959.05261 1863.15
