1630.63236 3
110.07124 772.242
112.08691 230.326
113.07111 214.221
115.08628 197.292
120.08133 190.059
129.10240 10762.3
130.05005 2269.22
130.08638 3651.89
130.10526 616.512
131.08980 195.001
136.06195 1114.02
136.07561 536.7
139.05000 399.158
139.08745 214.955
141.10214 380.606
147.11299 8326.04
148.06067 540.744
148.11674 450.54
154.05046 204.447
155.08171 2038.24
155.11813 431.428
157.06088 500.864
157.10706 330.868
158.09306 253.339
159.07739 253.49
166.11362 472.369
167.08141 312.559
169.09694 552.129
173.09224 3104.39
175.11909 2224.36
181.06049 382.731
183.07664 1374.36
185.05563 1669.8
185.09290 406.424
185.16479 262.916
189.08731 1016.58
195.07675 510.175
195.11279 844.23
197.12894 449.898
199.07137 640.754
201.08730 4604.9
201.12204 192.438
202.09201 334.114
203.06705 216.095
213.05002 257.687
213.08728 954.965
213.12369 500.738
215.13882 622.078
217.08208 2663.88
218.08577 267.371
218.63150 371.174
222.12376 1564.71
225.09932 208.241
225.12285 367.117
226.11821 338.772
227.06696 280.92
227.63702 1467.97
228.09639 266.584
228.13762 316.875
231.06056 371.62
231.09741 931.407
235.07152 507.231
238.11899 603.021
240.13443 9053.94
240.60843 678.769
240.64322 261.435
241.08205 3479.71
241.13652 951.622
242.08525 250.11
243.13310 267.141
245.07712 3126.66
246.07983 266.542
246.15631 333.582
249.61346 314.352
250.11610 211.613
252.09831 199.948
255.10727 220.238
255.14578 246.465
258.14508 9772.71
258.61890 566.066
259.09274 3684.05
259.14767 1127.99
260.09634 368.387
262.14813 550.687
263.06433 292.66
266.15018 840.986
267.62436 213.181
268.09216 322.023
268.12839 459.302
272.13519 234.626
272.17194 2491.8
275.20871 276.593
276.15567 10030.7
277.15912 1071.89
282.07242 853.513
283.66882 406.291
284.12396 406.344
285.62332 303.097
286.10364 1018
286.13995 632.588
288.66071 1306.84
289.16254 926.167
294.13684 497.869
297.66608 7240.64
298.16699 2325.16
298.66943 432.265
300.08276 1829.49
301.08499 230.291
301.64917 712.854
302.15143 244.693
303.14291 1691.84
303.64389 715.31
306.14471 210.727
309.15533 414.869
310.65546 4278.58
311.15408 1093.76
311.18481 219.578
312.04916 639.067
312.11932 1318.39
316.11313 460.811
319.66101 2855.78
320.16293 895.571
323.17160 437.284
324.15305 469.523
324.65302 844.48
325.15549 525.186
328.07629 202.409
330.13013 2518.58
331.13321 382.165
331.22159 359.558
332.67108 298.866
333.65860 5585.57
334.15970 2022.19
334.66162 430.474
335.14914 2920.35
336.09564 456.435
336.15460 376.754
337.18964 1189.87
341.15790 549.434
341.17941 503.525
342.13766 283.124
343.18973 382.225
346.17517 517
346.66779 713.345
347.16745 224.641
350.15952 551.435
351.16647 2851.57
352.11499 532.699
352.17307 470.225
353.21854 292.285
355.17981 344.849
359.16394 721.167
359.66513 257.531
363.16528 590
365.11172 213.06
366.18848 352.813
366.52219 221.767
368.16882 985.461
368.67026 348.648
369.17682 7153.49
370.12686 812.854
370.18228 1149.61
371.19687 569.653
373.16110 1718.96
373.66306 584.42
375.66898 301.96
377.17651 580.88
381.17831 406.837
382.16687 4792.42
382.66837 1742.82
383.13168 236.115
383.16754 535.954
385.25638 897.806
386.20026 348.034
386.70074 1650.65
387.18707 13799.1
388.13547 1083.91
388.19101 2403.29
389.19571 1544.88
389.52795 354.729
391.17197 9259.43
391.67328 3895.1
392.17444 830.275
393.10443 266.624
395.19260 798.876
399.22391 510.102
400.17474 366.448
400.21680 445.892
400.68005 462.464
401.14310 231.798
401.17456 282.031
402.72769 291.594
404.17987 424.988
405.19818 7781.63
406.20316 1428.64
407.20435 300.689
407.65872 234.119
409.17197 2096.74
410.17456 475.852
411.11194 457.329
412.87454 220.206
413.16757 1402.84
414.17303 227.798
414.68021 1160.48
415.18201 808.634
415.67896 231.666
416.17792 410.198
416.21118 475.88
418.20453 353.117
421.17566 258.139
423.15149 470.999
423.68503 2148.04
424.18604 1347.97
424.68817 306.421
427.18204 737.611
428.67688 491.748
429.12509 837.076
431.17780 481.96
431.74112 261.923
432.21518 233.424
432.69034 1890.84
433.18350 1329.3
433.68600 564.978
436.25589 358.274
437.68341 1450.81
438.19049 805.072
438.68646 209.817
439.14249 235.836
441.15469 658.19
441.19580 926.219
441.69574 2149.85
442.19730 1001.56
442.69366 279.388
445.15799 214.503
445.22513 395.256
445.55466 297.838
445.93497 219.891
446.24368 2489
446.68945 2466.93
447.18839 1086.65
447.24704 265.463
447.69165 288.074
450.19907 3470.67
450.70013 2445.15
451.20010 662.077
451.70853 287.185
452.17535 228.349
453.19916 282.886
454.26685 1825.15
455.24649 1191.43
455.69324 2497.83
456.19638 1346.06
456.69910 361.388
457.12024 246.656
459.16055 1032.81
459.20935 2676.97
459.70358 1892.13
460.21127 515.52
462.25055 230.999
463.94476 1156.42
464.25159 560.755
464.69196 728.871
464.73724 470.602
465.19827 287.586
466.19852 259.847
468.20966 1427.55
468.70886 773.272
469.20419 304.633
472.28128 245.292
473.20084 902.504
473.70135 402.024
477.21454 447.617
477.71555 297.376
477.88379 1406.61
478.21539 942.914
478.26727 386.706
478.54480 305.4
479.25201 235.294
479.91531 231.977
480.20773 365.035
480.24820 299.948
482.26175 2773.78
483.26260 840.298
484.20740 261.426
486.21875 468.8
486.71518 773.828
487.25842 1614.21
487.75757 459.942
489.24280 1411.38
489.58194 265.681
490.23166 240.331
491.20963 493.303
493.54523 467.499
494.72827 540.755
494.78610 397.03
495.23029 3935.53
495.71362 7878.86
496.21393 3640.52
496.71426 1388.53
498.21982 1988.54
499.29269 530.329
499.53879 215.545
499.88260 251.404
500.19446 286.875
500.26974 599.004
504.23587 591.351
504.71921 1534.53
505.21133 440.655
506.18576 1737.3
507.18524 379.704
508.18958 249.156
511.94739 497.151
512.28143 540.211
513.26355 348.004
516.23016 12570
517.23547 2878.85
517.70258 257.085
518.23639 541.2
522.26563 281.768
523.28741 227.051
524.19818 3364.75
525.20062 909.585
530.29272 221.686
534.24072 19965.1
535.24463 5095.74
536.24988 1066.47
537.24451 281.641
542.20856 2203.43
543.20618 455.06
543.25537 540.543
543.60156 539.595
543.74359 227.641
543.81622 373.431
543.90912 1615.67
544.20972 764.24
544.27881 326.287
544.33130 923.448
544.70062 1373.47
545.25238 1947.05
545.75427 785.959
546.29504 244.912
546.72552 217.718
548.77850 2409.26
549.27893 1428.24
549.78033 448.27
551.33466 1030.86
552.33911 266.264
555.27985 364.809
561.92554 362.686
568.31006 338.807
569.25214 1838.62
570.25653 689.52
574.28619 397.19
581.21777 240.444
583.29034 1887.89
583.78967 1270.06
584.29419 579.443
586.28101 224.11
587.26440 1306.94
588.27344 416.518
589.21741 260.442
590.28992 2934.97
591.29211 946.144
592.29755 348.409
594.32642 941.501
595.33466 230.922
597.30212 301.685
599.61755 219.147
602.29700 411.492
604.28467 337.322
605.27795 36385.2
605.62396 894.888
605.97357 404.36
606.28107 10248.9
607.28583 2054.87
608.29175 333.859
611.30115 251.738
615.25397 415.841
617.21893 361.423
618.80780 1806.43
619.31036 1198.68
619.81055 285.386
620.30206 1101.15
621.30377 426.113
624.29803 265.098
624.77728 348.067
630.28204 367.126
633.29169 1744.51
633.79608 836.658
634.30280 314.833
635.22583 702.243
637.94586 307.005
639.25220 232.388
642.30151 560.431
642.79913 260.212
648.30066 2059.01
649.30408 933.502
650.30457 266.328
652.30109 260.425
653.23999 945.913
654.23193 240.534
656.27905 2183.61
657.28058 689.687
661.33643 462.888
665.31879 328.488
666.30963 8803.93
667.31897 3829.52
667.83655 1635.97
668.32281 1057.74
670.30963 850.398
671.24194 685.074
674.28473 355.297
680.28412 437.694
681.29614 235.387
682.28516 469.468
682.77606 256.065
683.33765 694.761
684.32166 1618.87
684.43610 273.811
685.32422 536.723
692.32587 379.468
693.31470 559.834
693.79822 349.756
696.24237 364.034
698.29938 1189.36
699.30353 627.458
702.31171 1140.24
702.81384 588.936
703.38208 711.777
704.37567 317.764
706.26093 261.618
709.35858 449.707
711.35754 290.816
716.31018 7258.8
717.31299 2702.25
718.31494 858.989
724.27301 337.343
734.32129 8914.74
735.32422 3572.32
736.32581 950.837
737.33044 291.01
742.29321 281.789
744.30408 339.026
745.31396 1080.27
746.31219 347.266
750.33331 411.837
753.34015 344.16
754.24890 468.852
763.32532 4305.97
764.33002 1758.25
765.32813 368.342
766.35419 689.999
766.86340 447.025
767.87006 242.533
769.34210 487.108
771.34235 259.761
772.39655 1396.18
773.40033 668.891
780.36731 279.734
781.33630 13950.9
782.33997 5564.03
783.34076 1531.71
787.28448 226.913
799.34711 6840.15
800.34875 2528.24
801.34943 724.205
807.35822 272.373
810.32318 220.443
813.32428 678.368
814.33069 352.239
815.29028 287.033
831.33728 850.066
832.33612 308.104
834.31799 357.695
841.31757 316.715
845.41760 611.039
849.34735 3098.53
850.35052 1262.36
851.35559 470.736
852.37213 402.682
863.42834 470.646
870.38092 521.248
874.35663 430.738
875.36096 310.493
879.31287 1003.87
880.30920 447.353
882.38336 527.145
883.39447 233.509
892.36560 2265.54
893.36969 893.15
894.36749 418.306
897.32446 663.454
898.31287 230.247
910.37848 4391.58
911.38062 2012.95
912.38605 632.628
928.38824 2366.34
929.39081 1067.19
930.40045 378.84
935.41687 219.216
943.38068 225.555
945.39539 403.267
946.39355 281.626
953.42102 396.301
963.40161 768.974
964.39374 706.314
981.41510 985.265
982.41895 577.204
999.42175 585.858
1000.41931 263.733
1026.35828 296.317
1033.39417 275.039
1043.38257 279.89
1061.38855 679.845
1092.46338 415.689
1093.45959 296.682
1110.45593 430.608
1111.45947 261.943
1128.46118 226.672
1146.47583 248.417
1275.51172 216.155
