2913.31235 3
129.10197 2781.88
167.08122 1970.84
173.12796 70704.2
174.13136 5664.32
175.11848 11054.9
201.12288 34525.4
202.12656 2466.3
208.10815 5885.55
236.10246 3341.67
254.16167 1886.58
272.17072 5089.13
288.15363 2797.62
339.16559 9266.24
351.21307 4748.19
352.19653 8034.04
357.17542 3677.96
365.18320 1891.4
369.22351 109732
370.22623 18293.9
371.22910 2282.12
384.18369 1793.46
434.19910 2097.41
436.21762 1881.8
455.14996 2353.4
463.16022 1915.49
467.22461 1980.11
468.29218 23538.4
469.29449 5232.5
503.22192 3161.1
521.23242 1827.94
581.37628 6614.3
582.37988 2163.24
591.76428 6589.51
592.26428 3444
600.77509 3796.62
602.79254 1933.07
611.79730 2986.05
619.26898 4344.99
626.27289 2513.03
660.78955 8340.16
661.28607 3889.87
661.78271 2043.43
666.28827 1969.66
669.79468 7232.15
670.29285 7139.29
670.79248 2106.49
678.80072 2013.83
685.32617 4607.02
688.30359 2010.16
695.41620 9862.41
696.42517 4143.32
701.81055 2718.68
702.31555 2773.2
703.33887 5245.08
712.84326 2462.49
716.31342 5791.94
717.31641 2221.19
720.38257 2035.28
726.80304 2496.23
735.31763 2746
736.81494 1878.2
737.31689 1993.52
760.84552 3370.99
761.35138 2318.1
761.82764 2093.1
769.85553 2370.42
770.35022 2132.03
770.83563 6062.51
771.33545 3115.69
782.45026 19156.5
783.45508 8445.37
784.45428 1912.79
805.34143 2399.97
805.82678 2133.22
814.35938 2398.79
814.83527 3055.59
819.32806 2871.72
820.39819 2009.55
820.73309 2321.98
854.34869 5544.07
855.34515 2579.76
872.94104 2061.52
883.49719 19684.6
884.50000 7667.93
885.51044 2123.04
940.46698 2142.83
970.52948 25474
971.53430 12734.1
972.53931 2943.46
990.00739 3286.63
990.51093 4555
991.01843 3697.25
996.44073 3429.6
996.95667 2194.46
999.01361 42022.3
999.51428 51277.2
1000.01556 27082.1
1000.51984 10387.8
1033.53052 2951.82
1034.03052 4032.13
1034.52612 3963.59
1040.54517 2513.63
1045.98108 2712.84
1046.47937 2062.73
1054.47021 3697.51
1057.56104 48407.9
1058.56506 24923.7
1059.56982 6833
1062.53894 2383.5
1065.45618 2643.95
1065.96411 3179.51
1066.47083 2165.45
1072.48267 2293.57
1084.04175 2594.02
1084.54626 2979.39
1085.04309 2066.66
1099.50708 2369.31
1110.57727 3230.9
1111.05713 4743.5
1111.57410 4232.55
1123.54871 2695.44
1124.05957 3005.21
1124.55200 2747
1128.59814 39383.4
1129.60022 24310.1
1130.60034 6791.79
1132.57727 8123.96
1133.07129 9967.35
1133.56519 7474.08
1134.06873 3523.78
1159.08716 6283.77
1159.59204 5489.23
1160.08594 4959.53
1164.09424 1962.56
1166.51978 2654.24
1170.45667 3670.12
1171.45581 2951.37
1172.10437 3569.91
1172.60828 4527.65
1173.08008 5887.73
1173.59033 3127.54
1181.10107 16437.7
1181.59619 22045.7
1182.09216 20417.6
1182.57922 10871.1
1183.06580 2844.39
1190.61108 2839.67
1191.10242 2407.66
1215.58813 2618.53
1221.08618 2210.41
1221.57568 6237.53
1222.08350 3711.04
1222.57642 2694.75
1228.10449 6710
1228.60803 8867.94
1229.10718 7228.69
1229.58179 2370.02
1230.08557 16342.6
1230.58850 24019.2
1231.09351 16570
1231.58765 9053.77
1237.56665 2318.73
1238.10901 2925.32
1241.11377 2706.55
1241.60815 5106.13
1242.12305 3848.81
1242.61499 3838.36
1250.12170 12181.3
1250.62146 22164.6
1251.12390 15499.7
1251.61829 7369.71
1259.12891 5886.04
1259.63318 24048.3
1260.12964 7211.51
1260.63708 12724.2
1261.63733 4067.14
1264.58411 2313.02
1265.09448 2720.14
1265.60596 3259.13
1268.63379 2665.44
1290.60925 3786.31
1291.10120 4825.68
1299.10999 15444.9
1299.61060 21974.6
1300.11011 14517.5
1300.60583 7098.72
1308.60364 4956.51
1309.12158 4315.22
1320.57654 3249.49
1357.58911 2143.85
1358.60657 2070.03
1360.68164 8886.48
1361.69373 6305.31
1362.68738 3502.69
1431.71191 3257.92
1432.71472 2428.25
1540.66528 2152.52
1628.84558 2069.9
1743.86560 3114.9
1744.86768 4586.54
