2466.11075 3
110.07120 8625.37
111.07453 517.018
120.08075 6899.4
129.06570 1449.41
129.10226 3461.86
130.05031 505.116
130.08635 1772.36
133.04298 6021.24
136.07576 4842.49
138.06618 876.722
143.11710 542.849
147.07603 811.756
147.11285 4650.66
153.10190 1033.93
157.13373 583.069
159.07639 3300.95
159.09166 1283.54
166.06113 11255.4
169.13361 907.126
170.04518 859.38
171.11287 1332.58
175.11890 5748.88
181.06090 919.897
185.16493 1334.33
187.07137 8656.35
187.14410 2003.2
197.12868 1473.4
201.12274 563.797
205.10052 665.574
209.13982 4239.15
210.02466 549.647
213.08704 1128.97
213.16040 854.177
215.13904 2830.29
219.14917 5244.13
225.09871 702.143
225.12407 789.956
228.11308 4012.92
229.11427 521.186
231.09833 1239.33
233.09518 945.678
235.12064 869.678
237.13504 3513.91
238.13803 619.908
240.13289 729.479
241.08211 1665.55
243.13400 2404.12
244.07697 1435.1
245.09540 1960.03
247.14438 997.818
250.11865 934.575
251.15085 891.022
252.10919 2227.76
256.10815 753.585
257.14224 675.142
258.14487 1813.08
259.09216 2169.35
262.08536 2608.01
263.11401 737.253
270.10815 680.969
271.17627 624.625
272.07028 3347.25
272.15790 712.619
273.05533 647.045
273.13455 16371.1
274.13815 2034.23
276.15588 1632.27
281.07553 528.184
284.10284 17408.5
286.13773 826.658
288.11746 1313.02
288.20233 1065.39
290.08044 7620.87
291.08319 1195.29
298.10291 1473.92
300.15509 1771.5
301.12949 48111.9
302.13229 7041.57
310.10330 1247.14
311.17041 728.575
316.11276 2953.46
317.11697 539.166
326.16949 878.993
328.11453 993.437
333.17667 9900.6
334.17966 1580.42
344.17984 742.538
350.16553 711.127
350.21860 5933.17
351.22281 967.188
356.69351 808.62
360.12213 1700.57
363.13708 606.466
365.19250 646.771
367.12930 519.723
381.15143 2191.88
385.13095 606.012
391.16046 1149.58
397.14526 1049.93
398.17740 717.797
401.11258 3951.26
401.20279 764.674
402.11758 736.962
403.16486 2216.59
412.21005 1531.6
412.70932 531.164
416.21320 1455.55
417.18176 788.773
419.12494 2111.05
421.21121 786.752
429.19647 1126.37
434.22440 15600
435.22763 2850.63
436.23065 650.163
445.17914 543.792
446.27191 2501.49
455.21323 1165.77
455.25769 747.865
458.13464 703.434
464.26080 3564.03
465.26529 1020.04
468.18982 527.59
468.75122 764.6
474.19232 744.637
474.28232 1678.71
475.29150 536.717
476.14511 1103.25
492.21729 689.522
492.26123 640.632
494.23752 1248.74
497.26318 1155.38
497.76132 874.868
502.19608 817.843
506.26807 1783.74
506.76758 568.146
510.76593 781.909
514.19897 978.057
520.21063 800.467
523.18359 938.137
528.21930 1642.1
529.21710 613.037
530.25781 645.834
532.20709 1325.18
547.25433 980.041
548.28876 1593.95
557.29413 610.799
561.30194 2050.11
561.78198 711.735
565.26239 8858.35
565.33630 687.978
566.26587 2752.66
567.26172 815.82
570.78821 1164.45
571.29504 813.184
576.27289 1073.07
581.25635 607.272
590.25330 1545.05
593.30475 8207.16
594.30823 2780.76
599.26044 1421.87
599.75879 637.272
605.18915 992.19
611.25543 2725.15
612.25891 858.796
615.24097 654.178
627.28479 570.91
629.26740 1266.16
630.28668 745.149
635.30969 1252.33
635.81476 876.794
641.30841 5217.59
641.80725 3337.91
642.31470 1284.82
648.29938 1781.47
649.31360 665.064
660.36603 6628.55
661.37134 1912.15
663.31195 620.378
666.31207 21240.4
667.31696 7532.23
668.31500 2626.56
669.30469 1000.77
669.80682 617.397
670.31610 548.78
671.32825 725.579
673.30457 12731.7
673.80664 9988.52
674.30859 3780.81
676.34875 716.75
686.24945 592.312
695.35175 682.444
696.35809 705.16
700.82922 2544.92
701.33264 2266.23
701.82507 637.414
707.31976 642.267
709.83398 1249.42
710.33362 1390.12
710.83813 706.652
712.38098 2028.29
713.38623 710.326
715.82947 618.467
723.36017 620.102
724.34137 3077.56
725.34155 1293.83
729.32361 557.16
732.82941 1940.92
733.32977 1856.79
733.83099 930.959
740.37378 10089.5
741.37653 4058.7
741.83521 3123.05
742.34186 3890.85
742.83838 1286.71
743.35852 1172.02
754.36438 602.624
777.34186 5570.4
778.34039 2092.2
779.35809 695.847
780.34290 1164.36
784.71753 684.993
785.05267 560.633
785.39142 650.232
789.72266 696.306
790.06219 692.768
790.38739 4213.43
790.72211 4893.2
791.05261 3730.08
791.38397 3045.05
791.72693 701.821
791.87170 955.708
795.35510 25250
796.35541 8932.06
797.35651 3645.92
798.36145 805.911
799.37286 965.944
800.36755 663.139
806.38831 1709.2
811.37799 1102.13
813.43707 912.289
814.43817 1025.73
822.38025 1005.39
822.47723 596.154
823.04694 1447.4
823.41821 20408.3
823.72028 1501.91
823.84857 2209.84
824.00812 1190.04
824.41937 9061.15
825.41425 2529.11
837.41821 957.447
837.90021 957.61
838.39941 974.09
841.42004 12621.7
842.42126 6256.25
843.42517 1717.44
846.40430 823.515
846.90820 1520.53
847.41571 1001.09
855.44226 735.894
872.43091 651.315
879.43390 1118.31
880.43085 903.923
890.42773 1697.3
891.43829 871.508
898.44720 891.815
899.45227 605.093
902.95508 678.034
908.43866 20530.1
909.44092 9448.24
910.44318 4176.77
911.44971 1401.35
912.45874 846.587
913.46185 700.181
919.47626 856.987
926.39838 1771.85
926.51373 1184.36
927.38306 738.614
927.53650 607.685
928.40613 1332.48
929.41907 870.963
936.49304 7960.55
937.49445 4919.66
938.50378 1458.68
952.40460 607.629
954.50458 8699.63
955.50946 4844.85
956.51593 1664.2
959.98053 958.313
960.47418 1167.79
960.97620 596.274
969.46655 1504.24
970.46863 1054.98
986.49084 9775.18
987.49316 5965
988.49683 1254.17
993.52289 1393.27
994.52277 946.467
1001.48865 2320.74
1001.99756 1823.08
1002.48950 1440.19
1009.46735 638.043
1010.46875 609.729
1011.52722 8691.78
1012.52948 5778.37
1013.53699 1396.98
1019.46918 4027.04
1020.47040 3308.99
1021.46368 1779.45
1022.46405 788.169
1027.49011 815.598
1037.48181 13422.7
1038.48181 6927.96
1039.48438 3171.99
1040.49841 617.468
1041.48193 801.207
1057.46533 730.236
1058.51477 606.782
1065.59912 663.361
1067.01208 6554.22
1067.51147 6790.26
1068.01782 4054.85
1068.52441 2269.01
1069.02283 998.319
1076.00891 684.419
1083.53015 869.787
1100.53906 4034.22
1101.51855 8480.35
1102.51892 4630.34
1103.51917 1729.83
1104.53052 704.44
1107.50586 708.044
1111.53491 1514.67
1112.03882 610.341
1112.56592 1321.43
1113.57617 1006.16
1116.55237 2104.97
1117.05103 2310.05
1117.55090 1513.1
1118.04016 978.515
1122.54065 1386.62
1123.55420 1138.87
1124.52625 692.205
1127.47693 568.731
1135.50037 622.19
1140.57007 8732.88
1141.57202 5935.51
1142.57263 2211.99
1158.54773 852.377
1172.54871 2173.19
1173.54980 1210.88
1179.50146 1537.21
1180.49756 1450.86
1181.49792 873.097
1184.54797 3404.74
1185.55273 2389.5
1197.51367 11385.8
1198.51538 7678.28
1199.50696 3510.93
1200.51147 1253.15
1236.55542 1410.19
1237.54456 866.32
1241.62842 668.564
1248.55090 3176.16
1249.55383 1939.7
1250.55664 592.354
1251.60425 919.224
1253.56140 1509.55
1254.58276 1156.78
1255.59009 782.35
1264.58191 1202.08
1269.61084 5305.38
1270.61487 4576.43
1271.61218 1632.2
1281.60461 45981.3
1282.60779 32852.2
1283.60815 10770.5
1284.61768 2283.98
1296.66003 2453.44
1297.67102 1605.73
1308.53809 2271.29
1309.54663 1506.69
1310.54663 723.62
1326.55566 4616.56
1327.56323 3645.13
1328.56604 2189.92
1329.57886 986.975
1330.56897 969.436
1338.63635 577.544
1339.63586 591.135
1345.60364 24709.5
1346.60559 18679.7
1347.60913 6968.69
1348.62134 1521.27
1368.66260 642.771
1429.63513 647.527
1455.60608 588.28
1494.59888 1067.06
1495.60156 672.695
1512.61926 2563.27
1513.63416 1974.79
1514.63513 967.597
1555.72095 922.197
1558.67871 1700.61
1559.68225 1295.85
1560.68103 601.039
1692.78760 761.499
