3513.70107 4
120.08080 42548.1
121.08422 4371.36
131.11821 3496.28
136.07581 27204.6
147.11284 5251.6
157.13342 5413.89
159.07660 2692.88
165.10234 25797.8
173.09245 3061.05
183.07584 3117.31
185.12834 7347.92
185.16611 3399.7
199.07166 8198.9
203.08514 5925.04
207.11278 3043.56
209.10403 5208.61
213.15935 3566.84
216.09789 2644.34
217.08177 9205.01
218.15013 15523.3
225.12361 2888.21
228.09854 5842.8
230.11331 4437.77
231.11618 5013.43
235.10817 7498
237.12384 4894.39
240.09734 5623.11
241.08182 9781.44
242.08228 2838.07
242.15007 29066.3
243.15283 3191.4
246.10858 7300.83
249.16019 6399.71
258.10852 39209.4
259.10815 17274.9
265.11810 4130.71
270.10910 8745.41
270.18109 9721.16
276.13412 58944
277.13556 8097.2
277.15549 10741
288.11902 19211
302.15225 5271.99
311.13654 2680.15
312.11862 4015.3
313.18643 8927.69
316.16721 4474.19
317.18060 3872.51
327.16617 2802.51
329.14563 14460.5
330.15030 2861.25
337.19669 2895.91
345.17801 14380.9
346.14175 3467.93
348.19290 13562.5
354.16531 4236.49
355.20895 59302.7
355.27206 4358.83
356.21219 7784.2
359.15704 5943.45
363.16687 11830.8
364.14700 5385.78
371.19391 15919.3
373.18869 3950.84
376.17575 17859.9
376.67795 6264.1
381.14023 4611.62
392.14331 3402.36
398.17029 3357.08
399.15076 6356.94
405.21341 3109.85
411.69421 47197.4
412.19608 22709.2
412.69763 6471.75
416.18134 3039.93
423.19003 3175.59
432.18765 4917.38
433.17145 4598.44
433.24438 4787.94
442.23157 14238
443.22977 2823.69
444.22906 9479.49
447.26266 9227.71
448.22803 2862.21
451.18164 10995.7
452.18057 3950.67
456.20865 7373.95
458.20352 6505.21
459.22461 3693.39
460.22452 5561.01
468.23920 29241.9
468.73828 12260.8
469.24573 4260.92
470.18829 5844.17
473.23590 4579.35
474.23883 4530.41
476.21667 9266.01
477.23511 6137.03
478.20496 3010.57
485.21091 3115.86
488.19800 5049.09
493.23721 4079.62
503.22522 9006.16
504.20987 4835.79
504.27438 4315.5
510.18405 3392.39
511.23560 2801.21
513.26660 3901.85
514.27802 3570.1
521.23560 11845.8
522.22205 6204.06
527.20886 7402.33
529.24475 8588.41
532.26630 6919.97
532.77020 3337.35
536.27319 5339.08
539.33063 17964.3
540.33099 3848.67
546.25702 8890.79
546.33240 4115.83
547.25500 16465.4
548.25543 3967.31
564.26581 12019.7
565.27509 3303.83
573.26483 14467.9
574.26801 5552.64
575.27979 4357.12
576.31000 3605.49
584.28534 3538.17
585.27081 3151.99
587.25354 3226.88
587.78290 5796.6
588.27173 4421.87
592.31659 5930.92
596.78766 24258
597.28479 14186.4
597.78876 7826.8
599.22998 8854.34
602.29413 17650.3
603.28766 9358.37
604.27979 4221.11
616.25366 4971.66
617.31927 6186.58
618.30939 3087.1
620.30353 62431.7
621.30542 22098.5
622.30341 3154.69
623.27594 3046.69
632.30432 7665.19
632.80939 6670.15
633.25220 5733.28
634.25995 5109.3
635.30304 9167
636.30365 7984.54
640.29150 4577.71
642.33527 4159.45
644.30591 5405.71
645.32581 7995.02
646.32465 4825.3
651.26172 6056.02
652.27411 6688.8
658.29700 6742.91
660.33972 7946.51
661.32501 4909.92
663.34235 10809
664.34021 3031.56
666.81403 5134.35
667.31738 4006.68
672.34204 3405.47
673.32806 4080.6
675.30365 4443.52
675.82898 3099.53
676.31592 5739.5
691.34027 12244
692.33691 5251.56
694.32092 5337.34
699.36084 37037.2
700.36438 14200.7
701.36108 5737.82
702.35431 3878.19
709.84003 24748.7
710.34229 20412.7
710.84406 9928.65
711.33960 9408.42
713.32886 3599.35
716.37665 4437.09
718.42798 3266.93
720.35425 5648.22
723.32611 4741.38
729.33868 6430.53
731.33948 9909.39
731.83948 5064.15
732.33276 3615.54
733.33057 13733.9
734.38452 6110.95
735.38763 3396.11
736.35260 2928.45
740.83966 3104.18
746.32861 4670.64
747.32983 3587.25
751.34381 48083.3
752.34662 19378.7
753.35040 6563.13
761.31183 3536.24
762.29962 6913.84
764.34283 7972.87
765.34747 5923.82
766.38489 14640.3
766.88440 10299
767.37848 5086.6
767.87939 3109.61
771.39172 3047.81
774.38196 3580.05
775.86389 6259.95
776.36127 7113.96
776.85992 3450.29
777.35950 6401.34
779.31378 3891.11
785.88452 3296.8
786.37109 10522.8
786.87683 3796.58
787.34290 3070.24
788.40961 6164.3
789.40051 3646.14
791.39429 5038.83
794.39178 5236.16
794.89386 66126.9
795.39435 55572.8
795.89563 29446.4
796.39575 9421.76
804.36292 18903.9
805.35730 13648.3
806.35461 5315.19
807.40778 3126.51
812.44531 17808.2
813.44977 5768.56
815.43402 3572.43
818.38605 3052.64
822.38116 77016.6
823.38477 37712.4
824.38293 12049
830.40332 4004.02
833.44012 11130.2
834.45270 4989.01
835.42291 5525.86
835.92084 8298.94
836.41925 5910.49
844.42767 60571.4
844.92957 59730.3
845.42865 32252.9
845.93109 13407.8
846.42719 5121.38
848.40857 4394.91
854.41406 10714.4
854.75159 9063.14
855.07587 7007.12
855.41425 4908.54
859.37854 3494.31
860.37408 3117.87
863.41620 5245.88
864.42322 4842.4
874.39435 3361.61
875.36731 5129.7
879.44232 3803.46
880.41052 3933.38
890.43323 4243.19
892.40918 5880.55
893.46436 3384.75
899.43622 3434.24
900.97021 44364.2
901.46942 36552.5
901.97321 22204.5
902.47803 8309.7
902.97595 3298.1
908.47638 3484.36
909.45630 3213.11
917.44702 20158.5
918.44403 12054.5
919.45007 4776.52
920.44128 5305.75
926.49072 20607.2
927.49158 9022.37
928.49231 3773.21
931.41492 3983.92
932.52319 8406.43
935.46576 27504.5
936.46735 14290.7
937.47540 5648.56
963.43262 3038.16
973.46869 5104.07
974.46771 5413.31
982.50293 49530.2
983.00177 49676.8
983.50238 28674.1
983.99994 14826.7
984.49847 4062.75
988.47833 3572.6
989.48309 4863.79
991.01746 3811.92
991.49884 6388.03
992.49133 5049.69
1009.52014 4059.66
1018.02057 36717.6
1018.52301 44370.8
1019.02362 26749.1
1019.52142 14743.9
1020.03906 5113.11
1027.53564 30780.4
1028.53784 14971.5
1029.53906 6341.29
1030.49707 3148.66
1031.48706 3695.15
1034.52576 3338.06
1048.50208 5102.49
1063.52197 14943.1
1064.52637 10585.6
1065.52307 4775.87
1076.50317 3321.03
1082.54126 18959.1
1083.04260 19120.2
1083.53589 14349.1
1084.03992 8491.94
1117.06067 3113.21
1117.54565 6167.03
1118.05383 4577.15
1125.56116 3735.93
1126.05591 41080.5
1126.55835 57411.6
1127.05615 39463.2
1127.55359 14189.6
1128.05811 6280.63
1142.56177 48348.4
1143.56970 26034.4
1144.56201 13587.2
1145.54773 3907.01
1152.57263 3829.71
1153.06714 5835.41
1153.56335 5293.88
1154.07593 3637.51
1161.57544 37112.7
1162.07605 44117.6
1162.57959 30342.3
1163.07813 14179.9
1163.57361 9870.61
1172.52588 3850.97
1192.57214 7351.31
1193.57410 5308.13
1217.08948 8991.34
1217.59045 12051.8
1218.09692 9408.13
1218.58398 5600.36
1226.09802 27505.3
1226.59729 38955.5
1227.09924 32332.8
1227.59985 16605
1228.09692 6617.51
1234.58435 3660.99
1253.60938 5411.61
1254.59448 4641.92
1263.60510 6697.84
1264.60425 5043.64
1271.60461 60787.6
1272.60791 50053
1273.11255 6824.05
1273.60559 21668
1274.60657 6503.07
1281.13098 6553.77
1281.61755 17061.9
1282.11841 16260.8
1282.61816 12357.7
1283.11011 7618.06
1283.61011 4038.5
1290.13098 17686.4
1290.62671 25804.4
1291.12085 15728.4
1291.62634 11179.5
1292.12549 4908.21
1333.64001 3450.75
1334.62756 3665.75
1337.65503 3698.08
1346.65991 3476.66
1347.17139 7713.17
1347.65320 3476.2
1371.63721 3219.11
1373.65234 3660.21
1382.16711 3593.18
1382.67834 5053.52
1383.18738 3255.19
1401.65137 4858.12
1402.64880 5886.67
1418.67554 81806.7
1419.67749 65855.2
1420.67761 31332.9
1421.67896 10416
1422.67944 3349.85
1443.67139 3611.28
1448.70459 3261.97
1531.76086 16695
1532.76050 15702.2
1533.75195 8551.78
1534.74573 3808.51
1550.70557 4296.87
1551.70007 3931.99
1570.77039 4357.24
1571.76611 7333.51
1588.78174 108680
1589.78210 96455.1
1590.78540 49577.1
1591.78137 19704.3
1592.79578 4127.6
1687.84961 34139.7
1688.84973 30094.6
1689.84961 15846.8
1690.85425 4758.31
1800.92175 11707.2
1801.93237 11741
1802.94482 6512.66
1803.92871 3475.89
1965.01392 3725.88
