1907.01821 4
110.07074 1276.82
112.08678 728.921
120.08046 1518.83
129.10201 1685.86
130.06480 18856.3
131.06781 1320.16
132.08061 2213.29
136.07561 1144.02
147.11217 795.109
155.11757 1504.07
159.09132 41125.6
160.09476 4026.7
169.07558 1025.07
170.05959 2852.53
175.11852 8526.41
183.11253 3535.14
185.16446 27364.8
186.16814 2706.29
187.08603 5251.53
192.08684 628.303
194.05927 627.423
199.18011 1507.34
200.13931 1764.46
200.59950 712.473
201.12338 1366.55
211.08632 3171.29
213.08804 698.249
213.15926 15608.3
214.16287 2205.49
215.13783 1293.12
228.13496 738.01
233.16438 942.162
237.12274 1869.89
238.08290 630.204
239.08066 835.674
243.13292 1427.58
254.12498 654.962
255.10805 1964.75
256.10794 2131.03
258.12299 675.607
265.11679 944.506
266.14719 5523.53
266.64917 1172.15
272.13474 8885.53
273.13602 821.986
284.10236 2782.57
289.16132 44892.5
290.16458 4564.69
300.13132 644.27
301.12817 2291.25
306.14185 1668.55
306.64410 706.458
323.16797 684.234
323.64484 1290.56
326.24261 4495.54
327.24524 667.181
339.70612 1035.52
352.16373 1748.79
353.70236 1997.82
354.20483 681.575
366.13904 2003.4
366.74786 706.458
369.19177 1155.67
383.16632 1975.4
383.27560 842.046
388.21332 2661.49
388.71539 995.673
390.17740 1328.2
395.25803 1062.54
397.21851 5212.43
397.71957 1770.39
399.18210 2124.99
400.19321 10806.4
401.17242 3499.11
403.23795 747.556
407.69556 1072.75
412.23950 5962.69
412.57428 3977.13
412.90829 2029.84
418.20367 57692.6
418.73914 2151.75
419.20615 9707.02
420.20895 1474.62
421.57135 2716.18
421.90411 2034.08
423.73090 2831.31
424.23370 1894.46
432.73672 5659.65
433.23776 2672.79
437.74670 847.294
438.90237 694.51
443.92633 861.835
444.20776 1528.27
444.57370 2550.87
444.90585 1107.04
445.78198 905.092
446.28040 873.163
446.75256 1725.06
450.21310 710.043
455.23553 1047.94
459.77802 8424.21
460.28113 5353.08
460.78116 986.08
461.28030 774.328
463.91718 1068.57
469.23682 811.672
473.26608 2127.09
473.76959 707.962
476.26984 2128.13
476.58801 788.968
476.71503 888.725
476.86694 852.69
477.19653 822.431
477.25040 2349.2
477.58759 1470.98
477.92160 883.826
478.23566 1749.57
478.28485 922.879
482.27237 2503.47
482.77072 836.491
489.29874 2065.83
489.79831 1137.28
494.28897 12996.8
494.79062 6424.86
495.29541 1755.14
502.22354 1105.77
503.29434 24176
503.79617 12668
504.29837 3680.65
504.79703 825.559
511.77774 7904.28
512.28052 3441.06
513.27795 1612.22
514.26178 1050.32
515.81049 3500.48
516.31097 2186.79
518.26636 775.974
520.33325 797.917
523.80603 737.488
524.81580 9852.36
525.31787 4879.55
525.77386 5023.05
526.27545 2634.32
526.76685 1148.29
529.80768 24553.5
530.30865 13982.6
530.80994 3081.23
531.28680 30092.9
532.28961 7570.78
533.29224 974.224
538.81250 35524.9
539.31451 22687.7
539.81543 7412.74
540.32086 1501.1
541.27179 5082.34
542.27295 1363.57
547.32629 3507.15
547.82300 1265.76
553.94458 892.802
554.27808 1417.39
559.95276 3297.42
560.28625 6387.59
560.62097 1675.29
560.78613 1930.7
561.30957 1361.68
561.81512 1398.59
567.32336 3851.94
567.82404 1791.82
573.32263 3144.13
573.82556 2215.83
575.30951 940.382
582.79822 4846.27
583.29980 3416.12
583.80463 1045.54
587.65106 691.979
588.79962 769.383
592.97852 905.826
593.31677 1446.58
593.64526 712.024
595.42719 3215.06
596.43488 1290.09
601.83588 854.344
602.33893 930.801
609.86145 4182.91
610.35443 4765.31
610.85596 1899.73
611.28381 2357.01
612.28156 683.01
616.83069 2701.93
617.32684 1721.67
617.85443 11461.9
618.35645 7034.01
618.85754 3364.41
619.34961 738.76
624.34485 6722.74
624.84619 4715.44
625.34741 1716.39
627.31787 763.253
628.30365 15548.4
629.30579 5594.2
630.35907 851.302
630.83936 757.327
631.85199 11285.7
632.35364 8309.22
632.85510 3094.96
633.35175 723.213
638.28912 1152.19
645.32996 14796.1
646.33197 4256.49
651.32385 819.727
656.29852 3082.32
657.29608 903.546
658.36548 1123.17
658.87225 912.785
666.36194 2867.32
666.86639 2175.33
667.38086 687.283
674.87756 3088.26
675.37543 2197.18
675.88898 701.117
679.86969 748.427
680.35724 3110.09
680.86304 797.96
681.34784 1020.55
681.85382 766.394
685.32288 707.807
688.87396 31732.4
689.37421 24794.1
689.87445 11167.5
690.37585 2545.25
692.33435 715.054
706.39709 2593.6
707.39575 1190.64
718.34991 1407.48
722.90729 2269.93
723.40216 1957.45
726.30908 1058.64
732.48901 2243.24
733.48132 1257.17
736.90375 1653.48
737.40002 1530.65
745.41760 942.512
745.92236 1053.32
746.40900 686.487
751.38281 2416.97
752.38062 953.178
774.89581 3768.78
775.40271 4983.12
775.89856 1878.61
776.41016 1188.39
782.31488 919.422
782.87988 714.197
783.40149 934.379
793.42950 2970.79
794.42889 1033.07
796.37067 762.006
814.38104 3844.74
815.38177 1798.65
824.92999 873.664
831.41016 1811.43
836.46960 2463.84
837.47858 1175.27
846.46008 2345.35
847.45923 1096.69
864.46722 10254.6
865.46991 4161.06
866.46735 827.845
881.49481 907.599
918.54791 2301.34
919.55188 1621.44
921.49890 835.773
938.41772 2151.02
939.42487 1048.68
963.53522 1519.27
964.53485 700.922
987.57288 1004.74
1005.57727 1001.59
1035.53003 961.262
1036.53564 1004.94
1048.62427 3131.59
1049.63025 1392.19
1050.51611 969.072
1051.51599 1500.16
1052.51025 1046.11
1076.61731 13789.8
1077.62183 7138.11
1078.62402 1884.72
1133.64417 866.297
1164.59119 3042.05
1165.59058 1899.97
1166.61121 803.736
1247.68433 2034.27
1248.68091 1222.51
1262.69568 969.869
1263.70325 1019.04
