1752.80216 3
110.07120 2078.81
112.08691 546.403
115.08682 317.259
116.07029 273.123
120.08076 3160.19
121.08393 296.485
129.06688 274.496
129.10229 4434.07
130.04977 420.738
136.06171 1108.45
136.07573 3335.88
137.07907 319.298
141.10239 675.982
143.11763 365.193
147.11284 1134.14
155.08160 469.1
155.11800 265.184
157.13344 558.382
158.09210 549.992
159.09132 375.39
159.11287 1227.19
167.08252 261.95
169.09734 917.854
171.07639 999.117
171.11348 278.693
173.12866 1165.22
175.07149 366.399
175.11902 10564.3
176.12317 629.671
177.10152 330.727
180.11305 1297.25
181.06044 498.743
181.09726 5652.24
182.10092 441.413
183.11270 700.438
183.14908 1246.62
185.03870 307.762
185.09280 251.967
186.12352 361.481
187.07108 321.915
187.10797 865.288
189.08691 467.891
191.11865 358.949
193.62924 405.502
195.07735 269.584
197.12949 346.541
198.12389 672.281
199.07175 2866.04
199.18056 9480.98
200.18434 1063.8
201.12401 749.903
202.63463 4486.73
203.06660 561.531
203.10268 268.5
203.13667 829.642
205.09692 1010.6
207.11278 935.951
208.10797 6117.44
209.09206 7480.61
210.02565 382.641
210.09578 764.778
211.14392 987.407
213.08678 376.336
216.09735 389.712
217.08188 1614.23
217.13315 573.225
218.14989 263.383
226.11858 917.016
227.06651 1592.97
227.17554 3799.08
228.17972 408.162
229.11745 380.153
230.15045 487.544
231.09856 607.833
235.10767 852.489
237.12326 482.13
240.13489 266.108
241.08186 688.771
244.09543 304.066
244.16458 314.143
245.07701 2580.96
245.12724 439.745
249.16008 463.921
258.14520 276.854
259.09320 619.465
260.14798 2488.74
260.64911 592.185
264.06314 265.902
265.11761 302.368
271.17728 291.78
272.08649 370.073
272.17233 586.348
277.15439 439.673
284.16095 1356.4
286.18616 412.951
288.20242 779.193
290.09946 409.202
294.18109 7850.8
294.69843 357.988
295.18408 1112.51
296.08719 881.228
296.19839 730.2
303.21396 2661.59
304.21887 319.567
308.69562 266.603
312.15472 1008.9
314.09827 2680.5
315.10220 366.998
315.66403 4416.37
316.16608 1773.85
321.19235 2667.77
322.17429 1671.64
322.20575 317.955
323.17966 435.617
324.22876 428.494
324.66931 2439.19
325.17252 559.399
330.67737 704.472
334.14005 996.038
335.14423 277.22
339.20239 774.138
342.09302 1448.87
342.69763 482.932
343.16489 269.652
356.10873 745.766
359.21826 9952.62
359.71973 4662.08
360.21933 1013.76
363.16632 302.564
371.17941 1391.16
371.68045 612.021
373.21552 2626.41
373.71805 1180.55
374.11960 608.968
374.21634 266.771
380.18555 8618.36
380.68661 3414.05
381.18741 905.093
385.73294 316.287
387.23444 568.423
389.19031 4413.67
389.69205 1571.43
390.19733 368.672
394.73630 468.105
397.24658 479.198
398.11392 378.486
404.26166 9961.16
405.26440 1887.18
406.28140 1053.08
407.20227 321.735
407.26489 6096.79
407.72620 287.875
408.26761 1500.3
410.14926 512.653
416.73291 360.406
421.24786 294.798
421.72253 972.239
422.22617 565.906
425.13312 370.477
425.23859 638.773
426.24402 283.434
427.18192 1526.5
428.69293 533.888
429.19107 388.697
430.72925 4961.61
431.23129 2905.1
431.73215 866.579
434.27594 7621.48
435.25375 1359.79
435.74747 581.759
436.25958 493.891
437.69711 822.507
438.19855 681.354
439.54901 1082.34
439.88171 603.416
440.21442 319.185
443.14261 834.681
446.70425 5146.69
447.20532 2130.42
447.70660 750.023
452.25366 315.286
452.74356 323.893
453.12729 373.666
470.27319 310.898
471.13586 735.701
472.20535 410.836
472.29306 355.382
481.25354 494.458
486.24411 895.868
486.75153 409.809
493.21405 496.111
495.24966 984.23
495.75085 714.758
501.27783 1090.66
502.21835 2306.63
502.72266 1026.91
509.59372 592.305
509.92969 463.452
511.22519 1091.67
511.72537 714.085
513.22131 1609.01
513.71515 301.71
514.25787 304.682
515.32916 1110.45
518.26636 319.588
518.75995 436.653
519.28925 15168.1
520.29175 3749.61
521.25525 1712.83
521.76300 834.759
522.25800 339.985
522.72266 385.86
523.21887 353.107
524.24365 656.466
527.26074 7132.43
527.69727 494.984
527.76666 3761.72
528.21075 1044.5
528.26880 1774.27
528.71277 546.401
528.77594 292.775
529.21771 315.464
529.77789 325.771
534.27222 1339.84
534.60553 1231.5
534.93707 858.928
535.30060 461.094
535.55273 512.113
535.80255 551.216
536.26550 3812.92
536.71582 2369.23
536.78217 2132.16
537.22192 2189.72
537.28851 527.196
537.72906 972.11
538.22070 401.444
540.27301 6193.8
540.60791 4078.78
540.94281 2013.35
541.27435 999.684
541.72119 283.718
544.73376 463.29
545.73553 20036.1
546.21851 7162.82
546.28601 15774.2
546.61127 17547.4
546.73645 3272.67
546.94617 8965.85
547.22479 375.963
547.28760 2256.31
547.35773 2711.31
547.61249 392.874
548.36188 925.169
550.72644 3917.14
551.22705 2000.83
551.72607 636.722
552.23767 325.859
552.28552 456.54
552.61646 299.322
556.22223 620.244
559.73328 24635.3
560.23462 13810.8
560.73486 3994.88
561.23492 891.125
562.29590 793.445
562.54315 288.975
562.79700 446.174
563.29620 832.122
564.29224 357.44
564.38751 827.948
565.38434 342.694
572.18237 411.724
579.26556 481.608
579.65198 688.023
579.98370 493.31
580.32837 325.485
584.29492 496.297
584.38568 591.071
585.24127 835.47
585.32379 3089.29
585.65802 2606.01
585.75745 496.567
585.99133 1495.36
586.32019 835.47
588.34967 573.704
593.27307 2414
593.76819 2407.23
594.27142 1208.17
594.72046 1011.81
595.22449 578.459
602.27734 25388.8
602.77966 15226.5
603.27942 5563.37
603.77789 1029.04
607.27142 731.088
607.76923 567.585
615.36194 1216.93
616.27563 1116.23
616.38141 2815.61
616.77618 758.416
617.28302 438.983
617.38324 938.496
625.30078 376.13
630.32001 3399.67
631.31940 1028.43
631.83215 342.43
632.32886 419.213
633.40253 341.164
634.39526 437.144
636.30640 834.25
637.30011 531.543
639.26312 286.272
641.30396 701.124
644.37476 1872.51
645.37469 539.721
648.33081 17322.9
648.99164 435.896
649.33435 5603.35
649.81396 1735.41
650.32025 1834.52
650.81317 679.048
653.35425 707.075
654.35437 330.9
658.32623 470.722
658.38629 323.789
658.82043 12222.5
659.32019 8716.64
659.82275 3077.27
660.33838 1899.69
661.35199 463.335
662.35480 298.995
663.80804 416.549
667.83490 292.434
670.31689 319.299
684.38898 939.705
685.27008 294.15
685.38873 287.753
689.39459 3398.2
690.39819 1293.44
697.40308 711.764
703.34027 381.986
706.35834 810.224
706.85419 571.317
707.79785 292.919
711.84924 757.104
712.35779 490.43
715.36279 4874.78
715.86298 3009.61
716.36597 1068.61
716.85736 317.875
717.43054 948.042
718.43109 636.256
726.30298 1196.6
735.36804 1387.54
736.37756 971.105
737.37891 314.399
740.85779 291.093
741.35730 1184.1
742.35052 511.784
743.41364 430.699
745.42639 3955.61
746.42773 1778.49
747.43805 460.975
756.39545 386.764
759.36359 4363.23
760.35980 1779.25
761.36517 431.512
762.45105 300.775
763.89038 525.212
764.36798 448.839
771.35638 333.822
773.41449 696.837
777.37335 12010.7
778.37750 4043.86
779.37732 1137.75
780.38049 782.668
780.88373 659.048
782.38391 414.207
783.46399 318.633
788.46472 458.02
800.29419 477.343
802.47717 1119.42
803.48492 552.894
809.37439 304.361
830.90125 494.905
831.41089 354.709
834.44055 880.587
835.44519 634.203
842.44385 448.991
843.45264 336.206
856.36646 413.254
857.34479 2150.86
860.45068 13633.4
861.45380 5997.77
862.45447 1831.39
863.46478 387.67
869.48822 474.308
870.49469 663.148
874.38135 2075.19
875.38373 1153.79
876.38605 349.994
878.46600 415.63
879.41962 353.461
886.50635 579.781
887.91779 392.11
888.42340 748.137
888.92786 325.337
892.40027 9892.42
893.40228 4064.67
894.40588 1206.84
903.49628 630.065
904.50354 310.315
913.37659 305.734
928.38409 2770.57
937.45789 377.285
937.96527 421.276
939.53552 755.082
940.41144 456.851
940.51093 405.745
958.42755 696.644
959.42645 395.057
961.50049 1043.95
962.49902 555.451
963.49683 484.504
964.48663 399.764
971.49060 373.739
973.48090 300.749
984.48035 433.183
989.49371 4907.66
990.49658 2655.95
991.50775 772.584
1003.42767 995.675
1004.43549 405.712
1020.49976 781.79
1021.43811 1674.1
1022.43713 641.585
1023.43689 313.782
1025.43713 695.53
1054.58313 314.234
1072.44775 751.292
1073.44629 1188.23
1074.43811 585.467
1087.47009 294.865
1088.44250 350.426
1090.46204 3351.14
1091.46313 1750.64
1092.46655 665.41
1100.44702 1482.54
1101.44299 901.964
1102.44067 509.253
1118.45618 13586.8
1119.45813 7681.53
1120.46216 2272.33
1121.47192 525.944
1125.60840 414.525
1185.54016 451.927
1188.43359 551.52
1189.43921 285.944
1203.54834 4503.39
1204.54639 2409.28
1205.55139 925.953
1215.55029 308.188
1233.56873 1150.8
1234.56897 796.284
1235.56946 313.203
1262.66138 282.648
1316.63196 597.515
1317.62463 378.1
