2113.14017 3
117.09090 482.594
120.08025 581.115
129.10184 459.179
133.08559 2354.34
136.07515 405.078
143.11722 396.876
147.11269 283.588
157.13293 816.153
159.07678 180.941
171.11278 280.432
177.11157 713.515
185.12796 1292.91
187.07039 385.264
201.12282 311.994
217.13553 263.259
229.11641 343.11
229.21515 216.566
242.14944 315.065
244.16487 738.324
245.13191 218.49
258.10803 479.665
271.14731 490.27
272.12329 278.213
286.14124 189.678
300.15417 442.886
301.18591 1555.16
316.16830 1127.94
317.17245 188.784
357.17624 367.793
373.18762 248.732
383.15448 302.77
385.20810 186.775
400.18332 293.218
413.23938 283.221
414.09097 279.529
429.25186 444.793
432.22568 1001.2
433.22873 224.926
444.22742 211.443
513.26379 273.913
533.27362 1715.23
534.17242 1608.63
534.27692 368.931
535.17664 388.2
557.30646 370.335
614.33252 283.712
632.34137 2005.8
633.34241 453.613
644.30371 243.919
703.37714 4635.84
704.38141 1870.23
705.21252 205.983
705.29285 253.502
705.47369 23406.6
705.91467 422.738
706.47778 9251.26
713.40302 378.829
714.40521 225.396
757.38831 310.976
802.44757 1967.5
803.45056 915.732
828.42609 1353.65
829.42719 477.084
870.47797 208.424
873.48444 885.901
874.48926 377.549
924.49695 203.055
941.50842 1246.76
942.51343 655.212
988.51160 1667.65
989.51019 741.746
990.50867 210.841
1054.59290 204.949
1059.54578 1556.32
1060.54700 840.766
1172.62109 246.63
