2834.37710 4
110.07100 759.524
120.08052 4087.26
121.08389 495.885
129.10199 586.537
130.08603 442.741
136.07555 18066.4
137.07880 1735.28
140.07059 379.808
141.10196 1977.85
143.11769 19889.4
144.12115 1427.68
147.11267 783.096
159.09158 544.221
169.09702 2219.3
171.11256 6851.41
172.11679 420.923
175.11833 3022.94
199.10745 1272.98
199.18102 527.056
201.12271 723.513
202.08714 371.125
203.10254 1374.96
209.10451 503.637
213.08693 987.149
213.15933 622.717
226.11812 1251.84
227.17561 572.918
230.07811 476.499
231.09773 1198.61
233.16403 992.129
243.13246 571.096
249.15912 497.181
251.15050 366.338
252.13516 516.378
261.15872 826.955
265.11783 6713.65
266.12119 1058.09
270.14380 1055.26
282.14468 384.452
288.20248 441.144
289.15445 859.645
290.14316 585.519
293.11273 12941.8
294.11575 2016.2
300.15533 647.808
302.16965 840.792
309.15521 1186.18
310.13882 553.303
310.17722 732.071
327.16595 2007.34
334.17551 2677.16
335.15616 426.985
335.18054 545.067
350.13208 616.483
355.19818 412.232
376.14969 538.521
381.17883 398.096
385.24628 404.701
390.20120 458.214
394.16064 4758.27
395.16330 860.687
415.25311 987.897
421.18527 1778.45
422.23743 677.244
435.22452 945.587
440.24982 929.148
463.21887 1304.81
485.25171 389.18
510.32510 478.075
517.28113 665.162
517.78119 529.033
522.23352 4989.61
523.23712 917.809
528.33514 647.302
529.22888 466.674
531.27966 1492.02
531.78149 1048.2
536.26978 722.388
546.25415 521.574
553.33472 937.479
555.60620 460.148
564.26514 1003.93
567.80505 438.21
571.32550 1449.24
574.27295 417.316
581.80591 824.101
582.29987 671.736
587.82111 1080.67
588.31812 443.072
600.34503 432.839
622.30737 417.038
636.31171 573.95
636.64569 577.58
645.33380 2631.28
645.83563 2442.27
646.33771 675.772
666.34698 1228.7
667.34717 420.372
669.30072 4760.46
670.30310 1711.59
671.29767 544.599
674.32202 2047.65
674.82147 1543.35
675.32306 668.997
686.85211 613.136
687.35236 691.472
687.87006 665.974
695.85730 1583.43
696.35547 1064.31
701.68311 735.343
701.87933 1171.85
702.00677 642.268
702.37787 700.442
702.87946 420.525
708.36780 1183.9
708.78516 456.569
708.90839 931.025
709.28271 690.021
709.38507 2036.36
709.71442 608.679
709.82837 1417.73
709.93036 463.467
710.03607 550.454
710.37219 10307.5
710.87201 4053.04
714.40375 708.854
719.35974 583.147
725.35919 491.759
725.69049 732.753
726.03064 764.408
730.41241 542.672
740.33844 6074.43
741.34027 2516.12
742.34070 696.035
743.38928 464.25
751.37811 568.16
751.70831 2761.63
752.04175 4186.03
752.37903 3014.89
752.71405 1263.6
752.90131 781.415
753.03864 637.344
753.39496 457.865
756.40295 531.2
757.40399 436.809
757.71100 17835.6
758.04547 22967.5
758.37805 15889.6
758.71301 8165.02
759.04712 2540.57
759.37927 923.558
765.41498 1021.66
766.40350 2641.53
766.89996 1968.98
767.40247 761.177
769.35590 630.852
778.36591 2754.25
778.86969 2848.28
779.37384 1548.83
779.71826 413.034
779.85944 447.641
785.39081 3278.99
785.72424 4279.23
786.05878 3227.2
786.39191 1994.77
791.39325 7109.59
791.72748 10066.2
792.06067 7577.9
792.39545 4144.47
792.72559 1540.72
793.06567 497.956
801.92053 960.339
802.41644 1258.93
802.92151 907.955
803.43658 413.561
808.41675 521.455
815.39349 465.902
816.40326 511.303
816.92548 935.043
817.42352 1013.58
822.39319 732.613
822.73596 1384.91
823.07385 883.344
823.39722 659.202
828.39496 811.751
828.73724 1234.43
829.06348 780.289
829.40778 435.423
830.50311 905.278
832.90198 1035.62
833.40155 688.065
833.91602 437.383
834.40674 629.501
841.91211 480.123
843.50494 855.625
843.93933 526.032
850.42523 636.047
851.38458 667.05
852.45093 707.411
852.93951 685.023
853.45355 1343.89
854.47723 454.153
859.90033 5090.85
860.40216 5618.32
860.90192 2630.14
861.40015 1133.65
866.46179 851.326
869.37769 4721.77
870.38245 1981.7
871.38306 827.555
872.41809 653.644
882.76367 575.594
883.09033 985.526
883.42273 961.668
883.77344 446.595
889.09210 482.351
889.45313 818.469
905.47406 757.924
906.47864 630.609
907.44342 493.668
907.94458 873.851
908.45294 526.066
916.44171 6058.21
916.94427 6929.58
917.44464 4377.73
917.94794 1937.83
918.45453 562.086
923.48322 3500.17
924.48676 2957.79
925.49487 1184.46
926.48773 528.907
929.56647 487.436
933.94171 502.053
934.41772 684.965
954.48041 694.116
962.97925 431.93
963.49194 595.446
963.97339 533.734
964.47968 1043.93
972.98645 3700.16
973.48566 4894.22
973.98590 3105.74
974.48657 1303.49
974.98712 641.588
982.46411 3266.66
983.46429 1732.09
984.46106 560.627
985.48987 524.392
987.58521 427.596
1013.59357 496.156
1014.63226 424.886
1023.50769 2935.97
1024.01001 3165.49
1024.51111 1759.43
1025.01465 639.801
1025.52539 755.602
1030.62036 799.744
1037.51343 554.43
1043.01294 975.44
1043.51587 1762.42
1044.00293 976.657
1052.01672 9433.15
1052.51990 14000.8
1053.02087 8408.23
1053.52271 4320.58
1054.02197 1387.93
1056.55603 631.242
1061.55835 426.099
1070.55676 938.15
1071.55725 566.684
1078.54272 678.748
1079.03845 985.272
1079.53271 1246.54
1087.53699 7413.35
1088.03809 9020.47
1088.53772 5842.5
1089.03845 3998.14
1089.53796 833.363
1092.53455 510.603
1093.01245 490.453
1097.49182 4000.51
1098.48779 2793.97
1099.49414 993.002
1100.65051 494.734
1127.05493 935.383
1127.56592 1539.94
1128.05969 1042.45
1128.56067 547.728
1136.06323 11244
1136.56458 15355.5
1137.06433 11787.4
1137.56482 5818.67
1138.06311 1806.94
1138.56641 448.389
1159.65967 1149.78
1177.59338 456.79
1185.57324 472.85
1186.58447 3060.47
1187.08875 3500.38
1187.58936 2774.14
1188.08984 998.508
1210.57800 3266.06
1211.57739 2408.68
1212.58081 853.261
1242.59570 439.091
1251.59631 563.43
1281.59656 523.651
1289.66150 550.997
1299.61108 647.984
1347.63208 2771.49
1348.63696 1620.98
1349.64209 593.499
1418.67236 1746.02
1419.67725 1364.65
1420.67004 612.397
1555.73230 1072.47
1556.73267 991.231
