1941.04044 3
110.07097 1804.26
120.08047 3742.9
129.10201 998.168
131.11752 1140.26
133.08575 365.097
136.07544 4123.71
137.07886 247.541
147.11191 331.201
157.13313 12486.6
158.13666 1126.9
175.11859 2590.95
185.12808 6112.24
186.13223 592.404
197.12877 262.606
201.12309 454.036
221.12827 569.388
225.12253 404.477
228.17014 267.549
229.11763 1077.08
233.16411 652.824
237.13484 258.702
239.11487 231.289
242.14935 1915.97
249.12343 248.87
249.15979 830.681
251.10222 2580.1
252.10536 337.187
261.15991 321.869
267.10794 766.675
268.16528 261.656
277.15372 1150.6
279.09674 3347.96
280.10007 481.597
288.20035 362.842
294.15573 773.385
300.15460 5272.71
301.15738 827.079
313.22275 462.884
341.21866 624.177
348.19180 1074.98
350.13187 234.498
355.23270 420.286
366.17480 258.998
368.21439 233.18
371.19162 253.463
374.16885 680.488
376.18600 281.065
377.71191 320.889
380.19641 282.026
391.19254 1345.5
392.18094 4309.6
393.18381 938.696
407.24155 388.165
408.23019 243.488
418.19452 258.56
423.19827 972.336
425.26123 2070.56
426.27029 330.468
435.22382 1258.52
436.22440 333.326
463.21817 3475.33
464.22061 724.235
478.27603 555.94
487.25125 250.928
504.27588 1162.66
505.27197 314.409
513.27081 5838.62
513.77313 3482.32
514.27374 1001.88
520.23669 368.753
531.28088 303.044
536.28107 809.734
537.28625 309.479
540.28735 709.453
548.30646 388.541
549.31152 258.583
562.80505 494.39
563.30463 544.764
573.80219 256.144
575.31311 2074.78
576.30969 996.274
579.32452 253.947
582.31689 351.635
591.31488 2776.44
591.81824 2182.72
592.31592 518.907
607.31683 973.569
608.32281 271.167
633.32324 587.245
634.33258 276.131
638.85376 346.834
639.35632 257.676
641.33600 3370.5
642.33698 791.968
646.35242 12404
647.35645 4542.23
647.85852 3536.44
648.26819 658.167
648.36230 4078.61
648.85992 979.39
649.36151 449.328
674.37103 297.786
674.86407 290.948
678.35181 253.612
683.37561 4023.86
683.87775 4778.63
684.37878 1374.87
684.87567 262.26
718.36725 309.299
720.40033 707.21
721.41241 267.159
730.91614 275.62
739.91968 2422.64
740.42004 3247.89
740.92023 1128.46
754.41840 2378.93
755.42072 654.814
759.43463 4849.68
760.43622 2209.43
761.44019 298.856
791.44476 456.994
792.43512 361.135
821.45221 1218.98
821.95166 1711.75
822.45081 545.433
834.30176 402.029
852.31244 335.51
869.44873 254.452
870.45953 892.513
878.96570 1733.94
879.46521 3014.51
879.96295 1066.27
880.46558 309.909
888.47571 5855.21
889.47815 3177.49
890.47729 730.378
901.49060 1802.23
902.49084 542.303
962.48755 382.583
963.34180 380.126
975.55939 271.561
998.50378 333.376
1002.53516 1781.15
1003.52930 614.018
1015.37793 848.216
1016.38062 259.735
1025.53589 7164.03
1026.53748 5326.48
1027.53845 1119.1
1033.39880 314.124
1055.56091 391.094
1073.56921 1727.3
1074.57312 723.82
1124.60632 1084.56
1125.60181 871.183
1126.42456 506.82
1127.41418 250.877
1144.42664 359.804
1162.44421 1080.87
1163.46399 476.961
1181.62500 6221.39
1182.62659 5723.27
1183.62622 1674.69
1184.63513 364.821
1186.64612 380.756
1256.51147 334.9
1273.47949 543.568
1294.71143 1956.22
1295.70837 1673.43
1296.70886 522.581
1365.74475 1262.61
1366.74646 1572.05
1367.74902 510.72
1403.60193 340.207
