1949.90476 3
110.07106 7798.53
112.08673 2693.56
129.10217 4242.75
129.11348 1035.28
136.07535 2640.71
147.11206 1410.29
157.10851 1693.92
175.11858 5424.26
179.09241 1631.17
182.08040 2157.21
187.10709 1153.62
207.08711 2346.55
215.13892 1736.61
221.13731 1969.68
223.15511 1062.87
225.09818 1337.19
243.13348 938.787
250.65527 1208.86
251.14954 2091.72
254.16058 1357.25
255.14473 7110.4
255.64795 8128.61
272.17133 8151.09
273.17438 1214.97
291.18451 4594.41
293.11392 1497.41
300.19012 3299.71
300.69070 1292.9
304.63718 2387.62
305.18204 10290
305.68384 3320.12
313.20874 2287.52
320.17291 2011.17
349.20224 3450.72
355.70584 3258.91
364.71060 3767.36
369.70309 10469.7
370.20459 4471.78
378.70865 6494.15
379.21030 2011.51
383.71106 972.474
385.25562 2932.73
404.69510 3973.83
405.19464 1597.06
412.24786 2762.94
418.69171 18911.1
419.19284 6468.45
419.69412 1440.6
421.25421 997.171
426.24466 4754.57
426.74643 2335.52
435.25360 1557.19
452.24161 10725
452.74341 6009.82
453.24649 1099.24
457.23727 1739.59
461.23712 4399.59
461.74091 2088.29
471.77600 1432.4
472.28754 6694.77
473.28992 1688.3
475.23334 8634.69
475.73651 3631.25
480.77744 6474.62
481.27814 4564.77
481.78317 1558.4
485.76926 1269.86
486.26620 1402.47
489.78174 2015.81
490.28226 1651.19
493.26517 1225.78
494.77496 7273.42
495.27502 4566.07
495.77725 1379.33
501.23123 5373.07
501.73132 2844.03
503.78189 5165.07
504.28195 1636.54
507.28925 1678.41
508.78436 4335.66
509.28769 1865.29
510.28894 3438.35
515.29138 1214.79
520.28009 2607.46
520.76947 6559.14
521.27100 2923.05
521.72003 1035.11
529.28552 33336.8
529.78534 18242.1
530.28198 6373.34
530.78070 1686.37
534.75879 2105.21
535.25159 1665.54
538.29132 12573.9
538.79095 8567.44
539.29333 2634.02
543.26117 1112.79
543.76294 6207.75
544.26306 3513.97
556.28772 1135.16
557.77283 2279.78
565.31677 2116.37
565.64246 1749.39
569.26611 2626.76
569.76538 2843.21
571.31708 3793.86
571.64972 4450.93
571.98273 2773.79
573.31372 1366.33
573.64526 2795.23
573.81781 1087.38
573.97668 4456.76
574.30835 2246.72
575.31775 2283.33
575.65314 2052.91
575.98608 2167.12
576.31445 2064.07
577.32086 1260.78
578.27386 25192.4
578.77386 14813.4
579.25256 2739.16
579.32672 10860.9
579.65021 34430.4
579.98334 26911.7
580.31647 12237.8
580.65234 3115.45
585.00049 1254.01
585.32294 154494
585.47412 1430.16
585.51672 1301.44
585.65619 154931
585.83594 1156.79
585.98981 78130.3
586.32361 27036.7
586.65161 2751.01
587.27509 1151.78
591.32532 64146.1
591.65991 62960.8
591.99402 37103.9
592.32819 14140.9
597.32861 3275.76
597.66211 3380.3
598.00507 1689.14
598.29529 1400.62
600.34882 3022.36
601.34851 5306.92
601.84882 1806.74
602.31085 1108.1
602.80664 4093.1
603.97406 1449.43
604.31030 1757.32
606.30487 2150.53
606.63446 2461.43
606.97198 1717.29
608.64874 1479.73
611.97809 10918.1
612.30951 22752.7
612.64166 16058.7
612.97510 8181.18
613.30756 3340.82
617.65820 1320.05
617.98187 103224
618.31500 98926.5
618.64838 50106.3
618.98352 23416.8
619.31628 2847.15
622.84973 1136.18
623.98431 17831.3
624.31854 16520.5
624.65240 10385.7
624.79010 2169.56
624.98792 3675.3
625.29510 1242.87
644.63928 3663.8
644.96912 5921.35
645.30420 3304.14
649.29297 1184.76
650.34412 1639.26
650.64069 22698.3
650.84686 1357.26
650.97449 21852.8
651.30725 11618.3
651.64526 6617.3
651.98322 1127.23
660.35205 1288.3
675.34363 1427.13
676.84308 1155.79
679.39307 4000.48
680.38531 2483.81
682.81049 1150.96
685.35938 2047.23
685.85309 1603.28
691.32703 1467.42
696.80188 2798.56
697.39777 73016.6
698.40179 27550.5
699.40472 4359.96
707.33417 2562.46
721.38550 1736.63
725.33936 2058.3
725.83960 2017.93
727.90564 2362.21
732.88794 1162.37
733.38989 1435.22
738.40430 2027.43
739.39117 1735.96
741.89966 2384.02
742.40161 3483.68
742.89850 1425.91
746.32764 1423.47
747.82013 1027.44
748.41742 1120.82
750.90485 1412.06
751.41364 1218.53
751.90582 1186.42
756.40839 1110.07
766.41864 18906.3
767.42212 7586.11
776.88739 1862.16
781.87976 1906.24
782.38446 2053.81
784.43073 6875.9
785.43182 2566.64
790.42444 1356.1
790.88873 1534.22
791.40509 1136.36
794.42340 2153.11
799.42816 2302.07
799.93781 2103.12
800.43976 1144.42
803.84784 2398.93
804.34314 2095
810.48975 1531.16
813.42944 5175.25
813.92737 3016.56
814.42590 1949.2
820.42480 1624.17
820.91425 1462.51
834.45471 2348.11
836.37512 7946.56
837.38092 3189.68
838.86786 1052.92
839.37726 1346.26
846.38519 3131
847.38782 1225.97
847.95831 2047.2
848.42938 1461.85
851.47845 2553.79
852.48193 1228.87
852.83197 1398.79
857.46222 1338.88
862.42407 1536.36
864.39465 3569.89
865.39874 1044.33
886.45447 1045.92
903.47729 11031.1
904.48212 5284.57
905.48364 1764.22
913.46967 1965.28
921.47821 4729.86
922.47803 2287.7
931.47357 2182.66
932.44885 1465.2
949.46228 6426.68
950.46100 3464.3
1001.45392 1439.49
1016.56317 4115.8
1017.56525 2750.76
1026.54749 1290.92
1085.52856 1644.2
1086.51672 1789.24
1114.55261 1484.36
1145.60901 2502.19
1146.60559 1545.73
1155.55823 1749.25
