2023.00705 3
105.06562 4550.61
110.07105 3646.77
120.08057 60108.7
121.08391 4763.37
129.06580 979.932
129.10214 4057.75
130.08604 1224.78
136.07550 9196.83
143.11755 1050.93
147.11261 2792.29
159.09174 946.498
165.10226 1741.7
171.07610 793.093
171.11296 2039.23
173.09204 1259.5
173.12793 2397.46
175.11884 3390.43
181.06071 3882.2
181.09750 1030.65
183.11270 2765.07
187.14406 2510.21
188.10202 1322.06
195.08878 1062.28
197.12842 3362.36
198.08745 2177.54
199.07185 1279.06
199.18028 939.434
200.13913 2220.61
201.08688 4241.06
201.12309 4002.93
204.13411 5046.71
215.13885 3425.46
216.09775 13263
217.10176 788.492
217.13338 14338.6
218.13663 1724.54
228.13382 2495.22
229.11732 1074.49
233.16461 55811.9
234.16779 7042.1
244.16367 827.304
245.12804 12082.6
246.13130 1482.28
247.14412 1232.38
254.14880 1478.9
260.19583 869.512
261.15936 23914.2
262.16013 3381.53
276.13367 6361.29
277.13867 1063.08
283.14471 1168.19
285.15311 1073.3
288.13400 1370.51
292.12857 1267.3
296.13522 2519.84
296.19675 3521.79
299.17093 1065.1
300.15393 2740.47
311.16864 1598.29
312.17593 883.965
313.15247 957.696
318.14362 849.663
326.12686 1845.16
328.16580 832.316
329.18314 807.193
330.18103 3906.82
335.17426 8726.04
336.17853 1228.36
339.16171 1226.84
345.19070 2261.27
346.69168 2801.24
347.20679 2115.77
348.19019 4180.37
355.17419 873.399
357.17740 1079.57
360.68820 1689.28
365.21747 2425.86
369.19974 798.784
373.18637 37534.4
374.18976 7699.79
375.20065 1921.99
386.20190 848.109
389.18747 1996.99
411.18500 839.492
415.20981 2602.26
416.21155 1189.05
424.71832 1812.46
425.22086 1243.98
427.17838 1990.87
427.22968 999.439
432.22372 803.674
442.20761 1321.17
443.20337 3109.77
444.25797 3173
454.22342 988.516
455.22836 1109.96
456.22339 835.617
458.24185 3066.48
459.24075 1302.72
460.21490 968.182
462.25754 859.567
472.25986 7940.55
473.26321 2423.8
474.26242 1147.49
476.25079 4079.79
477.24973 1470.79
484.22128 1799.97
494.21921 1449.13
498.22510 852.666
498.28638 2414.12
499.28528 1320.41
514.27704 1294.52
515.29907 1380.84
518.31134 2271.77
526.26544 977.835
529.25433 14190.3
530.25592 4104
531.24786 1269.09
538.26434 997.63
539.26221 2148.8
542.27197 1831.68
543.29370 4293.74
544.30304 1376.92
546.24683 1087.28
547.77136 1434.16
551.24670 2292.3
555.29657 1665.09
570.26642 2101.59
573.31085 1760.06
574.24347 4025.74
575.23846 945.601
575.33984 1378.96
583.28613 1989.24
588.27881 1357.96
607.30664 1232.74
612.29156 2078.19
615.76581 6089.18
616.26459 3557.74
625.30243 1021.38
629.31982 4007.13
630.30225 19645.3
631.31274 6497.94
632.31482 1926.95
633.34308 1396.14
635.30377 940.377
643.32092 4095.75
643.81683 3250.83
644.32031 2037.59
644.81134 872.817
649.27094 1053.75
652.32434 1718.36
652.82709 999.255
653.31348 1328.3
654.32123 1770.11
655.31323 1236.45
657.34131 1336.69
665.30090 3286.77
665.80023 2336.16
666.29712 968.773
669.33337 1885
670.33252 1237.86
671.30890 2085.53
672.33368 6952.44
673.32703 3383.84
674.33606 1306.38
675.33832 3982.53
676.35010 2420.44
687.34967 1380.55
688.42627 1104.45
690.36011 5756.16
691.36499 1578.98
692.37646 1410.27
702.36017 1973.16
714.35394 1879.05
715.36456 967.801
717.33521 1546.46
720.37085 2804.64
721.37885 1024.44
726.36346 1346.79
737.39966 1344.12
738.41608 872.115
738.83563 1754.85
740.36664 918.518
741.36267 876.534
742.33868 3433.06
743.33173 1013.16
743.43701 1048.3
744.42285 983.225
758.38977 846.333
759.36084 3655.87
760.36658 1511.99
765.37750 1068.56
765.87677 2441.54
766.37103 2190.87
771.40607 1780.57
772.40411 1457.12
774.38647 9580.99
774.88782 9309.57
775.38812 3755.32
775.88922 1278.39
777.37030 30802.8
778.37372 12673.9
779.37494 4070.43
789.46948 2278.73
802.34589 1854.97
803.33832 1004.44
807.41113 2116.62
808.41699 876.512
813.41241 1247.39
819.39862 5750.87
820.39984 2123.69
829.40845 2607.51
829.91296 3103.65
830.41608 4850.65
830.92523 905.594
831.41534 2162.42
841.42389 2334.19
842.43829 1124.82
843.44891 1390.74
844.45398 1260.42
845.44366 1598.38
848.42944 5366.35
849.43695 2550.93
858.43060 1598.34
873.38647 2813.9
874.39526 1253.17
876.43799 17149
877.44360 9112.64
878.44208 5161.52
890.52130 4981.58
891.52924 1230.53
915.41992 851.412
918.48047 940.037
929.49060 1220.26
930.49591 2599.48
931.49451 3152.61
932.48499 6891.01
933.49310 2958.24
947.49713 2440.84
950.44910 1165.98
951.43860 946.998
969.47095 1389.17
972.45294 1373.71
987.47321 4184.96
988.48065 1965.88
1005.48096 17539.8
1006.48474 10640.7
1007.48907 3582.58
1008.48785 1046.15
1019.54022 1165.35
1025.51672 1307.26
1037.59021 5614.09
1038.58716 1964.51
1040.49341 923.734
1043.53296 1427.11
1044.52759 903.929
1058.51245 3349.92
1059.50366 2309.04
1060.53052 2051.12
1076.51733 35190
1077.52173 20092.1
1078.52832 8489.19
1079.53430 2827.93
1080.55017 885.196
1129.56018 1127.77
1130.56909 1067.37
1136.65906 2399.12
1147.58228 1018.64
1148.58850 1774.8
1149.59119 1307.83
1150.58911 1325.98
1157.57141 1891.51
1158.57458 1227.67
1175.58777 18180.4
1176.58789 11359.6
1177.58960 4668.6
1178.58435 1423.92
1186.59058 1035.56
1213.60339 1350.04
1214.61206 1035.66
1230.52332 2814.97
1231.53137 1353.17
1236.63550 1587.97
1237.61829 1683.83
1285.63379 1641.76
1286.61682 5339.78
1287.62317 3588.5
1288.61902 1345.02
1303.64331 7032.62
1304.64661 5283.9
1305.65515 2153.34
1329.59521 1773.23
1330.58728 913.499
1450.71362 3419.05
1451.71057 2939.19
1452.70752 1357.56
1547.76648 6992.3
1548.77222 4729.68
1549.77710 2653.36
