2289.16191 2
110.07121 3626.98
111.07470 229.968
115.08612 214.567
117.10217 598.552
120.08073 4971.01
121.08382 471.148
129.06561 273.455
129.10223 2296.25
130.08601 577.876
133.04311 285.67
136.07573 2156.77
141.10181 314.212
143.11790 2547.23
147.11267 1189.59
155.08136 335.774
155.11784 214.478
157.09718 403.774
157.13307 375.932
158.09232 412.252
159.07639 374.434
159.09157 1423.54
167.08162 537.119
169.09740 543.522
169.13358 737.847
171.11282 4733.98
172.11684 356.622
175.11896 2643.44
181.06068 271.9
181.09714 232.77
183.11261 638.423
183.14885 371.266
184.10765 416.613
185.09241 660.333
185.12819 591.806
185.16556 392.96
186.08630 221.246
187.07207 303.631
187.10802 1027.81
191.11789 1543.62
195.07610 556.924
197.12859 1496.55
197.16411 292.356
198.08679 315.635
199.07175 427.546
199.10770 302.823
199.17999 309.06
200.13911 242.92
201.08681 503.346
201.12317 729.231
203.06680 263.264
204.13446 355.104
205.09682 235.547
209.09039 269.817
210.02597 216.388
211.10773 1297.69
211.14391 321.065
212.10246 1437.03
213.08696 1060.87
213.15913 389.29
215.10245 1015.08
215.13901 1045.02
216.09613 346.858
217.08371 297.928
219.11276 1699.37
219.14946 1495.99
223.15628 425.822
225.15970 529.309
226.08333 569.469
226.11884 830.858
226.15453 223.176
227.06625 915.243
227.10231 574.025
227.13921 274.462
227.17430 352.524
228.13409 2528.76
229.11737 477.388
230.11206 241.704
231.06091 778.485
231.11049 215.137
233.16347 244.175
235.14287 225.589
240.13414 615.714
241.08170 328.154
242.14978 6886.19
243.13416 1420.55
244.09273 1934.65
244.12729 463.664
244.16650 422.594
245.07814 1732.58
245.16484 337.378
246.18195 520.22
247.14380 790.802
249.16087 251.214
251.10150 308.424
251.15076 385.178
254.14961 339.534
258.09259 226.358
258.14517 234.1
259.09305 298.137
259.14413 272.074
259.18076 237.24
261.15637 1101.21
262.11722 324.39
270.10822 1146.04
270.14572 214.588
270.18134 852.653
271.17633 319.065
272.12369 1924.14
272.17630 603.879
273.15897 590.951
275.17068 424.621
276.13474 240.683
282.14471 223.646
282.17969 257.366
283.14362 350.187
285.15329 251.078
286.13620 360.191
287.13501 331.747
287.17441 407.945
288.20209 321.89
290.11670 1591.78
292.13028 274.912
295.14059 562.298
296.19626 1047.75
298.13986 488.869
299.17099 235.195
300.14639 244.421
300.17450 419.371
304.16309 231.751
309.11993 341.282
312.15628 316.382
313.14993 689.947
313.22195 331.364
314.09634 302.951
314.17297 530.016
318.18207 593.066
323.16910 279.653
326.13464 420.925
328.10995 218.337
330.18243 222.625
336.11932 276.675
338.18219 252.761
339.20547 284.923
340.20059 404.787
341.10956 412.276
341.18372 1076.31
342.09253 954.161
343.16180 1359.03
344.13977 433.181
344.19473 832.287
345.08328 288.024
347.10150 404.92
350.15134 220.497
353.18384 439.774
355.16052 291.136
356.10950 417.884
356.21841 580.302
357.21414 523.07
358.20822 4282.24
359.11923 577.56
359.21234 589.894
360.10284 1549.87
361.22372 1413.98
362.22729 307.945
369.17963 284.475
372.22479 402.115
375.20288 849.418
384.18716 286.786
384.25772 232.255
385.13507 335.544
385.20898 695.069
386.22800 287.051
387.16919 359.759
389.21704 1073.4
397.17630 292.728
401.28708 784.506
403.19910 266.841
405.17673 1493.84
407.16684 422.396
410.20776 459.971
412.18182 384.958
413.16800 413.337
425.13123 384.271
429.21414 886.705
433.17184 1348.84
434.17255 254.769
438.19855 278.683
441.15784 358.974
443.13956 428.387
443.26794 459.343
448.22128 293.897
450.19724 290.902
453.12531 385.732
454.23834 289.614
455.22427 944.848
457.24481 222.91
458.19128 473.115
459.17032 587.129
460.17926 341.667
460.29285 487.154
466.23892 1699.49
467.24283 273.026
470.14990 520.872
470.26373 235.274
471.13336 632.998
472.25250 1752.24
473.25540 305.844
476.21130 427.36
488.16193 915.543
495.25781 267.183
496.16541 551.472
502.27258 249.574
513.20770 299.468
520.20471 504.223
522.20428 321.528
523.26135 602.905
524.19983 432.934
530.33124 299.663
541.21021 316.259
542.20886 483.825
542.29474 347.207
546.29565 299.196
548.19775 694.418
549.19965 237.947
559.23303 294.434
569.21234 396.546
570.20154 249.798
575.26636 297.206
578.76556 242.649
581.26959 398.906
585.33643 793.019
586.76508 903.92
587.27972 663.934
587.76508 404.501
591.25555 1172.37
592.26117 516.495
600.76422 1499.54
601.26660 1506.36
601.36749 676.95
601.76392 701.416
602.24744 233.673
602.33850 260.902
619.24524 1472.26
620.24756 524.514
631.22870 292.671
649.29919 338.237
650.26306 331.722
657.30054 417.257
657.80713 499.23
658.30768 378.461
659.22791 732.786
660.31683 285.761
661.32672 235.928
672.40381 1352.16
673.40503 503.846
676.25500 430.781
678.26379 1422.43
679.26416 603.794
698.41785 670.286
704.34351 626.078
705.34857 271.193
707.34711 300.659
714.32385 298.173
730.28638 233.968
732.33618 1128.9
733.33875 479.359
734.26526 600.663
735.27515 249.348
748.29736 244.666
762.37549 243.581
764.31769 244.355
785.48798 1364.14
786.49158 492.17
791.34912 628.647
792.34283 282.03
824.38043 271.812
825.38330 410.215
827.46448 669.624
828.47607 425.288
833.38184 362.897
845.29779 339.171
847.36145 549.98
861.37683 1464.37
862.37225 708.898
878.37073 364.479
884.55615 717.315
885.55817 281.059
896.43903 294.567
935.39771 256.616
940.55402 378.694
941.56927 240.766
952.44385 368.79
953.42230 355.624
958.39130 273.553
974.45471 510.439
975.45111 439.01
976.39697 525.686
985.60663 1694.14
986.60699 962.299
1035.47083 254.905
1036.45935 311.685
1063.46082 2285.66
1064.46277 1809.42
1065.46118 963.006
1066.47363 370.598
1084.67188 565.568
1085.67200 399.411
1087.56982 239.056
1114.50110 332.848
1126.62878 339.24
1127.63757 236.511
1171.70459 1190.03
1172.70386 802.97
1200.51697 335.282
1201.50220 369.256
1215.54126 508.102
1216.52893 321.795
1272.75439 1048.7
1273.75403 802.498
1274.77148 310.482
1328.62073 323.376
1373.81128 371.146
1430.82251 2148.4
1431.82458 1765.7
1432.83264 847.566
1514.69006 471.594
1515.69800 352.512
1545.85498 514.717
1546.85583 487.315
1558.82739 472.012
1559.82898 277.272
1584.87268 265.964
1585.89172 273.285
1602.87134 2115.57
1603.87256 2067.01
1604.87012 821.006
1605.89038 283.672
1674.72815 363.107
1675.72607 248.532
1701.94556 485.115
1702.94934 496.15
1703.95105 259.45
