1279.69451 2
110.07093 1156.07
112.08674 229.517
120.08037 2218.82
121.08372 192.748
122.05967 302.583
123.11614 188.925
127.08653 217.959
129.10188 2386.84
130.08591 1248.82
133.04243 245.198
133.08566 322.909
136.07530 3716.61
137.07840 217.954
140.07066 341.606
141.06590 223.275
143.11728 342.995
147.11241 2630.1
153.10193 226.398
156.07593 373.3
157.13310 946.569
158.09192 300.619
159.07549 474.325
159.09100 895.335
167.08145 379.733
170.06281 1117.71
171.11282 518.438
173.12787 503.128
175.11832 1191.47
183.11198 312.895
183.14801 197.499
185.09143 217.886
185.12770 1336.36
185.16472 839.032
187.07062 408.911
187.10747 264.443
187.14359 1618.35
188.07344 5271.51
189.07811 188.163
197.12804 355.775
199.17995 2532.74
200.18422 241.511
201.12209 509.262
207.11234 1129.62
211.14336 188.328
212.10222 186.538
213.09799 317.516
213.15953 629.265
215.08485 502.686
215.13866 1654.71
216.06754 307.107
216.12244 848.347
225.12331 280.4
227.17485 2740.83
228.17909 231.916
229.11594 394.451
233.09486 9730.23
234.09778 712.297
235.10690 3277.71
236.11040 303.27
240.13376 512.549
242.15100 190.449
243.07811 315.523
243.13330 1168.88
244.06317 636.315
249.15915 1430.05
253.18913 285.841
258.14340 1146.18
260.19705 339.464
261.08954 12750.5
262.09314 1070.65
276.15421 938.464
277.15372 1460.79
284.19614 516.454
292.12790 190.588
297.15665 197.413
298.13739 192.02
298.21164 2138.71
299.21240 220.784
300.15451 1000.29
303.16907 868.705
310.21033 244.169
315.16577 468.243
329.15369 198.238
333.17572 5818.91
334.17868 665.054
338.20648 733.897
340.25903 271.077
345.21649 254.741
348.19064 5595.28
349.19360 733.072
355.23135 225.668
356.16391 214.636
356.21631 609.158
374.17349 2391.46
375.17459 224.995
376.18832 240.17
385.24420 238.191
390.23755 573.926
405.21234 362.093
409.24374 550.471
411.29593 298.678
413.24075 380.775
416.25195 560.979
425.18344 509.056
427.25436 367.117
428.25107 409.21
432.21768 200.42
433.27875 1400.29
434.28302 263.561
446.25967 5160.38
447.26178 953.93
461.27530 1700.46
462.27744 352.062
463.22003 196.917
477.23236 222.298
490.30463 249.648
504.27582 194.546
510.26920 203.679
518.29523 381.899
529.33948 283.282
534.25250 233.709
545.29578 253.716
546.36267 249.989
559.34271 2568.9
560.34839 633.825
574.36023 285.289
590.32220 228.888
623.35150 282.299
640.36011 219.969
722.40656 2081.96
723.41241 615.635
730.31342 227.705
752.38971 295.221
753.39362 219.278
793.44287 2807.27
794.44580 1293.86
866.47571 305.248
906.52570 1101
907.53998 327.907
980.49591 274.852
981.49939 275.124
1019.60602 340.519
1020.61346 230.648
