3455.56089 3
120.08035 893.534
129.10135 580.552
130.06467 916.119
159.09114 4682.35
160.09494 555.683
175.11862 1223.52
189.06900 439.327
201.12279 3432.57
202.12683 479.417
226.11790 2036.1
229.11755 7788.78
230.12112 497.181
255.14426 377.791
272.10443 872.037
272.17096 14031.8
273.17444 1331.78
274.11801 930.053
285.14301 391.104
290.11609 1079.56
341.19128 1025.13
355.16125 1756.9
359.13699 519.42
360.15872 506.127
383.13586 733.609
389.18402 534.454
401.14722 1227.65
412.22940 2063.11
417.17706 672.052
438.19772 750.768
439.16776 1598.59
440.17584 657.286
444.16891 409.179
452.15707 383.436
456.20767 1145.9
490.22571 482.376
500.21512 1003.12
502.17337 811.722
510.20526 852.361
518.22754 689.972
520.18091 402.32
540.32184 860.524
551.27820 393.6
555.20490 558.08
569.23578 488.973
569.28680 515.653
587.24854 748.229
592.24127 431.45
605.26355 412.703
612.34338 641.697
619.24677 398.116
638.30750 813.74
654.36572 1612.97
655.37823 407.748
656.27380 486.289
661.33154 432.397
676.87158 597.517
677.36603 479.475
683.32770 674.899
740.89612 515.017
741.39233 414.143
746.29480 497.618
752.34198 2229.13
753.34204 693.285
767.45148 990.241
768.45544 556.601
771.89667 689.369
772.39575 646.623
773.27307 415.91
780.42340 466.021
780.91125 2555.42
781.40912 1781.8
781.91327 840.376
789.42053 15763.7
789.92084 14395.8
790.42072 5848.59
790.92273 2090.45
794.36194 408.054
798.42664 1156.88
798.92542 597.077
802.33411 463.974
811.39813 972.774
812.40674 439.478
820.33734 405.139
820.89069 451.337
821.28198 480.656
829.41095 496.191
829.89905 1290.37
830.41614 757.591
838.40839 9822.79
838.91022 9537.71
839.40936 4210.07
839.91125 1117.59
845.96301 1496.37
846.46118 1862.03
846.96295 1141.41
865.43213 1265.88
866.43579 509.933
894.95135 1031.54
895.43115 894.519
895.93726 478.314
907.46771 421.775
924.47711 931.749
925.47772 489.991
939.00568 502.498
939.50201 646.877
952.51703 411.495
976.48822 611.125
983.02875 893.7
983.52820 727.421
988.49103 432.731
1009.54779 1487.98
1010.55151 824.792
1031.54053 635.795
1032.00879 471.283
1032.52930 551.72
1035.39453 505.137
1036.40796 441.605
1048.04285 748.395
1048.53857 612.415
1049.02124 668.02
1049.40540 572.132
1050.40161 609.32
1097.53857 879.007
1098.03833 524.069
1103.54199 1037.67
1104.03760 818.002
1105.02002 1238.56
1105.55090 750.974
1106.05164 1384.35
1106.55090 1108.64
1107.52856 1671.04
1108.52722 849.037
1122.63257 956.029
1123.62549 426.66
1148.43164 431.251
1151.57129 549.757
1152.55664 651.186
1153.60913 1247.7
1154.54260 620.968
1155.05627 1021.9
1155.57898 832.629
1156.08618 670.626
1166.60693 744.341
1204.08228 485.049
1204.58130 648.476
1205.08069 602.902
1213.09204 782.388
1213.60583 630.112
1220.61548 770.064
1221.61353 710.857
1223.67957 1254.7
1224.69031 917.377
1245.51355 606.393
1246.51794 433.488
1261.60474 461.131
1262.10669 471.469
1263.50317 821.549
1264.50195 727.115
1269.61951 544.564
1270.12891 1272.63
1270.62378 1029.12
1271.12036 435.763
1306.67346 3568.14
1307.67456 2549.59
1308.67480 1209.18
1319.11060 666.907
1319.63232 575.201
1321.66235 1106.49
1322.67773 581.04
1325.15356 486.261
1325.63794 712.377
1334.16101 442.489
1352.71741 1037.96
1353.72437 990.79
1375.14197 451.919
1377.67554 881.757
1378.14307 827.587
1378.66699 585.831
1420.69360 503.741
1421.18457 906.801
1421.69556 672.756
1422.16333 497.753
1426.66125 541.172
1427.16052 538.774
1427.63086 432.072
1464.57324 530.262
1469.68274 453.539
1470.17480 491.368
1471.20361 633.284
1472.22058 457.043
1500.21289 704.166
1560.79980 1035.51
1561.80762 943.305
1562.80139 500.73
1577.83789 8763.45
1578.83704 7524.07
1579.83594 3541.31
1580.83972 1188.82
1595.85669 1270.52
1596.85718 910.229
1657.81616 540.291
1658.78735 909.912
1659.77698 609.901
1675.81201 5521.81
1676.81250 6175.7
1677.81775 2693.86
1678.80872 636.73
1690.93835 783.65
1691.94299 654.105
1789.87427 497.838
