2087.82236 3
110.07111 1772.61
120.08035 684.773
129.10207 11756.8
130.04959 965.805
130.06493 1183.67
130.08626 665.296
130.10565 586.74
136.06161 1059.61
136.07552 2220.86
141.10184 582.045
147.11249 1691.38
155.08118 831.073
155.11839 553.195
157.10764 572.269
158.09201 983.475
159.07660 529.362
159.09160 1402.7
159.11259 838.761
173.09187 1264.18
175.11876 12713.2
176.12361 691.154
181.06062 610.156
183.11180 747.798
183.14917 520.67
185.05562 2305.78
187.10777 1250.12
199.07091 2081.42
199.10678 733.499
200.13928 1874.15
201.08693 3427.8
201.12321 1276.46
202.08154 788.411
203.06586 1788.57
210.02411 520.209
212.06650 588.25
213.04950 531.104
213.08737 1003.65
217.08231 1058.27
226.08163 810.262
226.11842 969.512
227.06650 2878.14
227.10210 1043.39
228.13464 1181.94
229.11787 1469.34
230.07700 2695.71
231.06094 3825.34
231.09776 709.104
240.13388 3339.31
244.16513 722.038
245.07700 2713.05
246.18080 811.229
255.14453 641.43
258.14438 2743.61
266.15012 791.38
269.12436 1224.92
270.10812 1067.75
280.12750 696.456
282.10858 534.901
286.15036 609.474
287.13440 1662.16
298.10367 624.932
298.13773 1143.44
304.16129 7363.89
305.16229 676.313
316.11295 1422.7
324.08261 802.076
326.17108 716.78
327.09384 773.04
328.07626 636.684
329.65549 2250.52
330.15848 541.408
341.18216 636.532
342.09274 1687.11
343.65295 3192.07
344.14554 1872.99
345.10333 2830.28
356.16721 1040.89
359.19168 2697.18
360.10342 1332.33
365.17267 572.816
369.17859 610.353
370.16666 1113.33
379.17062 1522.1
379.67300 741.202
381.14066 1056.08
382.21130 575.159
399.14905 845.908
400.21729 621.748
411.16003 609.903
413.13214 600.825
417.24509 18239.6
418.24829 3662.81
420.68961 1281.23
427.22986 546.626
429.16171 1327.5
431.14395 704.611
434.68793 1338.41
439.10822 1004.39
441.15662 823.007
443.69275 2199.41
444.19223 776.641
454.27313 563.644
456.13589 808.962
470.22974 1501.1
472.27756 2726.4
473.28027 599.579
474.14890 741.795
482.18411 608.858
483.19254 728.014
488.23526 3842.33
489.24152 751.039
492.20355 1225.15
500.19577 1251.63
501.20285 2440.31
505.25940 599.578
506.18719 941.966
514.26044 693.732
515.25092 804.985
532.27148 28370.8
533.27466 7231.14
534.27301 1089.3
536.22925 833.979
536.74402 1171.93
539.24280 638.027
540.18335 763.766
545.25134 627.473
546.29004 1354.42
547.29224 689.287
547.77893 1076.63
548.28101 590.357
549.71252 866.991
550.21790 714.76
553.76477 752.513
556.18799 1171.33
557.25433 3237.07
558.26245 840.703
558.72174 1151.37
559.21497 1108.07
569.76202 1130.78
571.31183 620.302
573.98407 643.965
574.32184 883.62
579.75952 597.194
580.26245 1324.04
584.22095 783.724
588.77277 677.929
597.28210 596.386
598.73126 639.34
599.35480 1879.32
600.32086 710.633
600.35406 735.217
606.64008 891.18
606.73376 958.84
607.73163 575.46
611.22845 621.638
629.29639 2685.95
630.28027 1661.8
633.31622 768.458
639.36139 946.273
641.26941 758.416
646.82184 999.348
647.29773 62649.4
647.86835 10343.4
648.29773 17851.7
648.87201 3280.71
649.29980 3208.94
650.26776 681.225
651.26025 810.147
652.27740 709.81
652.94348 631.46
656.87225 1415.66
657.28485 2372.23
658.28699 1524.03
659.30206 665.198
662.98840 802.554
663.33228 1023.3
663.65503 881.995
668.28735 2628.13
669.28088 1305.57
672.27887 1306.87
672.77893 987.138
686.29791 15427.4
687.30042 5105.59
688.30090 997.853
690.33496 1673.28
690.83551 1692.98
691.33582 1022.5
695.38092 1631.52
696.31183 1312.78
696.40997 989.817
696.85498 4669.47
697.40869 7947.3
697.86200 1142.42
698.40973 1402.84
701.29669 614.659
711.33246 635.91
721.25073 667.831
721.77643 606.924
727.90173 980.3
729.33978 1711.48
730.34009 760.606
739.32379 3288.93
740.32928 1704.33
742.37463 1258.91
746.87604 698.301
757.33582 14256.5
758.33929 5785.78
759.34149 1296.11
760.38336 17250.7
761.38495 6503.74
762.39484 1440.06
766.26752 611.03
770.36975 2778.42
771.36816 1022.61
776.88849 1357.58
784.27338 4937.44
785.27808 1644.82
794.40552 1396.63
795.40894 1686.1
796.40912 713.465
816.41870 780.456
822.49377 683.894
823.48938 599.03
827.32269 786.368
837.29572 968.821
840.37177 1206.78
855.31061 6895.51
856.31378 2775.36
857.40143 5003.67
858.40173 2513.91
863.42749 2160.84
864.42993 2656.12
865.42365 1304.01
868.36884 2062.62
869.36890 1303.44
874.42590 9671.88
875.42822 4185.6
876.43073 711.258
885.38171 635.036
886.37836 8033.14
887.37921 3700.48
888.37457 761.629
902.33331 1450.57
954.41577 807.885
961.38885 715.747
962.40393 803.479
966.34723 815.29
972.43024 5108.02
973.43262 2537.41
974.46039 920.503
975.46637 1113.33
983.40118 1466.61
984.35559 4306.72
985.35522 1522.84
989.45233 5642.79
990.45355 2655.17
991.46875 1475.42
992.48242 1421.3
1000.44336 661.945
1001.40405 3840.65
1002.40363 2268.9
1069.43970 1809.41
1070.43555 1300.34
1081.36816 703.833
1086.46741 779.661
1087.45166 7601.93
1088.45581 4293.17
1089.45557 1204.66
1098.41406 1832.57
1099.39160 2597.73
1100.38196 1075.6
1104.47998 7562.47
1105.47681 3484.52
1106.50439 1492.94
1116.43213 5578.97
1117.42834 2765.02
1118.43933 787.384
1193.58154 792.366
1195.43811 1021.66
1196.42065 1105.62
1198.48242 1905.35
1199.48401 1408.12
1204.52930 1061.56
1212.46765 1548.28
1213.45142 3545.02
1214.41638 4496.94
1215.40637 2183.09
1216.50232 2609.65
1217.49792 1720.71
1230.47437 6396.31
1231.47473 4157.98
1232.47693 1316.52
1233.51587 1321.15
1234.51831 941.957
1310.45593 939.499
1311.43616 1782.23
1312.43774 1000.11
1328.44629 3158.53
1329.45471 2276.78
1330.43884 908.595
