3026.57352 3
120.08025 893.359
130.08597 190.236
147.11263 362.205
227.10219 360.948
229.11745 304.03
243.13332 338.845
258.10748 208.348
261.15900 244.149
276.13342 311.375
312.10007 219.029
317.21741 443.162
328.18561 207.854
330.11603 192.036
347.16968 323.219
374.17133 519.155
418.26450 1329.53
517.33264 883.817
587.28857 494.317
587.78668 251.954
596.29010 508.771
596.78961 303.521
619.31952 353.309
630.41650 828.571
631.41919 235.135
655.82874 318.649
660.82025 492.447
661.31958 456.62
661.81116 193.456
669.82477 1062.95
670.32672 782.377
726.36218 343.034
726.87061 218.263
743.49762 550.043
782.38098 249.896
790.88965 341.76
791.38385 210.966
823.42078 223.31
872.54517 571.055
873.54077 240.633
877.42444 367.532
890.91473 278.809
894.44537 235.224
916.44482 201.902
948.45435 1040.25
949.45422 513.721
965.48322 941.283
966.47943 476.232
976.13721 201.005
976.49408 637.188
976.82385 342.538
977.15472 280.236
983.58167 250.369
1000.59686 800.536
1001.60059 312.549
1008.52966 289.825
1009.07910 205.135
1009.53412 479.26
1009.72699 322.952
1010.53271 825.853
1011.67853 1038.35
1111.64429 242.286
1129.64209 1763.01
1130.64307 816.084
1131.66504 208.735
1174.54907 774.678
1175.55188 401.111
1191.58179 677.63
1192.57764 358.437
1228.71960 586.145
1229.71692 416.755
1315.73950 935.904
1316.75403 517.222
1321.61938 616.191
1322.63464 298.948
1338.64063 744.567
1339.64148 503.639
1434.71631 224.031
1435.70691 221.237
1446.78088 442.746
1447.77649 275.073
1575.83252 457.457
1576.85339 245.939
