1392.72600 2
110.07100 3997.93
112.08666 1477.42
115.08620 649.908
116.07026 1161.31
120.08041 35313.4
121.08368 2343.12
127.08637 5029.49
129.10196 6322.89
130.06456 1234.52
130.08572 1867.26
132.07610 973.814
136.07539 2271.29
147.11256 4604.34
157.10799 897.697
158.09207 1567.64
159.09125 3202.67
160.07872 1644.21
171.07535 619.52
175.08963 5263
175.11853 23703.5
176.12303 1055.49
181.09792 557.949
185.16473 1311.96
187.08707 608.037
187.10806 810.124
191.11745 47864.5
192.12082 4314.87
197.12871 816.625
198.08702 966.144
199.07047 888.995
201.12321 1789.7
203.08452 3378.09
205.09940 1560.18
213.08609 729.018
213.15936 1553.6
214.15387 1026.7
215.08420 1204.53
216.09758 2769.37
219.11226 51967.1
220.11584 5414.61
226.08194 1398.66
226.11821 1425.17
226.15419 2112.28
227.09845 585.88
227.17436 1944.93
229.11836 1343.09
233.09486 2052.32
233.12447 1319.73
242.14923 2056.38
244.16498 10169.9
245.12769 1270.88
252.09650 598.472
257.12674 824.015
269.12387 2838.72
271.10712 593.723
272.13611 2017.75
275.13950 713.81
286.12161 3004.61
287.13458 4235.72
288.13794 591.327
290.14902 22139.7
291.15216 3120.98
302.14865 794.55
304.16013 7928.63
305.13452 739.34
320.16113 930.276
326.14444 1121.94
327.12808 1530.87
328.16473 632.058
329.12677 745.971
338.20499 1098.05
339.16534 1251.27
341.15570 1775.45
344.15540 8331.84
345.17679 1004.36
347.13745 966.852
355.23199 1230.18
356.19177 4663.92
357.18826 716.079
364.16565 1371.81
368.19360 691.745
370.22586 592.497
373.18414 594.235
386.20221 2721.75
387.20538 853.009
395.19110 1129.3
400.16327 839.225
403.22855 10278.5
404.23123 1744.46
412.22134 1530.56
413.21417 622.704
418.17377 773.122
418.73761 860.444
423.19781 685.95
429.24603 777.87
439.22675 707.428
440.22186 3459.56
457.23865 4246.88
469.27493 1970.54
475.19559 3078.34
499.28503 1744.73
516.31281 20031.1
517.31580 4332.97
525.31000 886.941
526.29431 1088.35
528.22534 817.139
529.20544 1060.81
536.27936 600.751
546.23151 1958.78
547.22888 675.119
553.30566 2769.95
570.32501 1543.47
571.31665 1024.85
588.27600 1141.06
612.37085 740.32
614.30042 654.815
623.28796 802.937
629.39648 14060.6
630.39844 4718.01
641.30615 718.055
642.29297 805.732
651.28387 2008.43
669.40125 638.431
697.39807 1858.75
740.43158 4200.32
741.42572 1528.76
757.45453 9699.7
758.45703 3386.26
767.44556 719.568
808.39575 622.946
837.45422 1060.23
854.47125 3683.88
855.47632 1465.82
869.46185 1646.37
871.49731 18144.3
872.49939 7924.03
873.49963 1505.08
923.43433 1470.01
924.42188 1958.14
928.51801 2708.56
929.52350 1354.1
937.51147 643.341
941.44440 17436.4
954.53644 1643.95
955.52429 3238.45
956.52802 1219.09
959.45502 4458.46
972.54395 30292.3
973.54645 14890.2
974.54834 2924.23
982.52460 936.083
983.52087 1154.68
984.52917 625.097
1026.53979 1541.43
1039.42456 3129.18
1054.52466 1127.15
1085.57422 1848.87
1086.56592 2189.64
1087.56445 892.825
1103.58606 14804.9
1104.58813 8541.17
1105.58765 2396.74
1156.61536 1675.3
1157.60449 2275.24
1158.58997 968.897
1174.62280 16899.3
1175.62280 10074.6
1176.62744 3012.35
