1949.90529 4
110.07102 2448.59
112.08688 432.042
115.08648 580.458
120.08037 877.35
127.05005 907.102
129.10205 2483.06
136.06168 872.475
136.07545 1234.61
140.01074 456.832
145.06027 475.475
147.11266 814.197
157.10799 1313.02
159.09151 849.731
169.09697 544.005
173.05545 752.379
173.12851 519.654
175.11890 2830.8
183.11256 988.277
198.12323 548.344
201.12338 721.35
207.08664 576.092
207.14023 590.802
210.02504 906.951
211.10684 408.873
212.01851 386.479
215.13774 735.433
217.13672 1319.65
221.13786 942.716
226.11824 1572.01
226.99109 426.583
230.14261 955.13
240.13420 577.887
243.99129 443.822
244.16559 653.781
244.99838 367.077
245.13177 471.605
246.12643 1932.33
251.14928 570.114
254.18654 568.277
255.14485 1906.19
255.64825 5579.02
256.14844 1596.41
267.07300 576.818
272.17126 3577.95
273.17227 356.018
274.12167 1278.25
274.15842 513.506
274.18726 404.953
275.96460 379.322
282.18033 671.908
282.67300 860.407
284.15961 617.043
290.63858 566.773
291.18375 887.979
295.13998 702.417
296.66849 370.666
299.13876 428.356
304.63620 1397.11
305.13821 541.279
305.18228 2025.66
305.68454 607.414
313.20700 368.815
320.17212 426.106
320.85275 800.457
330.18683 712.779
340.19818 958.885
340.68918 3390.3
341.19131 1215.1
346.67065 955.304
347.21625 662.8
349.20255 13469.1
349.70395 4861.89
350.20590 1187.43
353.19244 2878.98
353.52673 1303.38
353.84311 897.13
354.18240 456.275
355.70657 444.17
359.19455 480.917
362.84424 2135.02
363.17975 708.967
363.51230 477.426
369.70352 1751.83
370.20416 973.073
375.20111 829.596
376.21176 2364.04
376.54764 1010.73
376.88187 536.693
379.84982 411.52
381.18710 586.625
383.71393 3641.66
384.21558 1463.53
384.71542 533.875
385.16968 439.947
385.25467 1929.31
385.54468 576.411
385.67078 504.972
385.85114 7646.5
386.18555 4878.21
386.25388 396.768
386.51974 1595.12
389.18445 486.593
391.21939 1373.18
391.55383 893.438
391.85571 704.558
394.17651 400.507
403.22092 379.297
404.69302 730.051
408.87042 3000.49
409.20779 1261.95
409.54163 566.82
412.24554 438.268
418.20248 726.525
418.50757 2518.36
418.55560 436.186
418.69208 4143.71
418.84198 1724.23
418.89981 1413.16
419.20065 1236.45
423.87857 2611.29
424.21173 2041.89
424.48264 491.169
424.54678 874.23
424.73123 460.7
426.24481 1955.03
426.74963 753.172
428.23022 2301.34
428.56497 1597.29
428.89914 598.782
428.98798 585.062
430.20139 1333.25
430.48480 1151.03
430.73608 1448.24
430.98779 527.429
431.23737 406.885
431.74258 845.368
434.74207 6924.55
434.98975 13700.8
435.23972 11729.5
435.48904 5085.6
435.73932 1416.45
438.71426 11027.1
439.00046 643.57
439.18393 2130.64
439.24539 72241
439.35315 609.71
439.39185 782.853
439.49402 70927.9
439.59283 394.848
439.74506 37306.3
439.99442 12812.3
440.24573 2732.32
440.49478 480.78
443.74640 10318.1
443.99649 10294.1
444.24722 6188.64
444.49805 2415.2
444.75092 587.802
448.20932 472.431
449.21552 452.83
451.23752 864.653
451.55685 2538.53
451.89108 1925.18
452.24222 1532.41
452.56116 444.656
452.74524 773.057
454.25085 677.177
454.58774 1849.24
454.92606 1050.51
454.97626 705.156
455.22195 840.386
455.48090 635.558
455.57141 751.544
455.72861 458.141
455.91721 489.77
456.53445 2212.37
456.87198 1149.04
457.19449 393.376
457.24725 632.152
457.57632 449.928
459.23636 4045.93
459.48315 12024.8
459.73337 8293.08
459.98376 4175.5
460.23279 1428.22
460.88940 3292.66
461.22305 2209.07
461.55518 1015.97
463.73804 75335.8
463.85123 895.561
463.89246 600.331
463.98828 79213.8
464.09744 659.892
464.12323 586.281
464.15683 491.686
464.23813 39582
464.48849 14333.8
464.73993 4485.35
464.98810 777.402
468.24069 3318.36
468.49094 2398.83
468.74039 1256.44
468.99170 526.471
472.28677 15068.4
473.28940 3600.3
474.29657 532.181
475.23315 2703.08
475.73349 1405.25
479.27264 531.778
480.77853 2073.65
481.27954 1420.04
482.91727 497.001
483.25839 453.569
483.73352 403.093
483.89639 1537.78
483.97742 1883.58
484.22397 3783.51
484.47668 983.276
484.55148 1571.16
484.72266 436.528
485.76904 414.354
486.26935 401.889
486.90787 846.567
487.26654 1223.16
487.30530 1635.49
487.57370 535.379
487.69678 686.773
487.76309 595.005
487.88705 1232.7
488.23203 7224.46
488.32437 774.046
488.48233 6737.77
488.74512 5059.64
488.98038 1728.94
489.25690 3890.63
489.89703 874.432
490.22925 607.188
493.54654 1021.59
493.88040 709.997
494.77460 3054.81
495.27573 1901.89
495.72293 2464.85
496.21948 915.353
504.28281 528.605
507.29425 522.738
508.21716 1844.57
508.78381 1603.8
509.28326 1042.93
510.28940 435.012
516.55249 986.933
516.88641 910.971
520.28186 636.545
520.77307 871.826
521.27057 881.857
529.28552 10422.5
529.78522 5188.02
530.28302 2071.88
530.76941 403.006
532.27332 681.023
534.75830 456.599
535.26227 483.902
538.29132 2538.53
538.79187 1298.98
539.29108 442.722
542.95374 628.697
543.76166 2412.77
544.26337 1067.3
545.26764 837.505
556.28003 564.086
557.77020 464.491
561.30383 671.366
564.30090 1056.81
564.80133 837.901
565.63916 1331.11
565.97339 1331.9
566.31110 784.192
569.26373 522.773
569.75745 648.858
573.30823 2213.17
573.80768 866.599
574.30676 483.813
577.81598 428.668
578.27307 9577.94
578.77332 5868.47
579.27283 1403.45
579.64789 406.65
579.98138 471.247
582.34174 488.721
583.31836 2178.19
584.32227 438.235
587.27692 645.395
588.31079 1533.96
588.76141 3157.33
589.25909 1771.65
595.24762 5307.59
596.25110 1445.63
597.25073 396.228
598.29846 738.854
598.63379 1199.91
598.97247 424.743
599.29889 426.295
600.34515 5145.2
601.35077 1354.4
608.28900 452.545
610.32928 411.025
611.30597 449.17
612.30847 461.698
616.37878 447.637
619.30353 1212.82
620.30115 421.68
622.84021 2866.76
623.34125 1794.08
623.84259 843.334
630.27625 536.941
646.27527 3998.62
646.77612 3712.79
647.26855 628.349
657.35083 595.807
657.84973 508.736
662.36377 515.379
666.37158 418.755
668.34790 457.25
676.35321 433.987
680.37561 774.603
692.33398 898.036
693.42340 1223.31
697.39911 9244.66
698.40210 3110.57
699.41199 820.844
701.39471 3323.41
702.39679 1443.95
707.33295 399.595
708.33167 2218.34
709.33521 716.034
725.33643 697.096
725.84247 536.252
732.34576 2634.19
733.37122 663.698
766.41968 1483.25
767.41168 558.536
770.33221 420.341
777.34979 1925.41
778.35712 1180.88
805.34961 20787.5
806.35242 9529.93
807.34949 3154.78
808.35480 651.231
830.38611 516.565
836.37079 784.364
845.44806 751.681
875.33038 1425.32
876.33447 394.776
949.45959 1422.01
950.46112 730.417
