1731.89907 4
110.07097 1447.09
120.08050 3275.91
121.08376 296.322
129.10199 5599.67
130.06482 3915.54
130.08607 1108.68
130.10426 348.286
133.08556 318.319
136.07549 2828.38
147.11253 1967.81
157.06076 632.223
159.07582 484.086
159.09137 7581.28
170.06012 679.166
171.07597 844.277
175.11855 3380.68
183.11246 361.22
185.05530 1092.19
185.16454 4837
186.16824 579.286
187.08540 421.547
198.08713 455.571
199.07101 2436.12
199.17955 552.4
200.10245 317.427
201.12300 2861.2
202.12662 326.64
204.13394 2233.39
213.15929 1354.34
216.09747 7740.08
217.10060 600.706
226.08200 3464.13
226.11852 1030.43
227.06818 504.942
229.11804 2576.85
231.11023 575.851
231.63936 633.596
233.16600 292.64
235.65778 472.375
239.14995 521.905
240.15213 1175.21
241.08150 671.218
241.13283 325.144
241.63808 347.45
244.09221 6078.55
244.12827 1236.06
245.09335 320.625
249.12222 460.384
249.15921 5110.33
249.65489 1710.21
250.16177 445.773
256.14401 533.358
256.17621 561.115
258.15942 1254.59
259.09207 305.039
259.10843 401.988
259.16409 375.997
269.09137 1232.08
271.14713 1722.64
271.64923 364.561
272.17126 469.445
276.17020 525.411
277.15387 1540.03
279.65396 545.724
284.13870 1252.84
284.18335 1020.65
284.68539 369.756
285.14792 828.837
286.15137 731.325
287.10223 1791.64
288.10547 351.645
296.15970 3064.13
296.66071 632.351
297.08627 435.752
297.66516 2232.21
298.15857 335.175
298.18500 724.938
311.10104 915.444
311.67484 719.039
312.15131 956.989
312.65433 301.652
315.09851 646.585
315.49347 580.302
317.14197 477.883
320.68124 6431.52
321.18228 2312.77
321.68387 372.58
325.67288 477.001
328.12845 748.285
329.11176 1115.65
333.19162 347.359
334.67831 3299.7
334.72540 507.758
335.18057 1253.96
335.68265 310.725
339.09735 477.282
341.66959 355.258
344.17160 486.044
346.13965 758.087
348.15302 417.216
350.18021 796.85
351.20178 4124.45
352.20438 818.158
353.18088 1779.71
353.68246 803.41
355.66422 472.044
356.69684 1224.38
357.10757 1132.99
357.22400 575.051
358.66089 386.906
361.19745 19705.5
362.20215 2984.62
363.20575 421.804
363.96616 321.899
364.18027 453.23
368.21939 733.065
368.71661 334.627
369.25873 765.107
370.21564 1016.78
370.71481 446.61
374.13763 523.563
377.22339 7818.94
377.72473 3371.84
378.22574 817.276
380.21942 702.498
380.55438 1251.49
380.89111 359.557
381.66217 1671.9
382.21878 308.057
383.20248 1206.42
384.20868 950.982
384.73288 360.778
385.21884 2040.08
385.47028 726.243
385.72058 566.256
386.21896 385.789
386.65518 820.625
387.16208 390.724
389.25027 2220.54
390.22455 521.634
391.16309 945.194
391.22275 1670.52
391.72278 737.745
395.66074 910.794
400.23166 417.321
401.52765 489.602
407.66095 870.865
408.16006 374.715
408.69760 798.4
409.18665 408.98
409.96091 792.185
410.21634 387.168
412.20740 985.505
412.54166 666.353
415.68231 1728.38
416.18076 1396.91
416.25674 637.905
416.66568 9258.96
417.16742 4864.14
417.25427 539.024
417.70261 8990.33
418.20395 4042.65
418.70526 963.179
423.22089 699.938
425.17880 929.895
425.67941 559.899
426.19357 488.043
426.70825 3421.98
427.20834 1162.85
427.71094 368.721
428.88660 4187.13
429.22131 2237.74
429.47678 428.326
430.11942 319.496
430.23138 2366.33
430.73303 409.556
432.18958 351.637
432.26349 386.783
433.20126 767.325
433.25159 750.305
433.73630 1477.03
433.87866 768.907
433.98209 400.517
434.03824 463.237
434.20004 1740.97
434.25183 804.695
434.29330 464.195
434.56195 4586.67
434.69821 423.94
434.77924 2819.35
434.89459 1975.75
434.98495 507.642
435.24536 310.251
440.75793 378.963
443.22437 1229.27
445.20822 645.517
458.21881 433.455
461.28296 325.764
467.23752 434.803
470.16638 356.081
470.30823 1254.76
471.31000 322.406
472.13409 911.911
476.22495 12563.7
476.74310 3032.04
477.22687 2915.91
479.29654 2476.21
480.29602 775.286
482.27097 2571.47
483.27414 585.828
484.20392 583.476
487.74493 739.661
488.24966 311.504
494.25500 465.768
498.30191 4499.25
499.30420 1368.62
501.24918 700.788
501.58771 518.145
502.22098 747.583
507.25491 3126.37
507.58908 2413.8
507.92380 1190.56
508.25543 434.513
520.23804 597.265
521.79675 372.51
522.30872 339.091
534.27533 1958.37
534.60767 1495.29
534.94379 468.677
539.29230 733.013
540.27820 8470.05
540.61133 7221.51
540.94574 3902.82
541.28320 3109.11
541.61420 393.61
542.28748 523.149
542.76776 1126.44
543.26172 1966.47
543.76068 585.793
551.27325 658.857
551.77087 787.812
552.27521 425.84
560.76575 955.849
561.26733 431.078
569.28174 6792.88
569.76849 638.568
569.83313 1035.18
570.27631 1866.22
570.34753 823.212
570.83051 619.165
575.32874 6036.73
576.32843 1042.68
577.25244 406.122
587.29315 5046.87
587.79333 1978.54
590.28790 756.788
591.31244 10226.2
592.31744 2171.79
594.32300 3957.98
595.35614 2456.7
596.35748 1165.68
598.33594 749.664
598.83923 1010.51
599.33240 424.16
603.27570 331.292
605.28540 963.121
606.28381 558.979
610.36493 350.966
613.25525 532.417
617.80994 766.228
618.30872 555.893
622.34900 348.507
623.29187 21017.4
624.29462 7133.68
625.29736 1083.63
631.27039 1462.48
632.27722 486.958
638.36084 1892.74
639.35352 487.529
640.35504 3382.08
641.35718 1119.65
649.27954 1053.61
650.34308 1607.82
651.34271 768.868
652.38995 361.063
668.35040 15557.2
669.35352 5943.27
670.35602 1448.65
677.40808 407.148
687.32928 348.038
688.28638 474.18
699.34851 461.443
704.39966 377.473
705.35425 1978.6
706.27893 651.921
706.37756 672.768
707.30225 389.98
710.32861 427.157
712.39185 1034.14
723.36499 10639.6
724.37286 3912.11
725.37885 915.989
727.35205 1144.64
734.32336 719.785
735.31732 343.839
736.86615 425.07
739.42322 1113.5
740.42603 392.389
745.87555 375.965
746.36322 467.725
748.33698 366.675
749.41913 451.697
750.42664 317.846
751.44995 530.449
752.33533 3314.16
753.34698 1457.32
754.43182 576.954
762.31879 4165
763.32672 1762.75
764.32953 332.322
767.41809 3673.86
768.42194 1671.5
781.43335 3998.48
782.43719 1821.5
783.44891 472.098
797.39313 764.635
798.39240 473.672
816.38391 698.218
817.38306 483.626
834.39557 4773.36
835.39984 2266.61
836.39960 533.938
852.40784 17565.8
853.41052 7880.76
854.41449 2102.79
855.41821 341.006
859.46204 540.249
862.37878 343.02
880.50006 599.978
896.45825 1020.5
897.45972 597.039
915.46191 467.824
951.47601 3848.27
952.47882 2014.38
953.48431 540.76
974.48523 1074.96
975.48730 388.189
1137.55310 432.077
1140.52979 425.479
