1423.66973 2
110.07108 3783.53
112.08669 1653.38
113.07070 1472.07
115.08649 942.129
116.07038 1114.44
120.08054 5395.8
121.08399 462.997
127.08642 1657.75
129.06583 758.523
129.10204 5471.11
130.04999 407.38
130.06474 485.36
130.08641 1002.15
131.08127 4030.91
133.04291 602.084
133.08607 518.007
136.06172 720.176
136.07552 3712.61
141.06566 1574.86
141.10156 552.617
143.07982 391.383
143.11745 466.839
145.06093 367.694
145.09691 4983.35
147.07607 378.692
147.11250 1646.42
153.06546 627.843
154.06042 493.126
155.08134 4100.27
155.11795 1364.97
157.06133 471.771
157.09776 682.12
157.10550 598.274
158.09209 3782.43
159.07619 13283.6
159.09071 1096.35
160.07941 786.508
167.08159 1917.58
169.06036 435.659
169.09599 437.349
169.13303 492.561
170.09241 542.946
171.07570 683.413
171.11241 739.243
172.07043 454.949
173.09190 8586.28
173.12802 9821.91
174.09550 571.674
174.13139 454.124
175.11868 18932.3
176.12285 1129
177.10167 576.325
180.07692 390.396
181.06039 695.594
181.09674 488.296
183.07542 504.2
183.11179 459.304
183.14905 736.817
184.06194 391.153
184.10767 1724.91
185.09229 2335.63
186.12279 447.722
187.10854 496.363
187.14371 2350.41
195.07619 851.958
196.10797 820.131
197.09206 714.18
197.12868 795.683
198.08694 1948.63
199.07144 1062.76
199.10783 557.572
199.18030 2286.63
200.10280 813.063
201.08687 6784.18
201.12302 7951
202.09180 374.371
202.12653 505.215
203.12053 977.69
205.09712 677.629
210.02548 553.963
211.14397 403.241
212.10268 3968.27
213.08649 1492.74
213.11333 429.163
214.11835 5888.83
215.10207 1273.89
215.13840 2683.91
216.09743 3019.89
217.08231 1134.99
219.07977 655.987
221.09178 588.899
221.12840 761.223
223.15550 381.644
224.10237 2219.73
226.11723 1321.93
226.15405 702.327
227.09952 609.052
227.17513 1323.67
228.13231 431.717
229.11710 954.959
230.11288 1111.19
231.11234 989.034
232.12886 1938.39
233.09482 1590.43
238.11836 528.543
240.09796 1379.25
240.13318 1057.17
242.11327 16836.5
243.08093 743.246
243.13106 2989.75
244.12724 658.096
244.16505 2147.61
249.12329 670.405
250.11792 875.261
251.15079 423.652
252.09679 831.531
252.13344 424.196
255.14445 528.956
256.12866 578.136
257.11066 509.09
258.10699 638.579
258.13843 461.431
259.09296 952.729
260.12366 9966.09
261.09079 1125.22
261.12759 865.188
266.11151 813.957
267.14520 621.279
268.12885 1275.27
269.12381 3184.45
270.10840 1335.39
270.14444 2824.61
272.17200 541.335
278.11420 588.137
280.12796 953.72
283.14005 529.003
284.12375 2636.59
285.15524 4708.55
286.12033 1127.37
286.15860 598.911
287.13477 4615.3
288.10019 1870.07
288.15564 2500.3
295.13989 1419.43
298.13986 750.343
302.13422 3489.55
303.16611 486.892
304.16104 15042.9
305.16257 2395.79
306.11078 991.067
307.14011 580.43
308.12323 705.266
313.15005 6132.64
314.15512 798.611
314.20734 2023.2
322.18698 2293.89
323.13614 596.326
325.15054 668.276
326.13333 971.246
327.12872 393.73
330.11069 1004.87
331.16083 2228.68
332.12799 957.134
335.13544 688.062
341.14645 1560.65
344.14609 868.697
351.16553 934.345
352.19836 478.481
353.14557 1340.72
355.16226 865.616
356.21970 575.635
357.19351 523.965
359.15524 1200.29
360.15787 526.535
369.17587 964.048
370.20734 2942.21
371.16769 488.432
372.17621 1221.9
373.24600 390.178
379.16031 763.419
380.15576 857.196
381.11871 803.813
383.22580 552.16
391.20209 949.252
396.18762 1721.23
397.17154 1230.2
398.16656 3688.58
399.13129 1120.88
401.18372 1548.21
401.23874 1186.05
404.25165 450.073
414.19781 1420.49
415.19659 809.842
416.17487 1631.99
417.14392 1704.21
419.19522 848.213
424.18234 1720.1
432.20874 453.573
433.20389 4489.02
434.20615 1061.38
435.15109 430.02
442.19244 3024.31
443.19760 957.681
451.23224 572.412
455.23416 823.866
457.28906 575.894
460.20139 1078.49
461.20880 503.107
470.22250 1028.79
488.18344 594.51
494.26273 413.031
498.22073 519.21
502.23984 603.968
511.24960 961.557
512.20923 916.69
512.26721 777.357
520.24170 431.689
529.26160 3218.2
530.21881 1079.02
530.27576 944.12
546.28766 8870.68
547.29028 2193.97
548.24158 423.065
550.30157 741.385
556.28571 1206.16
573.22839 521.683
598.30096 1018.44
616.32977 1342.67
625.30743 695.7
626.29993 2618.51
627.30273 787.139
642.35272 600.899
643.31500 2228.88
644.31580 1029.72
647.31946 509.543
659.37158 5629.26
660.37573 1567.8
681.34363 811.104
697.40503 762.385
724.27740 1032.45
728.40900 639.679
729.39612 577.299
738.35730 3466.92
739.36450 1068.72
745.37305 1813.83
746.40283 11849.4
747.40625 4464.93
748.41205 842.191
754.35107 1055.17
755.34827 532.313
771.37457 756.696
772.37720 501.202
773.36127 1021.23
775.37103 537.379
803.42761 791.123
804.42676 454.58
815.42572 2200.04
816.42078 1328.07
817.41370 559.329
833.43530 30675.2
834.43683 11768.3
835.41870 5903.49
836.42365 1669.44
837.41589 499.49
874.42737 522.569
882.40948 1108.28
883.40356 473.508
887.41675 769.81
892.44220 556.273
900.41541 1798.39
901.41833 830.924
930.47064 509.808
934.45490 427.672
935.46844 462.078
936.46899 833.826
946.46442 2415.15
947.46179 1766.3
948.46527 674.389
964.47473 27066.3
965.47644 12932.7
966.47736 4231.87
967.47321 927.971
1013.50275 1630.41
1014.50385 743.601
1051.49976 517.989
1057.49646 498.791
1075.50439 5516.36
1076.50684 2765.05
1077.51270 1205.16
1093.51819 18014.6
1094.51831 9381.39
1095.52039 3872.33
1096.51514 736.297
1103.48853 805.988
1104.48767 603.65
1126.58862 782.777
1127.59668 543.518
1128.53906 455.196
1144.59900 424.737
1146.53601 764.393
1147.54810 534.814
1164.55298 10522.3
1165.55676 6033.59
1166.55737 2333.63
1167.55835 563.202
1212.66199 1191.51
1213.66382 701.058
1265.60742 1350.25
1266.60156 1079.01
1322.61987 723.826
1323.62769 728.615
