2042.86045 3
129.10191 17673.7
131.08168 3050.84
136.06172 3594.41
141.06567 2995.17
143.08076 3164.11
145.06039 3546.46
147.11188 1647.31
155.11723 1585.09
157.06015 1978.22
159.07578 2840.08
161.09163 13617.3
171.07608 10541.1
173.05484 3676.46
173.12802 11666.1
175.11826 8596.99
183.11209 6031.15
185.05556 1790.7
186.12291 3262.23
189.08650 11945.2
201.12282 14111.7
203.06610 4562.59
210.08577 2346.51
212.13846 2230.87
228.09724 6755.67
238.08163 4469.26
242.07545 1557.73
244.16434 2011.25
255.10800 4390.85
255.14407 2251.02
256.09201 13866.6
260.08722 2759.97
272.11240 1702.2
272.17108 125403
273.11902 1574.7
273.17422 13963.1
274.10251 4112.46
284.15939 2972.07
285.11859 6040.32
286.10278 4431.55
287.17203 2186.03
302.17133 2760.64
303.12811 1646.14
304.11444 2680.75
312.04648 1997.2
313.11444 3927.66
324.16687 1795.84
327.16507 3708.56
330.17014 2747
337.14911 1655.01
341.19241 13027
344.16922 2073.95
350.15384 1591.31
355.15964 4536.35
359.19891 2234.12
373.17172 1655.88
393.67206 2163.51
398.20221 2147.36
399.14380 4539.06
399.64334 1870.51
401.19089 2067.54
401.68350 2752.99
403.14517 1641.56
412.18018 1618.1
416.21277 10901.4
421.15125 1617.49
421.19363 1884.15
426.18686 3617.19
429.69928 5857.93
430.19962 4015.74
433.01486 2022.52
433.65732 3304.76
434.22229 1703.19
438.19965 2351.63
439.16663 17064.4
440.16647 2335.07
442.66049 5603.99
443.15860 2646.38
448.21729 2176.35
448.70956 7261.65
449.20923 3565.36
449.70422 1763.07
456.21854 27475.3
457.22177 16420.5
457.71442 15972
458.21362 6929.64
462.20862 7051.4
462.70789 8940.75
463.20874 4376.51
466.72000 1712.57
471.21848 12866.3
471.71295 14730.9
472.21143 5640.57
474.21857 3076.36
475.17477 4885.85
475.67700 1741.74
480.22455 6516.84
480.71664 9058.54
481.22079 2893.56
484.17175 2663.41
493.18661 2523.88
495.21970 1658.9
497.74911 2275.78
498.24240 9605.51
498.74463 3898.04
499.24619 1658.2
506.75473 10089.3
507.25015 18483.7
507.74893 10112.6
508.24478 2068.13
512.24445 1749.8
513.22882 7242.04
514.23199 1749
520.74841 2366.94
521.24634 3960.42
521.74805 2106.32
527.25616 13088.3
528.25970 4222.1
531.23956 22403.7
532.24347 4566.21
541.21997 3305.75
554.19568 22341.9
555.19946 4807.64
562.26886 3731.18
562.76581 7381.11
563.26373 3838.44
567.24689 1861.53
567.75958 3139.52
570.25055 5474.03
571.27924 2630
571.77014 8581.8
572.27057 4751.57
580.28101 8981.61
580.77643 13298.2
581.27661 7941.21
581.77014 2789.46
583.78552 2822.34
584.27734 78543.1
585.28027 20741.9
586.28534 3727.63
587.27875 2835.46
588.26190 17910.2
589.26331 4607.27
592.28638 1967.66
601.29211 2209.48
602.28900 5903.79
606.28644 2208.01
609.63562 1841.85
609.96954 2041.64
615.28973 2365.17
615.79071 2063.82
625.23108 16047
626.23169 3406.11
631.80035 1930.42
641.32855 2467.23
648.67468 7875.97
649.01050 7590.31
649.35034 4487.02
655.00854 1749.32
658.34399 1811.56
659.33398 7881.25
660.33594 2805.63
669.32001 9264.66
670.33228 2926.78
671.31390 1788.14
681.29077 7819.83
681.67944 2983.09
681.80206 5746.93
682.07111 2863.73
682.25153 60287.7
682.79559 1982.85
683.25391 17322.9
684.25806 4111.1
686.34589 7586.43
687.32874 56576.4
688.33215 17591.3
689.33148 4220.12
698.31927 11162.7
699.30389 47746
700.30713 14597.4
701.31226 3851.66
704.35925 2814.93
717.31293 4215.04
766.34204 2107.64
767.33600 3293.62
768.32416 13269.3
769.32428 6284.45
779.26959 7881.74
780.26709 5037.8
783.36694 1809.74
784.34808 5443.27
785.35156 19215.4
786.33606 56908.4
787.33862 21704
788.34021 4309.16
796.29797 12364.3
797.28046 47520.8
798.28229 15369
799.28137 2456.91
801.37170 12238.1
802.35950 24921.7
803.36151 10993.8
804.34979 7645.45
805.34259 2517.6
814.33014 2392.59
825.33838 2980.76
831.38837 1899.83
840.38239 3814.78
841.37006 6440.7
842.37000 3879.76
843.36633 2966.4
851.36182 6821.33
852.36292 2216.57
857.39807 2102.93
858.39227 15677.4
859.38025 28081.9
860.38074 12320.1
861.36829 3083.13
866.30359 14605.9
867.29749 4771.98
868.40594 1747.82
869.37189 13209.1
870.37335 6264.57
883.32733 13983.1
884.31396 48425.2
885.31488 17339.2
886.40686 17533.2
887.38538 57757.2
888.38751 23845.4
889.38696 6774.59
897.39282 2031.39
898.39832 3097.1
904.41467 2572.07
905.39948 5771.46
906.39935 3608.78
914.42029 2927.87
915.42267 5273.08
916.40894 8491.65
917.40662 4559.65
923.43225 2383.58
924.40857 10461.5
925.40741 5740
931.43591 2414.06
932.43164 5316.93
933.42773 1898.92
941.43121 40038.8
942.41718 78093.5
943.41846 30746.7
944.42230 8638.56
949.33685 6602.25
950.32983 2470.48
959.44257 32671.7
960.42657 72903.1
961.42883 29624.7
962.43475 7042.89
966.37616 2111.85
967.34637 10562.1
968.33325 4786.33
984.37543 15393.3
985.36017 45414
986.34497 17172
986.52167 3831.58
987.32794 3114.63
987.49481 2482.39
1013.49030 3461.11
1014.48700 2784.74
1015.46777 3110.26
1023.47363 2991.28
1024.47424 1911.68
1030.52271 2309.63
1031.50537 8126.64
1032.49988 3256.69
1040.49841 6309.23
1041.48767 15059.3
1042.48230 7995.49
1043.48230 2587.93
1058.50842 18149
1059.49756 38598
1060.49744 17668.7
1061.50061 5157.78
1066.42773 1900.47
1083.43799 1744.4
1084.43115 5293.16
1085.43115 2864.05
1141.54980 3128.04
1142.53442 6568.84
1143.54199 3809.09
1159.56055 2220.24
1160.54016 4663.25
1161.55566 3007.06
1229.57495 1872.76
