2861.48134 4
110.07117 499.457
119.04884 202.119
120.08077 3874.82
121.08375 310.821
129.10234 4655.3
130.08641 404.036
130.10518 293.843
136.06322 199.087
136.07578 8421.37
137.07892 807.601
141.10242 299.524
143.11755 640.471
147.11284 1159.59
159.09146 596.755
169.09717 505.846
171.11272 1008.09
171.14909 697.277
173.12848 1557.62
175.11932 649.823
183.14989 270.842
185.16536 279.881
186.12373 2750.97
187.10849 200.197
189.08672 272.947
198.08800 305.538
199.14406 366.929
199.18066 368.78
200.13976 297.977
201.12347 1256.02
207.11281 200.958
210.02588 560.537
211.14455 261.73
215.13881 569.327
216.09790 1420.21
217.09613 392.907
218.15001 2302.13
221.12830 202.942
227.17430 205.592
228.13409 221.023
230.08131 512.604
233.16611 356.706
235.10817 339.621
237.12332 418.635
243.13419 395.879
244.09425 212.496
244.16501 385.901
245.07675 290.097
246.09117 237.336
247.10831 1192.55
260.19528 237.143
261.09055 195.371
264.13397 193.223
265.11816 866.87
275.10574 219.922
288.11798 342.484
292.12921 230.686
300.15497 1038.56
304.16217 283.662
314.17056 197.128
317.21823 1509.84
318.14551 369.705
330.12979 453.784
334.13940 347.449
344.14648 450.029
345.15936 372.31
346.17847 375.607
358.13855 231.399
363.17099 275.685
375.16519 728.121
388.25546 1756.79
389.25638 282.939
395.22971 323.456
399.22253 257.773
403.23083 218.46
409.22766 772.558
409.72906 342.842
415.18372 1435.94
415.73560 523.209
416.23212 214.248
424.22583 216.207
424.56262 246.244
429.19498 310.22
430.23691 242.056
443.21368 303.285
445.17279 507.062
451.77097 338.038
462.19714 491.066
465.27682 260.091
465.76974 1060.11
466.27237 634.003
466.77100 250.984
479.25821 369.544
479.58850 298.967
485.26031 471.707
486.26132 449.984
501.33957 1356.65
502.34494 380.594
503.79868 232.496
506.22336 235.816
508.26578 1243.83
508.60016 1054.27
508.93546 508.192
509.28372 537.465
514.25256 1564.28
514.60236 1116.1
514.93866 270.956
515.25305 455.026
533.32184 562.893
542.28583 241.779
543.28302 496.394
550.80902 361.403
550.95233 516.207
551.28802 465.858
551.62305 338.039
552.28857 416.164
552.79047 470.089
553.28656 215.356
557.29486 339.007
559.80957 653.912
560.31006 244.766
561.28949 216.544
573.26782 493.247
573.77429 244.949
579.27026 306.793
585.28302 352.333
585.31439 306.061
585.81647 254.889
588.31848 291.676
588.82294 248.68
590.63562 310.764
594.32159 994.322
594.82104 670.898
595.32135 277.177
601.30353 258.621
603.32495 1009.16
603.82422 667.586
604.33972 249.238
605.97485 222.682
611.64325 426.608
613.32068 1269.74
614.32330 689.786
616.36725 1873.88
617.37122 549.266
617.77728 227.29
622.01038 229.209
622.33765 233.517
622.83368 237.382
625.32385 239.203
625.81757 329.084
626.32153 357.737
626.82214 231.213
627.31848 241.837
627.64313 284.098
627.97754 299.263
628.36829 581.427
631.34326 632.156
631.84235 390.089
632.33698 674.414
632.98920 318.913
633.31860 714.133
633.65179 440.053
634.82080 339.353
635.83612 2346.45
636.33966 1720.88
636.84351 461.713
637.33661 220.32
638.98901 1279.56
639.32654 1196.71
639.65430 804.573
639.85162 389.349
639.98999 424.338
643.33240 359.529
644.84357 4880.46
644.99487 883.171
645.34198 3905.71
645.65527 370.746
645.84698 1085.28
645.99182 338.986
646.35242 511.584
649.25708 294.686
652.01953 374.064
652.35614 785.812
653.84833 4191.9
654.35034 2740.62
654.66528 632.318
654.85168 1125.39
654.99994 462.695
655.35205 405.995
663.00952 354.782
666.34961 263.346
666.77106 1060.03
667.25879 312.18
668.31384 383.586
668.87933 366.629
669.33813 473.907
669.84155 426.007
670.38611 328.215
670.84900 263.978
672.34875 347.353
677.34607 221.085
677.85980 278.742
678.34747 879.915
678.69116 237.007
678.84924 356.056
679.34180 383.49
682.67957 224.092
683.01062 259.529
683.35571 250.285
683.69202 267.387
684.35876 457.423
684.68787 1102.88
685.01984 960.108
685.35529 478.668
686.85199 277.778
687.35870 402.376
695.86920 329.507
696.36926 707.622
697.37537 310.705
704.38580 269.898
704.88330 328.193
705.37653 385.737
705.87909 230.604
707.34863 250.326
707.75262 286.673
708.34723 226.219
709.38306 427.9
709.87805 406.956
711.87769 491.991
712.12115 480.737
712.38495 421.093
713.38745 1132.17
713.88593 794.494
714.38208 668.078
715.29962 1398.85
715.46832 1807.49
715.71442 598.452
715.83679 1337.39
715.97662 662.946
716.33459 2662.3
716.48242 708.512
716.71344 222.366
716.84503 1251.99
717.06555 691.768
717.29144 1332.07
717.39563 2089.33
717.50720 277.926
717.66150 670.738
717.77246 585.903
717.88745 243.303
718.00757 405.853
718.37982 2910.23
718.87927 2080.17
719.37939 1074.92
719.88269 264.581
727.38281 4606.9
727.88373 3614.52
728.38672 1647.23
728.88696 651.398
731.39294 8023.23
732.39655 2794.78
733.37732 833.633
733.86151 496.312
734.39246 257.973
742.37140 905.852
742.87164 440.828
743.38129 337.061
743.87915 345.492
744.37476 331.66
745.41876 809.775
746.42603 276.287
748.38300 539.856
748.89966 223.236
752.89349 325.103
753.39166 398.14
753.89185 281.967
754.39227 244.123
756.91541 253.502
757.41321 240.41
761.39581 233.225
761.89307 3471.83
762.39508 2829.61
762.89697 1525.12
763.39117 342.707
769.40588 297.78
770.40710 878.162
770.90051 3915.52
771.40179 3245.97
771.90369 1365.77
772.40643 562.225
776.89264 247.573
777.40680 319.018
778.39471 226.691
779.41559 1654.43
779.91522 1323.61
780.41925 536.416
794.38342 292.905
795.42877 260.39
811.40900 248.08
812.42657 250.456
813.42120 270.561
815.39996 310.891
816.41229 288.299
816.91998 616.086
817.42273 1111.8
817.91705 343.681
818.44391 320.068
820.41705 235.846
820.92706 633.776
821.43695 645.236
823.90155 769.028
824.40619 507.945
824.89532 371.274
825.41803 283.473
825.92450 3717.25
826.42419 3498.25
826.92633 1554.6
827.42682 861.415
827.91815 236.68
830.46222 15073.1
831.46521 6726.17
832.46527 1841.48
833.47382 385.256
834.41083 299.175
834.92871 8825.41
835.43018 8224.8
835.93115 4210.18
836.43372 1268.39
836.93573 460.552
837.68542 252.308
841.41516 279.28
845.92072 275.737
846.41827 548.197
846.92682 308.221
851.42896 246.062
852.42084 320.076
853.41595 303.768
856.91327 449.003
857.40820 277.985
858.43652 256.9
858.53406 330.349
859.42371 357.602
859.91235 248.627
860.40637 326.037
865.42175 957.588
865.92175 871.172
866.42236 613.199
866.92017 229.464
874.43726 1993.78
874.91516 460.659
875.43921 942.419
877.43628 273.937
881.10504 254.835
881.45306 353.704
885.46002 343.82
886.80243 325.379
887.12531 543.044
887.46045 340.964
894.45813 366.735
898.95087 234.777
900.95068 315.597
902.47156 498.771
902.95953 698.841
903.46704 323.766
907.45123 437.735
907.95111 494.705
908.45923 560.25
914.95746 238.61
915.47211 348.733
916.46118 2459.79
916.96234 2820.05
917.46313 1353.28
917.96472 621.227
923.43152 413.497
924.43488 382.945
929.53137 7451.72
930.53381 4535.88
931.53650 1547.97
932.53442 368.232
933.49323 274.851
934.49762 244.239
936.47247 362.425
944.47186 350.498
944.97803 420.259
945.47150 896.64
945.97144 332.198
948.96637 296.147
949.47125 888.684
949.96765 648.353
950.48364 278.267
952.49707 265.734
952.99146 443.553
953.48761 529.46
957.50061 265.155
957.97925 4111
958.47925 4554.5
958.98022 2675.5
959.48401 1263.34
959.97150 421.39
960.57568 259.198
966.98199 1559.27
967.48608 2213.33
967.98871 1493.11
968.48901 399.358
969.99225 268.815
970.47412 258.664
985.43152 231.725
994.51471 275.363
995.00378 237.723
1002.52411 304.981
1003.48560 1345.72
1004.49805 620.889
1007.51105 815.212
1008.01447 986.136
1008.50806 713.341
1009.01300 490.357
1016.52014 1011.87
1017.01776 1032.37
1017.52820 595.008
1018.02148 258.466
1022.51593 246.28
1030.57764 7069.84
1031.58057 3570.01
1032.58606 997.5
1033.59448 243.886
1043.53650 237.769
1044.52417 511.477
1088.62390 331.171
1103.57336 369.701
1118.62476 265.381
1121.58801 307.089
1134.52319 835.914
1135.53467 234.595
1172.56409 294.272
1175.63354 752.775
1176.64392 503.549
1181.07935 680.024
1181.58313 957.328
1182.07971 515.426
1187.68359 366.306
1190.56445 304.69
1193.64246 2589.01
1194.64392 1423.7
1195.64441 489.828
1206.64722 253.466
1263.56189 251.765
1264.59167 238.297
1268.64172 312.142
1273.63074 337.958
1288.68018 235.035
1304.69226 289.435
1306.67920 272.494
1337.64856 264.766
1390.72900 250.208
1453.75354 316.542
1454.75549 279.682
1540.79309 243.859
