2250.03457 4
110.07114 978.253
120.08060 4909.21
121.08355 378.685
129.06598 551.727
129.10207 1180.19
131.07030 846.262
133.06073 2284.95
133.08582 11463
136.06306 388.095
136.07558 11021.6
137.07903 840.182
143.11771 518.167
147.11261 850.322
158.09239 371.553
159.09178 531.004
161.09161 463.369
165.10202 2634.08
171.07646 1464.43
171.11264 682.251
173.12828 4610.61
175.09682 860.796
175.11876 6899.66
176.12308 339.65
177.11200 7026.41
183.14954 373.646
185.12723 364.497
189.08655 800.991
201.12312 3477.3
202.11722 583.446
210.02432 362.43
211.14374 491.385
215.13893 585.139
221.13852 2075.9
226.08269 737.01
227.06575 696.812
227.10144 336.642
229.11824 3011.35
235.14383 1034.74
244.09245 3822.53
247.10817 701.671
251.15099 636.809
252.07657 324.489
256.14481 505.841
259.10721 1369.19
263.13696 445.402
264.13409 446.908
265.16437 1222.03
269.12357 822.975
272.17426 452.05
276.13388 5089.17
276.16608 1439.2
277.13785 760.603
283.17496 476.154
283.64993 1910.72
284.13766 851.222
284.16022 864.191
286.13657 1151.9
287.13477 1065.18
304.16110 8564.11
305.16412 1021.8
309.19067 903.654
313.08124 384.227
316.14935 2086.96
327.20163 411.823
338.67361 4682.25
339.17535 1942.82
343.14581 375.414
344.12424 484.716
347.67874 862.037
348.17725 335.27
353.21667 699.963
357.17584 461.503
359.20480 656.313
362.13422 374.663
363.16760 640.491
368.19760 609.512
371.22617 350.109
371.50952 506.474
374.16977 518.502
376.65179 388.14
381.17502 554.914
385.18573 547.853
386.20370 576.161
387.67566 770.172
388.17566 411.601
391.19632 434.289
394.19778 380.301
396.67880 2401.86
397.18167 1066.98
397.24435 527.623
399.18671 616.787
403.22916 23136.2
404.23251 4557.24
405.19830 844.652
407.15619 468.936
408.51849 1900.87
408.85217 890.961
413.21500 362.603
415.25320 338.763
417.19763 1530.33
422.23138 5850.66
431.52512 1759.45
431.86011 1297.5
437.20093 491.132
437.53082 1616.15
437.86563 1005.21
441.26788 405.831
444.21103 372.102
456.69949 546.696
457.20691 505.214
459.28430 567.196
460.22156 690.996
472.28049 372.767
474.71249 436.237
479.74664 1087.71
483.71964 375.564
496.20859 520.209
496.27298 614.218
496.57626 790.785
496.69540 962.227
496.91101 669.155
497.18506 352.935
503.30655 1262.42
505.21091 1876.28
505.71179 931.361
507.24170 680.773
509.22208 467.211
513.56683 370.996
513.77734 743.891
514.21478 23231.8
514.71558 12800
515.21606 3937
515.71674 808.285
518.22699 800.321
520.23529 1644.97
524.91327 468.884
526.27747 380.24
527.24219 607.29
530.25342 721.335
530.59387 1900.29
530.92621 1276.31
531.25995 1292.05
531.58954 502.413
531.95270 401.732
538.74353 771.449
539.23688 659.326
547.33209 16029.1
547.75073 1056.3
548.24530 829.727
549.26874 772.398
554.25824 431.141
555.78503 602.931
556.75922 7618.28
557.26062 4344.16
557.61859 552.479
557.76154 1730.77
557.95441 442.009
559.26233 370.213
561.74969 1364.79
562.24005 663.005
562.31860 357.445
562.62805 593.51
562.89929 557.977
562.97198 577.601
563.24292 1633.43
563.33881 761.647
563.56604 639.521
563.62537 784.957
563.85193 9285.84
563.94171 786.334
564.35779 7897.47
564.60767 543.949
564.79749 2641.89
564.88129 840.113
566.29242 27642.6
567.29572 8261.58
568.29779 1876.8
570.75555 11927.7
571.25842 7546.65
571.75861 2772.72
572.24609 474.627
573.24823 360.035
573.74658 507.221
582.25775 421.967
587.25800 866.599
590.74359 498.831
591.26044 372.117
594.75708 683.465
599.26770 1422.93
599.76544 1169.94
600.27148 559.007
603.26788 1142.41
603.76740 1086.18
604.26764 440.929
605.26721 455.881
606.28912 374.191
607.28284 887.383
607.78436 540.861
608.24768 380.837
609.36224 663.664
612.27423 16704.6
612.77502 10386.1
613.27740 4199.6
613.77814 946.224
614.27460 591.983
620.26239 375.814
621.27948 7856.75
621.78131 5268.68
622.27991 1761.38
622.78503 894.027
629.26971 594.417
632.78711 952.341
633.32251 2110.44
633.77966 2828.98
634.27899 1796.01
634.77612 582.164
635.28082 397.382
637.77924 845.299
638.28137 937.409
638.77692 582.016
641.79034 810.702
642.28888 1061.16
642.78381 1262.19
643.28857 694.55
646.78528 18881.7
647.28619 12922.2
647.78741 5572.51
648.28943 1756.18
650.80078 999.023
651.30017 731.989
652.83276 2701.46
653.33362 1892.96
653.83710 1006.61
654.33893 446.26
655.79102 20153.2
656.29163 13820.1
656.79211 5779.48
657.29102 1345.18
662.32526 736.87
664.79584 11145.1
665.29773 8200.92
665.79736 3383.88
666.29700 738.856
673.33685 610.518
676.33954 1184.26
677.32526 8878.19
678.32739 3239.48
679.33191 595.786
689.32764 428.305
694.35101 13699.2
695.35730 5532.99
695.87939 845.826
696.36530 1010.39
698.33148 805.159
703.35522 1491.59
703.86414 1638.55
704.36975 667.069
707.34015 840.61
707.84296 794.248
708.38153 511.097
712.33350 3631.42
712.83417 2678.3
713.33594 1229.83
721.33380 1564.61
721.83710 1063.84
722.33997 662.728
724.31561 1389.14
725.32117 661.262
730.35028 1107.94
731.36139 461.298
744.36017 2664.88
744.86060 2090.26
745.36273 1185.85
746.40961 879.302
752.29175 2161.02
753.29309 872.233
760.83923 490.658
761.33282 509.163
769.84357 926.133
770.34625 967.46
770.85297 469.883
774.33972 1718.93
775.34601 937.718
777.34924 599.096
778.34845 621.214
778.85101 7250.78
779.35175 5440.53
779.85492 2426.84
780.35547 778.2
787.36572 2077.16
787.86493 1399.05
788.36224 632.801
791.36749 804.052
792.35260 4661.2
793.35107 1904.73
794.34845 364.283
796.91254 521.884
802.33282 1341.95
803.33820 528.425
809.37787 15426.3
810.38110 7331.9
811.37976 1565.13
812.37244 378.214
813.45471 1194
814.46088 583.439
819.36310 492.244
825.86169 389.257
833.87292 928.957
834.37506 921.102
834.87457 669.461
837.39441 642.075
842.88184 2638.71
843.33826 1086.12
843.46869 4109.71
843.88672 969.162
853.42053 387.075
865.37878 1188.64
866.38214 712.249
876.43182 568.654
894.38049 436.458
905.44366 377.262
912.38788 837.291
922.46820 1058.58
923.46991 582.436
948.41412 1196.27
949.41919 624.379
958.48615 1149.36
966.42755 725.281
974.47101 491.443
1009.50201 1378.36
1010.51202 843.431
1015.50372 3640.48
1017.44135 774.966
1018.44373 449.916
1027.42151 5083.24
1028.42163 2999.95
1029.43188 695.738
1035.44006 950.979
1036.45471 435.62
1053.45410 746.02
1112.51917 426.527
1140.50671 4112.78
1141.50830 2390.09
1142.51648 905.35
1223.54626 714.114
1224.54675 577.308
1241.56018 878.99
1242.55920 450.895
1281.57068 566.836
1282.56641 373.087
1310.56885 1083.06
1311.57410 768.52
1328.59106 560.502
1329.57300 421.617
