1256.57231 2
110.07104 4802.77
112.08667 915.086
115.08643 755.32
116.07020 575.893
120.08053 3418.05
126.05447 374.647
127.08663 362.767
128.07072 378.037
129.06680 548.479
129.10207 17370.8
130.08604 5939.42
130.10457 779.69
136.06171 1249.69
136.07552 3502.67
139.08636 8770.53
140.01045 3376.77
140.08905 575.08
141.06546 316.37
141.10217 1492.17
143.08214 434.24
143.11763 13928.5
144.12100 1049.1
145.09691 491.554
147.11255 10437.1
148.11601 542.171
153.06555 493.715
153.10240 386.365
153.13806 953.647
155.04491 1452.56
155.08154 1317.95
155.11772 566.802
157.09714 2439.51
158.09221 983.446
159.07632 524.59
159.09120 455.119
159.11197 326.887
161.09177 421.367
167.08128 12522.8
167.11894 487.684
168.08560 689.795
169.09673 1688.93
169.13342 520.941
171.07620 1274.33
171.11261 6138.94
171.14931 618.963
172.11659 362.215
173.09198 1353.75
173.12750 636.339
175.07056 525.364
175.11868 4011.88
181.06122 358.139
181.09740 365.843
181.13332 6041.6
182.13756 422.765
183.11237 2742.81
183.14896 8419.05
184.15250 570.106
185.09172 649.774
185.12827 652.231
186.12320 669.283
187.07066 380.191
187.10785 1072.61
189.08693 1829.46
193.09671 368.727
195.07614 2818.61
195.11229 640.279
196.10777 420.767
197.12785 640.178
199.07150 760.595
199.10730 532.471
199.14349 418.738
201.12314 1437.07
204.13388 766.139
207.14955 505.427
209.09186 438.909
209.12836 1854.48
210.02544 343.844
210.12297 791.184
211.10722 1501.8
211.14394 3602.24
212.10109 452.428
212.13821 1447.32
213.08566 565.728
213.12270 934.036
215.13876 417.155
216.09476 326.578
216.13274 479.792
217.08168 1481.2
222.12262 368.817
223.10638 396.527
223.14299 540.803
224.10158 703.823
226.11810 1269.65
226.15578 489.982
227.10165 858.817
228.13393 580.115
229.11772 463.01
229.15210 324.958
230.11351 327.395
230.14970 5717.63
231.13567 869.846
234.15959 359.819
235.10641 399.136
235.14384 839.766
240.09744 1438.59
240.13380 11607.2
241.08136 364.463
241.13777 1536.69
242.11270 1171.21
244.16548 390.896
245.07510 349.173
248.16002 28853.7
249.16356 2948.39
250.15251 581.673
251.15030 338.158
252.09674 675.739
252.17021 7903.13
253.17389 927.409
255.14461 1686.68
258.10803 3413.6
258.14441 818.982
262.15427 434.856
263.13797 760.593
268.16608 336.016
269.12378 337.159
270.10739 1425.27
270.14310 756.647
272.17267 917.254
276.11810 833.002
278.14975 592.656
280.11591 334.508
280.16495 34406
281.16852 4238.03
283.13925 749.091
284.12289 367.202
288.11838 4441.75
288.20340 632.341
292.16476 370.984
293.08701 368.393
296.15952 433.049
297.18985 442.239
298.13974 680.452
298.17554 3426.91
299.17715 440.855
308.15918 919.938
309.19128 1729.95
310.11792 402.223
311.13501 644.805
312.11792 337.727
327.16644 884.308
329.14493 2244.74
337.18643 3573.65
338.11047 3458.94
338.18884 628.123
339.20276 608.361
345.17639 2393.45
347.15363 1184.6
349.18707 1608.44
353.18262 531.882
354.18829 428.567
357.14005 1092.43
363.18698 6770.41
364.18820 1009.05
365.18436 441.687
367.19681 3196.56
368.20071 470.846
371.15561 631.902
372.19778 355.773
375.15045 2074.77
378.14444 691.326
381.17255 483.53
385.20941 583.855
389.16544 904.429
390.16638 796.266
391.16769 586.85
395.19009 712.741
396.22876 355.257
398.21414 354.865
399.18216 427.084
405.24826 414.884
406.21109 427.02
408.22348 390.957
416.21323 1267.19
422.27542 1700.53
423.27731 455.644
424.21762 823.466
426.16132 1977.12
427.17197 342.921
434.22437 5658.12
435.22906 1132.05
436.22006 799.711
440.75238 605.108
442.22943 541.895
444.17206 1664.88
450.24170 942.665
450.26788 1029.42
451.23526 1002.78
452.21143 377.949
453.25491 563.055
454.23218 656.267
458.18851 519.967
460.23962 1047.97
460.74225 527.14
461.24026 345.653
462.18280 3492.58
463.18829 661.911
468.24628 959.506
472.28680 569.492
476.19861 867.614
485.74551 547.489
486.25348 776.145
494.75040 1440.84
495.25229 1110.18
499.25607 422.324
517.26324 1356.76
519.24689 542.278
520.24890 830.718
527.20239 841.5
529.30408 399.08
531.27179 705.635
535.27136 6072.3
536.27521 1516.25
537.25629 770.928
537.31989 495.887
539.29242 410.409
545.21588 864.977
555.27979 573.537
557.30450 450.097
563.23169 1656.34
569.25140 639.691
575.26392 993.706
582.29877 1268.64
583.29700 354.835
598.32672 372.052
604.29041 1418.01
605.29480 465.967
608.30591 678.013
610.37585 461.944
611.37677 487.029
615.34009 526.277
622.30334 8775.65
623.30621 2203.31
624.31482 383.088
626.31445 902.452
627.31805 1060.97
628.32288 1137.79
636.29907 646.095
648.30566 912.416
654.30774 788.287
655.30206 459.444
658.29443 511.229
665.31018 404.01
667.39429 359.853
669.37030 365.809
672.31946 2447.06
673.31604 1826.25
674.31396 608.361
676.31030 465.383
691.32446 4962.62
692.32813 1260.43
695.38550 418.777
697.40118 716.047
709.33472 28667.8
710.33752 8527.91
711.33984 1202.41
719.32880 1032.52
723.32629 1104.06
725.37500 360.091
741.33881 2557.7
742.34546 623.281
763.34424 1358.57
764.33594 378.366
784.43451 632.905
785.42493 719.438
786.39868 600.132
804.41095 2071.32
805.41168 788.636
809.42676 945.262
814.39142 750.201
815.39758 408.729
822.41919 9168.32
823.42188 3450.82
824.42871 400.646
832.40289 2228.13
833.40454 905.307
864.41211 442.082
876.42084 429.349
883.43469 449.648
901.46069 1074.51
902.46515 565.177
917.44482 383.897
919.47247 4638.37
920.47400 2030.08
921.47247 440.64
970.48785 421.77
988.48828 804.612
989.51337 547.421
1016.48474 880.876
1017.48413 370.91
