2734.35074 3
110.07095 577.627
120.08035 603.642
129.06606 394.629
129.10207 5201.53
130.08575 661.69
136.07576 832.856
145.09673 536.517
147.11269 2009.9
155.08148 479.944
159.07603 627.036
169.06039 793.966
171.11266 439.519
171.14845 383.641
172.07098 541.833
173.09221 1004.17
173.12817 1292.1
175.11842 954.396
183.11244 777.506
183.14882 596.969
185.12700 387.758
185.16467 1543.84
186.08694 847.913
187.07117 1169.39
199.18001 1159.31
201.12296 1466.2
203.06543 462.282
210.02425 436.975
211.14389 410.66
213.15921 1491.65
224.10309 939.993
227.17468 589.962
228.13362 487.037
228.16931 479.346
230.11249 471.198
242.11298 783.359
243.10846 1208.37
244.09254 847.381
246.18211 406.149
251.15053 809.951
252.09756 1626.44
256.16516 1169.39
257.15903 489.757
258.14368 434.439
260.08774 977.736
270.10788 4959.6
271.11176 612.973
271.14035 400.79
275.20728 3305.05
276.09970 478.041
276.20825 395.001
284.15930 627.098
285.11813 395.441
285.15469 583.586
288.11856 4529.25
289.12057 530.328
301.11172 515.627
313.11365 636.71
314.15067 509.076
317.21851 711.19
323.17093 2749.33
324.17896 409.245
326.24384 734.176
330.14038 498.242
332.10748 511.773
341.18124 4052.46
342.18567 666.958
344.15775 721.426
351.16263 601.779
352.12805 510.816
359.19113 2084.45
369.17621 3878.48
369.25113 712.821
370.13651 921.202
370.16705 632.998
371.15530 696.915
374.27539 1196.57
384.22253 440.53
387.18686 1383.04
388.14548 754.924
397.17722 472.597
397.27875 417.792
398.16568 567.973
403.14587 1780.83
412.21936 498.056
415.18948 1090.54
424.18207 1635.85
426.20041 620.912
430.22839 575.16
432.24466 692.576
442.19296 1285.9
445.31250 2691.68
446.31512 635.446
452.21317 4629.85
453.21558 1067.22
456.17212 522.221
469.20132 500.706
470.22409 3833.44
471.22162 640.439
474.18112 1372.54
478.16193 645.075
480.77271 869.491
484.20880 830.62
485.20465 453.057
487.21304 864.756
488.23676 1117.91
496.23868 421.214
501.17432 1013.21
502.21854 859.944
515.28931 892.469
516.22723 568.73
519.18317 588.622
523.25012 2771.65
524.25836 516.989
537.31384 659.268
541.26019 2251.39
545.25928 469.857
555.24286 777.007
559.27582 927.74
560.33740 2253.78
561.33588 630.511
569.25836 630.101
573.25140 1769.19
574.26025 495.455
576.20776 494.7
586.28589 676.02
586.84497 833.311
587.27484 966.821
588.20819 763.536
598.27771 1110.68
606.21808 970.779
616.34412 483.52
645.22107 514.412
648.32080 2523.71
649.32886 730.999
657.26080 438.515
658.33984 591.671
659.76526 514.999
663.23633 962.831
664.89728 546.866
668.26746 975.656
668.77930 789.682
673.25970 432.264
675.27856 548.199
686.33746 1667.17
687.37396 910.763
689.38208 1358.31
690.39557 683.811
694.79840 619.175
695.29907 1335.34
700.34058 806.112
701.35303 610.53
703.80066 791.031
712.32690 469.596
713.30341 745.812
714.79547 588.419
719.35590 3727.71
720.35370 1175.66
721.36609 643.963
723.30853 833.254
723.80182 1182.52
724.29999 679.085
728.38690 575.533
728.92279 597.478
730.32886 743.091
732.31470 1572.73
732.81134 825.05
734.30792 538.364
744.29388 608.409
758.83740 687.943
759.34137 585.645
762.30670 873.333
763.31158 438.36
766.33783 468.099
767.83838 646.938
768.34039 466.479
773.84552 501.221
776.41406 7945.88
777.41644 2875.32
778.42395 471.748
781.41309 697.012
782.33099 517.994
783.36090 1896.11
784.35168 1194.69
787.34937 798.108
787.84497 784.423
788.34937 626.021
791.28925 642.861
796.35071 1579.49
796.85022 648.776
797.34766 725.188
799.41968 1901.71
800.42389 929.309
801.36707 1744.64
802.37909 700.002
814.44745 728.873
829.45044 798.778
829.95898 597.198
830.30035 550.295
830.46320 795.738
831.29272 811.825
832.44232 4835
833.44696 1656.79
846.38678 613.84
847.45020 15159.8
848.45123 6081.85
849.45062 1545.68
855.94623 1363.03
856.44940 1408.27
856.93707 784.828
857.45483 526.606
858.43811 534.984
859.43597 548.799
861.37085 482.582
870.41040 449.04
892.34851 621.788
898.48755 647.268
905.34314 773.188
910.40253 537.523
911.43420 955.64
911.97009 857.944
912.44958 1264.65
912.78943 485.119
913.47223 1201.21
913.99231 533.531
914.99390 452.535
922.39874 520.239
923.97693 1111.87
924.48322 1467.13
924.98022 646.547
927.40259 490.212
929.47021 782.124
942.51868 496.659
945.52698 5251.35
946.53174 2374.74
947.53381 586.356
959.36584 466.093
960.53491 13553.1
961.53766 7094.95
962.54205 1958.46
967.50104 2252.99
967.99792 2337.58
968.50922 1276.23
976.37689 664.086
987.35980 482.9
994.02246 695.899
1003.01648 1043.53
1003.52087 1342.16
1004.00836 720.209
1004.40076 747.847
1005.40381 491.777
1016.50757 601.433
1017.50531 742.745
1020.40424 491.086
1027.46094 581.116
1044.59436 5307.76
1045.59851 3281.43
1046.60620 991.862
1055.61523 624.725
1058.45508 778.641
1059.42859 1087.98
1060.04138 831.685
1060.56775 454.899
1073.62329 12287.4
1074.62622 6993.4
1075.63232 2007.45
1076.47070 1140.72
1077.42712 1029.63
1078.43298 548.737
1080.03882 779.205
1080.54590 656.178
1088.55627 2254.28
1089.04858 2788.54
1089.55286 1657.03
1090.04590 860.941
1103.47217 693.057
1116.06482 463.914
1120.51160 500.595
1124.07178 1433.08
1124.57300 1693.38
1125.06299 1411.97
1125.57739 483.117
1143.67004 734.672
1154.70850 462.231
1166.09827 510.61
1172.68665 11755.9
1173.68750 7677.95
1174.52283 987.005
1174.74072 1604.27
1175.09106 1849.29
1175.55225 566.498
1176.08826 989.61
1176.47156 652.526
1177.49573 531.93
1200.68689 2524.45
1201.69043 1802.86
1204.56860 1138.31
1205.55920 695.02
1206.55200 512.512
1271.75342 1713.98
1272.75354 1220.59
1275.57092 720.814
1278.52393 480.994
1328.77368 7172.68
1329.77905 4403.04
1330.78906 1919.02
1335.55200 467.351
1399.81665 1266.35
1400.81445 953.668
1406.60339 514.372
1445.59387 658.529
1446.58533 706.377
1456.83606 2806.09
1457.83972 2505.6
1458.84363 840.606
1463.61353 1824.77
1464.61438 1279.58
1465.62366 542.377
1530.78552 497.254
1571.86560 1324.02
1572.86035 1244.78
1573.87915 662.044
1592.69727 475.096
1658.89673 2492.32
1659.90063 2511.45
1660.90442 1215.15
1846.96240 798.643
1847.96692 645.483
1848.94116 475.061
1933.98254 673.247
1934.97766 651.971
