2517.03952 3
110.07106 8360.59
120.08036 1118.2
129.10211 4715.72
132.07616 895.158
136.06198 704.672
136.07558 2528.81
138.06602 1500.66
147.11287 751.143
173.12825 405.16
175.11868 3323.07
178.13287 442.367
185.09235 789.372
209.10431 554.666
213.08678 3157.88
215.13806 451.251
217.08160 446.267
218.15009 438.176
223.15504 8468.21
224.15929 881.302
226.08241 1012.08
227.06746 446.858
243.10841 3568.7
245.07564 845.552
249.15959 2886.81
251.14995 12268.1
252.15254 1268.51
272.17255 799.62
276.16663 2434.01
277.15317 605.131
284.12320 3237.63
301.12927 3938.02
302.13202 590.574
314.09518 427.866
322.67218 439.171
326.17081 409.338
329.12344 1219.52
331.18451 1340.15
331.68689 658.545
356.19220 1353.41
360.10220 553.027
370.22443 1079.39
385.16400 675.456
386.21606 918.518
396.20285 2892.59
397.20895 1283.01
404.22461 4260.09
404.71851 3482.5
405.22229 1803.98
413.16641 2341.5
414.21304 45197.4
415.21600 10302.9
416.21866 1434.84
442.20758 3251.17
443.20999 799.355
457.24030 544.707
462.23026 1498.1
462.73358 749.646
463.22849 513.495
480.24570 1127.15
482.18628 539.887
499.30209 3043.19
500.30493 1170.64
515.25751 637.434
517.74713 1459.32
518.24908 767.291
526.25861 660.378
526.75348 2475.56
527.29865 8955.93
528.29993 2626.2
529.30292 507.489
533.26746 9970.77
534.26917 2493.75
535.27435 561.042
540.15649 450.131
562.25464 778.997
562.75604 448.583
579.20276 535.067
584.26532 2416.79
584.76636 792.773
585.26862 509.486
597.21326 3064.88
598.21423 768.26
629.20233 466.643
631.28748 453.102
631.59918 547.509
631.93115 524.931
639.78564 1040.48
640.28107 580.91
648.78857 2322.84
649.29016 1557
649.78833 610.644
661.36200 5739.89
662.36517 1724.36
684.28644 910.519
697.40637 442.752
706.30139 1251.31
706.80237 883.736
714.97632 2662.45
715.31110 3577.33
715.64606 2120.46
715.97754 566.801
721.90668 541.057
726.25800 984.056
732.31927 558.991
739.37994 836.852
740.81262 2712.03
741.31201 2010.96
741.81439 939.309
747.63507 1095.27
747.97058 807.884
748.30054 435.893
769.32312 771.995
769.66583 831.893
769.99799 920.609
773.74902 540.314
790.43549 794.875
790.95270 479.16
791.38214 867.047
791.87860 1033.88
796.33215 1534.35
796.82690 914.995
797.32422 772.658
801.37006 465.035
805.33417 1900.21
805.83246 1926.35
806.33264 1019.21
807.02454 3108.27
807.36121 3829.57
807.68414 1561.06
808.00476 1217.92
808.13495 742.751
808.43237 8109.87
809.43390 2865.36
810.42578 1565.76
813.90094 600.21
814.16235 1026.01
814.42023 655.894
814.65656 872.972
831.42719 1223.19
831.82574 864.539
831.95117 668.709
832.33917 1315.11
832.84534 529.91
838.40308 659.467
838.92383 733.902
839.43207 1295.51
839.94434 7560.56
840.45209 5810.76
840.84692 9687.29
841.21295 542.398
841.35754 8105.42
841.85394 4010.36
842.24951 518.756
842.37640 836.907
889.36163 537.157
889.84912 1637.53
890.34912 1299.59
890.85730 564.33
898.36572 4728.53
898.86591 3960.34
899.36322 2200.33
899.86664 630.693
905.44379 596.202
906.43414 518.169
907.35815 476.403
923.45593 4934.63
924.46033 2206.44
928.86670 558.76
929.37451 959.044
929.87500 489.666
937.88556 5958.54
938.38727 6714.42
938.88696 4123.66
939.37329 1560.98
939.88800 738.993
940.45093 488.139
946.12311 457.506
946.88971 47351.3
947.39258 41424.2
947.89368 24267.8
948.39746 8715.42
948.91254 1752.39
955.89697 1283.11
956.38910 876.662
956.87738 541.555
970.31720 830.228
987.36682 691.737
994.42908 1402.27
994.93396 1174.23
995.41833 964.861
995.87769 5265.02
996.38245 5239.84
996.87885 2482.41
997.38281 980.155
1003.43292 7652.03
1003.93384 7536.69
1004.43292 4912.18
1004.93121 1771.68
1020.49841 3358.06
1021.50354 1613.17
1022.50177 475.22
1034.47803 1116.34
1035.48999 523.628
1052.50732 3896.84
1052.92444 1428.43
1053.51160 2109.77
1054.50110 929.569
1067.33984 451.684
1071.96375 1921.19
1072.45911 1692.92
1072.96118 1205.33
1085.34729 2109.38
1086.35876 1139.91
1134.53711 798.5
1135.54553 467.916
1149.52063 554.775
1150.49963 499.861
1161.50452 572.658
1167.52832 4119.79
1168.52588 2462.89
1169.52832 830.944
1175.63208 793.36
1176.65015 492.103
1221.57678 951.748
1222.59778 602.032
1278.56409 1256.56
1279.56055 640.401
1296.57104 3270.97
1297.57190 2235.2
1298.58386 852.457
1322.62451 1784.21
1323.62866 1216.6
1324.61353 480.547
1335.48572 588.242
1360.52478 742.027
1367.57605 556.949
1411.59546 1127.44
1412.60327 830.861
1435.70776 906.688
1436.70142 866.48
1463.60034 865.318
1464.61414 604.276
1480.61621 2035.77
1481.61890 1569.22
1482.62500 593.399
1489.53235 453.37
1592.63074 485.954
1609.66125 1900.54
1610.66016 1204.33
1611.65869 1138.32
1612.64099 573.848
1680.70532 1071.09
1681.68079 873.593
1795.73743 682.375
1796.72864 578.554
1892.78772 729.887
1893.78906 879.186
