1416.63091 2
110.07111 2642.19
112.08662 833.664
113.07038 238.482
115.08640 608.217
116.07046 417.767
120.08054 1697.69
126.09122 1276.75
127.08697 394.189
129.06590 673.051
129.10208 5595.87
130.04999 233.304
130.08617 704.431
130.10536 407.477
131.08156 242.514
133.04268 583.341
136.06165 1264.24
136.07558 2641.25
137.07866 210.64
139.08591 355.3
140.01045 607.21
141.06554 354.945
141.10217 435.154
143.08157 313.094
145.06061 317.132
145.09694 4182.74
146.09982 311.357
147.11243 1327.68
153.06584 295.104
155.08163 974.712
155.11772 3386.54
156.07628 206.223
157.06059 312.685
157.09778 450.945
157.10762 553.468
158.09222 1883.12
159.07625 1013.39
159.09081 256.827
161.09155 216.05
167.08176 647.263
169.09727 492.785
169.13348 327.949
171.07611 779.956
171.11258 420.76
172.07182 236.608
173.09192 4308.13
173.12807 1788.14
174.05746 224.522
175.11868 5311
181.06038 845.154
181.09729 554.194
183.11244 1351.54
183.14873 601.164
184.10571 254.2
185.05511 329.271
185.09198 898.553
185.16420 328.566
186.08588 227.016
186.12355 292.674
187.07101 283.486
187.14380 516.671
189.08656 408.733
195.07590 400.359
195.11270 516.58
196.10704 231.65
197.12814 495.77
198.08694 608.941
198.12372 274.695
199.07144 522.71
199.10727 979.027
199.17992 540.989
200.13914 208.383
201.08669 332.686
201.12299 1939.27
209.09087 326.407
210.02524 352.434
211.10696 330.663
211.14334 416.835
212.10249 800.394
212.13957 286.042
213.08649 786.143
213.12329 304.746
215.13870 703.126
217.08170 361.128
218.14995 254.188
224.10268 947.405
226.11794 868.622
226.15486 2611.36
227.06667 408.414
227.10133 1125.24
227.13744 258.952
227.15607 315.941
229.11801 489.208
230.11259 818.443
231.09779 462.016
232.11087 1101.94
237.12224 725.804
238.11763 290.059
238.15442 665.286
240.09772 270.014
240.13368 1308.33
242.11325 9820.28
243.11732 742.086
244.09149 249.93
244.16455 477.289
245.07669 477.765
245.12492 504.997
248.16083 322.815
249.15886 249.99
251.14995 239.84
253.09369 383.405
254.14819 825.393
255.14626 679.602
256.12912 333.39
256.16394 313.049
258.10852 535.9
258.14395 371.41
260.08682 336.416
260.12366 1140.76
262.15100 460.168
266.14807 1436.53
267.10788 281.585
268.12714 250.38
272.17325 662.721
273.15454 456.196
274.18671 646.798
280.12827 217.083
281.09021 283.052
282.14389 290.041
283.17636 929.801
284.15927 2034.52
285.16080 252.555
294.14432 285.273
295.14032 340.375
298.13867 273.065
299.13501 725.288
301.16254 720.828
302.14679 988.099
307.14166 287.389
309.15781 237.234
309.19193 426.009
310.13892 356.65
310.17657 232.244
311.17282 308.761
312.04819 632.824
312.15179 292.888
313.14954 373.699
313.18448 248.094
316.14761 422.842
317.14502 440.828
318.14642 286.091
319.17175 15811.6
320.17471 1818.84
323.16949 292.548
325.15173 228.641
325.18561 561.705
326.16833 331.131
327.20218 3983
328.07642 248.804
328.14853 470.486
328.20718 451.32
330.05756 258.316
335.17160 452.955
337.18683 816.757
338.18417 229.708
340.08984 843.561
343.19672 524.875
349.18408 258.109
353.18085 902.984
354.18735 282.648
355.19604 1722.33
356.20251 218.784
364.13126 285.426
365.22043 239.669
366.20667 222.31
367.19443 275.627
369.17514 293.235
371.19351 525.037
372.22406 316.587
373.16962 229.426
377.18634 266.855
379.19766 327.238
381.20755 236.668
382.16968 706.753
384.22375 321.88
387.18515 316.744
393.21207 388.917
394.20743 239.925
396.22623 408.756
399.16013 399.652
400.18347 418.41
406.21118 278.841
408.22382 223.976
410.23917 376.271
412.22208 429.834
414.23669 312.535
417.17288 1505.68
420.22638 407.573
424.21851 1112.48
428.25253 360.348
430.23984 1436.07
431.24210 325.915
434.19867 2499.68
435.19962 522.587
438.23517 823.874
442.22977 661.978
456.24506 669.005
464.25787 250.584
467.26312 281.756
473.26752 229.476
478.21545 678.537
485.27661 341.797
495.25592 583.051
513.26880 580.935
525.26642 231.942
526.23352 366.318
530.25848 346.605
547.28210 1777.64
548.28833 379.419
556.27142 248.393
561.26141 293.091
564.78265 381.225
573.78882 397.796
574.34259 258.077
576.18878 278.572
578.29443 254.415
586.33307 256.134
591.29388 390.851
596.31134 308.569
599.27930 379.046
616.30328 708.712
617.29242 598.6
624.21228 481.677
625.37469 247.965
634.31421 5058.83
635.31793 1129.97
642.68738 265.916
660.34515 345.948
686.41400 265.421
687.34283 1565.64
688.31592 419.661
688.41144 235.138
689.34521 432.706
697.40222 650.74
698.40344 263.347
705.35126 7085.25
706.35394 2091.98
707.35486 324.064
752.35822 321.911
758.37610 933.227
759.37903 551.559
766.42157 257.701
776.38794 5834.34
777.39270 1648.43
778.39606 426.046
786.40283 532.65
827.39191 289.336
828.39850 276.167
833.42114 303.857
845.40833 2859
846.40875 952.522
847.39844 243.038
851.43359 272.129
863.42023 9604.04
864.42279 3579.83
865.42175 480.445
902.43140 519.606
914.50433 963.384
915.51892 332.057
920.44232 916.498
921.44897 384.831
928.44519 819.339
929.44928 385.703
946.45721 2628.11
947.45618 1182.41
964.46802 9141.98
965.46869 3643.97
966.47064 580.803
974.45319 561.148
975.45441 322.499
1059.54028 473.967
1060.54480 321.822
1077.55066 1331.65
1078.55298 696.611
1128.56201 453.564
1129.56995 244.25
1146.57263 1909.17
1147.57166 980.927
1164.59875 356.852
