1930.98575 3
110.07099 2575.91
117.09069 372.488
120.08051 4673.69
121.08389 402.709
124.08020 484.057
129.10210 5412.05
130.06487 1368.4
130.08604 2691.64
131.07031 480.183
133.08572 7776.35
136.07564 2729.34
141.10255 405.847
143.11801 438.956
144.07668 397.839
146.09323 493.043
147.11255 5666.56
155.08078 373.663
155.09904 1174.75
155.11760 1112.03
157.13321 17521.1
158.13695 1591.25
159.09148 3157.83
159.11243 1626.72
173.12814 20214.2
174.13170 1735.13
175.07011 497.706
175.09668 540.487
175.11870 1356.39
177.11195 4026.12
183.11229 1020.5
185.12816 16254.1
185.16527 783.093
186.11891 385.702
186.13271 1334.89
187.07129 814.149
187.10756 813.267
197.12746 536.359
199.10741 488.692
199.11717 637.956
199.13234 609.575
199.14116 419.632
199.14935 481.783
199.18019 67298.6
199.20988 386.051
199.22679 447.251
200.18381 7903.61
201.12292 10778.6
202.12662 970.184
203.06593 1490.17
215.13907 764.597
216.13383 2212.41
221.13954 925.277
227.13821 742.858
227.17520 32555.6
228.17854 4193.68
229.11768 2404.8
233.16586 418.46
234.14438 14023.3
235.10683 677.08
235.14784 1193.04
240.13638 503.376
242.15060 677.777
244.16559 710.159
253.09296 670.917
253.19061 914.238
254.14949 9263.45
256.13086 402.153
258.12540 527.134
261.15649 584.639
263.10236 998.353
272.15982 12760.9
273.16394 1677.26
274.12323 642.382
284.12408 1904.96
285.13345 750.803
286.13824 593.259
296.19617 2058.8
298.13837 1632.83
298.21201 15608.6
299.21481 2605.12
302.13409 685.037
314.20584 468.175
316.14966 8683.48
317.15253 1257.27
339.23840 2244.89
341.21329 398.953
344.14825 445.411
353.21695 488.328
356.16849 799.813
357.24847 1379.5
367.16409 430.44
367.23312 4929.72
368.23608 1019.66
369.18408 772.509
371.15182 404.02
382.13501 1142.96
383.30145 1083.55
385.17062 3252.45
385.24390 1583.16
386.17343 625.323
387.18900 583.998
388.19696 811.722
397.20728 623.721
400.15955 778.768
402.24515 797.295
403.18146 2369.56
404.18787 416.438
409.27664 446.449
411.29578 505.265
420.22345 7870.58
421.22690 1750.39
422.23929 502.921
429.23309 1742.25
431.17694 554.053
438.19559 505.775
445.70956 700.409
456.20380 982.284
456.24646 668.553
466.22726 1050.35
471.19830 1641.17
472.20120 526.2
474.25854 886.468
480.31891 712.872
482.25906 841.509
484.23941 1841.45
491.26025 8769.2
492.26553 1957.19
498.25757 426.679
500.27133 1220.82
501.22903 980.227
510.23169 1840.85
510.73184 727.463
511.18930 590.901
517.27325 1152.19
529.20337 1719.36
530.20801 405.194
540.24152 563.709
542.24695 762.653
546.20227 496.257
555.27551 626
559.76520 1637.53
560.26764 711.062
560.76599 628.631
568.23334 1116.19
571.26294 519.507
582.22937 928.026
594.27600 1108.64
594.77997 584.738
600.23706 3113.07
601.23651 690.035
603.28162 6504.5
603.78137 3155.83
604.28381 1666.13
604.78625 435.049
613.28223 545.003
628.27747 736.737
629.28210 1302.66
630.36005 750.691
638.32935 8022.76
639.33301 3097.66
640.33606 563.403
643.38641 588.598
644.38318 739.576
645.35284 5789.68
645.85406 2917.04
646.36322 603.872
651.79077 2100.61
652.28668 1203.65
652.79456 797.269
655.26276 1460.57
657.27472 1038.5
658.28345 509.354
660.79590 9289.78
661.29718 6855.11
661.79614 2711.71
662.31067 600.221
683.26239 3056.28
684.27234 1026.12
687.34302 1929.74
690.31421 476.482
699.30719 1327.9
700.30328 493.124
708.33234 1026.26
708.83521 878.194
709.34131 473.221
715.30463 1789.55
716.30377 728.216
717.33624 5224.69
717.83801 4591.52
718.33911 1667.32
744.29669 439.755
751.84766 2289.07
752.34711 2257.64
752.85175 599.559
757.37988 729.524
758.30542 596.447
759.40717 668.216
760.85364 9701.12
761.35339 8695.36
761.85382 3494.01
762.35797 1317.05
768.33142 695.16
772.43341 463.01
775.38660 11541.2
776.38983 5431.57
777.39618 1406.2
778.45422 722.468
786.33179 4425.44
787.33289 1937.71
788.33746 564.339
796.34814 659.931
797.42493 844.537
800.42395 1057.81
802.33612 1388.43
803.33026 640.833
808.38898 577.55
808.89160 742.317
812.31744 639.786
817.39465 2795.18
817.89594 2278.18
818.40002 1110.53
830.32880 4209.78
831.33215 2232.45
832.32263 519.724
835.41754 538.869
837.44574 1010.79
843.46228 705.285
843.90967 1062.14
844.40710 875.134
844.90430 605.829
852.91260 3641.35
853.41498 2314.17
853.91656 1213.58
854.41553 926.094
855.37335 1279.21
856.37921 618.236
858.39978 586.578
871.46051 1602.79
872.38641 432.571
873.35358 1166.21
874.43335 1617.35
875.42133 748.333
877.51575 447.029
883.37158 3088.89
884.37360 1347.24
885.38416 1357.7
890.41357 8825.88
891.42010 4012.16
892.41876 1104.73
901.36816 6574.88
902.36633 2951.47
903.37024 718.876
943.40979 1088.88
944.39734 1142.69
945.39984 511.959
950.52808 536.987
954.40698 510.244
972.41034 1882.73
973.42432 1327.37
974.41016 496.13
984.55096 883.833
987.51447 648.962
996.45197 702.362
1001.44647 2956.52
1002.44946 2627.26
1003.44910 801.248
1009.58917 447.536
1012.43707 646.101
1014.44592 1508.67
1015.45026 1033.4
1019.45709 17138.7
1020.45782 9119.8
1021.46265 3186.99
1022.46320 769.275
1029.43420 468.183
1030.44495 2683.8
1031.45105 1318.4
1039.51123 672.79
1041.43628 490.679
1042.43030 449.101
1044.44214 460.801
1047.57788 430.216
1053.58545 447.158
1059.44800 1915.85
1060.45129 1201.9
1067.50500 1520.39
1068.50366 851.058
1069.42920 471.284
1083.47925 722.865
1087.44543 3667.44
1088.44666 2148.98
1089.46045 600.382
1100.51367 476.176
1101.48523 4542.41
1102.48828 2426.3
1103.48376 653.682
1118.52576 7002.38
1119.52588 4117.92
1120.53052 1489.19
1134.56689 526.881
1143.53564 667.467
1144.54028 452.619
1156.46155 798.516
1157.46875 523.809
1174.47253 1274.71
1175.47766 920.165
1186.57495 648.399
1187.55603 1827.17
1188.55457 1146.81
1192.48071 587.1
1196.53931 455.896
1200.52844 837.559
1201.53711 640.28
1205.55554 11711.6
1206.55774 7752.17
1207.55908 3312.23
1208.56116 665.85
1214.56714 2586.97
1215.56726 1610.91
1216.57678 527.995
1259.56592 763.065
1260.56873 631.389
1267.57483 533.88
1269.53711 723.338
1270.54358 602.429
1285.60156 2540.67
1286.60059 1540.8
1287.56787 2537.07
1288.56262 1399.9
1289.57031 721.66
1302.57361 3108.9
1303.57117 2713.81
1304.56641 1138.65
1305.57532 553.226
1320.58435 22321.9
1321.58728 16256.1
1322.58533 6194.61
1323.59021 1733.27
1356.56873 720.747
1374.60303 504.158
1375.60950 513.489
1415.66602 508.275
1433.67505 2859.11
1434.67249 2663.15
1435.67859 1072.11
1443.69104 458.757
1471.69019 950.893
1472.68848 596.555
1502.69836 891.993
1503.69385 855.037
1520.69958 5434.19
1521.70374 5032.07
1522.70520 2266.81
1523.68616 709.728
