1935.02226 2
110.07111 2001.51
113.07079 271.35
120.08057 5052.28
121.08430 326.044
127.08596 305.145
129.06572 1532.12
129.10211 3696.19
130.05020 391.238
130.06395 438.078
130.08614 1435.28
133.04297 419.098
136.07555 2259.12
140.14316 702.627
141.06583 642.9
141.10216 749.161
143.11783 862.72
147.11269 2850.62
155.08105 618.221
155.11714 291.197
157.09703 502.544
157.13324 794.951
158.09213 1768.12
159.07640 667.619
159.09142 3148.59
160.09419 298.661
167.08197 449.927
169.06096 662.96
169.09727 618.553
169.13391 496.389
171.11256 1238.8
171.14911 679.453
173.09172 288.451
173.12840 805.751
175.11871 2269.03
181.06073 545.877
181.09753 291.68
183.11249 2613.24
183.15010 429.735
184.07201 318.28
185.09198 521.626
185.12807 1230.19
185.16452 1561.69
186.08694 4380.11
187.07130 2637.14
187.10777 276.128
187.14386 3309.08
191.11819 518.388
195.07690 308.962
197.12805 868.134
198.08722 527.139
199.07191 325.943
199.10829 496.993
199.14404 915.965
199.17999 469.044
200.13881 1148.74
201.08632 264.288
201.12296 2119.88
202.12785 298.018
205.09743 443.337
207.11287 439.005
211.10748 1937.59
211.14423 599.289
212.10197 488.368
213.08699 648.953
213.15973 1476.96
214.11861 350.415
215.13864 2374.82
216.09743 473.311
217.08344 461.574
217.13409 281.957
219.11278 2101.07
219.14890 954.539
225.09781 286.191
225.12260 397.13
226.08241 1350.47
226.11827 1482.52
226.15372 286.553
227.10191 610.383
227.17410 405.903
228.13388 8167.05
229.11833 2922.26
230.07738 1032.17
230.10901 385.457
231.11055 292.981
234.12221 329.699
235.10654 857.67
240.09787 342.104
240.13383 2192.95
241.13374 450.598
242.14992 555.089
243.10840 2285.71
243.13315 1903.26
244.09288 842.813
245.07817 264.146
247.14404 2109.56
249.12372 370.088
252.13435 268.532
254.07736 380.124
254.14957 1292.41
254.18513 285.361
256.09122 288.179
256.12738 471.153
258.10815 5479.41
258.14423 4141.48
259.11203 641.085
259.14471 622.195
262.11813 2766.19
262.14966 275.016
263.12326 326
266.14731 482.05
267.10956 272.236
268.09378 380.21
268.12885 384.913
269.08813 685.992
269.18335 286.168
270.14368 385.01
271.10379 586.87
272.15710 367.15
273.15881 406.486
274.11871 2184.32
275.10309 387.85
275.17068 275.013
276.15454 2957.85
277.11746 423.352
277.15848 464.439
281.16061 337.988
282.14447 928.211
282.18054 1578.25
283.14578 291.512
284.12210 707.43
284.16055 341.607
285.15564 566.576
286.13904 4535.46
287.09848 759.235
287.14139 681.686
287.17560 400.166
287.21115 283.852
288.13318 278.918
288.20001 555.322
294.14505 655.884
294.18179 364.863
295.14056 281.871
296.19681 465.999
297.15784 333.008
298.13876 479.359
299.17108 2544.59
300.15335 1091.19
301.11246 294.357
302.11310 2257.15
303.11615 315.214
304.16449 795.088
310.10208 499.072
311.17078 2196.18
312.15305 1566.47
312.18362 342.544
313.15439 313.305
314.17096 363.508
315.13181 295.955
315.20804 287.671
316.16632 580.946
318.18094 1866.39
320.12216 338.281
321.15717 270.07
323.13480 280.233
325.14923 630.828
325.18115 272.92
326.16943 533.884
327.12973 536.923
327.20242 931.321
328.18576 305.837
329.18170 1504.02
330.16422 2939.25
331.16617 546.43
332.19592 1086.92
333.19043 1337.79
334.17426 544.075
337.11490 421.599
337.14398 403.574
338.09589 279.732
339.16592 3080.31
340.16162 1407.28
341.14258 693.495
341.21399 444.272
342.20105 622.647
343.15851 418.988
344.15585 847.024
348.15387 282.718
349.14923 691.936
349.19034 356.263
353.21707 1278.72
354.14322 604.627
355.12485 3437.3
356.12860 392.1
356.19208 1321.03
357.17551 3295.78
358.17789 644.296
359.13785 384.924
361.18668 2374.72
362.19186 276.018
365.18393 470.512
366.18057 273.149
367.15933 809.736
368.15820 351.117
369.17401 282.985
371.14746 341.795
371.20178 500.663
372.15161 5083.51
373.15778 698.553
375.20233 655.787
377.14633 1422.83
381.21878 311.031
382.16379 282.359
383.11914 731.181
383.19296 561.851
385.21017 1199.06
386.17386 413.916
387.20398 604.354
388.15912 962.925
389.14154 650.193
389.20679 1175.87
389.24380 2184.47
390.24524 479.765
391.16193 481.055
393.21365 583.553
394.21176 669.527
395.19257 295.04
398.23611 551.165
399.22388 420.779
400.18378 504.351
401.18396 605.948
406.17096 1964.69
407.17148 287.335
408.18939 956.731
409.17035 669.557
410.16763 343.804
410.23932 1066
411.22217 555.622
412.21219 276.894
415.19849 357.191
416.15570 1587.41
417.16098 405.936
417.21045 351.727
419.19464 299.99
420.19540 283.408
420.22861 309.708
422.20300 1328.52
423.18756 360.008
425.24139 484.027
426.19720 1535.51
428.24933 566.752
431.26413 316.923
432.22708 395.766
433.24786 418.13
434.16632 2547.06
435.16766 531.74
436.18170 978.485
437.16885 315.061
438.23410 490.419
440.21393 2008.2
441.21643 434.265
442.26895 559.386
443.22687 758.195
445.20691 652.044
448.22183 534.612
450.19751 1090.17
451.19260 385.722
452.25266 338.502
453.20633 482.865
454.19138 2328.7
455.19098 520.177
456.24615 749.696
457.24323 918.325
458.20108 699.809
460.17706 514.166
460.27658 4792
461.27881 1119.22
462.24423 372.355
463.21982 687.089
465.24951 483.941
466.19290 340.132
467.22766 785.427
468.20810 2979.62
469.20715 928.51
470.25879 677.306
471.21823 2564.38
472.22052 571.44
476.21234 893.726
480.26797 392.169
482.19037 630.885
484.21640 400.939
485.23563 2116.83
486.23236 750.403
487.22870 432.991
488.20734 961.326
488.26233 413.973
499.25281 448.842
500.24686 774.638
501.24741 510.402
502.22968 1379.63
504.24954 302.203
505.24191 1794.3
506.24265 309.767
508.25717 751.154
515.22351 1380.5
516.23981 630.145
519.25543 1517.78
520.25378 442.719
521.27087 660.779
522.25952 991.174
523.26703 286.208
525.27008 359.896
528.24188 302.677
529.23773 731.921
533.23401 2702.9
534.23102 657.758
536.20819 437.607
539.28168 2540.34
540.28613 677.808
547.24878 1172.53
549.26654 674.283
551.30292 407.084
553.25079 746.499
554.25421 354.687
556.31335 822.154
557.31976 283.659
559.24689 491.636
563.30023 422.055
566.29834 526.374
567.27789 2353.09
568.28088 561.996
570.28259 607.706
573.25372 433.812
579.29211 1418.82
580.29816 371.93
581.22437 396.109
584.30359 1505.02
585.30402 307.501
586.25421 297.411
589.34430 320.659
596.31592 326.492
597.29956 1441.35
598.30945 508.455
601.29694 1075.65
602.29694 295.911
604.26801 551.645
606.26746 337.476
607.34509 6186.9
608.34821 2033.86
609.35608 308.616
614.32544 4739.9
615.32672 1881.05
616.32184 285.063
618.33032 1365.19
619.32813 538.51
623.27118 358.97
624.27148 337.433
628.30975 846.359
632.29956 462.162
635.27777 387.402
638.35809 330.024
646.32080 1439.42
647.31915 375.384
648.31934 389.85
649.30219 514.413
652.26025 322.272
652.31079 392.658
653.31635 366.06
662.29254 834.061
663.28925 288.715
666.34534 962.462
672.33160 440.444
676.30188 391.98
680.29431 951.786
681.29492 312.738
683.37671 318.774
692.38257 363.586
694.31512 388.128
695.31842 298.987
700.37219 474.022
706.41028 1705.3
707.34558 339.595
707.42377 629.823
717.36517 343.877
723.34637 646.52
724.34906 313.243
727.37610 438.427
730.35925 583.088
731.36871 365.671
733.32965 895.16
734.33185 496.918
737.37299 371.061
745.37079 1354.55
746.38208 449.859
748.36603 491.643
751.33759 1116.74
752.34149 519.914
765.38165 299.153
775.36157 357.448
779.36420 556.161
793.38727 343.681
836.42896 460.627
846.41455 579.693
847.41760 304.115
864.42645 807.595
865.43811 436.053
877.44415 340.325
878.42694 356.467
910.50098 348.002
967.52295 1894.14
968.53491 1268.94
1078.52478 414.173
1082.56091 335.233
1083.56238 330.414
1139.57190 2311.99
1140.57153 1567.8
1141.55579 565.08
1252.65979 933.594
1253.66223 819.529
1351.73511 471.428
1352.74329 608.472
