2189.06357 3
110.07083 1673.36
115.08647 672.067
117.10197 1371.5
120.08044 8341.61
127.08634 13878.7
128.08917 953.572
129.10193 3218.89
130.06494 1005
130.08569 691.864
131.08141 969.689
133.08565 677.809
136.07541 7905.94
143.11801 583.455
147.11253 1628.74
155.08113 32123.9
156.08467 2588.83
157.13338 637.611
159.07590 1832
159.09128 2393.23
169.13351 1053.95
171.11276 1263.14
171.14864 1516
172.07101 1485.37
173.12767 779.232
175.11864 10665.7
183.14873 4526.98
185.16449 4679.14
187.10739 3067.97
189.06981 646.196
197.12798 809.919
199.10649 608.282
199.14391 1350.55
199.17996 2221.49
200.13991 1136.64
201.12332 1315.78
209.12827 572.52
211.10727 1217.86
211.14366 3817.04
213.12201 596.504
213.15909 2342.8
215.10240 5255.22
215.13876 939.041
216.09486 769.988
217.08179 1347.06
218.15126 649.714
219.14861 1811.84
221.12648 666.308
223.14352 1145.73
225.15926 717.612
226.08224 1615.58
227.06569 1523.15
227.17499 2949.61
228.13364 6992.47
229.12010 881.546
231.11150 601.875
235.10558 672.934
240.13438 836.203
240.17027 8833.23
241.17294 959.784
243.13293 1299.44
244.09225 11772.3
245.09096 1132.13
247.07335 708.358
247.14395 1491.49
249.12308 1447.28
249.15938 629.963
250.15448 2257.61
254.14938 1585.79
258.14392 2516.55
268.16495 31260.1
269.16861 3812.1
272.17499 6193.25
274.18671 3741.15
283.14337 692.186
285.15463 1083.99
286.13763 577.834
287.63947 1425.27
290.14581 2549.14
294.17834 616.155
298.13824 1664.88
299.13885 1105.02
300.17010 4639.31
304.09579 1695.42
314.17075 4141.54
315.16675 1801.55
321.15485 587.413
322.21121 2640.88
323.15643 780.244
324.22763 1959.97
325.14972 2415.96
326.13297 3003.89
327.20142 636.579
336.22775 3700.53
337.23178 832.565
338.18262 600.726
339.23822 2912.58
340.24258 701.931
341.21832 1062.31
343.16055 25721.3
344.16440 4120.08
348.18896 584.136
351.19971 654.032
353.25385 12583.7
354.25735 2469.47
362.20190 681.494
364.14862 1139.38
367.23312 2573.24
368.23569 769.24
371.15540 659.136
373.20737 2122.07
379.19766 1364.63
381.24835 8518.71
382.25162 1957.6
388.67548 679.736
389.20816 779.001
396.22290 1538.03
397.20621 3093.87
398.20847 619.502
407.30157 1690.26
413.25735 1447.5
414.23251 3738.8
415.23492 827.852
417.17966 1626.99
424.21896 2103.02
425.20108 4136.88
426.20218 863.542
427.25580 685.074
435.29590 2978.49
436.29767 849.993
437.21347 6547.32
438.21475 1406
439.22202 618.062
442.22858 9637.5
443.23126 2048.79
444.19266 1047.8
445.20474 659.899
452.32257 5472.83
453.20233 898.602
453.32422 1652.12
453.70053 624.673
456.24484 3967.02
457.24246 848.05
461.24008 767.853
475.29202 645.74
480.31656 3386.81
481.31964 1176.35
485.24942 1859.23
490.23544 663.084
493.19186 1050.75
509.30661 604.136
510.71213 1432.97
511.20743 638.631
513.31110 620.172
516.24719 599.808
527.31567 1296.46
541.29517 1390.48
544.27582 612.295
552.27081 1328.58
555.31421 2040.68
557.24512 822.789
561.23749 2917.33
561.73901 2185.14
562.24091 793.176
572.27185 873.121
574.27106 10006.2
575.27484 3221.75
576.33588 939.099
589.30103 856.635
608.37543 759.47
614.29022 1268.83
625.76691 1041.29
626.26917 1040.37
634.77032 6328.87
635.27234 3851.24
635.77551 1658.6
636.26343 1248.93
645.30902 10470.4
646.31171 4001.82
654.38245 669.544
657.33148 752.148
667.30396 2913.24
668.30823 964.449
675.29962 978.286
681.30859 1260.29
684.30383 4176.39
684.80383 2541.29
685.31714 731.374
696.36060 677.165
701.32355 5907.18
702.32520 1166.53
707.32379 802.381
714.37085 807.282
717.31897 1004.58
723.40350 3166.6
724.41064 924.825
729.42365 1373.19
730.43188 1048.03
731.39374 2903.97
732.39185 975.325
733.83923 1016.62
734.34161 1062.18
735.32892 2487.74
770.41797 680.987
772.35980 7420.99
773.36035 1809.29
776.34888 8102.53
777.35315 3600.82
778.34259 1126.58
780.37634 824.712
787.34888 608.6
791.35211 1582.18
791.85272 867.18
792.34888 1144.05
805.47607 668.994
816.38885 697.966
822.46967 1584.18
823.48505 1033.01
830.36542 3003.37
831.37970 1477.37
832.40912 637.855
834.39563 2094.27
835.39630 634.099
836.49097 1606.46
837.39203 2746.68
837.85974 654.868
838.35767 951.459
843.39728 9155.18
844.39801 2562.3
846.37964 2783.07
846.87372 4365.02
847.37421 3062.15
847.87500 1434.91
855.37286 1646.33
855.88281 1451.81
883.49963 916.893
887.38568 2426.41
888.38000 1129.78
904.91089 1090.59
905.39325 11816.4
905.91516 903.173
906.39478 5928.4
907.38647 1469.31
908.43146 2919.99
921.53265 1240.23
935.48340 876.807
936.47858 658.66
942.46777 1901.6
943.47888 696.592
947.48340 1085.53
949.57190 1855.06
965.43445 629.706
971.50342 1308.61
972.49646 633.54
979.47461 3780.23
993.42926 3146.21
994.43097 2018.99
1003.39404 693.584
1020.41669 13717.2
1021.42041 6610.05
1022.41943 3025.04
1023.42218 704.449
1046.57397 1105.36
1047.57825 739.903
1048.66577 791.389
1050.50830 4731.51
1057.49280 1761.73
1058.48767 695.153
1084.59570 974.308
1085.59485 733.868
1094.41638 1750.85
1095.42419 1085.65
1103.44800 1260.09
1104.44727 1096.71
1106.52258 1668.32
1107.52454 1242.8
1117.59631 957.066
1118.63623 652.091
1121.46570 26553.9
1122.46619 14949
1123.46680 6466.12
1124.46729 1664.14
1163.58801 7009.26
1164.60706 841.698
1177.68469 730.468
1193.48694 1135.7
1208.50378 636.633
1219.59888 1746.16
1220.59595 885.161
1245.52307 1343.5
1246.52393 617.286
1250.52539 2544.86
1251.52271 2993.2
1252.50696 1235.81
1268.53320 39849.1
1269.53577 25428
1270.53430 11386.1
1271.53711 3727.92
1276.68433 937.174
1292.56409 730.952
1332.67090 935.879
1333.69067 724.283
1349.59167 1319.72
1350.59802 703.833
1367.60120 20446.8
1368.60364 14598.5
1369.60547 7129.8
1370.60791 1988.36
1466.67529 4263.96
1467.67346 2754.03
1468.67993 1734.56
1469.69287 662.808
1581.70117 6091.17
1582.69702 4557.08
1583.70300 2835.09
1584.69373 1063.94
1692.75720 865.893
1693.73364 750.397
1709.76111 1014.03
1710.73718 1027.44
