1221.67021 2
105.06577 1008.35
110.07117 1570.24
120.06229 278.149
120.08060 40748.6
120.10249 369.496
121.08389 3120.68
128.10684 4634.2
129.10216 5480.37
130.06502 341.245
130.08607 3655.08
130.10510 337.081
131.08171 966.476
136.07573 1117.72
143.11777 3492.18
147.11270 9010.39
148.11613 541.679
155.11777 506.525
156.10231 311.023
157.13364 304.801
158.09175 319.965
159.07626 3104.73
159.09146 1169.86
162.09120 2495.77
171.11290 3457.07
173.05562 411.959
173.06871 325.025
173.07545 346.699
173.08342 536.151
173.09653 858.215
173.12820 93656.8
173.15382 487.73
173.16576 659.467
173.17880 386.13
173.18497 327.373
173.19312 315.808
173.20715 367.467
174.13177 6972.16
175.11870 1266.1
177.10146 294.021
183.11275 665.566
185.12709 294.588
185.16466 2576.63
189.10217 783.012
191.11787 485.25
199.14449 443.567
199.18031 1592
201.12317 20763.9
202.12688 1586.11
205.09612 282.508
207.11256 7336.03
208.11644 710.408
213.12328 2090.12
213.15961 2690.5
215.13895 1650.68
217.09659 11058.1
218.10049 1426.39
219.11276 349.439
225.12376 327.815
227.13843 726.232
227.17503 1021.43
228.09792 363.175
228.13197 368.936
229.11809 7940.24
230.12105 591.9
230.14981 323.647
233.16452 4021.04
234.12334 871.791
234.16634 423.155
235.10736 5658.61
236.11060 828.158
239.17427 560.285
240.13409 1559.97
242.15106 370.578
242.18604 1637.42
243.13271 1546.12
243.16772 310.171
245.07661 8733.6
246.08006 823.647
249.12212 304.927
254.14986 516.061
258.14456 9868.86
259.14844 974.325
260.13501 441.044
260.19644 12046.8
261.09216 285.834
261.12125 356.312
261.15967 2161.88
261.19998 1395.41
262.11935 282.071
268.12897 597.083
271.06219 454.002
275.17438 745.054
277.11661 438.801
278.14932 357.398
284.19635 1235.94
286.13586 419.208
288.13391 15266.5
289.13699 1970.61
298.13773 428.478
300.15341 476.476
303.17059 1138.4
306.14456 6891.07
307.14703 1011.19
312.15527 401.839
316.11075 564.451
323.17178 718.311
326.20724 886.7
327.16483 451.085
328.18616 5880.41
329.19022 943.922
330.15790 686.582
330.18765 824.929
340.14902 943.558
341.18127 810.926
342.16370 318.865
343.23193 336.843
348.19086 1691.3
353.21820 1505.49
355.07104 305.937
355.16122 421.321
356.06918 301.823
357.15250 661.598
358.16006 15666.8
359.16348 2608.18
360.19165 472.307
369.17673 1200.64
371.22833 12362.9
372.14883 310.783
372.23303 2139.18
373.17123 872.927
374.20670 972.601
375.16870 592.607
377.21759 5353.09
378.22025 1018.62
381.21347 548.821
382.18015 288.426
385.13501 1081.23
387.20569 748.517
389.23907 6003.64
390.16913 381.026
390.24130 1191.83
392.14395 294.38
399.22565 2193.09
400.22772 475.134
401.21948 902.116
403.14453 821.261
405.21298 3577.57
406.21600 651.767
415.18204 714.642
417.21484 1866.95
418.22083 289.27
419.22879 736.6
425.23950 768.021
427.18396 311.792
429.19714 1172.09
429.23682 1160.31
440.25201 462.174
443.25046 836.75
453.23828 361.503
457.22949 3879.24
458.22757 689.338
460.25430 293.122
461.16547 420.11
468.24423 2059.57
469.24908 471.53
470.23721 520.461
471.24579 2245.08
472.24780 502.458
473.27640 941.405
483.24316 516.407
484.20172 560.24
486.25504 3746.5
487.26013 857.379
488.24707 724.556
489.23376 601.526
490.30261 748.913
496.24033 389.892
498.21936 1318.38
499.23843 302.338
500.27985 1062.35
502.21509 1373.87
504.26544 12238
505.26962 2560.98
506.26724 492.25
510.25473 458.48
516.23193 1192.14
518.29572 760.103
520.23608 382.767
528.26587 2147.04
529.27063 531.08
532.20142 894.257
534.25446 415.208
542.32861 487.91
550.21069 518.011
569.29352 433.576
570.26257 306.168
570.33051 315.887
579.27710 331.087
587.30499 1041.64
588.30743 371.978
597.28729 1621.51
598.28894 595.289
599.34290 968.299
600.34937 348.093
609.38428 588.162
610.38898 336.058
611.30499 398.948
613.35168 408.362
615.29999 2815.3
616.29944 775.355
617.34955 14212.4
618.35382 4080.12
619.35297 545.153
633.31830 847.26
645.28345 300.518
649.28137 541.393
663.29779 481.867
671.20972 303.319
716.41821 7363.92
717.42310 2629.3
718.42993 399.615
728.38800 367.057
744.35394 608.647
762.36914 579.835
770.35486 919.082
771.36060 317.115
787.45569 7293.64
788.45837 2963.34
789.46149 554.627
847.54663 383.648
856.48065 582.19
874.48724 8239.97
875.48724 3594.58
876.49255 975.993
884.47589 589.22
972.41119 478.534
1003.55072 623.141
1021.55353 3576.24
1022.55457 2165.28
1023.55957 562.517
1087.43542 606.758
