2255.05808 3
110.07108 2966.08
120.08060 3937.38
129.10225 1944.45
130.05029 540.014
133.04337 471.433
133.08600 1383.84
136.07558 30929.6
137.07890 2664.68
143.11806 581.202
147.11252 1237.38
157.09724 459.007
157.13258 674.663
158.09178 1187.77
159.09149 1599.06
169.13275 636.215
171.11250 495.125
173.12811 743.672
175.11879 14361.1
176.12300 474.294
177.11174 587.483
183.11281 2479.2
185.09241 511.247
185.12740 765.218
185.16473 10755.7
186.08710 1510.02
186.16798 870.019
187.10683 474.389
187.14378 1340.59
199.18086 646.945
201.12323 5338.94
203.06564 761.365
203.12073 1039.79
211.10696 1720.19
213.08693 998.876
213.15955 4061.78
215.13986 815.256
226.11810 615.394
227.17506 591.826
229.11795 6748.95
230.12364 621.704
231.09914 1942.02
233.16487 581.445
241.08151 4783.71
243.13416 756.781
244.09148 561.742
245.07600 747.945
245.13086 457.922
249.15868 1336.23
251.15036 614.221
257.12360 1896.22
257.13757 1363.92
258.14441 980.184
259.09201 7007.5
260.09427 476.231
265.11795 2002.85
271.17670 1475.44
276.08627 757.199
276.15204 950.959
277.15411 1922.14
285.13556 2897.14
286.13721 626.895
288.20267 5862.39
289.20743 489.601
293.11282 9242.72
294.11591 1063.6
301.13205 472.95
312.15359 544.157
332.10788 1042.62
340.14935 1486.47
342.21454 1135.71
352.11124 938.755
356.19312 607.861
358.15994 2885.91
359.16409 694.278
359.23944 6277.81
360.24231 1172.63
361.14868 1165.86
370.12335 2220.39
370.20908 592.702
382.15012 1262.88
382.67856 704.912
388.13431 2244.13
389.23810 895.987
392.18176 876.269
400.16049 2110.8
401.16507 550.898
401.28662 513.202
406.19708 1710.89
416.15750 585.683
417.69223 3901.63
418.19476 1917.43
418.69424 680.593
441.19489 558.571
463.14740 1082.72
467.22104 545.848
469.18768 1625.5
470.26855 1080.22
487.19882 2523.05
487.29794 6255.93
488.20642 596.533
488.30045 1595.95
499.22372 4787.67
499.72519 3006.01
500.22217 802.534
502.32727 1016.92
510.26944 581.323
520.22791 603.569
521.22583 853.482
527.29517 2249.91
528.29565 610.368
530.23596 1088.95
532.32782 905.325
540.21899 3258.43
541.22034 1072.92
543.35870 547.174
544.31915 34655.4
545.32196 9515.1
546.32397 1612.15
550.24976 798.392
558.22931 7609.56
559.23175 2041.32
562.21332 1270.28
563.21472 575.075
563.74493 3387.12
564.24603 2138.36
564.74493 852.727
574.22223 558.496
613.27850 1501.77
613.77753 1147.79
614.28223 835.889
626.36267 774.978
631.36816 1870.3
632.36920 530.377
643.38745 19023.6
644.39081 6339.91
645.39215 1266.59
646.24579 939.125
661.28705 713.514
663.37158 1920.17
671.31714 620.619
675.28668 499.596
677.80688 751.081
687.30487 537.598
693.29877 4434.17
694.29889 1831.53
701.87494 842.364
703.28204 1748.86
704.27838 614.041
715.40588 1136.44
721.29340 25368.3
722.29694 11187.4
723.29510 2377.71
730.43414 2703.76
731.43768 1319.6
743.30505 512.807
745.31183 2735.44
751.41522 920.825
752.37097 1420.33
753.37378 1328.13
754.31927 518.205
754.43243 1249.38
755.42230 840.291
762.43884 1362.76
764.34705 2586.8
765.34760 616.966
772.43018 16495.7
773.43347 6811.73
774.43762 1407.94
789.35034 661.592
790.32135 1201.9
791.32996 613.589
804.33679 619.211
806.38220 4739.1
807.38440 2254.06
808.39124 603.462
809.43250 531.291
816.36206 2245.55
817.37274 1127.08
818.36200 539.201
829.51117 1935.89
830.50891 976.165
834.37756 36356.8
835.37836 19307.2
836.38110 5100.12
837.38800 1178.02
862.48108 1353.77
881.41083 710.657
883.46179 2790.25
884.46326 1643.6
885.47528 786.505
891.47540 814.691
892.37219 1367.97
901.47198 19447.5
902.47668 9889.18
903.36169 633.364
903.50201 2109.65
906.41077 984.495
907.41473 664.389
960.54865 1872.75
961.56256 708.493
963.53278 2547.45
968.45715 511.249
969.44501 2229.04
970.44696 1471.95
971.45404 649.907
978.51233 2280.52
979.40076 871.542
980.42010 701.711
994.49677 1158.56
995.50476 593.524
997.43903 12248.3
998.44305 7398.66
999.44543 2043.58
1012.50769 4015.46
1013.50793 3970.45
1014.00342 1088.28
1014.51288 1407.46
1020.44830 657.716
1030.51563 23751.3
1031.51733 12820.2
1032.51904 3339.68
1033.51636 948.067
1076.61523 994.301
1089.59692 814.65
1090.58020 650.388
1098.49158 1815.58
1099.49377 877.256
1108.46960 1138.96
1109.46179 720.322
1111.56616 568.425
1112.57239 583.423
1126.48193 18752.4
1127.03845 544.698
1127.48425 12608
1128.48669 4673.72
1129.58936 10459.9
1130.58679 5977.46
1131.59021 2164.55
1132.58948 757.343
1138.54553 1277.86
1139.54211 512.212
1177.65955 1871
1204.60986 1048.02
1205.61560 577.673
1225.54822 4507.76
1226.55713 3455.97
1227.56323 1424.6
1239.58923 1133.05
1240.61523 2268.65
1241.62061 1197.06
1258.62634 4696.55
1259.63147 3186.12
1260.63147 1199.42
1276.73145 571.431
1290.61511 556.652
1291.64160 7492.76
1292.64636 4400.54
1293.64551 1494.62
1294.67114 690.366
1354.59692 2220.17
1355.60498 1503.99
1356.59961 590.996
1421.68811 2087.47
1422.69128 1685.81
1423.68481 639.969
1483.63000 1132.13
1484.64917 818.293
1612.67908 1042.75
1613.69250 1037.13
