1181.61479 2
110.07115 7903.92
111.07436 346.954
112.08692 1150.46
115.04996 235.887
115.08641 1149.98
116.07047 402.124
118.03197 205.312
119.04929 335.51
120.08056 968.911
126.05492 2036.45
129.06601 752.13
129.10219 8056.6
130.05016 380.888
130.08621 2965.52
130.10504 389.551
131.08144 657.283
133.04324 195.153
136.06175 2401.21
136.07562 16361.3
137.07887 1405.87
139.08630 273.188
140.08180 996.52
140.10687 261.425
141.06572 830.115
141.10213 591.716
143.08145 546.169
143.11731 446.974
145.06062 201.838
146.06366 317.023
147.11275 5296.19
148.11624 231.602
153.06584 616.297
153.10243 226.498
154.04950 363.939
155.08163 593.445
155.11780 248.373
156.07591 265.871
157.06062 191.656
157.10782 1026.02
158.09210 1352.14
159.07642 805.734
165.62184 209.271
166.06050 437.016
167.08176 1033.02
169.06110 192.908
169.09686 308.804
169.13300 321.738
170.09230 2512.33
171.07628 3441.22
171.09703 215.61
171.11244 1069.83
173.09195 764.257
173.12856 451.156
175.11885 4378.34
176.12349 215.528
179.09233 542.936
180.07661 407.801
181.06062 2375.88
181.09688 260.025
183.07585 245.559
183.11215 266.675
185.09286 435.573
186.12349 202.165
187.10736 315.266
187.14381 1145.78
188.10283 2225.69
192.04173 274.881
193.09705 1573.3
195.07687 503.947
195.11282 389.496
197.10359 195.508
197.12839 577.023
198.08728 2595.22
198.12152 309.348
199.07123 1965.35
199.09210 197.121
199.10727 485.869
201.12300 468.198
202.08228 328.619
207.08800 257.426
207.13979 795.928
208.10762 250.647
209.09137 304.146
210.02553 274.311
210.08694 1722.45
211.07176 229.239
212.10344 230.474
212.13939 1098.2
213.08661 456.57
213.12309 566.51
215.13885 850.723
216.09758 1275.53
217.08215 223.363
221.09129 636.982
221.13945 328.601
223.15605 437.717
225.09834 561.914
226.08234 387.494
226.11797 1758.31
226.15462 600.669
227.10207 744.712
227.13751 247.71
228.09703 787.946
228.13350 282.487
230.14998 1331.39
231.09892 223.508
233.09264 286.192
234.12267 243.527
235.14391 1262.36
236.15005 457.84
237.13594 332.331
238.08206 1030.51
240.13318 561.637
240.16934 287.606
242.14595 220.688
244.09193 291.525
244.12823 290.498
244.16582 405.453
247.13417 213.161
248.16020 3249.43
249.16399 328.776
250.08130 634.915
250.11859 722.13
250.65639 546.274
251.14844 1239.45
252.13322 369.44
254.14703 1308.31
254.16963 397.73
255.10873 458.325
255.14484 4047.3
255.64813 422.53
256.09238 1819.86
256.14948 483.052
257.09558 222.359
258.14450 254.862
261.15500 261.168
263.13943 597.741
264.06329 536.227
264.65332 816.704
267.10834 573.43
268.09277 673.322
268.16501 727.171
269.16064 888.047
270.10785 382.189
270.14481 446.403
271.19046 348.514
272.15378 1407.78
272.17725 1611.65
273.11807 252.054
273.18036 236.281
276.14319 265.623
278.11301 1786.33
279.11859 233.624
279.15826 537.407
282.67154 251.872
285.11899 1899
287.17117 1710.1
290.16241 197.707
291.07364 227.35
291.18607 236.365
291.67526 409.383
295.10263 323.864
295.13943 949.81
296.18207 636.668
298.13983 218.534
300.19000 1079.48
300.69220 345.889
302.16226 248.439
303.21445 237.35
305.18170 9184.51
306.18484 1377.57
307.10526 264.973
308.09888 279.202
311.17075 356.442
312.04810 737.595
312.13004 1078.4
313.11362 3417.2
313.15125 1052.37
313.20700 417.551
313.69531 208.238
314.11670 445.682
314.18460 270.293
320.17294 427.433
323.12881 257.683
325.18927 232.677
334.17450 212.374
337.15063 1144.49
339.23642 347.804
343.19785 421.004
347.13300 391.559
349.18369 559.485
355.70584 921.278
356.20358 418.775
361.18704 284.038
364.71082 2147.03
365.14377 762.971
365.21426 790.588
367.23184 324.455
368.22903 232.595
369.70401 1305.45
370.20508 698.664
372.19211 220.816
373.67764 213.141
377.18115 706.217
378.21237 234.895
378.70908 2074.17
379.21066 678.527
380.23105 211.185
382.21469 1864.08
382.55020 1137.08
382.88437 246.159
385.25638 509.753
391.54706 510.897
391.87970 405.184
392.15775 430.966
397.22076 268.129
397.55927 271.839
398.24362 328.565
400.18475 214.568
400.25659 855.722
401.25708 216.683
403.19058 254.413
407.21356 346.995
408.22302 691.891
410.16537 248.472
412.25055 438.376
417.21371 454.587
418.26572 4530.76
419.26920 849.231
420.22687 371.421
421.25519 392.636
424.24387 359.495
424.90192 510.397
425.23511 439.611
426.23398 996.78
430.17264 580.39
431.15311 336.48
432.19016 296.549
433.20624 226.711
434.23685 631.637
434.56760 243.136
436.21851 342.132
440.25128 222.042
443.73145 350.638
444.24518 275.649
445.24728 221.938
446.19473 249.223
446.24307 285.213
447.19772 1845.03
448.18094 3279.56
449.18271 747.494
451.56805 229.192
452.24234 1848.45
452.74506 1029.16
453.24808 365.523
457.24197 670.829
457.57419 515.23
460.22327 379.101
464.21216 394.824
472.28952 1649.82
473.29526 299.031
475.19302 3221.18
476.17618 1205.14
477.17737 239.179
480.77869 731.316
481.27829 505.311
483.28317 292.264
486.26990 242.5
489.78278 350.544
493.26367 1073.37
494.25119 269.816
494.77353 529.257
495.26917 556.519
501.30206 660.85
503.78238 426.789
510.29214 270.335
511.27368 1157.56
512.27893 302.841
515.78412 311.927
516.28198 264.346
519.22516 266.36
519.31354 3870.27
520.31921 1041.1
521.27155 403.96
524.29364 302.256
524.79279 400.913
525.29590 270.362
527.29163 214.677
528.30554 238.438
529.29712 295.306
529.78406 334.475
530.28394 234.563
531.24713 519.356
533.28314 263.279
533.79254 564.602
534.29138 255.902
535.24188 214.918
538.29144 547.601
538.79132 469.183
541.79437 216.29
542.29944 255.814
542.79846 375.757
543.30023 373.078
546.26794 967.184
547.25153 242.376
549.26086 285.025
551.29413 277.658
551.80957 256.387
555.79688 356.926
561.26184 522.55
564.29187 558.861
564.34857 445.147
564.81024 611.755
565.31427 428.055
572.34180 1750.72
572.82416 404.462
573.29462 242.014
573.35767 303.644
574.26062 2913.13
575.25635 853.445
577.32758 276.294
577.65472 316.428
578.30682 652.59
578.80823 450.116
579.31226 214.588
579.65021 283.298
579.98218 326.041
580.31403 283.857
582.27759 273.624
582.35590 766.245
583.32202 703.982
585.33032 218.973
585.65192 1130.35
585.98645 1177.96
586.31879 648.411
586.81732 781.463
587.32324 590.287
587.82135 233.254
589.32941 265.421
590.35016 6897.74
591.35773 2182.47
591.66058 1647.92
591.99646 729.906
592.33380 1253.89
593.31854 374.672
595.33246 229.905
597.83856 713.521
598.34802 353.363
599.38031 276.723
600.35022 1204.7
601.35632 346.63
604.32184 420.259
606.84528 301.598
610.34222 1137.51
614.30743 385.718
616.34869 219.229
617.30060 259.773
618.28912 474.429
627.36572 373.338
632.31519 623.03
633.32104 334.3
633.82544 242.657
636.84692 447.757
637.35938 345.384
642.33795 864.076
642.83618 275.893
643.33783 250.905
644.33661 254.746
645.29730 2626.45
646.29871 1019.45
647.37683 344.283
647.85394 273.388
650.84882 586.848
651.34869 533.871
657.32104 257.782
662.35437 284.31
663.34961 348.236
664.35571 297.594
665.35504 224.086
671.41748 706.312
671.85425 989.492
672.34857 546.722
672.86664 267.764
676.35419 247.224
676.84442 912.424
677.35016 489.339
677.85101 215.588
679.39343 379.15
680.36707 1165.69
680.86871 493.75
681.37512 431.183
685.35736 1018.69
685.85742 833.037
686.34863 528.824
689.41986 4206.53
690.42334 1470.29
693.38043 323.927
694.36517 598.785
695.38702 436.071
696.37708 544.869
697.40027 4069.46
698.40448 1600.53
699.40887 454.072
702.31732 830.445
703.31036 238.006
711.39148 1292.59
711.89215 310.255
712.39471 503.151
713.39148 315.307
714.39056 660.792
715.39600 240.125
718.34564 366.52
719.35516 225.528
719.89215 228.373
721.37396 1551.09
722.36487 918.491
723.36987 310.475
728.32935 2223.43
728.43011 321.586
728.89850 260.84
729.33374 930.86
736.90442 687.756
737.40985 615.676
737.91327 253.563
738.40582 576.388
739.38428 3154.78
740.38672 1281.09
741.38898 237.242
746.34393 1325.34
747.34631 570.985
751.41431 234.359
756.41089 1047.16
757.41882 340.424
764.40625 352.426
765.41833 213.047
766.41986 1326.32
767.42450 402.069
772.35016 217.437
784.43091 1708.58
785.43567 464.336
786.41724 270.834
794.41461 2474.22
795.41962 1031.32
796.42529 456.451
806.46558 792.227
807.46460 599.739
808.45276 265.375
823.50049 342.821
824.48029 891.047
825.48328 346.393
834.45929 854.366
835.45874 556.86
841.51953 364.641
842.51123 254.545
851.48584 296.495
852.47369 1382.78
853.47772 630.518
869.50262 362.806
886.45178 340.593
903.47784 2364.56
904.48254 1160.1
905.48602 383.213
909.50977 264.06
916.44629 321.985
917.45197 215.464
921.49854 328.118
922.49567 263.253
931.47778 487.854
932.47321 230.934
966.52484 713.247
967.52979 241.256
1016.56201 517.453
1017.57086 301.873
1053.55432 402.699
1145.59924 250.648
