1609.78813 2
110.07108 315.849
112.08680 265.239
113.07047 199.14
115.07507 183.12
120.08041 11443.1
121.08372 655.582
127.08649 299.624
129.10220 441.534
130.08577 244.365
133.04321 270.084
136.07529 1672.39
142.08612 270.885
147.11264 235.709
158.09196 589.894
159.07613 302.672
159.09108 574.439
169.09659 460.849
171.07567 225.212
171.11238 213.579
175.11845 2642.72
187.06790 226.988
187.07536 194.66
187.10735 7451.61
188.11095 372.701
198.08788 205.594
201.12248 408.694
215.10220 6036.22
216.10649 438.536
219.14850 268.863
221.12820 319.694
228.13205 209.883
229.11870 396.448
231.11185 265.212
233.16415 2875.86
234.16837 298.104
243.13368 208.872
245.12408 954.043
247.14374 267.457
249.12291 811.221
249.15907 429.657
251.10281 297.543
254.14944 445.62
260.14066 293.259
261.15918 1559.89
262.08578 407.117
262.14841 556.371
265.11752 486.296
272.15897 256.962
277.11819 239.122
277.15384 447.639
286.13986 294.761
288.13403 1775.53
289.15466 198.604
290.08035 482.547
293.11243 1316.77
306.14432 714.788
317.14850 945.457
318.17792 244.779
362.17099 1479.23
373.22260 477.327
390.17160 195.38
391.23331 346.958
401.21619 632.636
406.19766 406.45
407.20016 310.013
408.18564 953.273
419.22867 574.471
424.21976 232.061
425.21289 1993.76
426.21640 262.063
456.17328 281.658
511.14572 282.981
553.27710 194.891
554.25342 1148.31
555.25555 308.019
700.29767 269.678
717.31677 2512.14
718.32281 762.948
804.50574 771.582
805.00891 511.257
805.50592 583.815
806.00610 296.9
813.38611 224.742
830.40173 2008.19
831.40295 682.633
940.43750 343.85
977.46808 1986.89
978.46838 850.839
1056.45886 222.131
1068.48914 205.076
1078.51672 1124.23
1079.51587 683.303
1091.50891 370.159
1117.52844 1305.85
1118.52954 859.149
1135.53760 5744.35
1136.54077 3350.81
1137.56494 264.649
1230.61426 382.17
1231.60413 299.732
1248.62341 1772.45
1249.62439 1049.79
1395.68054 516.526
1396.68689 427.615
