1785.80948 3
110.07114 1238.24
112.08660 357.54
115.08573 297.665
120.08059 21174
121.08388 1582.96
129.06670 366.087
129.10211 6780.8
130.08617 793.854
130.10464 396.473
136.06177 741.848
136.07568 1102.84
141.10164 318.031
147.07617 566.552
147.11290 1350.75
155.11786 312.848
157.06068 448.702
157.09908 369.15
157.13336 2787.38
158.09206 320.403
159.09039 339.703
165.10255 307.656
167.08159 665.409
169.13371 413.194
171.07568 402.048
171.11253 471.617
173.12944 300.084
175.07112 740.413
175.11876 4784.39
181.09729 482.098
183.14906 1613.05
185.09085 468.299
185.12822 1341.37
186.12271 913.768
187.10735 1701.98
189.08662 723.34
191.11795 1226.64
197.12802 454.163
199.07068 377.132
199.10773 746.491
200.13936 316.011
201.12325 488.111
207.11238 321.658
211.14342 465.734
212.10214 572.326
213.08691 553.89
215.10222 386.842
216.13341 362.355
217.09616 4208.46
218.10007 513.047
218.14970 634.773
226.11766 438.815
226.15556 441.594
227.10066 303.252
228.13326 420.977
235.10718 6711.13
236.11128 749.447
241.08191 308.96
242.18570 329.013
244.16469 312.591
263.10220 6915.34
264.10529 691.555
272.12390 294.044
272.17191 1553.72
274.11932 297.25
284.12488 480.677
286.10281 521.097
288.20364 310.592
295.13837 443.262
298.17401 367.981
299.17166 677.971
303.16687 307.697
304.10983 369.621
304.15991 1257.44
315.17935 470.702
323.20700 554.538
325.16034 318.47
328.11414 390.604
328.67014 414.777
330.15222 413.307
331.16360 352.598
334.16458 333.892
348.69391 357.63
350.16309 999.445
354.21375 1979.57
355.16006 383.565
357.21399 285.036
359.16882 1355.28
359.67139 652.706
363.18008 339.222
364.15091 440.296
371.23962 3116.85
372.18942 594.461
372.24344 572.202
376.70599 366.536
383.20374 2071.71
383.70447 690.635
384.69107 1281.12
385.19089 581.193
393.20102 677.155
393.69846 2397.63
394.20157 1192.87
398.69086 1394.52
399.15643 433.984
399.21625 401.337
401.18457 551.006
407.69507 3473.99
408.19427 1396.34
425.69208 404.851
441.23700 1885.78
441.73666 839.754
442.23541 357.526
446.23480 435.628
450.23987 3790.81
450.74188 1971.93
451.23981 670.565
455.23544 4837.84
456.23904 1012.61
458.27167 9492.71
459.27536 2008.84
460.23996 1737.95
460.74020 731.405
464.23721 919.154
464.56824 396.851
464.73849 458.009
470.18457 338.595
472.22330 468.644
473.69760 306.138
477.25821 295.12
486.26367 416.068
490.22147 1404.48
490.72516 664.62
490.89755 410.019
491.23001 522.698
495.76047 809.401
496.25775 535.898
498.74991 782.165
499.22726 3176.36
499.72873 1615.16
500.22906 629.301
501.23721 330.937
507.75351 577.238
508.25519 529.841
509.22797 1284.5
509.73370 488.077
512.29395 571.698
524.29718 918.475
532.27130 348.733
545.74872 697.556
546.76825 2491.59
547.27081 1429.08
547.76648 741.264
552.24084 450.887
553.21143 567.199
557.76837 301.72
558.26117 375.519
561.26013 1001.42
563.27039 432.091
569.30621 1103.39
570.26013 2626.62
571.26270 642.627
577.26843 698.024
578.26691 342.462
586.25812 422.849
587.31592 4776.3
588.32147 1354.78
595.30243 1130.25
595.80054 339.003
596.39160 1229.69
596.80713 599.036
597.28436 758.473
599.33307 472.453
600.34430 764.212
612.69690 317.839
620.31519 343.944
634.30469 475.794
637.37756 1905.36
638.38123 453.259
639.31842 689.835
648.30682 833.135
649.30798 368.797
653.84955 388.092
656.33423 695.749
661.31927 462.331
662.31152 314.73
662.85297 2875.95
663.35425 1744.49
663.85315 638.726
665.37390 643.169
667.29730 414.669
672.35565 328.346
674.34631 10734.2
675.35040 3957.15
676.35284 685.277
676.85223 362.811
677.36346 339.294
689.35254 325.402
691.36365 598.109
691.85797 513.498
695.36786 600.747
695.86261 641.992
696.37830 1455.98
697.38702 1010.79
698.38885 321.405
699.31750 904.745
700.31305 665.775
702.83038 307.79
704.37018 2306.84
704.86890 2023.88
705.36792 893.527
709.29810 495.356
711.84070 1274.34
712.33801 769.458
713.37512 14868.6
713.87555 10620.8
714.37830 4316.6
714.80042 823.464
714.90192 867.751
715.31372 562.065
715.82416 470.19
717.33057 7152.85
718.33356 2476.33
719.33685 708.173
722.37964 2585.74
722.88263 2204.54
723.38397 805.356
725.35675 857.248
726.35358 484.222
727.37537 380.042
734.39355 691.333
735.35052 2025.34
736.35559 825.248
743.36810 1492.15
744.36005 1185.75
745.35791 512.227
752.40350 1557.98
752.88452 555.701
753.36249 1557.55
753.86432 885.385
754.36377 558.059
761.37738 23635.1
761.88086 3081.09
762.37561 15661.8
762.86841 4987.42
763.37323 4045.88
763.86786 590.897
764.36346 456.228
770.39215 531.534
770.88824 9481.31
771.38867 8139.18
771.89148 3252.72
772.40820 615.414
779.89471 1678.71
780.39569 1885.52
780.89728 802.67
781.41016 326.963
786.39520 451.017
789.40521 321.819
801.86505 379.139
810.87195 1480.88
811.37463 1296.54
811.87549 921.284
813.39978 327.365
814.38733 723.776
817.38837 385.699
819.87689 3465.94
820.37775 2752.17
820.87939 1122.14
822.42206 455.054
832.36414 723.842
833.36627 355.086
849.43018 526.911
850.37848 1286.39
851.38617 338.457
860.97388 365.623
861.48822 316.773
867.42859 320.03
868.41870 376.04
874.46576 1548.38
875.46454 735.986
899.47375 885.693
900.47107 613.207
919.47418 3463.04
920.48578 1305.13
921.47467 345.835
927.46655 1141.76
928.47827 629.392
946.38855 2245.97
947.38788 1502.81
948.38458 588.349
953.50391 532.791
965.50537 679.744
971.51514 6394.36
972.51538 2980.2
973.51703 820.728
990.51410 627.108
991.52148 329.239
996.49011 528.824
997.45709 688.788
998.45300 338.3
1017.44836 1233.66
1018.44952 368.937
1025.43762 459.892
1040.54089 344.396
1061.55652 560.686
1064.56665 350.653
1074.48950 355.993
1083.50818 380.294
1094.44739 334.439
1111.57385 625.109
1112.57605 315.692
1661.18188 361.72
