2092.98198 2
110.07094 1381.42
115.04991 1974.34
120.08036 748.12
129.06525 428.935
129.10187 2562.74
130.08604 677.888
136.07524 928.898
141.10197 649.845
143.08081 366.294
147.11247 1642.42
158.09229 366.973
159.09125 3933.69
167.08116 368.74
169.06038 524.578
169.09660 949.741
169.13242 329.377
171.07571 422.839
171.11296 680.158
172.07101 1493.02
175.11856 1335.14
183.11253 1074.83
184.07086 577.328
185.09200 332.997
185.16428 758.4
186.08667 1926.07
186.12318 1964.35
191.08441 576.229
197.12793 543.294
199.07164 400.862
199.10699 316.616
199.17992 1414.29
201.09695 561.301
201.12354 859.461
210.02362 315.085
213.08609 327.076
213.12354 338.933
213.15880 1149.16
214.11812 1323.37
215.13785 788.661
216.09740 438.032
217.08131 1737.85
219.07922 1125.89
225.15887 332.115
226.11823 1233.17
227.06709 352.068
227.10106 365.639
227.17477 852.059
228.13313 513.036
229.09256 14825.5
230.09605 976.185
240.09740 334.837
240.13383 1183.04
241.07979 563.946
245.07652 938.303
253.22748 589.701
254.11273 359.629
258.10660 504.421
258.14417 2765.73
260.13785 867.243
265.15164 483.987
270.12631 330.665
271.13968 706.612
272.17535 897.278
276.15421 3147.8
277.15900 485.57
282.15771 459.634
283.13934 4495.72
284.14075 389.07
288.13406 1932.99
289.13690 328.815
293.12830 740.202
294.18015 335.496
297.15479 4098.52
298.10205 710.725
298.15701 391.188
300.11859 1117.87
300.16583 10468.9
301.16989 1313.66
310.15363 347.75
311.13547 382.03
312.15372 434.796
314.17899 470.692
315.12848 943.34
317.12637 822.798
318.12860 2270.76
325.14981 408.221
327.20349 572.634
328.16077 8810.45
329.16382 1082.31
330.16458 468.847
339.20142 1002.07
342.17636 2678.63
351.20151 1628.25
355.12540 653.019
356.10739 772.926
367.19684 397.963
368.22845 2354.71
369.19754 316.225
373.14084 836.1
374.11890 356.944
384.18549 434.21
385.14996 1056.04
387.20602 409.157
391.18115 2885.85
392.18732 410.509
395.12064 334.905
396.22266 10278.8
397.22519 2143.34
401.21646 866.972
403.16068 844.537
404.15891 1121.56
406.20526 320.66
410.23788 744.828
411.19843 452.267
412.17862 711.997
413.12927 1241.53
413.24838 3242.5
414.25381 593.52
424.21786 3899.05
425.15912 327.896
425.21948 688.153
429.20877 939.809
430.15656 1578.26
431.21066 1059.7
438.23514 344.013
441.24518 3792.05
442.24841 729.164
446.16852 466.728
458.20023 1061.85
464.28806 378.603
470.23438 414.845
476.21548 1057.67
484.20493 351.362
486.19641 2098.95
487.20029 593.338
497.27252 516.491
502.21634 1602.53
503.21689 348.844
504.20911 1546.31
505.21521 332.204
509.30707 1914.18
510.31165 441.029
515.18915 391.761
516.25024 528.256
520.22400 3008.76
521.22888 597.698
526.28925 340.572
526.33392 336.192
533.19739 755.111
537.30225 635.231
542.29694 342.787
544.29993 382.01
554.32794 754.141
559.19379 399.776
561.19672 741.727
571.28748 381.51
573.27454 356.713
589.29590 1089.71
599.27924 1257.74
600.28601 349.894
617.29211 1682.76
630.27454 820.91
631.25720 1353.87
632.25775 335.6
648.21466 925.091
648.29401 830.805
670.26746 705.811
671.27002 421.542
687.29272 591.37
688.28186 550.404
705.30188 7535.05
706.30566 2574.56
707.30560 471.207
712.36945 505.106
818.33032 335.877
819.30280 382.301
836.34271 3623.62
837.34241 1188.78
905.35913 675.941
906.35132 809.372
923.37488 7897.64
924.37634 3341.5
925.37598 908.185
1036.45911 2290.53
1037.46021 1170.28
1038.45703 372.661
1222.53809 739.578
1323.59155 512.551
1539.66370 493.356
1540.64795 402.093
