2959.38711 4
129.10202 69005.3
130.08607 1853
130.10515 4721.45
147.11256 7356.77
155.11765 1795.93
183.11298 2800.27
187.14383 1195.9
199.10730 1749.42
200.13902 33811.4
201.12360 1326.55
201.14337 3416.87
213.08688 3962.61
216.13370 4321.5
218.14952 40048.2
219.15298 4140.58
227.10329 1376.75
270.18057 4800.66
284.12247 2700.19
295.21274 5852.54
313.22260 10756.1
314.13443 2914.23
314.22650 1509.11
342.13101 1309.26
344.14438 1740.79
364.16080 1274.91
385.20966 1248.18
401.16492 1627.04
412.21912 2850.84
425.16638 5130.31
428.24924 8508.92
429.25201 1589.66
430.22855 82324.2
431.23224 16095.6
432.23666 2436.38
446.72876 3752.59
447.23163 1826.04
472.24060 1667.9
477.24365 2169.71
500.23114 1475.6
511.24655 1472.6
529.26141 8266.06
530.26489 2926.78
543.27649 29436.8
544.27954 7309.07
559.77655 6164.18
560.27740 4208.23
560.77924 2259.77
567.74921 1425.79
568.23724 1363.17
582.78387 1611.2
583.28375 1662.97
589.30499 1339.01
605.34332 1681.78
610.28571 1463.86
623.82361 16173
624.33386 8219.39
624.76007 1352.3
624.83813 3058.83
630.29401 10411.2
630.62714 13524.6
630.96252 6449.81
631.29254 2868.45
636.82855 2296.72
642.30786 37736.9
643.30835 14932.8
644.31281 1984.03
657.27240 2145.39
662.83063 1661.17
669.33594 1414.29
675.32074 1457.05
681.82721 1363.11
689.32428 2760.76
690.32855 2093.11
690.81934 22737
691.31830 27030
691.81995 12368.6
692.32013 5106.01
692.81952 1351.28
702.00507 6747.9
702.33099 8045.72
702.66925 4280.75
703.00500 1722.67
706.36273 1445.9
706.82953 2706.28
707.33044 3916.79
708.04956 7469.36
708.38556 8231.77
708.71997 5637.68
709.05573 2502.77
716.87769 2314.48
717.11804 1796.81
717.38025 1486.42
718.35028 1301.24
720.92438 1367.52
722.84149 6226.23
723.09283 7120.66
723.34857 5928.91
723.59198 2512.68
726.35822 1308.72
726.67761 1338.68
730.32819 3720.97
730.83014 2437.94
731.33801 1521.31
731.84869 3703.9
732.35364 2406.63
735.67706 4689.43
736.01160 8441.96
736.34686 9685.25
736.60010 4837.47
736.85187 4411.14
737.09937 3119.83
737.32867 1551.4
739.35278 6800.62
739.79535 9236.27
739.92731 1846.2
740.30334 12989.4
740.60559 57591.3
740.85431 82234.4
741.00220 7601.26
741.10938 61763.2
741.35834 50738.4
741.60577 21074
741.85529 8997.69
749.68378 1628.81
750.00983 1481.93
755.39343 4297.38
756.39282 2488.87
764.03644 7121.23
764.37073 7033.71
764.70459 7138.65
765.03876 2554.06
767.36194 1700.82
767.68713 2145.22
768.02924 2573.18
771.32843 2277.66
772.32819 1810.89
773.36780 21199.9
773.70166 27399.3
774.03528 16512.8
774.37134 14944.2
774.70258 3641.76
774.87811 4300.06
775.37408 2708.38
798.46747 1801.01
800.38043 2448.16
800.71283 1938.96
801.04150 1830.78
801.37726 1651.65
806.37738 32521.7
806.71271 40715.4
807.04773 26795.2
807.38104 14472.1
807.71466 5374.43
808.05151 1858.97
817.41785 3886.95
818.42383 1592.07
820.38495 2188.24
820.71393 1741.5
821.04572 1864.14
831.88928 3466.19
832.38806 5537.28
832.88544 1712.94
836.36517 3600.37
836.86249 3067.91
837.37085 2022.4
837.89117 4491.47
838.39087 5748.92
838.72675 3144.74
839.05182 2614.43
839.38593 3240.43
841.41168 1610.46
844.06116 28048.4
844.39459 35019.8
844.72638 32299.1
845.05835 24568.9
845.39093 13405.1
845.72626 5871.58
846.05536 2322.54
848.37799 2400.29
856.40588 16603.5
857.39453 12983.2
857.88452 6329.44
858.38837 5513.43
858.87634 1333.7
859.37732 1440.64
870.38531 1972.87
871.88556 1420.85
872.39105 5101.75
874.41388 2349.84
877.38507 1615.92
877.72186 2686.26
883.06439 16608.7
883.39728 23938.9
883.73096 19755.4
884.06464 8624.57
884.39587 4498.88
884.72809 1786.3
888.41394 6790.33
888.91437 6136.05
889.41821 3921.27
889.91388 1919.35
892.44965 3087.58
896.40442 2333.99
897.42371 1476.32
901.39606 1558.3
906.44336 2025.01
909.08716 1609.3
914.75543 15154.8
915.08942 23676.1
915.42236 17110.8
915.75525 8872.2
916.08789 5074.77
916.41522 1959.81
920.75745 36455.8
921.09161 54115.8
921.42548 44307.3
921.76007 20906.6
922.08807 9213.47
922.42920 4193.08
925.42542 1817.5
932.43225 1407.66
935.93353 1803.07
936.43793 2350.68
936.93018 1348.23
938.43488 1873.57
938.77057 2922.92
939.09772 2151.4
943.43079 8126.06
943.91467 2169.45
944.43237 5529.86
944.93750 38235.7
945.43787 41706.4
945.94043 24891.5
946.44202 10250.9
946.94861 3714.81
947.41516 1461.25
986.44641 1803.85
994.45233 12993.1
994.95355 13176.2
995.45404 9766.22
995.95966 3890.04
1003.43671 4776.26
1003.94159 7441.12
1004.43793 4031.77
1008.97748 1509.76
1009.48248 1364.34
1034.47559 1387.43
1034.97791 1564.64
1035.48511 1395.84
1045.99268 1627.61
1046.49255 2180.05
1051.97046 5009.23
1052.48608 7158.07
1052.99109 6426.93
1053.49670 3673.68
1059.98376 6238.62
1060.48315 8942.58
1060.98596 4532.29
1061.49207 1992.42
1071.52710 7658.51
1072.53418 5726.81
1073.54199 1606.74
1100.49207 6174.55
1100.99487 6690.48
1101.49670 4931.37
1101.98657 1915.67
1103.01099 2951.7
1103.50293 3020.92
1109.47668 5967.84
1109.98499 9073.96
1110.49072 6684.5
1110.99109 2681.9
1111.49915 1530.6
1118.54443 8952.43
1119.54993 3940.99
1120.54700 1555.46
1134.49524 1667.13
1136.50293 1624.07
1158.02051 1809.57
1158.51587 2467.09
1159.02466 1376.01
1159.55090 6386.85
1160.04553 5779.88
1160.54980 6905.32
1161.04785 2936.24
1161.53162 1363.7
1166.02124 11499.3
1166.52246 15245.4
1167.02258 10949.7
1167.52515 6019.17
1168.01270 1957.19
1171.48938 3284.33
1172.48376 1859.85
1209.06616 2459.9
1209.56946 2552.54
1210.04968 1388.38
1213.52551 1340.26
1215.52490 3684.02
1216.02454 3250.25
1216.52319 3191.65
1247.56433 7400.57
1248.56030 4187.4
1249.57947 1495.15
1272.06226 4076.77
1272.56323 5029.71
1273.06055 3887.2
1273.55652 2809.5
1299.58826 1402.18
1308.07434 1938.67
1459.64905 5711.28
1460.66162 4251.32
1461.64441 2017.49
1514.64172 1834.68
1515.61304 1593.31
1671.73279 1400.86
