2277.03447 2
110.07061 1198.81
120.08035 5682.77
129.06548 3739.36
129.10188 6788.02
130.06464 5395.11
130.08574 2856.7
132.08044 2598.78
136.07541 5845.58
144.08072 1327.79
147.11241 5005.08
155.08098 2129.13
157.09668 1853.68
158.09627 1870.38
159.07605 1455.6
159.09132 27463
160.09482 2656.81
170.05962 6120.42
171.14934 816.167
185.09158 2666.42
187.07320 1578.35
187.08492 2129.12
198.08690 860.199
199.07318 1981.85
199.14383 1612.98
200.10214 3559.76
201.08685 3702.41
201.12257 873.61
203.10278 939.41
205.09917 2168.61
213.12440 890.487
216.11197 890.906
225.10071 866.016
226.11853 1545.61
227.08087 3488.28
228.09760 1819.79
229.11737 3120.64
231.11218 2899.22
233.09470 3962.72
233.16479 1081.15
235.14384 3098.16
240.13377 4236.86
244.09215 7167.8
246.10811 1483.31
247.10687 1253.12
247.14397 1082.9
249.12375 1904.05
255.10916 1872.88
256.09290 984.967
258.10727 5689.06
258.14380 10512.6
259.14709 1447.3
261.08948 2339.61
263.13846 3845.35
265.11777 2316.32
270.12421 3003.76
276.15454 8879.18
282.10797 903.822
283.10281 2966.56
284.12241 943.644
288.13461 843.482
293.11230 4566.5
296.10327 1719.3
298.12192 1140.42
299.09863 1067.13
299.16992 869.316
301.11316 3375.16
301.14951 1390.2
304.16528 1631.03
309.15366 873.664
311.13412 946.831
314.11334 1898.72
314.14862 2516.02
315.12704 2106.38
316.12897 3119.09
316.15601 915.083
317.18192 2886.01
319.12753 1050.13
324.09766 4229.08
327.12598 1304.4
327.16629 1949.12
328.18805 1066.09
329.14551 3724.64
330.17590 889.757
332.16043 6185.61
333.16351 1020.22
334.14221 1115.8
338.10901 1126.11
339.12930 2052.81
342.10779 16516.9
343.11118 2932.29
344.15472 1713.52
345.17615 3231.78
346.17517 1379.41
350.17410 1999.23
354.14053 2915.04
356.11938 2604.04
357.14050 2820.01
359.13388 13952.6
360.13638 2286.82
362.13593 2182.67
362.20587 1248.67
363.16919 861.224
364.15128 3556.29
372.14954 5003.84
374.17148 2146.04
375.14594 1243.15
376.15207 909.773
383.18930 960.586
385.15082 4570.09
387.20569 1372.48
389.18115 1331.02
392.18100 2703.26
393.17624 1661.43
394.13593 1149.71
402.17545 1541.27
405.21262 2174.57
407.19485 9101.87
408.19525 1625.51
410.20367 1478.57
412.14511 1587.07
413.14496 3077.84
419.15036 868.792
421.17072 3190.96
422.17249 878.568
424.16083 1439.29
425.14221 948.509
427.15497 1240.81
428.21417 3420.47
430.16940 2060.38
438.19772 1353.11
441.18878 1023.01
442.17014 3264.77
444.17282 1409.28
445.17023 1070.15
446.22522 2442.31
447.19095 1096.79
447.21442 974.099
453.21082 907.028
456.20941 5700.56
457.21088 1317.83
459.19769 1706.44
463.17990 1470.46
464.21417 1888.83
469.18134 1768.94
470.16470 4026.71
470.23953 1357.14
471.16617 1158.43
474.21927 4284.04
475.21814 1541.98
483.18283 1485.58
485.21265 1080.09
487.19070 2475.33
488.25003 2356.54
490.23105 2159.68
491.24722 1948.89
492.19708 1803.26
492.25131 2110.73
501.19238 3321.26
508.24176 12183.3
509.24341 3158.39
513.20490 3366.95
514.20435 958.771
520.24146 1677.25
521.23877 900.219
530.23578 2001.02
537.26611 2047.16
540.21362 1870.23
541.19171 2187.85
545.29071 1588.14
547.26093 960.387
548.21600 1116.07
553.20496 900.693
555.28156 2176.66
557.26135 1016.41
558.22656 2509.38
559.23175 1063.82
563.27826 907.442
571.28601 1255.87
573.28571 3239.46
574.28925 1283.19
575.20673 954.119
575.28210 1117.11
591.27637 2891.25
593.29407 1238.68
598.22101 1373.52
601.27704 1156.35
603.27795 1716.72
607.23267 1038.62
609.28967 13352.7
610.29785 2883.27
611.29327 1375.08
618.24536 889.797
621.28485 1559.36
622.28741 921.555
640.30927 965.12
642.24615 2487.83
643.24164 1037.22
646.24371 1985.98
658.32190 1088.11
659.26215 997.4
664.24963 1676.53
669.25732 2423.32
670.24756 2116.07
676.33911 1086.25
686.31549 935.113
687.27039 3295.85
688.27985 1388.05
704.32452 1161.12
706.29767 981.438
720.34668 1541.38
736.34882 1125.81
738.34595 2610.17
739.35480 920.293
741.31470 999.844
745.31525 1101.31
756.35724 13679.4
757.36169 6576.48
758.36548 1553.45
763.32257 1248.15
787.37610 1314.89
805.29834 1297.82
832.32062 934.634
833.31647 1027.34
850.32507 2440.94
855.42926 2211.02
912.44934 5201.27
913.44958 1719.23
949.40106 1035.36
1013.49408 2356.69
1014.50201 1503.86
1100.52429 4473.86
1101.53052 2365.72
1213.58679 997.514
1229.56409 2485.38
1230.56824 2146.04
1328.64124 3077.86
1329.63672 2356.77
1427.71130 1187.15
1590.80847 997.848
