1447.67912 2
110.07116 2281.51
112.08674 630.139
115.08632 758.011
116.07063 662.39
120.08055 448.801
125.07114 394.803
129.06679 738.239
129.10211 24627.6
130.08615 1393.35
130.10521 1474.49
136.06157 1418.91
136.07555 2815.2
139.08636 3737.55
141.10202 428.233
147.11282 1774.26
151.08667 748.773
153.10217 2033.37
155.08110 654.791
157.09761 1117.15
158.09235 1478.14
159.07619 479.246
159.09132 820.708
159.11278 495.036
167.08138 5216.08
169.09682 670.871
173.12776 488.647
175.11877 9833.56
176.12283 476.532
180.11282 870.389
181.06053 571.698
181.09708 800.274
183.11261 337.635
183.14938 478.89
185.09171 1788.58
186.08554 321.197
186.12367 382.46
187.10789 574.945
193.09680 520.851
195.07664 516.665
195.11250 1487.68
197.09279 522.733
197.12810 510.162
198.12344 2300.95
199.07137 297.043
199.10748 2971.98
200.10114 580.523
200.13838 341.092
201.12314 321.443
204.13399 503.473
205.09695 565.136
208.10771 795.918
209.09169 624.626
211.14331 612.579
212.10107 316.545
212.13792 368.607
213.08620 506.542
214.15485 398.818
215.14030 422.075
222.12355 5697.28
223.10783 1227.72
223.15753 336.661
225.08481 739.267
226.11839 2177.3
226.15547 405.283
227.06319 310.31
227.10240 10316.3
228.10646 749.956
228.13225 357.178
235.13344 541.604
238.11752 399.198
240.13390 23857.5
241.13501 2597.6
243.13234 410.077
244.12590 474.207
246.12256 379.902
250.11803 1780.22
251.10179 348.94
252.07733 325.946
255.10835 515.835
255.14491 834.296
257.16031 1396.48
258.14456 6859.4
259.14835 677.645
264.13431 543.225
265.05789 943.547
265.16650 373.65
266.14963 1822.91
268.12793 1368.39
269.64636 323.706
272.17316 556.66
274.11835 507.584
274.18710 1463.62
278.11295 2105.43
278.14957 526.045
279.09583 622.589
279.14471 1609.23
281.16028 383.932
283.17575 1405.96
284.15680 1500.85
285.16647 474.991
291.14484 3776.92
292.12811 1204.31
294.18164 341.962
295.06879 391.524
296.12360 18529.7
297.12894 2035.12
301.15100 367.917
301.18661 1116.39
302.16806 323.601
306.14386 370.155
309.15533 5701.73
310.13589 787.594
310.16119 705.911
312.04910 656.994
312.19110 332.105
313.14893 448.635
314.13239 658.662
322.17297 512.929
324.09518 1587.41
324.15372 932.591
327.16571 3735.51
328.17175 392.523
330.05844 417.883
331.16040 523.54
333.19141 864.446
333.67999 470.594
340.18613 4144.12
341.19141 651.71
342.68686 2073.05
343.18845 359.46
344.19107 877.483
348.18704 587.497
351.16153 341.9
353.21918 482.568
361.21823 970.892
363.20276 322.007
367.19446 460.978
371.22906 977.151
381.21280 1519.16
382.21252 331.164
384.18842 337.562
391.19617 413.382
393.17407 819.866
394.09988 2240.28
395.10150 315.203
395.19769 334.88
398.23999 2055.77
399.22510 592.435
399.67474 518.545
406.20782 1198.19
407.13007 1151.7
409.20773 1821.94
411.18536 687.497
416.25458 511.916
422.23932 507.091
423.23077 571.098
424.21725 757.065
425.14236 360.159
428.25934 366.143
430.24509 1022.54
440.25989 1191.57
441.24524 10391.8
442.24786 2195.73
448.18408 774.89
458.27151 33899
459.27423 6907.05
460.27734 676.867
481.24142 423.4
482.26584 412.979
489.24438 457.37
492.24481 954.396
493.25174 391.677
503.26941 456.934
507.25439 1077.03
510.25528 980.004
511.25058 700.122
512.28131 375.076
517.23578 558.049
527.27942 362.548
535.24976 2731.31
536.25403 694.591
537.30933 385.204
538.30096 379.506
546.78992 973.076
547.28778 573.878
553.25732 690.839
565.29956 379.113
566.28284 1153.09
569.30603 1009.21
570.29492 450.598
587.31543 2104.3
588.31738 684.839
592.28143 341.021
594.37354 1209.92
602.33313 344.816
605.23260 522.807
607.31378 341.749
620.34052 1493.02
621.34387 610.953
622.35883 388.35
623.35382 361.315
624.33630 730.61
630.32385 333.414
632.30914 337.801
633.22949 593.791
635.29828 384.806
648.33673 2406.16
649.33575 1676.87
650.32526 667.009
666.35425 3046.27
667.34125 4479.35
668.34656 1357.76
684.36627 45170.3
685.36926 15877.9
686.37378 2711.53
718.30212 354.879
733.38745 755.104
737.41998 469.081
779.43823 797.805
780.42853 1454.84
781.43335 532.032
797.45001 19827.2
798.45374 8429.72
799.45618 1600.6
802.39691 404.274
806.34216 1037.43
807.34808 343.421
807.43005 359
904.33624 506.588
908.48254 2591.58
909.48596 1293.17
921.36951 2674.83
922.36499 1143.88
926.49255 4569.76
927.49811 2165.08
928.49792 521.179
936.47540 1783.45
937.47705 755.794
939.37787 827.396
948.53046 723.56
965.46802 635.896
987.52618 507.169
988.52814 331.704
1005.53314 971.454
1006.52393 1219.38
1007.53351 498.373
1023.54620 27988.4
1024.54773 15509
1025.54956 3472.47
1026.54871 530.011
1074.55798 1467.07
1075.55237 1353.2
1076.55237 916.991
1092.56555 17909.6
1093.56946 10574.9
1094.57190 2761.11
1095.58801 480.115
1110.57813 2487.88
1111.57544 1515.07
1112.58313 412.491
1120.56177 589.728
