1644.73166 3
110.07123 3156.54
129.10211 113539
129.12273 777.259
130.04951 1616.93
130.08600 5573.55
130.10526 9316.4
136.06148 795.459
136.07553 2833.26
139.08640 6140.54
141.10211 2696.81
147.11263 9584.27
153.10225 1698.06
157.09706 2015.25
158.09242 856.993
168.11348 832.086
169.09680 3717.04
171.07605 2230.78
171.11310 962.388
175.11861 4359.07
183.07684 815.288
183.14883 11581.3
184.15236 1177.94
185.09200 1570.13
185.16415 1545.2
186.12338 15197.5
187.12680 1893.2
189.08687 4475.92
195.11208 972.257
197.12781 1102.55
197.16528 1144.16
199.07115 7349.63
200.17529 1754.24
201.12306 6114.44
201.62059 4044.61
210.13423 6309.77
210.16016 2183.38
210.63603 955.595
211.14400 3776.06
213.12332 2179.49
215.13870 4676.84
216.13315 1286.81
217.08176 6747.82
225.12369 1905.78
226.11812 2907.34
228.17015 4405.32
229.11810 8604.04
234.14444 4725.66
240.13461 2417.61
241.08203 1233.79
243.13254 1325.96
244.12851 3069.98
245.07555 1198.26
251.10214 4219.12
251.14929 1222.25
255.14594 1093.62
259.09174 1100.56
267.64746 5155.08
268.09250 1292.25
268.14938 973.674
270.16269 840.653
272.17230 1499.21
273.15515 1906.04
274.18600 1043.97
283.13687 878.776
284.15985 1081.49
286.10248 1831.93
291.16586 18662.9
292.16837 1640.79
294.14471 1096.37
301.15140 1007.67
311.20575 1203.61
311.67862 883.834
312.14633 2271.77
312.17499 8514.56
312.67551 3247.12
314.09756 2662.13
320.68625 18409.4
321.18811 6045.27
321.68777 851.898
323.16336 8314.24
323.66431 1937.56
326.17047 1522.31
328.11334 1030.57
332.16840 3042.44
334.68405 5242.3
335.18698 1402.24
337.15112 1398.84
339.20166 2003.1
340.18515 4059.78
341.18967 819.959
342.20303 943.517
345.22372 1262.71
346.11960 861.831
350.21756 975.101
355.19382 1714.53
355.68991 2519
357.21347 5330.22
360.68127 1267.69
361.17783 848.922
364.20279 1429.69
365.71436 2235.66
366.21576 1078.2
369.19565 4355.72
369.69193 1337.21
373.17035 1029.4
378.20068 2468.57
378.67456 1363.92
383.15390 1511.56
387.68393 9480.45
388.18567 4393.06
395.19336 4718.16
396.19595 1006.31
396.69061 3443.98
397.19080 1751.61
399.18723 1069.45
401.25040 2354.15
401.83734 934.028
402.24680 7870.09
403.25043 2623.37
409.20929 1061.06
413.18973 2972.79
413.68753 1005.17
415.14697 921.04
419.26065 18037.5
420.26379 3289.82
421.22882 3236.3
421.73120 3235.11
422.23083 1468.8
423.18713 7542.38
424.19006 1169.9
426.23480 2116.89
428.72308 1852.7
430.23318 2986.16
430.73550 2612.71
431.20172 3828.89
433.71631 2841.39
434.21484 1312.69
440.20667 13613
440.70914 4634.85
441.19778 4570.55
442.30222 2019.67
442.71832 1261.26
443.13940 2040.87
447.21423 1298.27
447.54947 960.979
451.02408 2040.54
453.26855 1629.21
461.15112 973.632
469.96277 1144.48
470.21390 1301.49
470.29547 5667.15
471.29965 879.664
473.28250 13085
474.28525 5640.12
475.29010 1006.58
480.16858 2146.3
483.26517 1282.09
483.59863 878.433
485.54373 2963.96
485.87570 3825.92
486.21039 3162.45
486.71710 2228.99
487.21365 1177.98
487.32440 1678.87
487.74985 1121.64
492.20700 984.453
495.72223 4366.38
496.21985 1876.39
498.18927 1377.73
498.57651 2958.07
498.91113 2920.3
499.74628 1516.12
500.24695 1726.89
504.24759 2597.69
504.57968 10779.4
504.91348 6406.11
505.24606 2788.01
510.25848 10026.6
510.58380 33008.2
510.91708 23226.7
511.25284 7508.32
511.58725 1024.33
512.21875 1252.92
512.71820 1243.39
514.93304 1316.04
515.27667 2759.66
515.61249 2666.92
515.95148 945.618
516.25653 44371.4
516.59100 35529.9
516.92493 14908.6
517.21033 1805.17
517.30939 1888.46
521.22632 1844.75
521.72217 2584.93
522.30347 912.385
528.22913 1812.35
530.23218 6723.42
530.73206 3298.17
531.22919 1205.9
534.28760 19395.9
535.29034 4455.15
538.25305 1288.59
539.23779 23280.8
539.73816 9703.26
540.23535 2149.04
540.31409 1159.73
544.23065 1984.43
544.73071 1218.2
548.28906 1124.04
548.91010 1580.35
549.26538 2124.24
549.60657 2274.1
553.23303 10548.3
553.73700 5355.48
554.23853 1510.23
557.33380 999.39
577.77307 2612.01
578.27441 2478.62
578.77356 1557.33
584.31726 1507.98
586.77972 28707.9
587.28088 37313.5
587.78210 17243.6
588.28479 4884.31
588.77863 1302.28
595.77924 16022.1
596.16278 3581.2
596.28247 10445.1
596.78400 3284.56
597.16223 1310.48
602.32483 16007.7
603.32770 9421.03
604.33447 1959.27
609.21002 1305.61
612.78137 2782.38
613.27954 4470.89
613.78070 2048.76
614.27698 962.699
615.29211 1186.16
615.78888 1366.31
621.29633 1911.23
621.79199 2778.55
622.29504 1776.17
626.28271 1127.77
627.30145 2405.81
628.24396 1603.34
630.29462 5390.05
630.79675 8156.39
631.29791 3567.33
631.79974 1156.93
633.27979 1943.49
633.78925 1372.58
635.28601 1267.18
635.78558 1517
636.28638 1430.84
639.25873 985.497
640.36426 2316.46
642.29120 9210.98
642.78937 7739.86
643.29144 1747.72
645.31982 12200.6
646.24835 1069.73
646.32922 3024.57
648.80737 966.933
650.35529 1664.56
651.29236 32524.9
651.39014 1221.1
651.79639 21590.4
652.29285 7718.66
652.79785 975.843
657.24902 1048.25
659.22089 1005.98
660.30066 24624.8
660.80359 16108.8
661.30731 8552.55
661.80896 2682.38
663.32947 35400.5
664.33215 11226.1
664.82202 910.794
665.27728 1463.3
665.35223 936.804
668.36078 16193
669.36505 5733.54
669.81726 13883.7
670.31781 24732.9
670.81970 14683.9
671.32123 3516.58
671.82141 1260.95
678.82275 7515.32
679.32483 14333.4
679.82562 8547.64
680.32666 2731.65
683.31232 1401.5
687.82300 1160.78
688.32410 1561.56
688.83081 1009.16
691.82672 4414.25
692.32147 3981.18
692.81799 1807.78
700.27856 2000.85
700.83337 8236.98
701.33057 6890.61
701.82965 2045.43
709.83551 25391.6
710.33502 17016.3
710.83777 6363.77
714.82520 1768.67
715.32861 1716.41
718.27448 1138.62
719.28662 1111.76
720.36377 2187.73
727.40448 1103.77
727.81036 7240.29
728.31018 7960.29
728.81616 4090.71
729.31598 1367.61
730.42065 3946.42
731.42450 2874.22
733.29541 1454.07
737.38336 8106.49
738.38013 4187.51
751.30994 999.99
755.39349 10535.7
756.41248 3351.95
763.35742 1160.49
766.34027 1275.92
772.29858 1026.34
774.36127 7907.21
775.36725 3778.21
781.27606 1543.77
787.30408 923.143
792.37158 19948.4
793.37421 6737.41
794.38690 893.638
825.36890 1290.29
826.36682 1225.83
835.36151 1583.44
841.45398 895.552
843.37335 1746.85
844.36932 2655.12
845.37317 1147.72
859.45996 3530.42
860.46735 3321.83
861.38885 5116.49
862.39355 1559.07
866.44336 1189.68
867.41986 1422.91
870.40088 987.059
878.39807 1813.42
879.40466 23274.8
880.40637 8007.47
881.41443 2047.99
883.32935 965.355
884.43890 6162.73
885.44775 2482.37
901.33142 1287.52
972.42108 1313.23
974.48828 1902.34
975.48712 1779.38
990.43347 3287.3
991.43335 1297.47
998.49158 1165.41
1008.44836 2645.27
1013.47668 2055.83
1014.48633 962.744
1042.43665 1357.45
1044.45166 987.212
1059.45276 2091.17
1060.44714 2340.52
1061.45068 1367.54
1077.46790 5801.59
1078.47266 2521.06
1087.45276 1820.25
1105.46118 5374.56
1106.46863 2674
1111.48828 938.549
1128.50525 5162.28
1129.50952 2786.96
1130.51270 1250.08
1155.49951 1420.9
1156.52600 1175.15
1172.55151 2827.77
1173.55127 2636.13
1174.53442 1330.62
1190.55273 8446.78
1191.55322 5056.29
1192.54944 1705.04
1200.54944 3065.66
1201.55188 4456.16
1202.54480 2074.59
1242.58716 939.443
1260.58203 1296.98
1319.60303 1044.72
1320.59473 942.228
