3481.78269 3
115.08612 2119.46
126.05415 2460.25
129.10188 2578.91
130.08566 1419.17
143.11746 8345.22
147.11235 5008.01
171.11252 3838.4
183.14864 26254.2
184.15225 2699.7
195.11244 2068.81
199.10667 2450.23
211.14359 18942.3
212.14699 2033.41
227.10187 6071.59
260.19562 2839.3
268.16483 29095.8
269.16846 3270.75
270.10764 28474.8
271.11176 2995.72
340.18619 8639.94
341.18884 1808.35
353.25406 5537.86
365.21692 1448.84
367.16037 9638.46
371.15506 10907.5
372.15939 1630.54
381.24835 5301.89
383.19144 5224.94
385.17114 1496.12
409.24387 2545.89
420.26456 1422.27
425.27463 1478.94
431.26053 14422.8
432.26370 2838.14
452.24887 11198.9
453.27008 5370.13
454.19363 2653.25
472.20163 2946
480.24399 21923.7
481.24643 4433.45
523.21277 1984.49
541.22095 5928.32
545.29840 2692.96
546.28729 12739.5
547.28931 3877.13
549.30310 2185.95
556.32642 4870.5
556.82214 5720.26
557.32422 3051.81
566.27795 2212.37
566.81555 1696.28
581.29041 5536.13
582.30316 1624.15
593.33130 3089.23
602.27551 1460.88
604.85181 15236.8
605.34760 24417.7
605.84784 12859.1
606.34741 3850.19
644.86395 5245.83
645.35956 2357.55
645.85828 1553.64
648.36969 2547.67
651.37292 1759.61
653.37842 57126.7
653.87329 99176
654.37390 57155.1
654.87408 17197.8
655.37506 3675.68
658.39349 1712.9
659.37488 3057.33
664.37457 2402.96
679.36737 6496.44
680.36719 3045.97
722.36896 4973.16
723.28992 1953.01
723.37573 1789.04
733.35608 2637.41
748.38129 1461.2
749.30615 5079.82
750.30121 1641.19
751.36200 5909.62
757.45038 1507.69
758.44641 13046.2
758.94299 20769.5
759.44269 14285.1
759.94330 4974.22
761.45398 7243.26
762.46002 3375.44
767.31885 3655.9
779.42853 2151.79
831.42334 3409.9
832.42322 1647.35
865.29773 6644.43
866.29773 3024.77
876.47693 6434.56
877.48486 3518.69
884.48914 2196
886.49249 2833.19
887.48846 3336.51
892.99908 15490.7
893.49304 35738.6
893.99243 25189.7
894.49280 10954.7
894.99640 2549.4
921.46375 1993.26
932.51099 2638.07
933.53070 2179.33
948.46667 3032.95
949.55090 2309.88
950.03839 4469.87
950.53510 4124.16
951.04303 2096.15
959.43701 3369.79
960.46082 1626.34
977.45239 2676.61
987.51056 4536.81
987.84808 4333.1
988.18481 2070.4
988.51349 3372.88
995.85376 2765.12
996.18488 9621.05
996.52087 12778.9
996.85107 8905.9
997.18231 2672.32
1002.19232 1615.88
1002.52252 3560.1
1007.07922 1560.24
1029.51587 1963.16
1034.52734 1570
1034.84937 7872.41
1035.18433 6944.87
1035.51270 5642.76
1035.85168 4085.21
1046.56946 2614.05
1047.56580 2789.23
1048.54297 1613.66
1066.23303 2731.12
1066.56116 4434.97
1066.88672 1942.31
1072.54846 1752.7
1075.43054 8186.86
1076.43262 4337.5
1088.48474 1618.38
1091.39587 3714.86
1092.40051 2314.99
1104.89233 4579.63
1105.22351 3574.72
1105.55432 3404.04
1111.64441 6267.63
1112.63538 13700.5
1113.63025 5578.45
1119.13025 3688.05
1119.62354 13015.3
1120.12170 11422.4
1120.61963 4884.05
1129.56116 1723.9
1158.61438 1923.6
1159.63879 3381.15
1160.65100 4345.82
1161.63757 3738.37
1162.08337 1928.19
1162.58264 2082.34
1175.54663 2474.84
1192.65430 1813.75
1201.56653 7377.45
1202.56580 3953.58
1203.57568 1601.68
1204.46399 4031.7
1205.46948 3048.37
1208.69702 12800.7
1209.68860 19938.5
1210.68848 10027.6
1211.68298 3182.64
1219.58252 3669.69
1220.59570 2703.47
1232.17261 4372.52
1232.67676 10004.5
1233.17358 10205
1233.67456 5435.59
1234.17053 2676.68
1240.68896 2608.31
1245.53333 4462.65
1246.54187 3885.55
1258.68359 1615.13
1267.68042 3352.49
1288.72327 5950.54
1289.73889 4591.85
1299.53052 2386.71
1301.52600 3868.38
1302.52832 2713.58
1305.75208 36094.8
1306.74231 58979.4
1307.74011 34595.6
1308.73584 11179.8
1309.72034 2523.72
1316.67163 1986.2
1317.53760 7836.44
1318.53357 4282.83
1319.56531 2612.01
1355.71313 3257.97
1356.72803 2731.36
1385.69763 1713.67
1411.70764 5389.53
1412.70752 4032.66
1413.71326 2132.6
1414.61304 5167.98
1415.60632 3765.89
1419.84375 1891.99
1429.71118 2640.23
1430.70715 2228.72
1470.68274 3106.08
1471.64282 4349.76
1472.62830 2155.94
1480.76257 3243.35
1481.26819 2511.54
1485.28723 1623.07
1493.79077 4336
1494.27234 4386.29
1494.77502 3378.63
1495.28101 1920.91
1502.27966 1611.72
1502.77771 4574.3
1503.27100 4496.91
1503.77930 3940.92
1504.26892 2001.16
1510.69727 1693.36
1515.88416 10339
1516.87915 20193
1517.88245 12386.3
1518.88062 4627.09
1527.69238 6286.22
1528.69482 6014.08
1529.70471 1714.53
1551.28174 2797.98
1551.79541 2695.66
1552.28357 3102.86
1552.77917 1671.82
1581.82483 2417.97
1582.79846 2615.57
1584.71387 3079.05
1586.65137 3250.09
1587.64172 2674.09
1599.82935 1676.81
1600.83423 1605.29
1680.80139 3565.58
1681.80554 2808.3
1697.79297 4068.34
1698.81165 5034.81
1699.81006 2619.42
1767.95654 1692.07
1784.99683 8297.86
1785.97864 16455.1
1786.97876 13587.6
1787.97791 4956.35
1796.78772 3942.16
1797.78784 3747.06
