2378.07346 3
110.07101 2827.03
120.08053 6443.98
129.10199 3346.56
130.06493 1874.06
130.08597 672.056
136.07556 1814.89
147.11250 1331.53
159.09140 7447.24
160.09540 554.208
162.09142 1383.16
171.11272 1336.68
175.11838 2647.28
184.07176 490.867
184.10771 512.741
185.09163 1547.11
195.08743 1622.09
197.12811 627.721
199.10733 864.04
201.12338 931.117
207.11247 43454.4
208.11600 4865.25
209.11517 476.484
213.08664 1740.01
216.09770 998.773
229.11768 489.617
235.10722 8756.63
236.11086 1077.96
240.13348 707.291
245.07841 581.525
257.12534 617.268
258.15982 927.656
260.19720 600.32
261.15918 501.382
267.10739 548.039
274.11880 935.472
285.11804 1750.94
286.15344 602.066
292.12878 2349.87
308.17258 820.665
310.13895 3170.27
311.13812 984.468
319.16946 544.233
324.14664 1159.93
326.16922 922.677
329.12567 574.206
361.14941 2125.27
362.15497 495.739
371.19714 7322.85
371.69870 2239.15
380.19302 524.656
381.16565 2334.98
395.22873 1055.28
396.15137 673.749
399.19699 2271.81
407.20319 682.333
414.16187 551.321
416.22452 12897.4
417.22833 2546.57
418.16977 1110.7
419.72372 42482.1
420.22534 18358.7
420.72626 5153.51
421.22977 712.296
423.21991 1718.76
437.21552 560.83
440.21078 630.422
445.19870 766.239
454.20651 916.366
469.20642 585.601
470.24966 723.373
478.21909 1044.21
480.23514 1493.5
481.24051 599.18
489.74231 1299.77
490.24503 751.986
494.24774 520.225
501.20987 1144.48
503.73999 591.995
506.24890 547.436
511.29855 765.189
512.28180 570.809
514.75879 3897.24
515.26013 1600.68
515.76422 699.238
519.21710 1247.54
527.19269 627.722
527.25403 883.797
529.30859 28362.2
530.31091 7423.76
531.31024 1007.17
545.25757 1373.39
545.76074 786.691
546.25775 523.982
557.25897 1568.79
557.76147 989.551
562.25098 986.458
562.75336 534.971
563.27216 1591.99
564.27966 667.461
571.25488 1657.28
571.75879 1256.56
581.28510 612.276
584.27094 594.782
593.31610 1256.46
595.28235 764.498
595.77759 843.929
596.28778 588.612
606.24304 1300.72
606.72113 645.421
606.80481 1353.44
607.29846 1376.79
611.79047 920.089
618.79327 570.156
619.28870 627.496
620.80249 676.026
621.29114 996.701
623.29370 615.193
627.31183 546.265
628.30048 648.087
630.24731 1321.02
636.82281 686.247
644.33740 4978.01
645.34021 1797.53
646.31006 828.717
648.25739 722.457
653.30957 929.968
653.79718 646.978
655.76941 547.886
662.30884 1636.6
662.81067 1016.09
664.31494 1379.8
665.33441 685.776
671.32568 695.483
676.37122 571.7
682.33423 1343.67
693.33105 1774.09
694.34052 952.278
703.29926 948.689
703.39685 612.77
703.81970 548.832
704.30780 608.976
713.32971 1083.03
721.32385 4785.36
722.33539 1683.43
731.87354 1146.65
732.38013 1314.04
741.38800 23830.1
742.39014 9223.85
742.86792 577.103
743.40265 1630.56
744.40918 765.92
755.38080 548.228
755.72003 642.296
760.39154 1363.18
761.34467 1074.45
762.33380 664.598
777.40491 598.334
781.35529 890.227
782.36383 700.053
792.40051 1415.61
792.72968 1085.35
793.05884 959.879
793.40302 2525.35
794.05719 543.535
794.37982 1117.8
795.34424 1376.71
800.34766 557.492
805.40125 658.804
816.46527 763.905
817.43842 862.811
820.43024 863.647
821.41406 2072.81
822.42700 862.831
823.40967 1127.57
824.39716 585.819
838.44049 44816.7
839.44183 20189.5
840.44336 5194.56
841.45447 727.674
848.45740 577.642
850.38208 909.684
868.39563 581.3
872.44226 728.971
879.40808 1659.26
880.41663 1720.46
881.43903 952.351
889.39246 1097.58
890.39191 733.617
895.46436 1372.89
896.47327 744.979
905.49713 842.631
907.40344 4691.72
908.40656 2541.93
909.41455 1074.34
922.44183 553.038
924.45325 617.401
927.42395 1124.88
928.43298 776.857
933.44226 723.243
937.41864 1167.71
938.43317 811.207
939.48816 9574.91
940.49329 4353.25
941.49231 1060.57
943.44421 585.062
944.52673 1240.05
949.45789 877.13
955.42352 4258.59
956.42261 2029.85
957.43207 666.331
960.48279 1514.44
960.98279 1040.19
961.49744 692.215
978.47986 1565.3
979.49017 588.338
988.46655 1135.36
989.47748 677.95
992.47284 632.021
994.99768 1414
995.49695 1390.83
996.00183 718.071
996.51294 1682.3
997.51733 859.097
999.98395 658.641
1001.49603 841.625
1001.98578 580.557
1002.49847 650.845
1004.51154 1500.9
1005.50586 1846.82
1005.99146 1072.42
1006.47931 5172.11
1007.47736 3199.87
1008.48273 1228.84
1014.50317 2546.38
1015.00104 3006.25
1015.49615 1890.9
1015.99774 726.217
1022.52930 851.462
1023.50574 11186.2
1024.00476 12228.6
1024.50415 6971.14
1025.00488 2831.34
1025.52478 677.696
1028.52844 570.296
1030.47107 818.912
1032.49011 947.877
1040.53625 19360.2
1041.53723 9909.1
1042.54272 3179.64
1053.40063 1973.51
1054.39294 888.701
1063.49890 662.457
1064.51563 731.242
1072.60156 711.95
1083.99768 1030.47
1084.51062 1240.61
1085.02466 708.269
1085.51709 665.812
1089.50037 2094.49
1090.51501 1485.79
1091.51599 671.434
1107.51685 1532.05
1108.52710 809.504
1113.51550 805.238
1114.50183 669.997
1117.52795 896.036
1123.47595 631.897
1139.60339 10188.8
1140.60620 5464.6
1141.46765 2040.67
1141.67151 1064.87
1142.49365 1230.72
1146.53784 830.714
1164.55383 848.205
1172.55127 1369.54
1173.56189 1050.01
1190.55505 2571.56
1191.55627 2012.17
1192.57104 577.785
1208.57092 2687.14
1209.58032 1488.76
1210.58386 811.486
1212.58655 630.165
1230.60205 622.727
1240.57642 2394.77
1241.57458 1538.79
1242.57959 958.12
1323.61267 1021.09
1324.61035 1030.12
1325.68494 5489.5
1326.68604 3973.28
1327.69250 1826.9
1338.55505 598.157
1339.54089 676.702
1341.62952 967.963
1380.62854 726.781
1406.64685 1358.21
1407.65234 1272.83
1424.66406 1861.31
1425.66504 1782.56
1442.67310 1248.77
1443.68567 1026.92
1462.74658 605.722
1463.73987 648.437
1504.60205 669.656
1517.68079 705.55
1518.71973 734.842
1519.74939 1015.44
1520.77856 704.959
