1036.49126 2
110.07111 1889.22
112.08673 4565.51
113.07078 715.032
114.10306 261.077
115.08636 2106.43
116.07046 1435.09
120.08071 308.702
127.08633 462.747
129.06580 457.473
129.10213 4572.78
129.11282 558.49
130.04988 358.248
130.08603 942.413
130.09761 689.498
133.09712 282.411
136.06148 1656.41
136.07558 1610.69
139.08643 723.666
140.08167 1211.8
141.10204 370.018
147.11255 792.965
149.04468 2249.94
152.05698 879.877
155.08144 1103.57
157.10812 3887.57
158.09224 4415.93
159.09578 286.277
167.05531 1268.58
167.08141 793.01
169.13354 2386.16
171.07692 307.856
175.11882 21687.5
176.12318 914.484
181.10635 1296.01
183.11241 328.334
185.09219 1153.08
195.07588 316.705
195.11313 295.35
197.10339 1548.55
197.12862 1164.41
198.08688 396.811
198.13480 1300.56
199.11919 1688.29
201.12315 1483
204.13390 617.559
206.09164 513.095
206.12799 353.783
208.10736 328.917
209.10361 2747.04
212.10236 363.594
213.08630 325.395
214.12988 1596.78
214.15561 461.579
215.11398 464.669
216.14557 1631.91
222.12328 599.831
224.10291 747.983
225.04295 308.076
226.13054 3005.6
226.15483 1107.99
227.11388 2370.33
229.11826 356.49
231.12344 268.589
238.11723 322.999
239.09425 533.525
240.09743 429.628
240.13300 468.343
241.08122 328.377
242.11299 974.863
244.14049 4886.84
245.14149 451.015
250.11905 962.623
252.09621 406.266
253.17699 1240.54
254.14493 691.331
254.16830 499.803
255.10851 523.153
255.14511 432.693
257.16022 901.756
262.15112 877.514
265.14108 419.312
265.17694 1164.07
268.12805 825.752
272.13702 367.507
274.18735 420.133
275.64005 555.175
279.15613 1035.81
281.05060 1410.36
281.17227 319.888
282.15689 578.625
283.18909 387.079
284.64536 759.768
286.15372 284.818
290.14417 417.178
291.15594 1573.29
292.14011 695.677
296.11816 611.311
297.16693 4462.42
298.16953 582.88
299.06119 6990.81
299.18231 955.632
300.16721 442.739
304.16006 619.467
306.67657 1925.72
307.17596 466.313
309.16650 6365.24
310.14883 2113.35
310.17496 674.606
311.15305 310.916
311.20721 446.498
313.18695 586.996
317.19397 1247.88
319.17368 393.629
323.16962 598.671
324.16748 278.442
325.15079 436.387
326.67618 807.029
327.17712 26175.3
328.18100 3372.38
329.18375 367.785
332.13565 275.617
333.17108 428.274
337.18442 329.654
338.18732 304.058
339.17056 362.84
341.17990 434.102
342.17627 518.358
344.97632 2368.18
345.18796 914.542
348.19531 1694.6
348.69452 530.441
354.21317 4040.09
355.21634 827.224
359.02744 704.593
363.69254 340.532
371.23962 1683.43
372.21310 341.38
372.67172 455.015
376.70587 432.982
381.21143 644.653
382.70557 630.769
383.20688 478.962
394.21170 298.524
397.15897 545.698
398.71402 309.782
407.14389 516.351
410.23993 1314.15
411.23511 3914.65
412.24054 803.346
415.03375 324.66
420.22595 503.948
421.23340 327.586
424.22772 384.962
424.73807 317.048
425.15549 1152.66
425.23431 362.143
428.26147 3430.78
429.26648 571.718
431.23685 376.088
432.74295 2486.23
433.24524 815.124
433.74707 419.763
437.23898 451.049
437.73093 462.047
438.23453 1363.28
438.74255 3177.09
439.24286 2036.07
439.74771 754.774
440.24414 440.36
442.27594 768.677
445.75125 1456.1
446.24512 3670.85
446.74591 1172.05
447.24686 459.691
447.74802 939.09
448.24164 1519.17
448.74631 554.857
449.24512 511.071
451.75082 1698.08
452.24539 2530.32
452.74597 1241.24
453.24695 681.737
454.75595 22309.9
455.25809 10923
455.75974 2963.6
456.25980 415.599
456.75220 2146.73
457.25385 1223.07
457.75711 548.87
459.25021 309.362
460.25394 305.575
460.75635 10294.3
461.25491 7164.35
461.75488 2396.4
462.25067 520.226
463.23407 357.254
463.75983 521.671
469.76117 16464.7
470.25986 12619.6
470.75940 4953.05
471.25656 1055.87
478.76614 33532
479.26770 16435.6
479.76941 5003.79
480.26035 614.314
480.60941 322.769
480.93890 555.035
481.24417 351.467
486.28406 382.511
486.61185 443.837
486.94415 340.397
493.24408 421.719
494.24243 1196.39
494.74973 334.429
497.23636 485.385
497.29608 334.149
498.26770 837.661
499.26910 359.229
506.24182 479.935
509.74319 322.772
511.26019 611.493
515.29370 3124.12
516.29736 659.678
518.74701 1084.89
519.24890 543.666
521.25415 454.086
525.27899 1006.91
529.27222 437.299
533.24609 513.027
538.27240 2642.08
539.27765 788.978
540.28235 400.859
548.22894 374.635
550.27136 1986.72
551.26190 1857.57
551.76221 299.834
552.31671 633.899
553.32275 292.723
562.24896 291.957
564.32770 488.619
568.28290 4654.89
569.28412 1379.11
576.32672 621.206
577.31079 771.98
578.29144 410.38
582.33582 844.708
583.33783 380.062
586.29352 3642.39
587.29675 722.856
591.23077 576.617
594.33557 2872.58
595.32001 4275.84
596.32324 1049.65
599.36334 700.836
606.78082 818.377
607.27661 502.019
612.34491 38644.4
613.34857 11975.7
614.35242 2199.4
615.28900 994.322
615.79413 814.506
618.31848 392.878
624.29370 304.084
633.33826 300.517
648.24750 1843.13
649.24988 526.234
662.37732 344.242
663.28979 527.65
665.32074 344.68
665.38177 340.944
666.25970 2318.86
667.26337 650.894
669.36963 435.875
671.29218 340.229
674.37183 610.892
677.37433 1054.87
678.35889 895.135
679.81006 718.945
680.30396 351.564
683.34583 548.142
689.38251 307.347
690.37506 305.09
695.38184 7131.87
696.38763 2342.97
697.40192 408.521
701.37329 631.441
702.37201 397.986
705.37256 314.66
706.39880 2492.09
707.40106 1046.4
713.39465 1629.37
714.39954 593.462
718.40070 1578.64
719.39337 976.529
720.38446 425.035
723.38214 856.433
724.38251 372.156
734.39587 898.585
735.38849 588.787
736.40887 3505.73
737.40820 1577.17
738.40570 625.746
744.34485 2219.89
745.34735 911.587
746.40662 572.65
747.38379 481.916
752.40546 2313.43
753.41016 726.044
754.41956 3443.47
755.42389 1238.3
756.41730 354.694
764.40448 3018.55
765.40417 1283.12
766.40735 753.38
782.41498 3605.09
783.41541 1632.94
784.41870 444.066
792.40240 734.218
793.41382 341.815
799.43903 454.301
800.42560 2221.81
801.43347 1030.4
810.40741 919.432
811.41571 430.956
834.38391 434.739
849.45978 517.017
850.46216 302.003
879.47223 597.062
897.47943 1078.91
898.48328 570.318
