2365.33023 3
110.07113 1960.29
112.08667 718.685
116.07031 726.382
120.08064 5565.08
129.10210 7400.09
130.04976 1328.88
130.08585 733.332
133.04288 1088.85
136.07553 5467.83
143.11787 4622
147.11249 1982.29
157.13329 4642.99
158.09230 1475.91
159.07617 1235.99
159.09126 1381.39
170.04439 1386.13
171.07722 1110.55
171.11255 2995.5
173.05537 3160.63
173.09181 1374.97
173.12799 1410.08
175.11871 11767.5
183.11194 1063.62
183.14835 1323.96
185.12808 4993.18
185.16464 2746.79
186.08644 903.232
187.07104 9694.27
187.10744 3406.44
187.14413 1323.23
189.08727 1047.18
191.06667 911.399
199.18013 4274.7
201.08685 6780.27
201.12306 2778.02
211.14386 3255.23
213.15976 2910.9
214.11987 805.827
215.10263 3804.5
215.13968 1327.43
221.12843 2088.41
226.11971 896.087
226.15503 2344.42
227.17509 5143.59
228.13364 2612.49
234.14471 2717.39
240.13319 819.241
242.14908 1025.1
245.07671 2573.37
249.12254 2051.2
249.15929 5170.8
254.14925 1868.75
256.09171 1073.3
257.16238 1216.16
258.10825 6366.95
258.14484 2242.46
266.14862 988.833
272.13815 4663.51
273.13803 775.874
274.10352 1250.69
275.17102 1534.82
277.15402 3555.63
278.15674 785.536
284.08771 2209.66
284.16043 3581.72
286.13828 1073.28
289.16144 12978.1
290.16589 1588.31
298.13834 873.603
298.21024 820.96
302.09784 9263.67
302.17126 1941.95
303.10071 910.634
310.21188 6513.32
311.21323 1214.65
314.17065 1354.3
316.11334 7377.15
317.11758 1074.23
321.22983 1362.97
326.13199 800.76
326.24191 1376.31
327.13077 1143.4
330.12756 2533.56
339.23819 3773.65
340.26309 929.556
343.16144 2957.57
344.14331 1178.02
349.22052 969.604
355.12753 1391.89
368.18994 874.685
373.13541 4428.65
374.23816 819.3
383.15576 856.375
383.72888 1189.49
384.23541 1007.6
385.21838 3872.94
387.18149 1841.68
388.25674 802.624
395.29486 941.53
401.16336 2010.05
401.23904 2048.78
402.24557 24193.4
403.24869 5120.91
404.25165 2640.67
410.30609 790.06
414.23535 1292.19
415.18103 2568.91
423.29584 5798.01
424.29919 1408.75
429.19748 2850.49
432.78275 1395.28
438.30701 13984.6
439.30652 2405.9
440.31921 820.913
441.15717 1099.98
452.32077 866.966
459.17844 1231.7
484.28738 1731.94
486.21982 1095.91
490.29425 7463.6
490.79593 4446.35
491.29761 1098.22
494.33768 878.866
498.18182 1056.85
500.27432 869.014
501.31393 36946.7
502.31699 8825.58
503.32233 1020.96
509.34290 879.108
512.19830 1091.65
514.32312 1013.45
516.19312 2145.13
518.80927 854.552
523.39972 1805.27
525.82922 1997.99
526.32922 1250.76
528.26459 2435.18
530.20947 3815.31
536.38000 2840.34
537.38361 1063.92
539.24902 1048.18
539.82703 2447.11
540.32135 1047.17
542.28137 2070.42
551.38965 16502
552.39282 4537.21
563.28882 963.762
569.30743 1408.73
569.81427 1121.58
587.23016 2253.68
590.34216 913.772
597.33997 6116.4
597.84235 3601.85
598.34979 1299.74
607.41644 1772.05
614.39783 24991.6
615.40057 8744.71
616.40515 1531.31
616.84705 1221.18
619.81244 864.333
622.42944 1246.6
625.85303 7519.5
626.35449 4102.25
626.85321 1786.51
627.34229 1006.67
633.83276 2462.66
634.33087 1307.6
636.48322 1725.21
641.34613 2316.13
643.29266 1718.5
645.23309 928.141
655.34290 984.078
664.47479 22381.9
665.47699 9008.1
666.48566 1454.82
667.36823 1252.8
667.86841 1240.78
669.35114 2095.11
669.85278 1122.14
671.41687 931.679
673.42590 1442.19
674.43140 872.74
676.37427 4170.7
676.87799 2457.48
677.38458 1226.45
680.35480 1112.88
681.36847 2888.29
681.87897 991.649
690.37366 9441.32
690.87500 6199.55
691.37726 3150.83
697.43304 1682
698.25232 1374.47
698.42719 1375.78
700.31879 1005.24
711.88312 908.425
715.44550 37521
716.27271 2140.15
716.44733 15660.5
716.88660 1855.12
717.28503 869.243
717.35614 931.426
717.45679 2404.57
725.89252 5905.23
726.39209 4841.29
726.89423 1761.5
735.51099 12773.7
736.51874 5945.87
737.39166 892.941
737.53271 921.892
751.39331 2038.19
756.37976 1493.33
766.45642 11039.9
767.46136 4387.36
768.46564 1077.24
782.43860 1040.47
784.46838 3115.41
785.45880 3293.17
786.45490 1178.04
787.30664 1970.67
789.43481 1725.62
790.38556 1574.95
793.44537 1906.23
802.47632 103042
803.47913 43047
804.47943 10020.3
805.48285 1037.99
810.43085 861.573
823.39203 858.786
824.38306 870.309
829.35010 1292.75
851.48456 1832.46
852.48053 1459.69
864.55322 9935.25
865.55774 4480.93
879.54181 2910.23
880.55151 1607.06
897.56036 2277.55
898.44019 1402.08
898.57330 1399.96
900.39606 1200.4
904.49066 958.769
915.56171 45193.8
916.56354 22602.5
917.56464 5844.48
921.59070 910.908
922.48645 5429.88
923.49524 3680.04
924.51788 945.079
942.43799 964.991
950.57697 2666.07
951.57861 1307.89
961.57635 2208.88
962.57678 1426.67
964.42993 985.074
965.56592 1815.35
968.59418 2397.78
969.58301 2013.96
979.58221 30098.3
980.58301 17154.7
981.58826 4957.34
982.60767 866.248
986.59753 29628.9
987.60114 15302.5
988.60071 4328.61
1009.50446 1634.1
1021.56097 2249.89
1022.55884 1428.2
1024.53333 1387.25
1025.53430 877.768
1026.52551 1848.77
1027.53076 953.08
1036.60059 1025.75
1050.65894 1806.34
1060.64490 1654.24
1066.58752 1214.29
1078.65125 15916.2
1079.65576 9946.13
1080.66626 2568.88
1081.66113 943.613
1094.55432 1111.22
1095.54309 1755.59
1096.54797 880.584
1097.64197 927.682
1115.63745 4133.03
1116.64514 2408.06
1117.66125 932.924
1126.55933 1074.43
1135.59473 5062.88
1136.61487 2998.89
1137.61804 4601.93
1138.61743 2477.76
1153.58813 1509.74
1154.58704 1223.14
1155.64954 1062.33
1172.66431 9246.27
1173.66650 6103.02
1174.66614 1164.05
1175.66577 2098.08
1176.66846 1090.32
1186.66541 1884.88
1187.67444 1883.1
1193.67505 12395.5
1194.67847 7868.67
1195.68176 2385.53
1224.61523 1702.08
1225.60657 874.668
1232.68445 953.034
1234.67322 1663.3
1235.66394 1116.33
1250.69690 11029.2
1251.69324 7686.95
1252.69495 3659.59
1253.67590 1162.48
1266.65991 3487.29
1267.65796 1930.61
1268.65332 883.415
1269.68640 1353.75
1270.67700 1595.08
1287.69238 10689.9
1288.68713 7025.43
1289.68848 2307.95
1300.76123 1534.37
1337.69043 2427.37
1338.69800 1786.1
1351.73157 1957.29
1352.73865 1272.27
1361.72949 1241.17
1362.73901 1363.22
1376.63354 1007.38
1379.73914 7432.74
1380.74243 5568.54
1381.74707 2143.63
1406.72290 1129.17
1407.72498 965.446
1432.77747 1882.42
1433.77808 1572.32
1450.78027 11930.2
1451.77795 8884.55
1452.78467 2949.05
1453.78809 1081.77
