3317.70334 3
120.08039 798.193
129.10172 2374.77
136.07541 1351.26
143.08101 1107.55
169.09631 731.952
175.11855 5567.64
185.16489 990.269
186.12320 2649.39
211.14354 1580.91
212.10243 1499.22
213.15926 1394.85
230.11290 1773.21
246.15530 6900.97
256.16476 4042.57
271.13922 4242.03
274.12103 3773.9
275.12515 835.9
283.13943 3574.49
284.12439 747.253
289.09604 2767.94
298.13925 1611.3
301.14960 956.645
309.15616 850.169
311.17075 1164.48
324.15424 2604.06
340.16135 801.243
342.21292 1929.55
343.19510 3173.56
344.19421 1557.4
359.23898 7683.88
360.24155 1224.44
370.20767 2213.25
372.13165 2733.4
373.13919 792.065
375.16641 1037.07
377.21265 2594.29
384.22403 1111.46
386.23923 1004.26
390.14166 1691.62
396.22241 4014.72
399.18466 754.101
402.17969 2555.65
407.19406 914.031
414.23309 4518.11
425.20157 1781.65
443.26056 2046.54
453.24280 942.504
457.27249 1021.63
471.25516 2685.53
476.28268 2178.25
483.28940 1600.28
485.21567 3632.27
486.22256 883.155
503.22626 2766.83
520.22485 716.548
522.30176 10531.3
523.30609 2497.95
535.19446 2059.84
536.20618 915.094
538.28516 2425.68
552.80505 3143.78
553.20605 1272.34
553.30646 2763.57
556.26581 952.92
556.34436 1336.59
561.80896 4747.62
562.31146 3132.32
562.81134 943.534
575.34821 2219.95
593.33838 5417.52
594.34119 1352.18
599.34979 7744.74
600.34998 2949.79
603.25708 812.345
609.34662 4112.23
609.84882 2791.82
610.34686 841.549
618.35199 1799.34
618.85345 1165.82
627.38263 816.751
638.30408 1124.18
639.34424 1653.3
639.83704 932.588
648.27625 1151.87
653.31281 10704
654.31573 3354.71
664.37701 13723
665.37695 4433.41
666.30182 1342.21
666.85999 1310.82
670.41949 1909.31
671.42126 968.116
674.42108 1407.82
675.86530 4870.78
676.36530 2498.98
676.86469 1193.98
680.40796 4897.21
681.41022 1795
697.35547 834.667
698.41699 43339
699.42065 15787.9
700.42346 3644.06
701.36407 1452.2
701.87280 1603.01
710.37555 12991.4
710.87708 9879.61
711.37854 4718.09
719.38013 8002.65
719.88239 6657.32
720.38727 2360.88
720.89087 792.745
722.33240 7998.36
723.33673 2692.86
724.34540 856.26
740.34186 4003.99
741.34821 1523.61
745.91663 1062.37
746.41339 1014.73
750.90509 1136.78
751.40826 871.356
755.42499 886.48
759.90991 9040.33
760.41144 9144.57
760.91229 3797.03
761.41266 823.178
768.91669 2876.67
769.41412 2142.55
769.91046 783.447
773.88141 829.353
779.40314 3634.23
780.40826 1283.77
795.47119 3144.32
796.47089 1449.93
811.41077 1556.82
812.41602 777.864
821.40155 5338.91
822.40076 1893.88
825.45886 2674.29
825.95801 3097.46
826.47925 862.845
839.40955 4520.17
840.41339 1714.55
855.42438 1090.73
860.50159 1157.37
861.50555 776.667
866.42926 5447.56
867.43640 3359.4
874.98761 1203.3
875.49573 1170.88
903.50800 927.3
904.00305 1233.36
931.53693 966.196
934.49109 788.79
937.49689 2144.5
938.49744 1892.43
939.51953 845.195
952.49762 6474.07
953.47089 11954
954.47064 5663.79
955.47479 1524.82
1006.51758 3216.59
1007.53094 1771.73
1008.53986 1746.57
1009.56812 859.72
1010.05975 2537.91
1010.55585 3228.12
1011.06036 2031.13
1021.56482 3784.75
1022.58948 1375.5
1024.53723 1476.36
1040.49707 20954
1041.50122 12158.3
1042.49902 3056.68
1051.56677 5580.57
1052.56763 2269.91
1075.18042 798.04
1077.56360 1508.22
1078.58093 866.487
1091.56567 3994.82
1092.56555 2181.58
1093.55847 971.658
1095.57080 2496.97
1096.57263 1388.97
1104.60535 1795.09
1105.60071 2090.81
1106.04065 1381.07
1106.54712 3215.99
1107.53857 2582.84
1108.58374 1451.34
1122.61548 5398.06
1123.61426 3407.66
1124.61328 882.38
1150.54749 2043.58
1151.52808 4536.87
1152.53589 2359.29
1164.58484 2291.95
1165.59070 1705.97
1168.55676 14263.4
1169.55737 8487.82
1170.56421 2274.13
1177.62573 801.327
1182.59473 1166.84
1183.60205 797.132
1194.64905 765.077
1204.64709 2083.91
1205.65808 1385.57
1206.64685 815.035
1222.62817 1878.24
1223.62585 1438.92
1224.62634 762.91
1235.69800 2671.1
1236.68872 2632.06
1237.69714 1177.93
1264.54004 1338.31
1281.59021 1271.95
1282.58203 1680.75
1299.59583 37116.4
1300.59607 22234.4
1301.59863 9465.86
1302.14722 1443.72
1302.61951 4439.57
1303.12317 1452.39
1303.62158 860.412
1309.58142 1755.06
1310.64417 2158.58
1311.15076 2805.28
1311.64294 2077.52
1312.14001 1102.22
1321.69312 5144.45
1322.69995 3278.56
1323.71228 958.842
1333.68945 2029.02
1334.70117 1447.36
1335.70276 1092.73
1350.72339 1478.41
1351.73340 1226.51
1398.66895 6175.92
1399.66736 3685.43
1400.66870 1261.72
1419.74512 3192.35
1420.75391 2225.09
1421.76050 1166.66
1437.76929 1602.5
1438.75916 1210.44
1448.70349 789.859
1495.67822 1424.38
1512.71008 7019.73
1513.71594 5070.34
1514.70911 2509.67
1527.75439 809.69
1536.83069 3825.29
1537.82825 3300.3
1538.83203 1211.33
1545.76953 23272.8
1546.77161 24132.8
1547.76953 12070.7
1548.77136 4138.23
1549.78162 946.618
1552.70349 4242.37
1553.69409 3472.13
1554.70972 1275.55
1569.72998 22453.6
1570.73242 18402.5
1571.72827 8521.14
1572.72974 2701.92
1649.91162 3060.27
1650.92468 2681.31
1651.74976 1929.82
1652.76733 1917.34
1668.79797 9360.62
1669.79895 8892.58
1670.80542 4191.37
1671.79883 1395.65
1708.82666 1847.86
1709.83606 3136.72
1710.84790 1371.27
1748.98132 1778.62
1749.98767 1414.2
1764.85681 1305.66
1765.86121 1211.17
1781.87622 3724.41
1782.87903 4186.82
1783.89209 2051.6
1809.87292 1731.09
1810.88086 2157.98
1811.89148 883.302
