1696.80008 3
110.07106 2087.15
112.08665 483.796
115.08665 531.964
116.07034 584.541
120.08063 266.86
129.06584 642.41
129.10210 7773.58
130.06499 1733.81
130.08623 1095.06
130.10513 395.479
136.06158 1751.97
136.07550 996.398
141.10205 2238.99
143.08176 333.914
147.07611 1589.83
147.11264 3148.77
155.08127 2925.04
157.06084 467.051
157.10785 563.006
158.09212 333.731
159.09143 1349.52
166.06090 1393.95
169.09706 3921.38
172.10780 378.055
173.09196 563.913
173.12833 720.058
175.07126 1096.67
175.11880 2315.4
181.09718 383.203
183.11197 287.162
185.09154 278.566
199.10780 565.653
201.08763 779.003
201.12318 1631.92
209.09013 327.939
210.02463 350.759
213.08685 655.313
217.08075 320.671
218.14986 328.727
221.13716 302.816
223.15614 450.005
226.08318 280.196
226.11798 558.375
226.15468 3249.63
227.10240 573.702
229.11809 910.478
234.12259 801.463
238.11812 447.281
239.15355 293.907
240.17076 2053.1
241.08173 606.454
242.18550 351.503
244.09424 906.402
244.12831 465.66
244.16522 18484.2
245.07779 337.315
245.16875 2080.87
251.15059 1764.2
255.14519 634.847
255.64828 1476.12
257.19656 457.555
259.09204 1628.94
262.10321 429.95
268.16467 948.737
270.10892 494.677
270.14478 565.669
272.17178 1419.27
274.15820 1180.81
275.12961 2584.51
275.20767 1920.53
275.63058 638.437
283.66763 415.187
290.14743 318.669
291.18469 484.95
292.67325 2586.73
293.17502 436.241
295.67810 439.282
298.13901 5559.91
299.14258 742.164
303.17706 467.53
304.63589 471.218
305.18195 1027.23
310.13953 1106.41
322.66620 731.356
323.17133 328.734
324.11823 1447.24
324.62073 430.637
326.66974 421.501
330.12955 1266.77
331.67166 8924.77
332.17297 2942.49
332.67371 555.006
335.67355 20145.6
336.17465 6875.2
336.67636 1440.23
341.18124 1009.73
349.20428 481.786
352.16693 1655.02
352.66913 730.768
355.19687 4411.22
356.20041 1020.98
357.17700 387.227
366.20303 593.496
369.70413 781.454
373.20801 1821.72
374.21167 327.482
377.72351 444.017
380.19833 3203.47
380.66043 7534.74
381.15961 2177.68
381.66370 506.82
394.71155 2268.5
395.21399 1039.79
399.18750 2326.8
399.70285 930.712
400.20227 607.336
401.15524 2324.4
401.65485 921.633
403.22995 857.457
404.21432 1760.69
404.72095 529.722
407.25089 1076.09
408.70874 13586.7
409.20941 5948.62
409.71243 1829.46
410.21185 368.726
412.19406 953.362
415.18387 700.671
417.74646 336.912
418.69183 685.66
427.18152 15614.9
428.18478 3363.32
429.18573 1980.87
429.69061 453.294
434.23022 477.461
438.23309 1073.61
439.23898 380.936
440.23587 405.413
442.24948 316.328
443.69852 2842.1
444.20047 1214.91
448.68842 406.319
451.25452 3241.35
451.75577 1414.14
452.25491 520.979
453.20178 1720.26
453.70349 620.511
455.26324 420.924
456.24677 1193.79
457.25882 485.211
457.69681 12221.5
458.19846 5341.04
458.69968 1301.5
465.25119 3346.35
465.75195 1968.01
466.26224 350.889
469.24908 1009.14
469.75516 448.122
470.30496 556.437
472.28738 1327.3
478.28888 1075.35
479.29178 436.137
484.23840 1199.58
487.28702 2893.51
488.29242 341.834
495.26547 443.187
495.94000 1065.42
496.27023 1282.91
496.60498 763.061
500.23959 3225.54
500.60318 1677.47
500.74335 1387.13
500.93625 1133.59
501.59552 452.767
501.94220 8605.46
502.24008 1983.97
502.28391 3730.04
502.60974 1651.35
503.25076 858.768
506.60632 479.945
506.93942 323.113
507.94568 3142.88
508.28000 1988.99
508.61160 387.633
510.17175 829.954
512.27698 351.876
514.23810 1561.66
514.74200 787.789
516.80524 354.941
517.32544 369.492
518.76257 770.127
524.23572 1108.21
527.76953 330.375
528.59705 891.808
528.92572 1134.9
529.25848 528.057
532.91852 1195.47
533.25446 1146
533.59741 655.561
533.93243 775.07
534.25757 1810.43
534.59943 6123.33
534.93414 4010.35
535.26965 757.349
540.26361 716.871
540.60431 1136.89
540.93555 677.783
541.26642 342.445
542.24805 660.122
547.30914 2307.92
548.32190 517.325
549.25189 2769.03
550.25562 514.793
553.31653 752.262
564.33698 344.985
565.30280 487.437
565.77759 907.885
566.23480 1585.82
566.29926 4001.62
566.76855 321.055
567.24988 1394.74
567.30054 1142.34
567.59070 708.414
567.74719 696.541
568.32617 452.486
573.28748 8380.01
574.29004 2619.48
575.29584 632.631
577.25012 731.89
583.26508 340.467
584.34088 6329.24
585.34259 1223.35
597.33575 396.929
597.76044 559.161
600.35278 549.72
606.84375 365.109
612.27191 372.127
626.79901 680.893
627.29218 501.859
629.28101 319.381
635.80536 586.801
641.83057 418.762
642.32312 414.125
644.32562 1549.57
645.31854 621.416
647.22827 1852.71
648.23053 561.526
652.33063 1551.64
653.33252 561.585
657.22009 373.996
659.33264 355.338
662.33661 13349.8
663.34064 4353.55
664.34015 882.113
666.35089 464.577
668.34167 864.257
670.33990 43494
671.34369 15487.1
672.34729 3460.76
673.35364 487.017
674.34808 532.188
674.84192 774.123
675.35254 870.308
675.76471 359.919
678.34991 336.555
679.34674 584.048
680.34937 1139.32
681.36176 364.129
684.79211 1503.07
685.26764 479.546
685.35590 639.821
685.85004 344.866
688.31958 328.144
694.33862 986.626
695.36115 343.258
697.40015 3090.58
698.40509 946.742
703.32538 1321.01
704.33112 362.121
705.84283 475.905
719.82617 421.661
720.32953 468.802
723.84106 447.066
727.35968 357.771
730.40796 572.824
731.31354 445.825
735.86334 1993.36
736.36365 1278.6
736.86572 409.045
742.30579 510.453
743.37866 1607.19
743.87457 1214.55
744.38348 595.858
749.32880 457.753
752.38379 324.201
755.87512 609.898
756.36816 450.077
760.31262 12083.6
761.31500 3788.77
762.31708 1029.84
763.40033 320.888
763.83221 539.334
765.44586 561.144
766.42426 680.773
772.31128 416.395
772.41827 327.411
777.32489 408.943
777.82941 487.836
778.33234 342.799
783.42816 1564.71
784.43762 748.462
787.42194 345.04
788.41534 1769.11
789.42584 485.112
791.37872 526.224
792.36279 718.432
792.87225 562.873
793.35742 496.46
796.44153 1082.16
797.44849 384.465
799.38892 740.07
800.38965 724.87
800.88794 423.038
801.30115 1145.17
802.29858 440.271
816.40973 13665.3
817.41425 6068.78
818.41766 1508.72
829.28693 352.601
833.89465 692.825
834.41364 1034.19
840.44678 2669.6
841.44958 982.886
844.40570 531.684
886.39001 1218.02
887.39099 485.641
895.46289 529.533
896.36377 365.958
901.49982 5043.97
902.50220 2439.07
903.51007 705.299
909.52698 669.122
913.50977 364.878
914.38794 11696.4
915.38898 5315.97
916.39203 1538.26
919.50684 551.041
927.39874 618.291
929.49579 5508.39
930.49713 2838.96
931.49939 873.947
936.38324 328.642
937.49908 3726.86
938.50085 2130.77
939.50000 594.465
947.51605 473.658
999.47839 2888.61
1000.47711 1486.54
1001.48267 411.367
1027.47144 3787.09
1028.47302 2524.6
1029.47534 659.516
1065.44690 341.527
1242.57678 414.267
