1479.85491 2
110.07108 1771.84
115.08670 261.22
120.08064 7021.39
121.08386 562.696
129.06642 534.386
129.10210 6129.14
130.08607 2124.65
130.10503 297.883
131.11758 706.304
133.04297 514.68
136.07558 5097.55
137.07840 371.838
141.10194 290.569
143.11775 8970.4
144.12149 500.953
147.11275 3667.25
155.08145 380.369
155.11845 272.12
157.09752 402.178
157.13298 1124.97
158.09212 537.063
159.07591 293.684
159.09128 1026.01
169.09731 403.487
169.13312 499.242
171.11267 14560.2
172.11610 1069.99
173.12782 670.342
175.11868 2893.55
177.10202 387.354
181.06064 466.928
183.11269 526.975
185.09224 989.389
185.12813 1651.8
185.16475 4020.82
186.16805 309.597
187.07103 329.398
187.10706 365.402
187.14343 286.64
191.11768 2232.32
197.12831 992.201
197.16417 517.384
198.08730 704.911
199.07120 575.766
199.10622 290.317
199.18027 4461.81
200.10103 264.336
200.13904 339.606
200.18333 491.886
201.12326 988.693
205.09807 479.082
207.11250 741.811
211.18008 476.658
213.12309 337.804
213.15970 4103.29
214.11809 388.575
215.13885 582.849
216.09776 6141.56
217.09644 823.689
219.11256 3251.1
220.11511 369.608
225.12321 623.831
225.15964 5529.25
226.11774 388.021
226.16331 639.112
227.17537 2815.9
228.13362 765.711
229.09363 418.858
229.11826 664.706
231.11127 519.002
233.12405 349.068
233.16403 470.74
234.12508 339.926
235.10663 1583.52
239.15019 873.576
239.17499 1994.33
240.13422 1725.89
242.14964 4806.85
242.18578 611.853
243.13727 531.697
244.09357 542.075
247.10744 530.231
248.15718 302.557
249.12421 378.992
249.15958 1961.81
251.10265 865.345
252.13457 345.574
252.17015 338.671
253.22662 624.652
257.16055 3987.72
258.14462 6693.42
259.14795 680.559
260.19547 324.791
261.15829 531.116
264.13434 1154.45
268.16547 391.028
270.13504 276.461
270.18088 24760.1
271.18427 3177.09
273.11905 410.894
274.11948 539.504
275.17096 3567.99
276.13382 618.956
276.17453 430.745
277.11914 312.008
277.15460 1872.1
279.09726 328.405
281.22183 1002.96
283.14349 597.169
284.19644 3502.3
285.20062 349.034
286.13727 357.689
287.17471 536.708
288.13446 641.551
292.12857 1587.07
296.19653 759.45
298.17401 359.406
298.21231 1261.29
305.16052 905.061
306.14392 981.248
309.15775 387.553
310.21091 438.318
311.14163 291.438
311.16995 419.319
313.22256 711.156
318.18021 527.82
323.17029 885.886
326.24332 741.109
327.23691 815.884
328.18613 532.147
329.18268 368.079
332.19589 824.048
334.13782 611.778
337.15567 430.428
338.24332 1477.44
339.24872 278.563
341.21808 2012.8
344.12286 336.197
345.15475 2218.82
348.19119 603.428
351.16794 532.374
352.25827 527.517
353.21704 1021.89
355.26657 2400.04
356.26779 397.77
357.17557 483.109
360.19006 360.926
361.15137 769.388
362.13364 733.14
363.16605 3010.17
364.16943 490.379
369.28543 706.785
371.22754 352.535
372.22601 316.436
373.14917 307.758
374.20135 284.988
379.16077 5485.84
380.16403 951.316
382.18329 495.541
382.19965 498.551
383.26483 4285.55
384.26785 898.836
387.20020 522.506
388.18442 1099.16
388.25494 4463.25
389.25504 786.93
394.17596 320.121
397.28116 535.423
401.21701 539.886
405.21274 2438.72
406.21432 501.924
409.28009 700.596
416.19159 1758.28
417.27362 289.703
419.22772 576.361
426.30731 763.726
431.22772 385.154
432.19073 317.691
434.20306 1854.8
435.20358 567.901
447.22043 335.177
450.19891 658.059
451.32599 359.287
454.30084 978.714
455.29996 318.739
459.22015 470.637
464.25058 460.477
467.26611 363.224
468.35614 283.267
474.23303 497.945
475.21951 339.009
476.25327 313.203
481.20694 845.449
484.25916 359.886
492.24524 1398.12
493.25098 385.598
495.24997 325.767
498.23364 1076.27
502.26456 448.494
508.20874 291.747
526.22943 2041.57
527.23041 519.258
529.28247 518.141
533.26984 294.086
534.28912 677.117
545.27600 533.792
547.28613 605.308
551.31799 4205.58
552.25201 912.344
552.31952 1241.98
553.24567 374.561
563.27838 416.056
564.29413 373.123
569.27020 1231.59
570.27698 321.173
579.25623 892.949
580.24078 671.21
594.28949 572.648
597.26575 2970.06
598.27216 861.383
611.32019 618.229
612.32281 292.4
621.30096 557.852
639.31653 742.617
641.30280 698.939
661.37115 605.291
662.35229 1199.33
663.35822 397.797
665.33081 892.981
666.33350 389.717
679.38025 808.824
680.37952 308.9
682.35455 806.806
692.33844 939.714
693.33411 756.544
710.35071 1395.79
711.35272 576.242
740.33459 1294.16
741.34167 643.2
741.43231 866.578
746.41498 305.338
749.38013 536.928
766.40955 3023.04
767.41199 1033.01
823.43793 371.033
896.44159 375.254
913.47821 2024.9
914.48047 1025.67
967.49127 477.224
984.51526 2882.55
985.51703 1572.99
986.52448 387.851
1097.60413 972.358
1098.61414 506.039
