1448.73772 2
110.07103 3258.34
115.08627 880.243
116.07021 353.582
120.08055 6527.68
129.06647 708.774
129.10213 12248.8
130.06488 7000.29
130.08614 2447.91
130.10503 618.555
131.06810 484.34
132.08083 1972.44
133.04314 705.792
133.08449 383.237
136.07552 6963.54
137.07858 697.485
141.10170 939.702
143.08130 1415.74
143.11775 1715.58
144.08052 1780.9
145.07611 457.876
147.07599 409.659
147.11267 5233.06
155.08162 565.684
155.11775 355.045
157.06081 531.4
157.09703 3424.24
157.13336 2253.98
158.09196 575.488
159.07184 368.118
159.07602 444.181
159.09149 22177.1
160.09491 2052.08
168.08104 1079.25
169.09692 785.467
169.13339 889.505
170.05980 5051.17
171.07535 538.298
171.11234 922.854
173.12849 720.863
175.11879 3102.98
181.09721 889.897
183.11263 1241.19
183.14870 652.583
185.09151 606.444
185.12817 4561.1
185.16467 475.834
186.12227 448.313
187.08630 6990.7
187.10709 612.704
187.14409 1097.22
188.09059 570.27
189.08629 390.654
195.11264 772.99
196.11183 580.885
197.12845 1384.47
198.12749 3240.79
199.07222 568.251
199.10738 615.052
199.13257 405.326
199.18034 2635.98
200.10219 2305.32
200.14313 11382
201.08784 390.881
201.12361 1765.77
201.14799 1209
205.09691 362.065
207.11263 697.434
209.09169 497.757
210.12697 1240.92
211.14384 904.862
212.10233 450.165
213.08711 670.25
213.12540 449.232
213.16098 400.264
214.11803 1283.07
215.10175 357.845
215.13844 917.984
217.08160 1282.2
217.13568 621.103
222.12277 441.493
223.10677 379.024
225.09743 495.126
226.08167 346.888
226.11801 873.027
226.15463 482.702
227.06686 330.955
227.10258 674.709
227.15431 6122.95
228.09807 394.765
228.13406 3203.34
228.15672 858.433
229.11792 2759.65
230.13010 372.926
231.11276 1661.11
233.09143 452.146
233.16525 801.02
235.10654 1005.23
235.14386 492.923
238.12219 727.322
239.17535 432.691
240.13385 3267.87
241.11731 463.839
241.13536 362.35
242.14963 715.83
242.18547 387.346
243.13049 484.892
243.14809 772.279
244.09265 614.406
244.12645 569.238
244.16542 706.154
245.07625 2424.19
245.13235 460.522
249.12311 1286.83
251.10251 674.347
251.15083 686.523
253.18930 372.599
254.14926 968.304
255.14903 21365.4
256.14838 2467.75
256.16943 2541.5
257.17139 360.337
258.14389 8939.35
259.10858 2122.03
259.14664 884.675
260.10791 787.229
260.19659 700.152
261.15915 413.006
263.10251 1973.25
264.10690 411.496
266.14941 453.429
268.16489 792.179
271.14001 2934.35
271.17630 3093.54
272.11575 489.469
272.17526 40712.4
273.17865 6607.26
274.18079 441.77
276.15466 8177.38
277.11856 840.113
277.15817 868.176
282.18033 838.63
283.14355 4352.3
284.14297 511.181
286.13916 2939.21
287.14160 473.456
289.09802 359.744
294.14264 531.533
294.17993 432.773
298.21246 1846.23
299.17102 2517.85
299.20782 609.283
300.17044 16593.3
301.17322 2519.35
310.21152 406.272
311.16989 399.73
312.14795 409.72
312.17776 387.595
313.18777 999.195
318.12378 461.285
324.22961 449.722
325.18494 941.705
326.18765 724.811
327.16788 482.957
327.20282 993.662
329.16370 1155.73
330.19003 370.862
331.16464 383.019
337.15112 643.818
339.20282 1029.13
340.23740 449.217
341.21854 369.704
342.21298 2529.49
343.21597 383.431
346.14166 383.278
352.19504 392.132
353.21857 627.484
355.16043 1083.64
356.22906 1413.68
357.17621 2634.31
358.18661 384.738
367.20068 359.17
368.23267 1441.53
370.20770 2161.15
371.20859 1316.27
373.16840 1314.97
374.13318 3597.21
375.13525 578.705
376.18216 451.691
381.24893 622.234
382.17651 374.635
383.18994 902.468
384.22357 1614.78
391.18167 6323.53
391.23056 377.588
392.14661 3370.34
393.15112 635.961
396.22604 676.493
400.22110 805.353
401.16287 542.235
401.22290 360.964
405.19684 357.905
410.20435 614.348
412.25714 883.237
413.25467 2990.29
414.25436 912.944
428.21414 1381.65
429.21506 414.44
433.20544 679.405
438.27142 634.811
439.27087 866.181
442.23984 742.16
448.25623 432.612
454.23019 570.242
455.29816 1136.2
459.22336 668.759
465.28033 363.444
467.26385 883.022
471.25833 571.752
476.25034 542.179
481.23865 447.709
483.29202 1019.04
484.29376 705.288
491.21246 552.974
499.24966 1075.86
504.24310 703.385
510.30548 723.669
520.24231 1273.87
521.19043 542.202
528.22198 366.55
530.21216 500.274
533.28992 594.919
538.25012 9993.26
539.25195 2642.18
540.25549 366.791
548.23383 936.19
602.36621 537.015
612.33759 542.692
619.27008 1316.01
630.31506 575.738
631.26849 480.286
648.37506 557.84
649.28320 3286.85
650.28577 912.711
667.29254 7204.76
668.29614 2510.84
668.90118 383.574
669.29834 453.08
677.34204 659.449
690.31049 617.605
741.37067 640.223
742.38898 562.494
743.38379 524.421
752.51331 448.346
761.35455 448.636
761.44958 465.211
766.35968 1706.77
767.36505 657.708
805.37018 418.926
823.38074 5009.14
824.38458 2363.39
825.37921 459.555
840.39984 888.984
894.41858 4494.17
895.42249 1859.15
896.43011 404.276
942.42145 691.75
965.45648 2979.1
966.45923 1725.68
1036.49158 2397.82
1037.49646 1440.12
1149.58252 1419.31
1150.57239 871.601
