2408.11429 3
120.08047 41961.5
129.06549 42056.8
129.10165 15650.7
141.06525 6836.69
145.06000 5607.66
149.07399 16795.8
159.09137 25875.9
167.08189 12685.8
170.09274 5104.35
171.07622 10196.3
175.11852 19866.4
181.06017 5296.2
183.11212 13389
183.14955 5598.31
184.07129 11745
185.09158 22924.2
186.12317 38960
198.08699 13248.7
202.08197 73648.9
202.11670 5695.94
203.12015 11025.3
212.10255 16574.1
214.11877 22999.6
216.09755 25295.4
221.12798 45283.7
230.11310 20153.3
231.11320 11824.4
233.09500 18179.8
235.10681 5513.66
241.09216 9334.91
243.07951 14824.6
246.12355 14714
249.12277 42275.4
256.12845 8961.3
259.10306 26203.9
260.10577 73563.6
261.09250 11344.4
267.10706 15967.2
270.14401 9018.32
272.17590 5391.44
274.11807 21078.9
283.14182 15975.3
284.13565 10399.7
285.11832 37402.1
288.11905 8454.15
289.16122 66223.7
290.16394 8375.82
295.10242 8380.19
301.15042 23840.8
302.14490 8394.22
312.12897 56211.2
313.11292 44541
313.15320 11560.5
314.11887 6169.78
314.15100 5813.94
326.11551 6097.38
330.13977 63494.8
331.11923 6848.54
331.15076 6095.4
332.16107 19462.4
333.16016 7255.18
337.15018 5434.61
339.16544 14082.6
343.14264 28811.1
345.16080 6828.51
348.12314 6504.86
350.17014 20745.4
356.19214 6386.18
358.17242 22230.1
359.17261 22519.4
361.15323 43221.7
362.15771 6136.5
366.17645 24204.6
367.15652 7642.68
377.17929 7737.14
378.18073 14333
383.20340 20737.6
384.18628 98582.1
385.19135 16929.9
394.17236 21811.1
396.18854 13110.1
401.21362 69460.1
402.22281 8920.97
411.19849 23541.7
412.18198 54479.6
413.18338 8258.15
418.20419 33955.1
429.20853 87983.3
430.21274 16184.4
442.20966 5540.37
443.18964 23651.7
444.19351 10116.6
449.21271 6406.64
460.21982 13538.1
461.20615 10623.9
462.21124 7351.46
467.22446 34789.3
468.22949 6413.92
479.22839 18241.1
480.22867 8695.58
488.19522 8231.56
489.20172 5720.07
490.20895 19208.1
495.21906 7566.48
495.74472 14985.5
496.24658 8782.79
508.22302 5293.81
511.27826 7370.12
515.21997 5619.28
516.18481 6453.93
531.29120 35696.4
531.76611 8019.6
532.23547 5538.01
532.30377 7665.69
542.24109 7593.73
543.22241 13815.1
560.24811 17595.3
562.26495 6397.92
573.24664 7041.35
589.27740 7028.65
590.25824 18691.5
591.25763 18130.6
592.25134 6649.37
596.33038 10010.6
608.27350 10045.5
609.27020 5910.66
610.26355 5389.96
612.79443 37961.9
613.29803 21815.5
613.79858 6947.49
642.28906 8472
643.28625 5691.58
659.38226 101492
660.38269 27776.5
661.37842 8051.27
686.32941 45057.2
686.83032 31222.8
687.32684 7816.89
694.29614 6121.35
700.31415 5465.31
720.31805 5504.96
728.34778 8260.14
736.85352 53372.6
737.35455 46550.6
737.85364 15194.2
738.33179 9247.33
771.34155 8824.72
774.40973 57169.5
775.41187 21487.8
776.41364 5589.02
801.38684 5574.5
802.38300 5878.84
803.41687 6633.36
810.38763 51358.1
810.88776 45908.2
811.40521 40070.8
811.89075 9228.77
812.42194 8106.84
819.43457 6398.92
849.42706 6341.5
851.90247 21363.6
852.40436 19367.8
852.90521 12001.5
860.90930 69254.8
861.41211 64440.4
861.91266 40515.1
862.41400 14926.5
885.44073 5955.38
903.45331 39319.9
904.45435 18875.1
906.93024 12159.8
907.42261 24596.1
907.92267 21300.7
908.42206 13320.5
915.93695 37579.8
916.43213 71655.6
916.92987 57586.8
917.43073 32949.7
924.93890 40361.8
925.44000 38589.9
925.94373 19266.6
926.43903 6519.21
972.46893 8990.59
972.94446 16263.6
973.45605 25800
973.92505 7753.28
974.45654 12424.6
981.45203 15046.6
981.94751 22068.6
982.45496 18760.1
982.94934 7378.86
990.47687 226488
990.95978 74998.3
991.47668 111821
991.95630 15474.5
992.48370 28570.8
995.44696 10230.6
995.95349 9789.04
1021.55438 48878.9
1022.55951 23789.6
1023.56812 5559.12
1039.99426 11669.5
1040.49548 8956.72
1041.00208 6970.24
1043.50830 12481
1044.49988 12192.4
1045.49609 9028.88
1061.51917 213836
1062.52197 110496
1063.52698 31972.8
1176.56824 10319.3
1177.09705 6203.87
1207.54028 12919.3
1224.58374 206433
1225.58557 118907
1226.58765 40954.4
1227.58655 9294.51
1273.61829 13231.5
1274.13440 5952.3
1307.70923 8877.04
1308.70313 7717.47
1354.63184 9475.65
1371.65063 130895
1372.65332 86852.4
1373.65808 30212.6
1374.66345 7269.41
1454.70105 5800.94
1455.67761 8877.39
1472.70068 111174
1473.70178 88382.1
1474.70605 33437.4
1475.70911 8737.91
1602.72571 6390.49
1619.76843 40948.9
1620.77393 39770.1
1621.78308 18838.5
1622.79102 5860.96
1637.78918 5784.45
1720.81616 39681.9
1721.81970 32696.3
1722.81458 16104.9
