1477.66655 2
110.07098 868.444
112.08677 207.004
126.09111 539.917
129.06805 276.375
129.10205 30938.8
130.08598 2552.91
130.10518 1921.76
136.06149 1234.27
136.07523 229.16
139.08661 429.613
141.10196 866.458
143.11775 1121.85
147.11258 4505.26
148.11569 218.405
151.08667 311.461
153.10207 601.085
155.08116 255.263
155.11745 366.179
157.06055 241.661
157.09770 332.581
169.09714 396.664
171.11250 1064.68
173.09196 518.038
175.11865 1025.62
180.11253 517.797
181.09715 529.103
183.07607 232.329
183.11295 294.545
186.12331 2875.16
187.10756 836.805
195.11282 325.883
197.16443 766.017
198.12338 4341.95
199.07114 407.911
199.12732 325.933
201.08694 666.724
204.13402 8516.21
205.13782 613.745
207.14877 275.643
208.10739 314.416
213.08545 255.007
213.12253 320.971
216.13403 289.955
217.08118 247.541
224.17528 2663.69
225.15953 2360.18
226.11824 843.956
227.06493 278.145
231.06090 237.117
240.09843 263.234
240.13394 863.112
241.08154 550.389
242.14961 360.284
242.18605 9463.23
243.18915 944.383
244.12753 252.654
244.16399 235.788
245.07634 482.554
248.16013 751.059
257.16055 357.567
258.10809 944.679
258.14377 491.868
264.06409 234.497
266.15063 492.604
275.17084 7211.37
276.17245 1202.13
281.19662 926.648
292.12842 406.352
293.19736 657.073
294.14282 571.221
309.15524 1213.13
310.13516 272.456
311.17096 1288.74
311.20718 3877.77
312.04840 573.481
312.11771 314.549
312.15436 308.635
312.21066 531.549
315.16388 338.353
318.14923 264.996
327.16510 2483.93
328.16965 480.777
329.14557 661.895
330.05978 497.276
341.18103 329.498
342.09201 417.679
346.08771 351.791
351.16309 230.597
353.21710 275.27
359.19162 778.87
360.10126 278.791
369.17166 273.324
371.19092 277.171
375.73013 280.903
377.20267 444.462
384.24051 393.642
386.20215 2785.82
387.20865 373.553
396.18933 607.48
404.21335 3098.32
405.21603 559.056
414.20010 305.376
417.24872 460.312
417.74850 249.828
422.20337 1139.16
431.24249 567.894
431.74927 233.639
433.22885 248.165
438.19537 276.552
439.30023 398.988
439.75854 375.249
440.21451 1258.68
441.21545 243.413
451.02695 289.598
457.12186 295.598
475.12625 347.038
476.26984 440.906
481.27707 641.383
481.76993 388.144
482.27548 336.23
483.25629 294.649
486.25940 317.229
491.25735 316.246
492.25024 254.576
494.16949 256.741
495.76941 265.898
496.25067 493.339
497.22980 327.764
504.27805 239.182
509.27396 853.066
510.27362 244.894
511.24692 495.813
511.76135 243.935
512.25793 522.761
512.75586 263.854
514.26044 897.598
515.24359 1601.45
516.25055 358.028
520.77087 1968.97
521.27301 1103.47
521.77429 263.19
526.30176 326.391
529.77527 503.359
530.27484 351.488
532.27185 1879.25
533.27698 471.331
534.76514 245.693
550.33801 621.877
551.23651 535.871
568.35449 585.92
569.25079 409.799
569.36591 266.016
569.75842 839.148
570.26166 587.491
576.31091 370.534
577.31372 330.204
584.81866 1523.29
585.31964 739.398
585.82007 335.192
589.81628 427.58
590.15143 310.305
590.31281 349.35
592.30811 282.354
593.82776 301.002
598.81720 800.718
599.31494 526.853
610.31702 266.573
610.84930 397.889
619.30029 238.23
619.85181 1285.69
620.27881 345.446
620.36249 883.139
620.85461 355.63
623.84656 250.761
624.26764 284.158
628.85828 319.145
632.35382 1081.66
632.85059 805.033
633.35260 354.69
637.31732 700.322
637.37463 458.433
638.32123 256.446
640.28827 469.776
640.86658 795.437
641.36133 2671.39
641.86163 1587.18
642.36420 896.014
645.35522 1749.94
646.35571 566.135
650.36847 1075.75
650.86835 574.494
655.33832 472.713
679.33752 302.484
690.35022 263.426
690.84918 435.636
696.37598 263.084
697.35223 1009.31
698.35498 364.515
714.37732 3633.25
715.37781 1429.4
716.38019 239.444
721.35046 239.596
732.38300 753.974
733.42871 240.413
735.30078 294.019
738.37817 473.854
740.38409 362.851
748.35687 331.427
749.34412 683.604
750.45062 809.672
751.44958 419.949
766.36804 1353.45
767.37317 507.348
768.38074 516.395
784.37579 414.883
808.38879 278.668
809.41498 372.003
812.35553 641.609
819.41095 289.177
820.38538 367.103
821.34814 463.802
825.40753 1844.16
826.40887 790.659
837.40839 1422.69
838.41034 731.415
843.41840 4330.91
844.42096 1798.58
845.42645 289.153
855.41864 367.138
861.40912 250.955
864.33783 405.341
877.41858 312.314
878.51453 750.54
879.50580 354.152
894.43652 754.857
895.42761 406.247
912.44464 826.32
913.43915 306.413
936.49329 312.163
950.38531 286.04
953.50433 510.287
954.50043 424.694
965.49323 246.713
971.51483 3226.48
972.51538 1615.07
973.52277 342.141
979.56354 241.65
989.52734 1034.18
990.53253 645.066
991.52283 243.272
1005.49750 537.212
1006.49976 391.13
1007.55585 662.095
1008.53882 360.728
1022.52509 1123.34
1023.51038 3496.91
1024.51074 1637.19
1025.51965 466.101
1040.53552 6562.5
1041.53369 3140.8
1042.53845 957.835
1050.49744 330.976
1058.54565 1857.88
1059.54822 1019.69
1060.56848 332.546
1068.52515 625.246
1069.51672 436.415
1078.58630 759.168
1079.59668 436.158
1121.49133 384.427
1135.61267 362.933
1138.51355 1026.58
1139.52185 410.297
1153.61829 386.215
1154.61902 261.268
1180.44763 283.855
1196.62012 295.582
