3042.55661 3
110.07115 823.128
120.08068 5323.63
121.08404 464.059
129.06599 261.835
129.10225 2096.02
130.08615 1043.15
136.06142 266.899
136.07565 881.048
141.10252 212.856
143.11778 400.901
147.11278 2120.32
155.08177 225.815
157.13306 227.771
159.09174 918.3
159.11259 461.405
165.10194 404.733
169.09705 462.019
169.13408 199.232
171.11255 282.216
173.09256 263.01
173.12822 808.94
175.11888 667.208
183.11272 277.106
183.14902 530.505
185.09209 364.592
185.12814 214.668
185.16403 241.538
187.10744 550.455
191.11789 473.839
196.06027 368.114
197.12794 370.658
199.10802 373.97
199.18063 287.717
201.08752 464.157
201.12321 1142.33
207.11266 460.35
209.10500 200.538
210.02614 284.403
212.10307 266.812
213.08714 668.135
213.15945 260.695
215.13940 372.244
216.09756 273.591
217.06435 433.909
217.09468 298.139
217.13347 605.928
219.11246 315.599
226.11897 313.976
227.10239 1688.69
227.17418 198.657
228.13562 244.228
229.11894 316.084
231.11237 630.448
233.16451 678.88
235.07439 631.118
235.10649 605.111
240.09747 526.525
240.13402 402.409
241.08162 271.153
242.14893 474.889
242.18686 219.176
243.13367 807.601
244.09158 355.008
244.12706 330.527
245.07549 275.158
245.12814 292.973
246.18027 210.046
248.13933 975.164
257.15875 233.506
258.10757 936.748
258.14301 710.747
259.07452 812.071
259.10864 394.434
260.19702 692.162
261.15970 568.434
264.09784 290.331
270.14349 257.66
272.15851 472.951
275.17084 490.627
276.13419 1886.37
277.08514 941.904
277.13910 307.676
281.11270 397.548
282.18082 270.037
288.13544 576.658
289.16083 246.494
296.19656 329.797
297.15533 243.671
298.13861 463.432
302.15125 261.333
308.10535 296.477
316.12863 280.612
317.21786 2249.19
318.22275 306.464
328.09546 671.622
330.14349 344.414
334.14294 431.617
343.23074 210.833
346.10608 1669.1
346.17648 228.007
347.17142 1425.07
348.20230 277.552
358.15881 245.263
360.15610 802.349
364.11829 403.82
365.21686 218.386
369.13913 553.761
371.19601 401.724
372.19336 216.34
374.17053 1908.83
375.17352 448.957
379.14221 557.893
387.15045 532.413
389.18121 266.336
390.17160 454.751
399.16446 277.479
404.19461 413.481
405.17633 209.206
409.18222 448.076
412.22025 327.845
417.17853 377.607
418.26596 6055.45
419.27020 1308.78
426.22003 616.938
426.72174 329.926
427.15964 288.187
445.16718 381.942
456.32239 213.254
459.19046 336.902
459.26181 434.753
461.21005 708.674
461.25894 553.934
462.25900 215.849
463.18344 289.749
467.25607 267.309
474.24185 585.914
474.73593 349.205
476.21286 290.419
482.22214 512.3
487.25848 350.225
500.23477 557.32
517.33398 3638.28
518.33643 1051.82
532.28992 709.164
533.28754 290.514
537.23267 234.525
539.29681 350.353
547.30945 225.339
548.28601 608.449
549.28162 205.432
557.31506 209.976
559.79962 333.935
566.32751 258.746
573.24097 288.286
573.31018 234.254
574.29102 226.658
587.29169 1442.17
587.78815 1340.36
588.29205 733.911
591.31531 776.326
596.29205 1768.31
596.79437 1270.84
597.29962 493.919
598.29791 248.049
599.30005 281.995
603.30054 444.489
613.31458 639.737
616.29584 712.584
617.30212 290.036
618.30249 231.991
619.31940 1695.83
620.32300 577.162
621.24658 687.44
622.25122 436.144
623.24548 291.051
630.41736 3728.09
631.42108 1271.89
632.43134 263.759
634.30078 270.964
646.82391 564.212
647.32123 980.367
647.82086 223.578
648.31409 234.76
649.35706 237.044
655.82965 630.242
656.33185 435.798
656.83417 291.041
658.27515 243.697
660.82062 1261.69
661.32208 1416.12
661.82043 605.968
662.33105 263.343
669.82666 2214.36
670.32843 1982.21
670.82855 859.387
676.35938 391.958
677.34668 755.535
678.34930 437.459
684.41046 208.682
686.33356 385.135
687.33258 328.825
690.36133 612.047
691.36017 351.227
694.37122 816.729
695.36780 332.888
702.38837 338.719
712.38184 559.687
712.87341 319.176
713.38879 340.983
717.36206 319.211
717.86230 273.02
718.27136 368.721
720.27081 220.158
726.36444 808.679
726.86926 627.981
727.36859 345.953
740.38397 288.221
743.50031 2260.5
744.50562 1123.19
745.51093 248.604
747.40863 241.946
748.37823 602.392
749.38959 425.982
753.35315 351.72
754.37524 1547.41
755.37817 754.375
765.40802 787.639
766.40350 336.613
767.31165 281.335
771.37524 403.87
775.82953 999.056
776.33038 613.042
776.82190 236.229
781.87909 578.662
782.38580 798.174
782.88373 239.69
790.37872 352.253
790.88818 839.428
791.39221 743.274
791.89423 387.799
799.41937 294.971
807.31970 577.43
808.33051 279.184
833.39124 667.217
834.38452 334.258
837.43152 323.817
838.43524 255.424
845.41541 637.637
846.42151 301.07
849.43329 281.953
852.43536 300.83
853.42987 278.827
860.42725 252.478
864.41608 342.048
864.90521 301.228
865.40839 223.653
866.44733 227.216
867.42981 333.475
867.94806 227.658
868.45776 240.886
872.54614 2375.82
873.54980 1137.55
874.55994 242.196
876.43762 695.895
877.42407 1994.3
878.42468 982.391
879.42688 442.926
889.92114 329.748
890.41467 326.127
893.41840 228.722
894.44696 1192.82
895.44312 815.607
896.44141 255.087
898.91907 417.237
899.41223 384.057
899.90918 303.179
903.46747 328.7
904.47241 252.721
907.93518 225.588
908.36365 564.174
909.36127 369.428
910.38403 235.518
916.45227 488.078
917.45441 295.456
920.47766 519.009
921.48199 345.659
922.50702 264.541
930.44739 245.181
931.43726 309.734
932.46179 238.808
935.45892 241.009
937.49280 553.849
938.49225 454.372
939.47510 310.527
947.47845 1170.7
948.45868 4765.15
949.45935 2712.01
950.48981 1610.13
951.49774 854.613
952.50604 265.796
965.48297 4017.14
966.48639 2432.48
967.49377 851.747
967.97980 399.272
968.49359 310.219
971.50116 240.085
979.40363 530.993
980.40845 500.341
981.40149 268.659
983.58264 934.35
984.59985 418.884
992.48425 747.63
993.49347 413.464
994.50470 329.497
1000.60443 2852.47
1001.60803 1820.1
1002.61322 427.955
1007.00897 231.928
1008.53497 265.996
1014.52454 472.681
1015.01733 306.858
1015.56482 904.522
1016.01416 1441.53
1016.53436 5876.18
1017.01990 713.737
1017.54059 1950.26
1018.50079 290.433
1019.37134 252.964
1029.49280 268.44
1035.53943 226.71
1037.52417 254.456
1045.52527 430.278
1049.57898 733.283
1050.57556 576.075
1051.53247 235.876
1062.54907 252.033
1063.43945 383.574
1063.53101 373.328
1064.54456 222.333
1066.43909 746.108
1067.43811 310.083
1068.43481 337.214
1081.52759 222.797
1087.57068 236.33
1091.54419 309.14
1092.54175 228.989
1094.63696 232.047
1097.57068 241.186
1105.59314 352.262
1106.56384 466.53
1110.01709 275.602
1110.53394 292.817
1111.64380 1019.01
1112.63806 1132.73
1113.64563 367.724
1118.57593 859.62
1119.59766 497.366
1120.58643 253.868
1125.55713 271.266
1126.56824 354.817
1127.04236 402.814
1127.53394 276.325
1128.56372 257.691
1129.64648 6576.86
1130.64783 4284.27
1131.65613 1329.21
1132.67273 293.522
1134.56592 238.32
1136.60095 444.65
1138.62537 303.916
1139.64197 272.849
1142.02759 447.404
1142.51318 383.786
1145.59680 280.594
1146.57703 432.779
1147.57959 386.33
1148.60828 253.181
1151.03662 224.601
1173.57446 513.912
1174.55640 2609.11
1175.55542 1686.52
1176.56628 827.541
1177.60083 278.008
1178.55383 236.345
1191.58655 2128.52
1192.57532 1428.31
1193.57996 739.776
1207.61792 246.797
1210.55762 255.808
1213.51208 313.487
1214.50842 435.579
1219.12500 256.407
1219.60217 333.716
1220.09692 277.182
1220.60303 319.638
1228.71667 2028.36
1229.71765 1382.38
1230.73157 551.646
1234.62512 439.299
1235.60999 338.733
1248.61487 275.124
1276.62866 316.542
1277.65625 287.681
1293.62231 466.608
1294.64368 367.28
1295.64587 268.785
1297.74951 506.264
1298.74695 398.124
1299.74988 238.137
1305.64087 276.381
1306.51233 644.441
1307.51758 463.599
1310.66345 463.814
1315.74866 3121.18
1316.75061 2138.3
1317.75403 634.413
1319.63879 368.232
1320.64197 860.355
1321.62402 2465.8
1322.62683 1731.51
1323.62952 736.518
1328.51477 483.227
1329.52881 601.883
1330.53394 253.286
1338.64612 2352.84
1339.65051 2018.81
1340.65735 1035.1
1341.65088 323.804
1398.79297 736.893
1399.79041 654.552
1404.18945 271.165
1405.67419 263.066
1406.71008 369.278
1424.75488 271.1
1427.60217 347.814
1428.60327 508.033
1429.57971 312.276
1433.71948 624.564
1434.71423 1339.1
1435.71021 1149.2
1436.71790 617.603
1444.77222 258.088
1451.73499 1617.84
1452.73059 1276.62
1453.77332 475.583
1454.57471 256.097
1462.79041 822.096
1463.78357 621.087
1464.78308 361.961
1493.75732 439.52
1494.74951 437.549
1495.79407 244.478
1510.82959 273.342
1526.67920 301.903
1527.87610 498.168
1528.89148 391.72
1529.86377 289.321
1550.65100 865.169
1551.65540 932.062
1552.64648 272.319
1562.77502 363.574
1563.74841 704.964
1564.74609 645.982
1565.76929 259.144
1574.83032 327.063
1580.77698 712.175
1581.77795 747.205
1582.77380 276.656
1591.82776 636.652
1592.82397 748.931
1593.84680 259.957
1626.75061 242.022
1665.68262 273.348
1666.67578 279.253
1701.80688 290.997
1702.80457 232.74
