1775.80766 2
110.07101 2167.51
112.08673 1176.3
115.08671 825.87
116.07047 1035.03
117.10213 2740.68
120.08059 9188.12
121.08371 769.556
127.08617 399.388
129.06551 895.685
129.10213 3502.93
130.06468 882.237
130.08601 862.743
130.09749 455.329
132.08090 615.44
133.04247 352.701
136.06169 465.067
136.07555 6661.1
137.07864 530.544
141.10202 438.612
143.08119 778.484
147.11266 1655.08
155.08101 763.863
155.11778 373.459
157.10719 650.397
158.09177 1835.01
159.09143 2701.43
167.08133 906.677
169.09665 710.221
169.13266 396.771
171.07642 566.079
172.07140 403.122
173.12727 430.029
175.11873 17836.7
176.10669 1979.12
176.12262 1002.58
177.10176 1984.82
181.09721 1030.65
183.11247 1154.76
183.14908 581.624
185.09195 651.21
185.16498 485.011
187.10748 2060.74
189.08659 694.153
194.08145 727.444
195.07576 1265.46
197.12830 838.092
198.12224 407.519
199.07164 642.222
199.10753 506.036
199.18042 985.173
200.13857 870.904
201.12325 1547.09
203.11800 771.721
210.02638 415.773
211.10738 3288.02
211.14345 362.027
212.10173 1901.44
213.08699 1823.6
215.10251 1144.71
215.13864 499.441
216.09741 405.468
217.08203 688.85
219.14915 3290.94
220.15295 522.625
221.12819 56406.4
222.13165 6716.18
223.13350 462.467
226.11810 2055.46
227.06609 504.974
227.10286 792.744
227.17442 470.063
228.13382 8102.66
229.11839 1470.69
230.11301 1983.07
231.11263 1253.82
235.12100 474.588
235.14333 559.422
240.09789 1747.41
240.13448 869.764
241.08186 3595.62
242.08560 367.774
242.15051 514.29
243.09671 819.313
243.13205 382.145
244.09151 522.586
244.12854 723.321
245.07660 5144.28
247.14413 1729.98
249.12306 32085.3
250.12646 4055.53
251.10155 675.014
252.09650 366.656
256.12595 395.709
258.10812 3503.44
258.14304 389.354
259.10764 733.405
269.12427 2326.45
270.10977 625.363
274.11984 394.456
277.11755 2270.53
278.15115 505.059
279.09671 2759.39
283.14133 562.572
284.12064 440.818
284.15991 935.869
286.15555 824.275
287.13498 3330.69
288.13654 410.085
292.12802 1155.16
294.17950 512.314
298.13831 985.975
303.16876 626.1
304.16098 3996.73
316.14944 503.913
326.13434 796.207
327.16144 408.066
330.18069 1791.59
333.14410 478.909
338.09921 634.977
340.14804 523.211
341.14615 618.541
342.12619 731.529
344.14465 1764.11
348.19113 3076.52
349.19232 491.734
355.12454 3874.16
356.10660 3584.67
357.10855 661.715
357.17606 1664.43
358.17722 870.494
360.15280 414.535
365.21640 816.554
368.19296 528.727
371.18658 443.669
373.13535 4064.38
374.13922 718.418
375.20029 636.557
376.18625 1010.25
378.16394 1572.86
380.14539 473.198
386.20200 2223.31
390.12894 439.058
392.14435 3531.3
393.14603 502.225
403.22940 3275.72
404.23029 470.134
408.13965 5233.03
409.13876 820.797
409.17639 1006.4
412.19147 369.889
426.19598 800.243
427.18134 3591.93
428.18420 648.274
437.16534 723.03
439.14362 552.123
444.21466 427.466
445.21225 490.413
454.19247 1590.74
455.17557 3354.74
456.17459 844.94
461.20465 380.688
463.21353 462.174
472.20355 2566.55
473.20398 776.337
476.24521 436.549
489.19510 745.379
491.21347 1011.09
493.19241 1022.04
507.21103 991.173
509.20151 538.806
515.28149 485.203
522.27985 636.335
527.21204 867.115
528.20648 430.119
533.27075 1272.5
538.21039 457.269
550.29761 10257.5
551.30035 2744.73
552.31104 483.738
555.20575 2239.64
556.21033 499.498
574.24823 496.974
596.27814 520.952
604.22717 1085.32
605.23193 438.004
609.25916 409.262
618.24036 606.498
622.23566 1854.26
623.22980 568.163
626.28528 974.835
643.31519 2530.45
644.31232 795.489
654.27936 1115.62
655.28265 462.517
661.33038 2528.01
662.32556 1503.32
663.31671 539.417
679.33942 26758.1
680.34357 8960.61
681.34650 1517.84
705.81061 885.727
706.31476 785.155
732.28101 1196.8
733.27118 1066.31
740.36237 434.722
751.28326 625.883
759.33783 1144.79
769.29749 645.991
777.34015 1269.44
778.34076 436.71
794.36658 8525.25
795.36823 3300.16
796.38098 466.593
854.41699 408.177
861.31653 524.647
862.31958 444.251
888.37067 439.055
939.42023 404.006
940.40326 630.001
941.40808 419.569
957.42975 15742.4
958.43237 8050.54
959.43396 1842.31
1002.42267 982.849
1040.47876 798.465
1056.49854 13937.1
1057.49963 7754.46
1058.50818 2407.52
1059.51318 532.8
1117.45105 613.01
1154.50537 1313.57
1155.51343 536.89
1171.52539 11190.6
1172.52576 6838.83
1173.52905 2067.27
1174.52161 441.655
1280.52759 594.535
1282.55457 2399.52
1283.55676 1683.74
1284.55078 714.17
1300.56897 10595.8
1301.56958 6602.72
1302.57776 2211.22
1303.57166 397.946
1393.58398 604.627
1410.61548 1696.05
1411.60229 5852.7
1412.60645 4211.63
1413.59814 1502.58
1428.62561 4224.73
1429.62805 2910.61
1430.62939 1294.73
1527.69775 2797.28
1528.70056 2172.69
1529.68213 968.877
1553.63293 604.816
