3015.40281 3
110.07104 3473.89
120.08057 3641.76
126.05454 1906.35
129.10207 9277.01
130.06470 5451.14
130.08598 6733.26
133.04280 2562.51
136.07556 4526.18
147.11259 17978.2
159.09140 40630.9
160.09476 2928.12
170.09193 1126.86
171.11292 2061.56
185.09192 1912.56
187.08577 2511.99
199.10747 1461.73
199.18011 2429.98
218.09511 1265.99
227.17545 2997.03
230.09573 2199.34
234.14401 1863.84
242.18628 2934.39
246.09019 4096.5
246.12653 1487.74
251.10226 18962.9
252.10429 1890.2
258.09079 4796.67
260.19626 25642.5
261.20050 3202.84
264.13464 1133.26
272.17575 2448.04
273.13336 1216.25
274.12039 1604.15
279.09741 4912.49
282.11942 1812.69
286.15512 2878.62
288.13516 1201.49
290.07935 1832.9
300.17038 5155.99
301.12958 2750.19
317.12802 3301.04
327.14722 4411.42
329.14520 1876.8
355.14328 5840.26
362.20090 1725.4
371.19452 1218.12
373.19095 1935.83
373.28030 18138.6
374.28485 3326.94
387.13287 4689.99
393.17709 2137.95
399.23907 4621.71
402.17377 2026.35
413.25299 4466.92
419.12213 1841.21
429.18442 1934.21
443.67468 1446.17
445.18265 1371.14
446.16861 2330.36
456.19040 3760.94
459.19745 1176.52
461.27203 1378.07
465.17627 4495.48
484.18375 10632.8
485.18414 2087.46
486.36441 12639
487.36835 3391.13
493.20868 5922.21
493.71033 3349.92
494.21234 1978.59
510.22217 1263.74
512.22577 5172.57
512.32343 3235.79
513.22607 1682.37
516.17578 5648.56
527.71820 1279.42
530.23907 1257.5
537.71637 1387.84
538.23102 1215.07
546.23151 2294.32
548.21246 9172.93
549.21533 2722.1
557.20020 1436.45
559.26624 1753.68
566.22284 6243.12
567.22272 2230.28
569.24072 2180.4
572.25446 1195
574.22858 3624.11
575.22876 1488.36
585.23120 2587.06
586.24786 16779.1
586.74896 11627.6
587.24829 4367.64
588.26245 1684.37
592.25598 1310.81
595.26245 6174.29
596.26343 1739.48
603.28424 1783.28
613.21631 9932.85
613.30212 3331.64
614.21527 2306.1
625.40582 1830.24
630.25464 1853.11
631.28339 3958.74
632.29266 1300.22
640.24872 1290.51
642.79053 7765.92
643.29022 5538.65
643.78918 2043.57
662.26929 1424.09
662.77582 1617.11
670.28827 1277.91
671.28052 3646.39
671.77966 1946.52
672.44287 20577.2
673.44556 7056.65
674.45056 1404.77
675.28540 3935.23
676.20959 3446.03
676.36047 3427.44
677.36884 2081.35
682.24634 4267.63
683.26068 1323.2
687.31311 2454.17
688.30902 2677.41
693.30298 1872.9
698.28467 1361.21
711.27643 8368.85
712.28241 3073.58
729.29626 1763
732.29980 1828.41
733.30609 1464.22
745.25775 2023.47
758.32635 3049.08
759.32220 1690.41
771.51154 13187.4
772.51575 5646.86
773.25775 7743.77
773.51599 1644.95
774.26367 3071.22
775.25916 1242.71
776.33514 4624.64
777.33563 2342.71
780.40088 19916.4
780.90106 15239.6
781.40265 7893.8
781.90546 2313.57
785.44586 1413.1
789.29108 3942.42
790.29144 1622.56
794.33160 1877.87
795.33594 3677.46
796.33063 1508.73
801.39423 2886
817.35339 1243.92
819.92725 3105.01
820.42560 3454.54
820.92554 1500.7
828.92670 106946
829.42737 99491.4
829.92743 54398.4
830.42889 18003
830.92609 3390.48
833.36047 2175.78
838.34790 7517.52
839.32947 2952.74
839.45740 1730.64
840.43414 2950.65
848.32544 1559.26
858.34552 3288.41
859.36572 5498.24
860.36908 2416.41
861.36139 2162.89
866.34564 16119.9
867.34735 7784.29
868.33905 1782.21
877.38129 2595.99
879.35944 1824.98
884.59662 5806.88
885.59613 2312.99
886.34125 15062
887.34521 6930.15
888.35461 8897.27
889.36389 3183.04
890.35425 1428.85
895.38159 3703.59
896.38159 1510.31
914.46539 1367.41
923.36725 11108.6
924.36700 4847.36
925.37122 1721.36
930.44531 1579.44
953.51813 1376.55
957.42206 2330.43
962.41071 5020.02
963.41241 1830.32
966.37512 1311.47
967.40729 1935.12
982.41595 2406.94
983.42090 1471.84
985.41010 42373.8
986.41211 20815.4
987.41016 7280.63
988.43616 1707.22
992.38861 4984.8
993.39069 2720.44
1010.40106 15760.2
1011.40179 8199.99
1012.40759 2894.17
1044.62451 8515.97
1045.61914 5276.62
1046.47144 2190.46
1046.59399 2062.13
1063.46692 2144.51
1074.43018 4917.81
1075.43738 2650.26
1081.58337 1920.47
1082.56506 2483.75
1086.45764 1438.9
1098.48657 1411.29
1111.46558 1748.29
1129.47205 5587.43
1130.47681 3079.74
1139.45776 9984.94
1140.46082 6425.87
1141.46338 2420
1143.49194 3629.4
1144.49219 1377.61
1155.50293 2501.51
1157.46899 11358.1
1158.46826 7215.38
1159.46643 3236.09
1171.48694 18982.8
1172.49365 11324
1173.64954 8454.9
1174.66553 5583.56
1175.66919 2488.01
1187.52002 5949.39
1188.51880 2747.81
1192.62158 1651.56
1193.56885 2215.11
1195.53320 1315.62
1195.77954 1296.87
1209.61011 3465.32
1210.61096 4189.95
1211.60474 1991.67
1214.48657 3020.83
1215.48511 2706.16
1222.47620 1644.44
1240.50317 18771.7
1241.50610 15326.6
1242.50562 4931.62
1243.52747 1401.08
1256.57471 2341.84
1257.59131 1658.65
1258.51477 7324.23
1259.52112 4643.26
1260.51233 1780.66
1271.53174 1326.02
1272.50732 1346.19
1284.57019 13944.6
1285.57117 7777.74
1286.57739 3946.1
1287.53748 1924.61
1297.53040 11318.6
1298.52930 8999.75
1299.53479 3054.64
1300.59924 3576.72
1301.59875 2486.35
1302.71936 6776.41
1303.71558 5188.52
1304.70813 2716.23
1313.56787 2107.45
1314.56970 2238.74
1315.53662 10991.6
1316.54419 6417.52
1317.54028 2002.22
1322.69507 4408.31
1323.52429 20828.4
1323.77405 4296.16
1324.53149 16501.5
1325.53687 6223.45
1331.56335 5282.25
1332.56995 3224.76
1341.55383 27632.1
1342.55518 22747.5
1343.55725 7898.35
1359.56213 14386.9
1360.56506 11780.3
1361.56812 4082.57
1369.65100 1778.5
1397.65906 8119.35
1398.67041 6797.58
1399.66248 2737.14
1436.79248 2105.97
1462.74060 7623.79
1463.73682 5294.55
1464.76135 2021.79
1510.71436 2314.91
1511.73169 1928.53
1559.79480 16530.2
1560.79932 16245.8
1561.80115 6928.43
1562.80054 1777.31
1656.84448 7698.84
1657.85168 8254.31
1658.85864 4710.81
1659.85168 1737.89
