3056.63596 3
136.07524 705.346
147.11224 427.597
185.09164 291.054
185.16443 200.341
187.07144 215.039
211.14421 326.27
228.13301 268.183
229.11819 203.618
235.14262 184.126
238.11804 297.472
243.13353 192.872
249.15855 243.511
256.12842 500.601
258.14233 291.434
260.19592 469.441
263.13913 394.346
270.18091 280.568
277.15417 385.697
286.13892 1846.14
287.14142 262.869
301.12946 246.715
324.22763 250.494
341.21811 363.799
369.21616 306.208
376.22153 330.868
399.22198 254.055
400.19638 228.604
414.21124 249.011
421.20605 429.25
449.20151 925.01
450.20377 207.181
463.21194 210.054
470.33252 2100.06
471.33414 557.246
491.24875 198.099
495.21164 193.668
534.29193 390.591
544.27728 206.878
562.28510 1047.47
563.28687 411.814
585.84576 662.074
586.34778 448.863
617.40173 610.918
661.34961 368.309
662.35852 268.725
701.36304 403.625
702.36011 200.572
723.32446 552.018
731.44232 823.973
732.44110 278.608
740.40869 404.859
771.36230 269.655
772.36902 226.968
789.41632 277.009
802.47894 1147.55
803.48303 585.936
839.47278 246.178
870.43976 202.949
886.38654 475.358
887.39966 215.343
888.48810 387.241
893.44263 207.953
915.56488 734.21
916.56769 308.803
986.59875 411.691
987.60724 345.756
998.49573 219.708
999.48438 540.819
1000.48303 315.15
1018.64893 1349.81
1019.13776 444.691
1019.48297 343.543
1019.66095 594.506
1020.49854 393.565
1073.63245 557.492
1074.63281 367.622
1097.56494 289.247
1098.54456 383.309
1099.55432 345.903
1170.68384 2747.33
1171.68738 2137.37
1172.69104 667.398
1190.12390 204.532
1190.63892 207.488
1198.60645 222.311
1209.57813 380.205
1210.63123 279.733
1226.60632 395.897
1227.60999 311.469
1248.67383 234.096
1285.69690 448.134
1286.71326 397.474
1325.67529 579.268
1326.67346 510.376
1400.77173 226.241
1401.74365 224.459
1438.74731 299.886
1439.74915 250.244
1529.80615 337.115
1530.79053 268.914
1656.84326 217.412
1658.84216 237.309
1659.86523 248.417
1886.94897 480.401
1887.95044 547.35
1888.91956 315.933
