2862.34714 3
110.07111 13413.6
111.07414 552.71
120.08070 1507.6
129.10216 1794.36
136.07559 1924.91
147.11253 459.066
158.09206 647.848
159.09116 859.461
175.11882 4682.16
183.14957 363.293
185.12650 450.66
185.16476 11198.5
186.16811 1340.36
197.12849 1037.81
201.12309 510.202
209.13974 2633.03
213.08606 413.684
213.15968 13807.6
214.16342 1312.53
215.13853 1814.49
218.14867 390.022
221.10300 852.595
226.11790 604.894
227.10211 455.09
235.10648 394.651
237.13481 3715.6
239.11305 477.755
243.13371 2877.35
244.14003 373.23
249.09834 888.81
267.10822 1813.52
314.20737 556.297
321.15515 1017.53
332.20871 547.333
338.18185 2003.75
342.20215 16580.6
343.20502 3109.53
344.20569 562.619
348.16757 458.784
350.21921 485.977
356.21851 555.74
366.17645 973.714
371.19061 657.813
380.19208 869.442
388.25607 411.969
392.19284 607.581
409.21872 3923.22
410.22205 615.412
427.29138 1549.56
428.29440 390.991
455.28607 2532.18
456.28870 681.585
479.26138 969.888
484.21805 800.227
519.67279 431.012
522.30420 2620.87
523.30780 547.804
556.30206 446.45
564.81128 14614.3
565.31232 8679.09
565.81372 2620.12
566.32178 608.966
591.74774 596.504
620.32825 1250.87
620.83203 829.776
621.33173 411.289
629.33356 2557.16
629.83606 1550.41
630.33374 425.681
632.34698 403.27
635.82764 528.924
640.73523 503.389
650.36255 7586.51
651.36536 2495.94
652.36658 661.971
660.26978 497.923
682.28241 823.985
685.87598 2364.12
686.37604 1942.94
686.87775 856.816
697.82928 795.578
698.32941 1153.87
700.00653 821.104
700.34930 818.92
700.67816 683.945
709.26520 866.07
726.34222 472.601
727.88385 483.759
731.39508 541.127
732.66760 875.599
732.80939 417.814
733.01062 775.78
733.31873 458.326
741.39099 760.148
741.89136 765.353
746.81403 1267.25
747.31030 913.417
747.81274 452.48
750.39691 1752.87
750.89893 1598.51
751.39807 623.904
754.36670 642.127
758.79865 700.665
761.39667 738.56
762.39612 508.565
765.02802 483.519
765.37061 496.902
765.80267 563.518
770.70282 1015.73
771.03748 1688.32
771.37927 1146.49
771.70410 468.965
779.40442 15270.1
780.40710 6510.58
781.41718 1472.61
797.36493 406.925
797.68933 597.471
803.36078 2788.27
803.69733 3112.48
804.03058 1654.83
804.36243 1002.19
806.41840 529.002
808.39893 2367.26
808.73260 2709.02
809.06763 2750.6
809.40356 1417.81
811.32220 510.194
814.39673 462.187
814.92017 961.497
815.42609 697.566
818.88800 642.311
819.39380 500.881
823.47113 532.195
830.46552 1196.17
831.46869 607.79
835.01453 408.335
837.88507 475.944
841.05798 1780.83
841.38818 2501.79
841.72412 2173.66
842.05792 767.045
842.39282 448.677
845.74805 411.624
851.41205 982.747
851.75232 1209.06
852.40948 696.396
864.41870 616.467
864.91296 613.036
865.41962 735.555
865.92670 440.3
867.87152 404.88
873.41949 2547.32
873.92316 2281.4
874.42078 1130.08
874.92200 437.61
875.47656 560.898
878.06335 608.201
878.40778 1318.86
878.74463 686.847
878.91608 1025.25
879.43579 1440.64
879.95148 1151.35
880.45038 508.695
884.08484 485.119
884.40479 841.351
884.72778 537.686
887.41882 10947.4
887.91809 8234.37
888.42114 4489.75
888.92480 1357.75
889.10822 1276.47
889.43799 2221.96
889.77991 1631.98
890.11005 1318.69
892.48749 40894.4
893.49164 19376.9
894.49469 5668.77
895.50720 1236.55
896.41638 1030.45
896.92310 750.369
897.42334 649.84
898.44122 1377.29
898.76941 905.458
899.10822 1028.47
899.44891 595.784
902.46991 1122.07
903.46582 537.101
905.44690 440.331
908.13104 449.906
909.29889 605.078
910.42932 573.891
913.95117 1161.32
914.44940 1427.9
914.94342 824.072
916.12689 2741.76
916.46100 5009.45
916.79504 5032.8
917.12842 2909.18
917.46436 1392.89
921.79791 1296.47
922.13055 29621.1
922.46588 44564.3
922.79858 35129.3
923.13074 19875.6
923.46509 9314.6
923.79785 2797.41
924.09833 429.579
927.40735 572.982
927.89935 472.921
928.13416 3904.31
928.46912 5091.74
928.80176 4403.49
929.13367 2577.16
929.45941 1093.61
930.53229 734.006
936.40521 7173.47
936.91278 7515.06
937.43695 5242
937.94885 2424.53
938.49182 2669.07
938.96570 554.598
939.49432 1369.64
940.36084 1331.71
941.35065 586.147
943.44604 558.758
945.95721 640.426
948.77942 1488.84
949.11993 2717.51
949.44977 2985.36
949.78534 1069.87
950.45526 694.418
954.01178 529.719
954.50812 1284.53
954.78784 16345.2
955.12354 23210
955.45679 18836
955.79303 10581.1
956.12598 4574.53
956.46844 1505.41
962.93695 926.17
963.43561 899.93
963.93915 563.856
964.42761 553.693
971.46472 612.536
971.94904 1685.17
972.44598 1614.84
972.95056 1011.25
985.93854 2462.05
986.43829 3390.12
986.94739 2011.24
987.44836 766.676
991.55621 23568.6
992.55804 12310.7
993.57953 3220.92
993.99609 1833.2
994.47772 742.017
1001.56000 516.38
1002.53876 495.235
1002.96332 638.993
1007.51459 2215.36
1008.51971 1217.23
1030.58179 1153.65
1031.58667 592.097
1038.34021 1857.51
1039.34973 891.217
1040.99036 585.122
1041.50464 475.761
1042.48242 922.381
1042.98010 1381.56
1043.48706 1035.94
1049.51013 2257.12
1050.01392 2733.19
1050.51526 1585.14
1051.00696 817.909
1051.50574 486.644
1053.44629 1195.75
1054.44592 684.803
1058.01257 1487.45
1058.52222 1966.68
1059.01099 1615.29
1059.51270 1351.16
1060.00635 590.967
1067.02588 466.68
1067.52527 574.49
1098.50623 1370.31
1099.00793 1626.85
1099.50854 1097.48
1100.00464 454.642
1107.01404 1353.35
1107.51550 1728.77
1108.01880 1527.71
1108.52600 671.487
1113.01428 414.218
1116.00342 527.165
1116.51941 663.711
1121.53113 596.989
1122.03992 1919.82
1122.54370 1888.56
1123.05078 1092.03
1123.56824 624.575
1125.55188 529.313
1126.04285 549.732
1126.53064 543.979
1128.61633 11408.5
1129.61841 7623.92
1130.62366 2410.79
1136.55933 1761.69
1137.55957 1144.63
1138.54358 623.727
1139.03931 513.453
1146.54504 1936.33
1147.04773 3500.99
1147.54968 2751.37
1148.04102 1514.58
1148.54761 821.175
1151.41736 1480.33
1152.43213 649.185
1155.55408 14684.7
1156.05273 16965.2
1156.55286 12060.7
1157.05322 5509.61
1157.55164 2095.17
1158.05920 699.827
1164.56726 1658.97
1165.06006 1649.71
1165.57568 1039.46
1166.05115 496.707
1171.04211 733.99
1171.52856 1133.7
1172.04199 786.054
1178.59253 828.362
1179.09253 648.139
1179.60022 816.906
1182.48547 2108.81
1183.48352 1060.34
1193.64612 684.714
1195.52917 652.933
1196.03906 1223.34
1196.52893 975.549
1197.03333 518.742
1203.58142 513.695
1204.06482 522.082
1204.54053 5752.74
1205.04321 6007.96
1205.54236 4346.5
1206.04004 2001.73
1206.53882 1027.86
1212.08984 2618.15
1212.59363 3633.42
1213.09546 2060.99
1213.59900 1333.51
1214.08801 932.846
1214.61377 989.215
1215.10449 720.425
1215.58679 471.553
1221.59534 502.088
1227.59290 503.478
1235.56995 441.198
1239.64624 696.873
1257.66101 4697.58
1258.66113 3094.22
1259.11047 643.998
1259.65881 1214.5
1261.09973 801.553
1261.62158 1126.42
1262.08838 739.665
1262.64038 501.767
1263.08972 735.328
1265.60449 1369.21
1266.60657 898.35
1267.61279 2820.51
1268.11108 3177.27
1268.61926 2860.81
1269.09717 967.846
1269.60583 815.02
1276.61853 5831.61
1277.11694 8241.1
1277.61926 6012.29
1278.11536 3198.6
1278.62329 996.322
1280.46533 2108.71
1281.45325 947.531
1285.61829 596.096
1286.13611 539.672
1286.63062 438.767
1295.57629 917.171
1296.58777 582.655
1316.60718 1022.37
1317.09766 1136.36
1317.60022 1079.33
1319.53601 446.105
1325.61426 775.742
1326.10693 1039.76
1326.60925 1008.12
1327.11670 528.414
1333.16138 1294.57
1333.66187 1907.76
1334.16309 2040.84
1334.65942 824.067
1363.57104 1154.27
1364.57605 853.481
1365.58264 517.187
1366.63440 523.005
1370.73694 1041.46
1371.75537 815.528
1382.64441 557.287
1393.55505 710.316
1394.64868 3034.26
1395.65027 2213.09
1396.63684 773.31
1413.63586 434.083
1417.53735 480.575
1424.62549 433.591
1482.76123 444.955
1492.62292 2774.89
1493.62183 1713.78
1494.61670 851.279
1499.79468 497.013
1507.73364 1649.58
1508.73926 1269.25
1509.72754 728.363
1577.71838 450.271
1605.71204 1524.78
1606.70215 1258.98
1607.69861 484.601
1608.75159 950.658
1609.77283 767.764
1610.79419 542.995
1618.76794 743.488
1619.76440 524.434
1636.77075 8070.91
1637.77234 6993.55
1638.77039 2942.43
1639.75977 1054.87
1654.77417 711.467
1655.77417 761.542
1716.75403 442.184
1734.74463 5558.57
1735.74854 4801.69
1736.75305 2550.56
1737.75671 570.864
