3608.63735 4
120.08049 3062.77
129.10187 1646.7
133.04291 487.167
136.07552 3932.37
147.11256 678.56
171.14885 863.813
173.12804 12486.7
174.13101 1353.19
175.11855 2452.48
199.10759 942.657
199.14336 836.366
201.12300 12224.6
202.12704 1073.85
214.11848 515.204
217.08266 485.012
227.10211 2437.66
235.10693 655.947
242.14981 688.074
249.12230 570.017
255.16887 514.879
261.15912 609.47
275.08060 2604.33
277.11710 1074.65
283.14252 680.192
288.20071 518.727
300.19128 6741.17
301.19385 967.317
304.11200 471.398
304.16110 1154.39
310.13965 1552.93
311.14508 574.086
313.18637 997.458
326.17535 879.39
328.14948 1457.41
371.26755 616.913
374.14868 550.549
389.12250 1700.75
394.19443 712.896
397.18161 569.234
399.25909 2676.84
404.16101 688.636
406.16101 562.692
417.24329 2000.28
422.17947 1108.31
423.18607 492.414
442.72095 644.617
488.19153 831.625
496.24615 684.068
498.72836 769.4
501.18564 479.427
504.27695 7127.92
505.27856 1641.14
507.23685 1053.76
511.76108 582.576
513.30389 1173.38
536.28387 830.913
540.24078 807.338
548.75665 2594.85
549.25873 1204.82
557.76141 1119.32
572.21887 584.014
585.24304 1492.62
586.24512 783.729
587.26105 1386.17
588.26666 626.473
598.29108 2040.82
598.78882 1219.1
615.21576 744.624
617.36102 5083.5
618.36322 1037.31
643.25739 832.948
657.35242 550.254
657.85205 784.804
673.33221 1273.73
674.33850 505.642
688.30762 509.125
696.36792 990.139
696.84216 1576.37
697.34412 1308.47
697.84723 726.074
698.25812 780.332
713.30145 2209.98
714.29718 1391.15
716.25531 797.913
727.85571 565.631
728.36450 1404.66
728.85962 837.138
746.40259 4613.38
747.40607 1896.38
769.36401 827.473
770.35034 1414.39
773.39478 673.47
773.88739 541.02
782.40326 7276.69
782.90424 5237.15
783.40900 2055.66
787.37512 4827.1
788.37396 2158.52
789.37170 663.053
796.31934 601.996
797.32123 1400.59
798.30853 748.542
813.34869 811.009
815.33838 718.861
826.38879 1684.92
827.38623 1110.49
828.38666 658.659
831.33295 643.706
831.84387 1110.5
832.43237 553.486
838.33777 547.25
851.40656 1519.95
851.90997 1303.1
854.49536 2115.83
854.99664 2123.25
869.39545 824.686
869.74573 793.842
870.39435 736.105
875.44562 4778.23
876.44824 2592.59
877.47162 643.555
879.35278 640.985
880.37262 630.471
893.47192 738.266
896.38055 1878.69
897.41504 2769.76
898.41583 1515.76
899.41766 624.527
901.96985 2186.23
902.15106 2080.3
902.47711 5586.85
902.84009 1251.43
903.01520 1699.82
903.49219 8315.32
903.81873 834.034
903.98938 5196.78
904.17133 776.122
904.35760 1042.38
904.48230 1294.17
907.43805 773.967
908.38245 559.251
914.39789 945.084
915.40295 820.8
915.93311 2935.57
916.43054 3072.24
916.92578 1612.42
917.43195 736.819
929.75995 915.741
930.08765 667.298
935.40765 1122.98
935.75836 1394.28
935.98273 696.018
936.52454 1518.02
941.41290 1203.64
941.76526 2200.21
942.09186 1572.8
942.43164 1018.98
951.44287 1212.84
951.94086 571.662
952.43744 994.162
956.42603 561.304
971.54315 975.167
972.02521 900.246
973.44507 3423.55
973.94409 3636.16
974.44434 2071.72
974.94336 656.317
995.45447 692.502
996.45294 958.931
997.45081 571.989
1013.47058 2334.26
1014.47302 738.887
1015.48621 614.489
1022.51440 7426.09
1023.52063 3706.14
1024.53113 1133.95
1039.44812 533.275
1044.60767 565.855
1045.06848 2514.52
1045.58508 2206.35
1046.08008 1380.96
1046.97620 5765.82
1047.47900 6156.75
1047.97974 4493.76
1048.47998 1627.52
1049.44092 884.289
1066.46045 663.236
1071.58313 642.618
1072.58801 580.518
1095.96997 599.485
1096.50146 3796.42
1097.50488 2250.48
1098.54431 646.938
1101.62646 951.991
1102.11572 930.441
1104.49048 6376.63
1104.99207 7477
1105.49023 5146.3
1105.98987 1906.81
1106.48584 583.927
1114.51514 1709.01
1115.52136 701.272
1122.53088 598.326
1145.53601 649.281
1146.01086 717.246
1146.52002 1101
1147.54126 573.283
1155.01843 7286.53
1155.51575 8938.37
1156.01514 5668.84
1156.51501 2998.25
1157.01245 741.748
1167.51538 613.481
1172.01086 1645.69
1172.51465 2092.33
1173.00049 1565.18
1180.52600 1276.79
1181.02344 1231.61
1181.51404 1299.62
1182.51685 985.023
1183.52820 562.151
1185.57678 5445.2
1186.58484 2951.51
1187.60620 779.088
1189.52490 1375.33
1190.02942 2071.11
1190.53149 1693.32
1191.03406 901.887
1195.58679 664.669
1196.58618 755.414
1198.53125 18427.9
1199.03284 23473.7
1199.53406 16680.3
1200.03320 6782.39
1200.52136 1919.41
1211.47815 1409.01
1212.50586 1088.6
1213.03955 659.982
1213.57849 1101.92
1223.04016 819.453
1223.53516 698.257
1230.57507 556.46
1231.03760 582.772
1231.58203 562.447
1239.06665 679.076
1248.06494 5668.24
1248.56787 6983.79
1249.06470 5149.71
1249.56860 2405.69
1250.06628 759.567
1261.56738 589.267
1280.58228 684.874
1281.08691 952.855
1281.58875 661.578
1282.55127 549.426
1283.53796 600.091
1290.08313 1229.02
1290.57959 861.498
1298.59265 7268.46
1299.09155 10798
1299.59045 7541.62
1300.09070 3379.68
1300.59399 1332.53
1313.69434 996.97
1314.71045 632.383
1354.60132 683.216
1355.10901 743.483
1363.11914 901.147
1363.61487 1325.09
1364.09009 717.062
1374.56470 585.327
1392.68994 1354.38
1393.65857 2147.29
1394.12427 1940.96
1394.63257 2312.22
1395.12671 1116.61
1402.62903 1915.25
1403.13440 2491.11
1403.63135 2155.83
1404.13574 1535.01
1411.63770 4604.54
1412.13977 6369.1
1412.63867 5439.32
1413.13843 2831.29
1413.61975 1205.24
1426.74792 1041.84
1427.75830 671.261
1455.73584 679.099
1456.72791 701.284
1460.63647 779.878
1469.16821 820.266
1469.67773 659.997
1563.81775 1003.05
1564.81482 648.006
1701.80164 591.394
1830.89124 601.438
