2297.14674 5
110.07095 1633.42
115.08630 1953.73
116.07048 1747.42
120.08055 2110.57
127.08631 1369.22
129.10210 2235.92
130.08601 1730.06
133.08592 1039.34
136.06152 530.633
136.07553 418.696
143.08128 3420.74
147.11267 3281.94
155.08124 9365.43
156.08496 681.394
157.13326 1453.25
161.09178 2986.29
171.07669 765.903
172.10788 1103.37
173.09198 1365.65
173.12788 2042.92
175.11847 1109.77
183.11188 454.689
185.12799 499.972
187.14377 6865.75
188.14658 458.389
189.08659 4615.17
197.12897 457.019
198.12323 1503.79
199.18016 4177.55
201.12334 2904.46
209.10307 1242.39
215.13878 1489.41
226.11835 7469.2
227.12309 501.377
227.17526 2047.66
229.11813 527.014
233.16463 919.418
237.63248 668.198
238.15343 595.818
246.63748 710.966
253.09219 773.432
261.15802 586.614
266.16440 1302.32
284.15533 3424.16
284.17841 2068.03
288.20190 496.54
288.67685 526.311
294.17459 1133.9
298.14252 582.57
301.18597 950.828
302.17044 955.978
303.17883 3755.57
303.68185 862.135
311.20700 1581.37
312.13785 482.47
316.14914 917.805
328.14771 613.118
335.18225 678.523
337.19696 836.709
339.20102 1488.59
352.15961 551.982
353.44257 1317.04
353.69293 1306.49
355.20865 3856.59
356.21115 681.023
358.18903 918.057
358.52310 686.472
360.69446 787.247
364.19446 1021.27
364.52670 873.614
367.17026 689.891
369.65558 2357.14
370.15826 720.703
376.68271 591.122
395.19940 3422.35
395.70419 889.973
395.88324 580.809
403.19858 615.757
403.68649 482.902
404.20828 8794
404.71030 3878.4
405.21164 915.98
408.22534 972.047
412.19858 4827.25
412.70163 2237.9
413.20340 485.409
417.20169 636.625
417.24249 853.171
418.68607 476.356
423.19464 761.831
424.69604 746.149
425.20364 499.852
426.19684 2648.71
426.69962 1570.42
427.19928 478.2
437.21313 463.541
446.69193 4964.99
447.19333 2154.99
447.69449 535.542
451.74512 3444.95
452.24866 1774.5
453.20297 550.318
459.24939 5059.16
459.76083 562.99
460.25043 2252.86
460.29318 1175.07
460.56131 1349.72
460.75073 15786.4
460.90491 573.705
461.25089 9159.14
461.75385 1992.78
464.91718 1082.64
465.24881 1002.07
466.24200 861.9
467.71399 677.068
470.92035 4514
471.25391 3521.2
471.59012 1016.14
474.25677 1208.89
474.72311 3904.98
475.22357 1818.29
476.92377 3628.28
477.25839 3161.48
477.59174 925.731
481.20282 939.54
481.73392 530.636
482.21088 6132.44
482.71194 2658.7
482.92670 3234.55
483.25671 2158.63
483.59576 863.659
486.24432 1893.65
489.23679 1975.04
489.73795 1140.37
491.25735 505.137
492.26688 4953.27
493.26898 1784.58
494.23242 3426.31
495.23459 774.469
502.26953 3822.1
502.77078 2155.84
503.23431 11663.6
503.73547 6848.83
504.23422 2493.2
511.27356 11208.4
511.77512 5776.16
512.27795 2012.76
515.27777 520.186
519.25903 614.617
524.24426 2139.53
524.75671 2713.89
525.25354 1587.1
527.77478 1206.48
528.26733 9118.39
528.76752 5282.01
529.27002 1570.55
529.75494 652.765
530.25146 581.01
536.77966 1586.67
537.27789 2161.99
537.77454 1155.73
538.28168 504.616
538.75256 3820.63
539.25397 2156.8
539.75671 633.652
545.78491 4993.17
546.28680 5056.11
546.78558 836.349
547.28723 593.834
552.23688 616.122
554.25867 466.77
554.78949 26255.5
555.29095 15369.1
555.79248 5011.91
556.29456 938.2
559.77899 911.664
560.27850 753.982
564.31354 1644.28
566.29364 673.692
587.34357 773.51
593.32007 527.538
593.82556 517.437
595.29089 663.458
596.22870 3031.08
597.23285 988.113
602.32275 1178.93
602.82770 796.89
605.35315 4316.73
606.35675 1586.05
611.33124 2985.21
611.83368 1916.37
612.32867 573.003
623.27692 2079.54
624.28455 616.388
628.83850 832.355
633.30908 3486.71
634.31671 985.497
637.32892 1081.6
638.33838 569.174
647.34833 619.01
657.35199 1398.56
657.84601 760.923
659.37488 795.166
660.40613 2248.85
661.30548 1752.46
666.35620 2355.91
666.85687 1424.31
667.26862 3790.64
668.27240 1020.22
675.35663 1776.61
675.86511 1090.99
676.35297 512.927
679.31744 1009.98
680.32220 782.351
693.35529 9916.6
694.35950 3013.58
702.36340 913.716
705.87994 751.939
709.31189 2375.17
710.30804 748.689
714.87933 1202.91
715.38202 1522.09
715.88678 573.84
720.37476 5363.15
721.38116 1908.84
722.40295 531.356
723.88544 669.086
724.39154 835.285
734.96191 491.189
738.30359 20975.1
739.30695 7552.8
740.30780 1729.91
746.40027 745.193
754.36145 762.698
764.31799 627.779
774.38849 1254.2
780.35065 4320.8
781.35504 1491.06
789.39856 2771.36
790.40021 1205.49
791.40540 721.943
792.40234 640.424
806.44751 1260.76
807.40887 20751.8
808.41180 9091.94
809.41553 1917.31
823.39252 2471.26
824.39984 1278.95
825.40540 1596.38
826.41003 627.202
833.37872 2980.97
834.37683 1254.28
835.37781 543.107
851.38800 33394.4
852.39008 14707.7
853.39343 4113.8
854.39996 681.024
863.38989 1434.32
864.38434 686.988
875.43286 791.838
877.40796 1260.5
878.40039 688.418
892.37372 1614.32
902.48138 970.557
903.49030 592.549
908.41180 491.994
920.49316 7261.15
921.49725 3593.08
922.50275 667.121
934.42255 866.433
935.41571 586.587
944.45667 697.943
962.46826 1188.64
963.40924 1057.01
964.41467 721.798
980.47272 1228.13
981.46082 512.746
1005.46075 12837.5
1006.46417 6868.24
1007.46930 2010.06
1008.46698 519.199
1021.53729 1271.5
1055.52539 1592.17
1056.52930 707.952
1076.50061 3399.36
1077.50146 2443.27
1078.49695 512.246
1108.58447 1092.34
