2157.18052 3
110.07126 2203.91
120.08073 5030.75
121.08409 455.893
129.06633 301.589
129.10233 4288.97
130.06516 320.537
130.08638 1047.74
130.10571 285.771
133.04315 631.768
133.08621 254.987
136.07562 6209.25
137.07928 578.079
141.10234 296.4
143.11787 589.628
147.11284 1943.57
155.08156 654.159
158.09265 289.35
159.07713 233.07
159.09163 954.945
159.11275 3349.83
165.10210 247.818
166.05013 1044.74
169.09706 277.214
171.11299 603.534
172.10753 524.743
173.12843 757.978
175.11899 4788.22
176.12407 229.902
183.07652 3930.36
183.14906 292.136
184.07974 381.51
185.09219 611.544
185.12883 256.783
185.16484 832.744
186.08713 429.787
187.10777 5569.05
187.14452 921.884
188.11197 454.551
195.07686 348.225
197.12865 330.225
199.18053 1177.9
200.10306 6352.31
200.13737 329.022
201.12334 5301.09
202.12914 233.326
203.12245 288.47
207.11305 573.385
210.02496 432.798
212.10292 1092.18
213.08716 618.482
213.16046 491.294
215.10124 334.472
215.13919 949.58
217.08186 529.442
219.08025 231.62
219.14934 979.213
223.15620 507.524
225.09836 2164.02
226.11769 306.812
227.17572 860.875
228.13365 338.377
229.11819 1688.25
230.11287 1050.97
231.11386 406.842
233.09398 324.442
233.16498 2135.97
234.16862 355.23
235.10681 918.975
240.09781 744.572
241.08157 430.851
242.18556 319.129
243.13341 280.126
244.09196 689.874
244.12640 280.982
244.16541 231.059
245.07741 592.784
246.12683 433.377
247.14465 784.062
249.12383 532.42
249.15987 690.193
250.11781 479.071
251.15036 1096.58
252.13383 317.989
253.09235 369.789
255.16965 654.466
257.12442 4221.96
258.11105 331.633
258.12686 350.518
259.09171 307.709
260.10617 379.776
260.19659 1409.5
261.15955 2527.64
262.16605 302.453
268.16373 306.778
272.12411 366.723
276.13666 279.764
277.11792 718.854
277.15454 516.939
278.15308 704.569
279.09708 323.648
282.18060 584.079
283.14255 1271.69
284.17291 917.036
286.13968 1381.12
286.18982 296.638
299.17297 486.911
300.19189 5160.6
301.14835 292.399
301.19498 775.613
303.21371 13700.1
304.21704 1896.83
311.13928 248.199
314.13110 257.83
316.17139 325.703
318.12546 247.663
320.17142 526.039
324.14395 338.449
324.67886 806.564
325.18692 675.423
329.21664 542.619
332.10754 272.577
333.19302 760.227
335.14935 1004
338.18219 3661.29
339.18472 683.513
342.21350 1384.86
346.15060 277.396
354.19757 341.518
357.21417 407.944
360.15659 360.748
360.22803 532.52
363.16879 467.909
364.23303 405.635
366.18021 416.411
367.23276 279.821
370.20859 1214.86
371.23495 264.304
375.17038 311.217
375.22211 371.259
381.21820 449.605
388.22446 329.639
393.17944 247.838
396.74026 447.905
397.25638 602.199
401.21716 303.79
407.17123 519.248
410.73541 523.083
411.23755 250.788
415.23679 245.205
418.24103 1186.65
419.26950 616.976
420.26712 268.112
423.27084 610.762
423.71729 399.351
429.24966 869.139
431.74164 697.573
432.24460 283.973
433.24646 269.002
445.18845 425.911
446.20294 258.458
446.71234 478.809
447.26001 1580.69
448.22128 339.247
449.76215 324.308
451.26624 2498.19
452.26950 316.174
453.28311 675.939
455.29825 351.737
458.18317 254.466
462.25244 783.234
464.20993 285.673
467.27591 273.273
470.25082 1086.07
471.25320 494.247
480.29224 1051.55
481.29776 281.339
485.24860 296.068
486.76831 590.469
487.26398 930.607
487.76511 281.291
490.27701 1037.97
491.28616 259.062
492.26849 308.838
496.23914 286.008
496.32501 335.238
508.28763 1934.84
509.29260 455.168
513.24432 469.646
531.29504 631.115
531.79236 481.296
532.27753 259.171
539.76959 777.241
540.27319 940.799
540.77765 290.342
546.33655 279.227
548.81323 590.737
549.28009 4577.82
550.28381 1134.42
551.27893 345.04
558.28894 325.431
559.28271 312.844
561.32520 568.209
562.27405 988.451
563.27625 349.022
564.35272 905.777
571.77753 1683.89
572.27832 1327.62
572.77765 499.48
584.33472 422.645
585.27832 899.638
586.27722 474.826
593.37781 1136.77
594.37872 385.033
609.25629 964.002
610.24390 287.882
612.82355 432.788
613.31769 278.155
614.32788 910.737
615.33398 293.8
619.29779 6096.78
620.30084 1592.13
621.37091 3200.82
622.37750 1068.13
628.31769 1831.41
628.82117 1243
629.32428 580.111
631.33063 265.214
634.35547 393.079
647.71497 513.966
648.05463 341.796
648.34918 8480.63
649.35419 2794.36
650.35706 775.253
653.39008 495.963
653.71759 1277.56
654.05511 737.874
654.39545 296.426
666.42999 676.302
670.24884 297.393
671.32147 615.087
672.35712 580.32
673.35956 293.728
679.38776 562.378
680.29108 1593.97
680.70618 410.997
681.29529 568
684.86163 957.13
685.36499 1127.65
686.04584 483.005
686.37805 1739.41
686.71478 992.474
687.04871 337.293
689.37885 579.283
689.88159 458.764
690.37207 1896.84
691.37799 645.321
692.38928 337.061
698.36584 947.897
698.88202 328.773
699.38293 496.964
700.32373 326.267
702.39178 293.281
706.45575 302.727
707.38696 1769.12
708.38861 875.48
713.42120 448.702
715.35400 290.495
718.38898 534.196
718.89520 484.442
719.03577 483.217
719.37646 997.332
720.31744 501.736
720.38623 724.521
720.88177 560.281
721.30182 573.367
721.40088 395.033
726.41400 332.122
727.42279 338.499
732.38306 3587.82
733.38824 1219.67
734.45996 1748.92
735.46460 750.232
749.37427 426.425
750.38879 266.507
754.89417 301.932
755.40320 263.522
761.43451 5927.35
762.43652 2310.21
763.44189 757.961
765.82239 293.901
766.32239 389.404
783.40216 1103.83
783.90448 811.596
784.41089 308.379
785.43298 521.559
786.42419 296.256
792.38770 756.707
792.90656 959.025
793.37476 1297.91
794.45770 609.526
794.94037 747.122
795.45087 634.27
798.45947 415.111
801.39862 541.853
803.44843 456.244
812.49292 520.369
814.32465 266.859
819.40808 1453.59
820.47449 3111.58
821.47284 1412.01
827.43213 274.198
828.42102 365.69
829.45801 372.143
829.95203 278.606
834.95746 487.362
835.45367 426.824
837.95569 1166.34
838.45380 1068.24
838.95972 522.233
845.42493 2128.99
846.42804 2004.01
847.43817 895.151
848.94781 873.434
849.45068 725.813
850.44580 626.293
851.42761 400.5
862.48114 8129.34
863.48340 3311.14
864.48322 1491.21
865.49268 309.786
866.37781 487.495
875.38379 601.417
877.39240 366.8
882.50958 1024.89
892.41113 12288.6
893.41473 4946.21
894.40387 2395.83
894.54053 321.51
894.98901 495.992
895.39941 469.693
895.52893 298.529
897.52881 904.625
898.52045 921.76
899.52557 514.412
904.41235 415.87
916.53455 387.609
921.41772 305.284
922.43060 287.019
926.51685 331.618
930.44379 525.104
933.55310 4211.23
934.55359 2558.23
935.56012 411.991
939.40009 285.03
939.91669 334.784
944.50177 989.396
945.50269 943.073
946.50739 450.613
947.46832 574.168
948.47119 280.934
951.56091 279.111
962.40356 296.431
963.54034 281.247
965.51068 294.985
968.56232 743.175
969.56897 505.514
970.55170 573.837
971.04449 842.898
971.55255 628.345
972.04901 282.465
972.54004 718.652
973.51752 1433.57
974.52869 536.02
975.53522 305.663
979.55078 2742.67
980.04999 3021.13
980.55328 2133.81
981.05566 682.72
983.53760 355.765
990.54150 3783.85
991.47443 7629.45
992.47894 3976.74
993.47852 1958.46
994.48541 584.65
1005.48822 607.979
1008.56073 275.031
1009.54633 380.609
1011.55273 1017.39
1012.56781 356.114
1013.47119 474.118
1026.55798 388.608
1035.06360 362.252
1040.48572 302.237
1043.56616 294.587
1044.56555 569.853
1048.52405 573.935
1049.52930 511.346
1050.54089 363.947
1061.57703 4215.25
1062.57886 2509.15
1063.58093 1150.15
1068.48767 432.443
1071.52893 280.793
1075.55432 397.381
1076.55237 476.067
1078.53796 1094.28
1079.55493 1095.6
1080.56641 438.471
1088.59656 369.313
1089.59131 303.102
1096.61707 2607.06
1097.62317 1601.46
1098.62671 534.073
1111.55908 322.095
1121.43176 338.852
1122.45361 314.97
1138.54846 5919.31
1139.54822 3464.3
1140.54797 1786.04
1141.54602 516.427
1158.61584 1698.38
1159.61865 774.922
1163.62073 281.767
1167.65503 2177.64
1168.65845 1187.13
1169.66504 513.84
1190.56921 687.382
1191.56921 802.817
1192.57141 591.818
1206.63574 417.448
1207.62476 1010.54
1208.62964 593.068
1209.58704 703.674
1210.58508 678.87
1211.58728 420.709
1224.64136 5620.03
1225.64221 3905.63
1226.64514 1397.82
1227.64758 582.521
1251.63281 2044.53
1252.63574 1380.67
1253.62793 706.399
1254.63733 297.079
1255.60278 323.861
1271.70361 587.072
1273.58191 432.416
1295.70959 473.91
1296.72241 426.78
1319.69971 283.366
1320.70593 810.103
1321.70447 584.65
1337.72583 4864.91
1338.72693 4008.17
1339.73047 1756.9
1340.72449 476.497
1349.56836 403.189
1368.67810 275.652
1378.74878 420.359
1379.75403 366.226
1431.73792 380.793
1450.81592 1908.8
1451.80847 1506.24
1452.81531 774.878
1674.90503 315.229
