1688.64603 3
110.07108 5240.77
112.08667 1135.98
115.08638 618.101
116.07036 431.808
119.04954 391.688
127.08672 545.241
129.10214 2688.92
130.08572 485.41
133.04292 523.286
136.06145 1206.07
136.07558 12080.2
137.07903 1041.08
147.11324 682.784
155.08127 3551.21
157.10735 684.346
158.09233 1334.28
159.11253 809.319
166.06100 3472.44
167.09262 1025.87
173.09238 483.678
175.11879 9343.45
176.12331 476.952
185.05525 387.435
185.09196 946.056
185.16476 1474.51
187.10750 971.284
195.08752 4561.2
201.64421 607.168
209.10419 419.163
212.11494 568.872
213.08705 591.716
223.10675 702.053
226.11633 478.266
226.15503 960.818
228.11258 1760.2
234.11201 667.657
235.07388 643.653
246.15544 1184.6
248.10854 717.273
251.10310 694.179
251.14990 505.441
254.14954 1323.58
259.15936 492.24
264.10919 3673.81
270.10733 536.329
272.13721 465.494
272.17157 935.481
273.13437 4882.51
274.13745 666.322
274.18735 1128.09
274.60468 1199.25
277.66129 2224.07
282.61911 2666.8
283.12134 886.86
283.60974 635.647
284.10266 5166.37
285.10583 646.251
289.12003 797.232
291.62515 518.441
292.12598 450.923
297.63458 889.532
298.13602 406.728
301.12924 13244.3
302.13235 2582.69
303.17670 899.721
309.11563 773.081
310.13983 2137.75
310.64267 1110.32
314.13501 938.308
314.67264 425.527
315.13220 421.741
318.12131 1077.83
319.14609 414.323
321.15430 1125.85
323.17087 1131.06
323.65298 491.092
324.13708 2367.83
324.63974 685.946
330.67651 4155.27
331.17780 1404.45
331.60733 917.983
332.16562 2711.11
332.66495 1104.69
333.14133 587.273
334.62952 1166.09
338.18234 2508.62
338.61743 770.857
339.68164 21406.8
340.18314 7860.45
340.68433 1614.37
341.18420 997.074
343.63507 3037.64
344.13489 1342.67
346.16132 749.758
350.21817 972.137
352.64011 623.394
353.65570 466.276
355.17105 1357.25
355.66586 414.192
356.13669 4848.9
356.21417 409.103
356.63831 2189.61
357.13614 466.348
358.15030 1429.96
358.64743 644.557
359.12491 779.257
360.13910 753.581
363.64322 572.108
364.18915 443.802
365.13943 934.568
366.62900 2571.86
367.13333 552.093
367.65778 612.434
368.70822 3000.36
369.17664 896.427
374.21420 1911.1
375.23700 992.715
375.63461 7996.62
376.13635 2751.11
376.62790 487.661
377.13986 864.53
377.22153 15661.8
377.64337 1005.77
377.72168 1928.59
379.67627 1433.44
380.17355 533
382.13422 901.698
384.21594 1154.63
384.64014 1909.27
385.14102 439.576
385.65579 882.974
389.21530 460.904
390.64828 1620.03
391.14395 551.54
392.62567 904.388
393.70773 1218.74
394.20898 535.637
397.19421 646.787
398.64383 627.394
399.65292 2117.76
400.15332 1001.63
401.16974 729.35
402.28220 2403.6
403.28287 565.152
403.68979 767.38
404.19577 426.948
405.12549 586.21
407.15732 556.992
407.20056 539.165
407.64828 1509.09
408.18536 1221.25
408.65878 524.381
412.69720 413.795
413.21594 650.738
415.62003 695.723
416.16113 1921.88
416.66052 831.301
419.12363 1388.37
419.20819 900.896
421.17914 453.896
421.70471 609.047
422.70300 429.451
422.83670 982.623
423.16846 567.237
424.62372 2697.44
425.20892 10867.8
425.66971 2856.77
426.13040 629.917
426.21631 2211.5
430.64041 765.835
432.17532 538.535
433.20483 2886.78
433.70471 990.215
434.17136 1823.91
434.67673 452.655
439.15259 509.216
439.64514 3209.2
440.14728 1315.91
441.74255 2509.94
442.23877 1462.08
442.73892 640.124
445.25177 1360.01
448.16080 3532.04
448.65753 2296.93
449.16028 670.461
455.21210 468.807
456.21249 1662.88
456.71423 747.16
457.16638 11471.9
457.66745 5850.18
458.16656 2296.72
462.67587 885.633
465.15283 610.648
465.21866 752.395
465.65225 445.444
466.17169 2725.35
466.67221 1483.63
466.94641 769.395
467.21451 2057.46
467.60931 452.053
468.21667 671.947
470.19998 865.248
472.25232 611.914
472.73721 616.694
472.95239 1112.45
474.15381 2566
474.65625 1299.48
475.16183 510.193
476.54028 1451.89
476.87714 635.597
477.20654 482.874
479.63153 629.679
480.24939 1210.86
485.59897 547.373
485.71201 615.001
485.96964 1146.64
486.21976 562.477
488.25360 510.566
488.63620 1122.76
489.13861 483.777
490.75354 640.7
492.17960 830.909
493.55670 673.296
493.93185 1202.18
494.26959 479.512
495.21082 2854.41
496.21112 1000.07
497.14975 2088.14
497.26205 553.223
497.64771 917.644
497.93118 535.614
498.27246 826.38
498.60883 721.76
498.94077 940.323
499.31003 452.886
499.60669 2482.7
499.74716 1608.5
499.93826 1473.48
500.24585 1212.06
500.74899 581.535
504.28146 1468.37
504.61310 456.536
504.94614 763.958
505.28384 615.528
505.60892 1817.06
505.94553 870.205
506.15347 5284.17
506.26498 5544.51
506.65500 2406.39
506.75967 588.22
507.15723 876.703
509.56696 508.657
512.23590 629.262
512.89667 544.445
514.20184 632.758
514.71893 672.238
515.25781 757.92
516.29907 757.508
517.30823 2021.59
518.30206 658.928
519.22070 429.454
520.58362 435.537
524.28259 6825.94
524.88965 658.8
525.28284 1787.34
525.61285 536.283
525.94354 423.275
526.27832 526.647
526.58392 3046.88
526.90973 5321.18
527.23981 761.909
530.59344 461.139
530.88690 1043.88
531.28265 2442.92
531.62286 1774.57
532.26532 3613.87
532.58423 44787.3
532.91711 10849.4
533.25037 724.066
534.19965 799.066
537.29053 1022.57
537.61237 443.016
538.26849 585.482
538.58728 8065.95
538.92029 2227.45
546.26794 708.375
549.20166 2473.7
550.20874 704.322
553.34717 1016.48
556.17932 1024.79
558.26233 499.936
558.60089 480.634
559.24176 693.71
563.29578 3951.29
563.77722 2663.45
563.93964 529.559
564.21960 2230.38
564.28839 3282.37
564.92407 653.348
565.24054 7317.89
565.34589 2602.91
565.57532 1497.7
567.20880 1001.19
579.32416 476.31
581.30328 24137.4
582.30579 6411.99
583.30933 1441.46
585.22040 2394.77
591.29602 445.097
594.26251 2622.18
595.19653 1121.45
598.28601 647.117
600.31219 2427.33
601.32819 2866.34
602.33545 1230.45
605.27924 981.284
608.81622 455.279
609.32642 446.954
612.27570 1940.7
613.20300 4854.29
613.78241 1359.92
614.21222 1480.45
614.78638 470.459
617.27637 689.824
618.32880 955.919
628.34113 593.854
631.20850 1363.97
632.33441 1355.46
637.27283 456.897
639.35974 1845.72
643.31921 547.219
645.77832 2115.86
646.34637 1639.71
646.78229 600.127
647.19104 977.075
647.61987 530.873
660.34521 13474.5
661.34302 5750.59
662.34192 1439.07
662.81598 1218.87
665.27649 503.651
674.35522 597.653
676.34875 760.369
676.87451 554.463
678.35535 69892.4
679.35901 25335.4
680.36090 5052.41
681.36615 823.287
682.30951 999.449
682.80414 572.283
683.20398 468.734
686.26526 1739.23
689.35724 3841.66
690.35901 1250.08
691.31079 1056.53
692.23883 1553.53
693.16345 698.039
693.23364 442.865
694.76782 699.984
697.32935 619.688
709.32544 1481.43
710.25171 926.876
711.18353 2722.65
711.32983 1984.38
711.81146 717.345
712.18701 804.662
714.24976 1522.36
714.80951 1206.95
718.86890 555.934
720.32068 2622.28
720.81470 433.827
725.32416 514.295
727.37128 1438.66
728.37256 1895.49
732.25879 631.333
734.30743 596.153
736.41150 1481.87
737.33685 645.137
750.26013 2312.87
751.25214 870.346
758.32355 945.736
768.26746 588.701
768.85150 846.761
769.39545 524.026
770.38098 914.523
776.37268 1961.03
776.87262 1172.03
777.34460 553.128
778.25708 467.672
784.23999 561.458
786.40869 9307.33
787.41211 3766.31
788.41327 606.063
789.28644 764.657
793.38287 2172.06
794.38690 864.911
798.28894 499.324
803.36639 620.115
807.28955 596.134
810.89014 507.395
814.28552 631.29
815.31238 1747.71
825.42554 4111.54
825.84796 441.989
826.42676 1594.09
831.30798 462.055
841.42664 582.936
842.40759 1139.56
843.30969 4581.8
844.30469 502.138
848.23840 1396.5
849.32648 3450
850.32965 1674.05
861.32281 500.013
862.40454 965.668
865.40417 587.314
867.33588 1180.64
868.34711 863.059
878.27734 744.044
880.41388 1894.37
881.41815 857.092
883.46246 1217.93
895.31848 825.082
896.30389 501.714
901.43512 761.886
911.41986 676.635
913.32379 4493.4
914.32611 2603.54
915.32922 941.088
928.44312 541.283
929.43512 1013.03
930.43042 484.27
931.33478 1425.28
932.33630 888.66
940.38165 515.501
941.27362 674.139
947.30701 872.517
948.28949 587.851
963.45258 883.706
980.51581 579.112
998.49268 1273.22
999.49292 954.297
1011.29883 2194.24
1012.30243 847.794
1027.44006 1297.62
1028.44299 447.069
1032.47705 1304.63
1033.47681 504.28
1096.46997 941.128
1097.47290 516.165
