3371.62058 3
110.07088 13861.6
111.07362 621.491
120.08042 1733.25
129.10164 778.217
138.06572 691.669
166.06065 529.305
171.11229 467.479
175.11868 1381.5
178.13327 1025.4
223.15463 12195.2
224.15823 1710.02
234.12228 498.25
235.11832 1366.65
246.15561 835.564
251.14963 16910.2
252.15279 1981.38
262.14954 583.188
268.13016 487.949
284.19653 753.419
286.13828 537.623
290.16055 2144.02
308.17105 4799.58
309.17245 718.494
347.17206 810.879
353.69757 495.422
360.19708 1355.47
393.25970 3497.73
394.26257 645.678
407.24048 514.249
421.25443 6585.87
422.25714 1733.59
458.27197 1074.66
459.26660 2786.74
460.26538 624.1
492.32816 1335.08
520.32239 5116.52
521.32227 1274.38
533.27777 725.455
546.22174 712.492
547.27582 1607.75
547.77777 1023.4
577.34473 627.917
588.30835 2215.82
589.31177 874.837
602.79132 486.479
611.30658 1216.06
611.80444 904.824
676.32782 580.548
684.83740 2785.82
685.33887 1924.25
685.83850 801.675
686.35175 893.633
701.39417 2121.24
702.39471 651.543
706.38867 1674.58
707.38995 626.162
720.35913 1203.11
720.85834 994.123
814.48309 1323.44
831.43475 592.092
831.92896 1277.11
841.89575 2055.79
842.39435 1838.63
842.89807 840.836
843.39111 905.175
845.42865 1506.05
845.93073 1682.36
846.43097 671.345
901.41907 2039.34
901.91827 1970.86
902.42194 1079.66
902.92242 643.582
910.42419 2748.59
910.92438 1855.54
911.42834 1201.6
920.38776 620.36
936.44122 662.509
974.50958 2001.34
975.50830 1182.46
980.45984 2098.25
981.45880 949.597
1002.98413 524.653
1076.02344 874.504
1076.52539 989.252
1077.01770 1040.35
1093.54358 2688
1094.55151 1581.86
1110.19019 524.4
1113.20837 682.147
1118.53723 1496.25
1118.88611 1553.71
1119.20386 2107.66
1119.54614 2046.52
1119.88062 812.219
1123.55920 651.437
1124.54517 6887.63
1124.87854 9518.47
1125.21350 9823.93
1125.54858 8267.56
1125.87988 5445.27
1126.21265 1207.55
1131.53809 818.887
1132.02930 550.51
1132.53296 737.847
1137.56836 3030.55
1138.57800 2058.76
1139.57593 656.991
1140.56067 815.612
1141.04163 759.074
1142.52979 520.728
1170.53052 1121.32
1171.53870 668.102
1197.09595 600.906
1221.60339 2135.9
1222.60718 1722.01
1223.60754 567.012
1241.61450 599.941
1254.10828 815.405
1266.60974 2391.48
1267.61353 1698.9
1268.60327 539.723
1269.60229 1383.18
1270.60767 721.315
1279.58972 589.332
1302.63025 594.798
1333.62671 1451.71
1334.12256 1483.97
1334.62878 1140.8
1335.12024 625.566
1368.67017 1165.17
1369.68115 817.502
1397.65161 1325.19
1398.14038 644.977
1398.65784 1626.92
1399.16650 556.357
1399.66333 1106.21
1411.70386 657.275
1412.70422 708.204
1418.13525 575.402
1418.65344 745.464
1426.66077 3754.1
1427.16150 6615.61
1427.66174 5922.98
1428.15625 3155.08
1428.65588 1700.4
1439.71265 5037.1
1440.71582 3664.37
1441.71619 1459.45
1467.69263 799.914
1468.70642 848.091
1476.19080 3329.96
1476.69324 4608.06
1477.19690 4176.09
1477.70410 3349.31
1478.20215 1761.42
1484.68201 1756.96
1485.69006 1393.97
1486.68506 926.903
1524.79932 800.295
1533.24207 632.034
1533.75732 876.105
1552.78491 6994.31
1553.24072 1604.35
1553.78333 5498.29
1554.22009 659.481
1554.78809 2568.66
1555.80322 641.973
1561.25317 5284.48
1561.74829 9787.27
1562.24817 9215.45
1562.74597 6671.09
1563.23914 3368.52
1563.72473 1190.55
1567.74707 559.194
1585.74072 1747.41
1586.73279 1749.97
1587.73474 1114.45
1617.76831 780.594
1618.28467 1548.49
1618.79333 1704.71
1619.29004 1069.28
1619.79248 810.252
1664.78503 994.68
1665.77783 1071.74
1666.77771 600.466
1682.78308 21067.9
1683.78711 19164
1684.79053 10762.6
1685.78918 4368.56
1686.79712 978.026
1689.84973 983.84
1690.85376 1033.27
1819.84766 3117.79
1820.84753 3507.04
1821.84583 1831.89
1822.84229 1080.98
1932.92847 1042.31
1933.92188 977.176
1934.96082 797.247
