3559.72995 3
110.07086 2342.86
120.08040 593.37
129.10190 14470
130.08623 584.319
130.10493 758.36
131.08119 852.91
136.07529 5769.59
137.07820 387.372
147.11247 1505.48
159.07600 2596.56
169.13356 1026.87
197.12811 1838.59
218.11322 450.052
223.10751 1745.48
228.09729 3571.23
231.09955 388.147
242.14894 363.182
246.10780 7127.57
247.11028 576.004
247.14429 656.615
258.14450 1006.49
276.15460 1487.85
285.13217 559.052
292.16483 5727.03
293.16867 800.97
325.22266 400.33
344.19629 2924.24
345.19977 708.516
346.13800 650.169
363.16541 3793.1
364.17453 421.927
379.19614 1033.66
381.17584 3169.65
382.17969 430.459
388.18054 565.08
389.23895 2427.16
391.16031 6712.56
392.16318 1298.59
398.21799 401.572
409.17087 2257.46
415.26990 761.213
443.26425 1584.06
444.26639 495.714
445.19263 474.175
472.29428 431.386
499.28928 393.511
500.26923 704.38
517.29504 1644.25
526.30157 506.778
537.26630 1226.92
538.27112 564.109
544.31238 940.885
571.35895 615.53
596.30334 450.121
596.80829 451.92
605.30762 441.725
618.34399 953.813
634.31860 1006.3
635.32568 403.969
655.34460 1080.64
656.35352 446.095
673.35388 2186.86
674.35712 870.942
675.36505 3224.06
676.36871 860.992
722.39392 381.41
733.38794 1502.37
734.40149 485.487
776.41315 3856.44
777.41772 1590.08
786.43536 1271.12
787.44849 549.006
880.46417 825.253
881.46478 623.234
887.44196 602.099
888.43060 530.425
897.43481 2040.05
897.93762 1496.78
898.43488 697.115
903.43732 418.911
905.45563 2889.75
906.45502 1230.3
938.46558 593.321
938.98639 464.761
952.47046 1489.49
952.97247 2113.59
953.47620 1489.64
953.98071 1199.41
954.49298 615.211
954.98389 409.351
979.52551 1426.65
980.52136 817.66
1002.50128 658.063
1003.51294 588.774
1004.52191 3141.59
1005.52777 1713.94
1006.54199 429.969
1011.51245 445.892
1012.00250 1243.8
1012.50531 915.634
1013.00140 597.802
1017.51349 459.173
1018.44965 409.7
1026.01038 1684.06
1026.50940 1773.19
1027.00586 984.456
1027.51282 471.375
1051.54126 954.883
1051.85632 519.474
1052.19006 474.308
1072.50366 440.206
1080.57532 628.713
1099.53369 429.495
1107.54468 1360.2
1108.04175 1695.76
1108.54346 929.365
1117.53430 1505.82
1118.54053 931.536
1119.54565 3432.73
1120.03577 734.439
1120.54663 1879.46
1121.55200 565.411
1157.07300 1015.27
1157.57532 1369.59
1158.08276 843.816
1158.56958 480.544
1171.55835 473.981
1172.57715 402.448
1176.06934 814.64
1176.56628 748.52
1181.58911 771.687
1181.91589 799.783
1182.25024 592.622
1186.55750 447.111
1187.25793 2845.27
1187.58240 5893.56
1187.90735 4323.54
1188.25134 2596.02
1188.58484 2806.3
1188.88684 674.107
1209.61731 1154.92
1210.61194 746.27
1215.10132 1025.27
1215.60437 1399.18
1216.10938 722.37
1221.61108 623.02
1230.59717 1790
1231.59998 1320.78
1232.59680 891.577
1235.55408 441.56
1240.59778 502.567
1247.60559 3251.15
1248.61169 2000.9
1249.60620 712.615
1278.61780 1133.78
1279.11353 1629.65
1279.61316 1557.44
1280.09375 464.348
1282.61743 405.271
1291.11816 1324.42
1291.61584 1751.73
1292.11401 1172.98
1292.61633 609.138
1318.63672 506.188
1322.69141 737.912
1323.70056 468.619
1328.65393 791.707
1329.13086 578.626
1339.68811 723.609
1340.66492 1068.02
1341.14331 1264.87
1341.66028 926.998
1342.13086 503.389
1346.67578 3460.81
1347.67847 2316.54
1348.68323 870.175
1358.70410 427.203
1367.67810 1824.95
1368.68909 1458.1
1369.69385 449.337
1392.68115 747.513
1393.17603 852.952
1393.66382 694.93
1394.18628 588.346
1405.67078 555.243
1406.17786 456.206
1414.18298 1472.94
1414.68762 2162.23
1415.18518 1754.08
1415.69299 859.588
1416.17188 588.642
1463.71973 788.637
1464.23376 604.178
1464.73218 735.42
1492.69727 415.855
1496.76257 420.245
1503.25928 1006.08
1503.74121 2411.1
1504.24707 2086.66
1504.74927 1948.12
1505.25574 565.168
1509.73840 4182.85
1510.74109 3693.78
1511.73401 1314.06
1512.24280 7276.83
1512.74524 13317
1513.24670 11182.4
1513.74792 7148.33
1514.25696 2844.31
1514.74707 2439.38
1515.74304 1168.57
1516.76001 606.891
1538.75610 421.893
1576.29871 433.246
1576.79126 982.195
1577.29041 763.935
1577.78662 537.765
1653.78198 1039.09
1654.81885 1101.26
1656.80774 3741.01
1657.80969 3125.25
1658.81836 1887.58
1659.80872 504.291
1677.82214 1026.22
1678.81238 1072.77
1679.82336 512.906
1766.88354 981.105
1767.90051 1029.51
1768.88660 579.846
1776.89185 1057.32
1777.87720 1177.23
1778.89441 515.303
1793.87134 1336.79
1794.87085 1509.57
1795.89587 884.167
1904.95520 458.338
1905.95251 549.016
1906.93286 842.429
1907.93750 679.01
