1875.80901 2
105.06544 7321.25
110.07112 2242.23
112.08670 2279.28
115.08620 1339.75
116.07039 1663.66
126.05464 1383.78
126.09109 4155.21
127.08640 1244.44
129.06529 1065.26
129.10188 7089.75
136.07544 2746.56
155.11745 12015.3
157.06029 1105.46
157.10719 888.113
158.09198 3006.13
167.08116 5238.08
171.07619 1931.01
173.12770 1585.03
175.11847 21114.2
176.12282 903.67
181.06052 6463.67
183.11211 2808.53
183.14862 1099.42
184.10733 4432.01
185.05559 834.981
185.09148 954.61
186.08652 867.673
187.07079 1020.39
188.10254 1444.06
189.08694 951.492
195.07607 1740.74
195.11237 890.726
198.08696 7055.52
199.07083 12461.2
199.10765 1508.2
200.07544 912.154
200.10164 1494.55
201.12303 1041.54
202.08185 3329.14
203.06505 834.683
208.07153 872.052
212.10246 17386.5
213.08669 3190.19
213.10304 1227.1
216.09740 31915.4
217.08311 1959.43
217.10013 2285.25
222.08710 802.88
226.08211 1044.25
226.11839 974.717
227.10210 1941.57
229.13104 1143.42
230.11278 1491.78
232.07124 846.859
238.08151 3965.4
240.09702 2204.95
241.08057 1486.74
250.08174 5300.08
251.06715 1200.62
251.09886 1470.17
252.13432 1058.85
253.09526 778.876
254.11249 1141.16
255.10838 1811.28
257.12402 1892.88
259.08957 1369.29
265.16476 1778.93
266.14883 4712.3
267.10828 4518.23
268.09204 30461.2
269.09589 3145.11
269.12225 2129.99
269.15839 787.343
270.14340 1236.36
271.13852 1416.7
272.17123 3526.06
279.09644 1637.63
280.16470 5671.36
281.12360 7036.46
282.10822 2358.85
283.13962 807.501
283.17514 1818.6
285.11850 105963
286.12158 12181.4
287.13794 1692.49
293.16022 1694.55
294.14398 1597.14
296.12402 1491.2
297.15237 895.696
299.13428 15680.4
300.11505 1728.28
300.13937 1534.08
301.14926 979.355
304.16043 3826.87
311.17099 2920.41
315.16287 906.407
316.14822 1556.28
317.16348 1215.01
323.16907 1732.71
335.17075 2923.71
339.16437 2822.97
340.19406 958.945
349.18784 1371.11
350.13318 1811.11
352.19617 2253.71
353.18027 8502.81
354.18491 1790.28
356.15393 1275.7
363.16528 5603.86
364.16727 984.036
366.21234 1984.73
367.19525 5244.33
368.19601 1054.28
370.20715 21070.1
371.21014 3324.88
374.16617 3490.73
380.19101 2740.18
381.17505 2694.4
382.17731 985.181
383.09491 6494.9
384.22266 2562.65
391.19263 8190.96
392.19070 1068.19
394.20728 4698.46
395.18744 1917.75
398.20242 9352.24
399.20877 1131
410.16675 877.932
412.21594 3183.23
422.20288 1364.84
430.19394 1829.01
436.21756 1209.55
440.17755 1091.61
446.20187 1107.95
453.20126 1061.92
457.20328 1350.59
463.22946 3386.6
464.21222 2349.21
465.21497 954.594
467.26239 1077.86
474.23111 1243.95
475.21387 4246.8
478.18863 954.242
481.23935 3002.61
485.19397 1209.77
492.24155 13483
493.24265 2122.15
509.23474 3760.56
510.21893 4367.59
511.22278 1075.56
527.24451 12192.1
528.24615 2771.69
530.30316 2049.71
531.30890 904.07
533.23663 1025.26
550.25421 1127.45
561.22748 941.695
579.23999 1029.53
585.26489 1381.1
602.29333 1889.93
603.27454 4292.16
620.29773 11446.8
621.30206 3006.13
639.28052 843.929
656.29816 987.677
657.28827 826.798
659.34595 856.587
662.31396 2203.94
672.29462 927.766
673.28204 1297.74
674.30725 2132.6
681.81165 868.366
682.31012 1048.73
690.30664 2073.88
690.81860 1631.29
691.33484 22785.1
692.33704 7018.36
693.34198 1228.45
702.36261 1350.42
730.38269 2004.44
731.39441 946.539
733.35052 1449.75
743.33527 1376.44
744.32300 1433.42
761.34430 2184.85
810.36987 2100.29
811.37469 1074.07
836.38696 3185.45
837.37683 3868.84
838.37921 1320.54
854.39825 67529.9
855.40063 25398.5
856.40454 4966.74
859.42047 1862.57
860.42737 973.42
872.37683 905.276
889.40057 1494.76
890.40955 927.383
934.38898 1167.97
951.41809 2052.53
952.40326 3356.49
953.39874 1648.4
969.42523 33197.4
970.42725 15103.4
971.42719 3647.24
972.44342 1310.62
988.46741 3050.89
989.46515 1672.21
990.47223 1186.73
1064.48254 1018.61
1065.49866 1018.26
1082.50830 13375.8
1083.51050 7045.04
1084.51941 1752.76
1116.56812 1433.78
1117.57007 1295.32
1151.52869 2910.23
1152.52881 1854.99
1169.53943 20142.4
1170.54248 11879.9
1171.54126 3184.3
1179.52673 910.459
1187.59741 1164.43
1188.61023 1408.16
1206.51221 1033.98
1207.52271 1417.56
1208.03381 876.931
1249.53992 975.024
1258.64636 884.96
1265.56824 1329.33
1266.55945 5284.73
1267.55762 3442.63
1268.55359 1248.61
1283.58496 17511.6
1284.58142 9570.35
1285.57727 3664.71
1294.55322 2032.66
1295.56238 1280.81
1320.59070 1033.75
1336.61646 3404.28
1337.60901 1881.39
1338.61938 975.098
1345.59619 1542.63
1346.58936 1526.28
1362.62720 7337.68
1363.61768 12329.9
1364.61694 7418.67
1365.61230 1715.7
1380.63623 75632.7
1381.63708 52679
1382.63672 18167.6
1383.62891 2309.3
1493.72742 3483.11
1494.72180 3072.74
1495.72461 1066.97
1562.75403 2790.9
1563.73413 2539.18
1564.74841 939.823
