2550.17008 3
110.07121 199.758
120.08033 1037.8
129.10175 852.55
131.11765 302.987
136.07547 880.86
147.11282 457.591
173.09207 223.557
175.11856 442.958
185.16446 310.943
201.12303 270.855
213.15930 301.293
215.13821 207.592
229.11809 233.171
235.10741 186.31
240.09720 305.099
242.14946 290.417
246.12634 218.811
257.09467 200.464
258.10803 741.981
258.14343 209.508
260.10657 269.222
263.10141 210.174
274.12161 1297.79
276.15286 311.15
277.11780 240.961
346.17514 331.338
405.17722 224.433
423.16837 376.752
437.18481 781.03
438.18896 251.688
476.26913 372.046
494.20657 293.847
536.25610 346.109
539.08826 301.23
563.30170 358.859
607.29083 638.885
608.29388 202.286
649.24506 329.497
650.33508 612.28
720.37109 541.646
732.94879 258.45
737.36816 1037.42
738.36096 387.836
762.33582 205.132
801.45990 367.225
801.95032 375.542
808.40338 1646.7
809.40717 753.654
835.39923 495.592
839.42847 217.573
850.41565 2740.53
851.42200 1501.32
852.42352 569.594
879.43811 1066.36
880.43762 434.688
980.48590 1278.19
981.48938 933.438
982.48090 295.661
1033.51563 287.706
1051.52820 856.783
1052.53064 634.405
1058.61157 246.708
1101.50122 249.354
1113.12354 285.543
1113.85132 243.695
1182.56311 347.635
1183.55029 377.171
1287.57935 263.414
1312.61853 254.2
1368.61609 337.082
1369.59900 229.097
