1935.02469 3
110.07086 201.11
117.09082 334.568
120.08043 2491.39
129.10207 419.74
130.08601 343.809
133.08559 862.434
136.07550 339.331
143.11774 212.71
145.12219 457.352
147.11235 879.462
157.13318 470.352
159.09227 208.708
159.13748 496.842
171.11308 254.701
171.13896 444.638
173.05481 422.777
173.12767 466.169
177.11143 303.921
183.11255 284.499
185.12787 500.155
185.16438 421.766
186.08672 281.316
187.07094 218.713
199.18018 1273.03
201.12320 304.925
213.16003 317.674
215.13757 276.766
219.11209 437.963
219.14873 348.321
227.17490 516.065
228.13387 1003.36
229.11856 270.656
230.07637 459.201
234.14334 222.114
240.13435 303.735
241.09195 193.193
243.10916 197.216
247.14355 520.12
254.14928 192.601
258.10797 523.035
258.14447 962.878
258.27902 284.512
262.11829 331.574
269.08832 245.693
272.15857 264.997
276.15445 1059.89
286.13901 1033.89
287.09943 199.579
298.21173 194.531
299.17154 313.818
311.17197 223.126
318.18033 537.374
327.20306 191.62
329.18149 200.788
332.19681 271.126
339.16641 352.147
355.12207 286.382
357.17569 768.217
361.18588 212.646
372.15137 768.078
377.14462 273.987
385.20770 195.493
389.23856 1163.67
416.15561 243.97
428.24890 192.233
434.16168 190.778
436.18326 274.737
440.21133 292.433
450.19534 208.711
454.19022 563.369
456.24121 290.305
457.24289 270.301
460.27606 1755.92
461.24338 371.11
468.20639 689.847
469.20880 210.498
471.21985 901.208
472.22116 258.093
485.23495 729.205
522.25903 239.218
533.23663 208.176
539.28046 600.017
540.28278 209.953
549.26306 196.407
553.25775 425.607
556.30518 381.099
567.27667 1348.27
568.28033 432.96
570.28448 447.279
571.28583 223.282
579.29089 301.475
584.30188 1673.53
585.30334 462.078
607.34375 3617.85
608.34882 1084.64
638.34454 360.92
644.38055 1591.77
644.88733 616.811
645.25702 663.624
645.38550 664.297
646.36938 850.375
647.99774 700.168
649.00165 371.088
655.37469 345.428
666.34448 1041.89
667.34930 423.42
683.37030 1231.06
684.37262 360.907
687.34076 241.388
706.41199 2237.54
707.41650 919.48
775.39124 204.248
853.48450 711.497
854.48340 298.612
910.50049 711.151
911.50562 343.291
967.52130 1190.71
968.51880 763.612
1019.46637 232.159
1020.46429 206.842
1082.55005 807.544
1083.55334 605.173
1121.55908 359.726
1122.56604 218.313
1139.57104 2651.94
1140.57544 1637.88
1141.57544 277.913
1252.66101 520.159
1253.66223 323.336
1320.59460 383.73
1321.58740 309.916
1322.58960 233.043
