3332.60556 3
117.09037 659.059
120.08020 459.082
136.07536 857.632
175.11958 225.242
175.13127 275.129
233.16290 987.252
261.15891 1403.24
299.13782 444.555
311.13956 243.826
327.13336 274.834
424.22049 895.225
474.19983 306.351
551.25507 205.333
559.29456 277.788
571.32367 749.48
571.82642 403.549
587.27850 223.599
710.36609 778.026
710.87280 528.055
872.45630 413.035
876.93329 1125.58
877.43237 1255.05
877.93420 514.249
878.44019 439.279
932.47858 252.893
985.54779 216.517
1011.53400 198.712
1034.49768 325.331
1035.00366 405.806
1035.51123 212.529
1045.56482 262.103
1110.64758 1191.58
1111.15833 707.503
1111.45911 431.352
1111.68237 676.411
1112.29492 245.891
1112.48035 411.857
1112.70972 759.269
1113.18945 1049.56
1113.70105 622.62
1114.16455 269.413
1116.03455 248.827
1116.54541 370.29
1117.04114 280.883
1141.64539 699.029
1142.64319 437.221
1159.54980 940.33
1160.05579 1281.64
1160.55212 775.917
1161.06897 322.957
1201.66541 251.912
1216.09583 288.88
1216.58447 277.716
1259.60889 653.52
1260.10889 1178.29
1260.60950 963.519
1261.11365 384.569
1308.61365 299.615
1317.12451 1079.8
1317.62329 1522.19
1318.12537 1195.79
1318.61719 568.464
1373.66382 587.628
1374.16345 800.108
1374.66931 946.384
1375.16101 388.255
1419.74939 253.147
1420.73682 289.779
1455.19958 382.494
1455.69324 645.624
1456.20349 728.633
1456.69922 424.177
1536.71631 278.35
1537.23071 425.466
1537.71448 352.699
1538.24304 415.638
