1945.78447 2
127.08611 655.422
129.10194 27308.9
130.08598 5215.56
130.10497 1476.11
143.11749 693.437
145.06006 682.665
147.11250 8423.42
157.09599 840.02
169.09642 1163.91
170.09186 2149.55
171.11214 961.368
181.06097 719.318
185.05527 1297.54
186.12335 6575.91
187.10732 22232.2
188.11092 1617.65
197.12755 806.063
199.07060 1689.03
199.10815 770.379
203.06599 842.224
209.09171 1665.01
215.10184 5527.86
215.13849 30132.6
216.10600 692.611
216.14262 2845.93
217.08156 2166.77
226.11833 6352.64
227.06581 5087.72
241.08130 742.601
242.07645 7887.31
243.13336 29572
244.12669 4049.84
245.07616 18790.5
246.07983 1806.86
257.19656 3920.61
258.18234 1478.59
259.09015 1094.84
262.13794 841.238
272.12296 2462.6
273.15561 2808.76
275.20697 20139.2
276.21048 2791.89
280.12766 942.603
286.17532 2036.08
296.08594 936.836
298.13882 3410.84
301.14969 2522.54
314.09747 3165.78
316.15054 1472.53
318.09061 651.673
322.13913 1994.05
326.13428 4306.16
340.14987 1997.81
341.14487 4393.4
342.09085 1230.83
343.12363 2239.83
344.14578 2094.83
353.10855 2239.29
354.21475 712.778
356.10773 1377.56
357.10333 1528.36
358.15979 69377.4
359.16287 11186
360.10352 1221.6
360.16302 1213.78
370.17136 3178.65
371.11902 7954.47
371.17554 693.582
372.11816 1177.59
372.22327 6486.75
373.23474 766.222
374.11786 1451.57
383.15347 1846.33
388.18149 9454.92
389.13278 672.158
389.18341 1481.25
390.23376 10577.3
391.23703 1533.24
401.16589 1390.23
411.22644 708.922
421.20639 832.179
425.13135 907.148
429.12839 1342.43
429.23703 8879.19
430.24133 1262.22
438.16638 874.496
442.19150 1406.69
443.14279 1290.87
447.25272 742.431
452.17770 1608.65
456.17270 2373.19
457.22794 1309.72
464.13815 764.66
468.13394 1277.56
470.18759 2742.39
471.13815 1431.06
472.17172 930.62
482.14963 2321.48
485.19751 2375.03
486.14288 1350.55
489.14365 981.446
498.26620 1308.92
500.16080 5682.45
500.31964 1352.24
501.16364 1111.02
503.20840 6233.17
504.20447 728.024
516.27539 6886.37
517.27789 1592.07
518.32837 5540.62
519.33105 1276.72
534.28619 2190.99
540.16046 1098.55
549.18933 691.661
557.33728 1584.6
558.16724 1985.42
566.75854 1713.87
567.20184 4091.18
569.18842 798.486
575.35004 10533.5
575.76355 1485.21
576.35144 2526.29
579.16425 1366.67
581.21777 708.328
585.21387 2685.73
597.17566 4139.41
598.17682 847.757
599.23700 1445.53
600.22321 1973.55
613.29938 930.137
614.23718 920.452
615.18774 6407.97
616.19434 1419.79
618.23474 4987.88
619.24146 1185.24
623.24463 957.024
627.34473 1451.86
631.30255 3475.36
632.24603 1371.42
632.31824 697.594
644.37140 4089.08
645.37390 1485.55
649.31671 1260.25
658.78040 1355.02
659.28027 1753.96
662.38129 29425.7
663.38367 8294.92
664.38428 1650
667.78845 3043.15
668.29419 1618.87
672.77625 1352.91
673.19836 1419.88
678.29779 1003.4
678.78510 1717.14
687.29303 4202.16
687.79211 3132.77
688.28986 1248.72
694.19501 1230.96
696.21246 1065.75
696.30444 9251.5
696.79791 7183.21
697.30939 2071.27
711.24377 786.419
712.20105 3100.01
713.19885 940.187
714.25641 2800.72
715.26166 1003.28
728.32385 1681.33
729.26276 1946.54
730.21008 4051.48
731.20618 1281.73
736.82568 1434.74
737.32745 1241.64
741.38269 841.659
745.83118 4391.9
746.33136 7377.52
746.83594 1602.44
747.26385 2306.23
759.39807 3842.12
760.39569 1907.66
761.32159 700.747
764.33978 1652.33
777.40778 18098.9
778.41119 5872.35
779.42084 846.549
781.22913 1154.66
794.33954 933.519
799.23663 2195.74
803.34778 1926.75
803.84753 1368.55
804.34570 930.698
817.24652 2862.58
818.25183 954.825
829.28363 2094.64
838.23889 999.169
849.85742 753.539
856.25562 982.227
857.37067 1165.84
858.30194 3070.04
858.85748 1728.37
859.37299 980.144
874.42212 3467
875.37488 2113.52
876.31061 3993.49
877.31830 1218.07
892.43512 12582.3
893.44287 4994.4
894.44714 1021.75
944.29694 742
968.40472 701.487
973.33453 958.89
974.32294 732.832
984.35724 929.619
985.47662 1014.63
986.39642 1357.05
991.34851 1805.9
992.35413 901.155
1002.36060 1773.04
1003.47205 4988.64
1004.42670 2795.79
1005.42603 964.135
1021.47797 10361.4
1022.47888 4310.06
1023.48761 1275.93
1042.35242 943.061
1043.34668 714.117
1060.36865 2562.43
1061.36890 1125.01
1070.35376 814.185
1081.36877 1061.85
1082.36096 896.946
1099.37866 4022.22
1100.37561 2635.6
1101.42688 1240.89
1114.50024 2168.48
1115.50635 1278.17
1117.38904 12393.7
1118.38684 5565.38
1119.40344 1623.82
1132.51086 5902
1133.51318 3378.31
1134.54565 906.318
1150.52209 9103.81
1151.52197 4729.93
1152.54028 962.149
1188.45972 1696.54
1189.46423 1053.91
1198.44653 1811.89
1199.45825 924.715
1216.45618 3015.93
1217.46179 1529.65
1227.47131 2097.51
1228.47009 1017.48
1230.50610 858.665
1245.48059 7340.21
1246.48315 3965.74
1247.51941 2784.56
1248.53088 1745.05
1263.49487 4131.17
1264.49561 2149.26
1265.54089 4315.08
1266.54236 2032.04
1299.53174 1070.07
1313.47241 865.007
1316.56421 985.704
1317.54700 3966.49
1318.54846 2542.93
1319.54163 943.395
1326.55603 816.698
1331.47949 2069.35
1332.49426 1297.74
1334.56311 3588.67
1335.57532 2182.08
1344.55371 3234.55
1345.56152 1802.56
1346.56824 758.776
1355.57239 1856.86
1356.56274 1703.97
1362.57202 1134.55
1373.57886 8618.23
1374.57861 5753.45
1375.57788 2468.82
1391.58984 29428.7
1392.59253 19415.2
1393.59058 6419.46
1394.59277 1305.73
1409.59338 938.374
1442.52087 878.27
1459.59216 1116.37
1460.53674 1011.24
1472.66138 1284.38
1473.64026 1198.77
1490.65918 3781.34
1491.66699 2315.03
1492.67175 1078.7
1587.67773 1381.99
1588.65283 1891.35
1589.67200 1018.42
1605.68311 3713.52
1606.69031 2867.23
1607.68347 1133.01
