2001.84446 3
110.07097 345813
111.07458 13036.5
129.10188 50838.8
133.04260 8748.22
138.06592 14968
158.09210 12922
161.09209 14009.5
166.06107 18786
171.07596 13351.4
175.11853 109857
181.10783 24729.8
185.09203 9294.43
185.16451 242374
186.16843 20825.3
200.10234 18608.4
209.10291 87268.2
213.08664 31996.6
213.15913 58065
223.15518 12728.3
225.09792 12178.9
226.15434 9833.06
234.12289 16415.2
240.13425 13449.4
244.16545 23791.6
251.14967 59600
257.16049 24033.3
270.10110 14784
274.18665 1.0115E+06
275.19003 120430
279.14474 17789
282.10843 20074.6
298.09589 26414.7
303.63113 146618
304.13220 42466.7
306.22821 20667.5
317.62881 73820.5
318.12997 21188
319.15103 32940.8
322.18530 17420.7
332.20782 38490.5
337.16068 23292
338.13989 11983.7
338.63351 31514.2
339.13678 8953.34
350.21771 273422
351.22046 45778.1
352.13943 85680.9
352.64001 30409.6
353.14377 24963.1
360.13550 27117.8
360.17075 31268.6
360.67572 11786
361.14517 112790
361.64520 33318.3
362.14243 11594.4
374.16852 14235.1
378.20142 15079.9
379.66208 10826.3
380.08310 9830.33
380.15457 12545.3
380.64920 20035.9
385.13260 19016.8
388.66418 31642.5
389.16302 10786.4
389.21274 56168
389.65726 25573
393.26068 11622.3
393.65787 26698.5
397.67075 25207.3
401.19785 9339.34
402.66306 173025
403.16406 60221.1
403.66446 9697.76
406.18436 19934.6
408.67871 16616.1
409.70715 198922
410.20831 75508.4
410.70883 33142.8
411.66812 86714.8
412.17102 33734.3
417.68655 19056.8
418.18494 12426
421.25488 50533.1
422.25662 11103.7
423.70419 113905
424.20663 51951.9
424.70569 19088.8
426.15390 12296.4
435.69989 143556
436.20215 60761.3
436.70407 12736
444.21991 9792.04
444.70880 33510.7
445.21027 16406.2
450.20325 12443.2
451.18872 9855.49
453.22424 24620.9
453.72433 17694.3
458.21518 119422
458.71609 51344.2
459.20779 45607.5
459.70892 19828.7
467.22083 127402
467.72183 59650.2
468.21469 31792.9
468.71393 12068.6
469.19748 35248.4
470.19681 9346.23
482.18790 15405.6
484.68869 203662
485.19064 85819
485.69250 18255
486.22363 25126.7
486.72565 29249.1
487.23062 9608.72
494.74277 19593.3
495.24097 15086.7
495.73331 31449.7
497.19174 90041.6
498.19348 22346.1
499.73972 27513.7
500.24210 13909.8
500.73697 11365.4
503.74503 25903.1
508.73981 132778
509.24094 71222.1
509.73810 18643.4
511.72867 19958.6
512.23260 11174.5
517.68982 18203.7
517.75336 34446.6
518.25519 62588.4
535.21179 22161
535.71411 11060.7
549.31421 41179.1
550.23755 17079.3
550.31244 11106.8
552.21942 23533.8
552.56976 53367.7
552.90424 43669.1
553.23639 19254.1
553.57709 11432.4
558.57428 42536.8
558.90637 47386.7
559.23602 16636.4
560.71875 10932.2
564.57672 90105.9
564.91107 88878.7
565.24304 46585.6
565.57928 17426.1
566.21704 19134
566.34277 9783.56
570.57837 14089
579.19977 18061.3
584.22412 34599.9
585.22784 33691
585.56146 32348.3
585.89325 13584.3
586.23395 10381
587.73566 17691.7
588.23914 9721.1
589.29395 101417
590.29791 30015.5
591.23303 25320
591.56519 26077.2
591.89844 11810.8
597.22369 128300
597.56866 90234.9
597.90405 44700.3
598.20734 26039.1
598.29004 13826.6
602.27002 20179.5
602.60309 18062.4
606.25647 38284.6
607.25977 17462.6
609.26160 11782.3
614.23346 12831.7
618.33252 19700.4
623.29297 12841.2
623.62415 10324.3
623.78186 18475.2
623.95453 11682.7
624.28809 19912.8
628.92499 10235.9
629.27087 12645.8
629.62427 12539.7
634.24957 82075.9
634.92755 18463.2
635.24078 27022.8
635.31573 25537.9
635.63232 34211
635.96143 26565.9
636.31415 9531.48
638.25360 12763.3
639.26617 11654
641.30096 13567.5
647.25958 12003.7
649.24030 12000
652.25659 15145.8
655.94885 10012
656.27466 18087.3
656.61078 10038.7
657.27466 11477.1
658.31403 158288
658.79779 17064.9
659.31769 50970.2
661.94849 9811.03
667.25775 50628.5
667.95209 28552.3
668.28687 45246.5
668.62048 16263.3
676.32886 18111.7
678.28296 24831.7
678.78815 12442
679.28400 10674
681.34894 15842.2
685.26965 40395.3
686.26996 13052.7
691.75977 33296
692.25171 19420.1
693.80853 11187.1
694.31561 10951.3
695.18994 72942.6
696.19586 14931.1
698.26465 14373.5
700.76440 21210.9
701.27209 16538.4
703.26849 15284.8
709.34344 75908.5
709.77142 74033.3
710.27228 52539.8
710.76886 19689.2
721.28046 37305.9
724.29962 10834.9
724.80005 13393.1
727.27679 12515.8
733.30768 28982
733.80493 44197.2
734.30634 22558.6
742.31769 35882.7
742.81226 19053.1
743.31213 9680.45
747.33441 12783.6
749.75061 10966
756.29303 57586.4
757.29999 19299.7
758.31415 10510.2
758.75507 23085.6
759.25775 19444
759.82318 24656.9
760.32190 29467.5
760.82623 17894.1
766.31488 17858.9
768.82617 48620.3
769.32788 33871.5
769.82782 20922.1
773.34094 144946
774.34442 50090.1
775.33453 15750.5
777.83173 183139
778.33173 122493
778.83636 53570.9
779.33887 18414.4
782.79224 13630.9
783.30750 13041.4
786.30481 18594.4
786.84027 16436.6
787.32501 15385.1
794.34497 11866
796.23285 10037.5
798.33136 9631.98
801.33356 17614.4
804.32111 60669.9
805.32001 26321.3
807.33099 11381.6
808.81104 20207
809.30914 14528.6
815.84833 43012.5
816.35071 32033.6
816.84998 24009.6
817.80817 11555.1
818.31506 19144.8
818.40924 23497.8
819.42041 10260.4
822.32751 62081.4
823.33636 23300.3
824.34698 12118.9
826.82123 57760.9
827.32245 60044
827.82135 29935.4
828.34454 25644.4
828.84717 23487.7
829.34729 13654.8
837.35895 33301.9
837.85657 42976
838.35236 18426.7
838.85553 13419.9
846.36084 194205
846.86346 158355
847.36108 79975.8
847.86713 26387.7
852.38318 39614
853.38416 17198.8
855.36920 26367.5
855.86572 13638.6
856.36969 10413.5
865.33282 9640.38
870.39325 726614
871.39813 293042
872.40173 81087.1
873.41803 10070.5
877.33478 9842.38
877.83655 13371.7
886.34357 13427.9
888.40515 68308.5
889.40729 30727.4
895.34729 42549.8
895.84894 36136.9
896.35010 20967.4
897.34784 10969
902.90015 16724.6
903.40961 20287
915.42151 20048.6
916.43439 12526.2
917.39288 10581.5
927.41473 17574.8
933.43616 23353.5
934.44421 10550.8
935.41815 16779.7
953.42969 21260.7
968.37036 194827
969.37354 81154.4
970.37311 18586.9
971.44202 133280
972.44403 67359.9
973.44806 24710.6
989.44983 10399.7
990.45270 17534.1
998.46375 28528.2
999.47321 12212.7
1006.49304 12024.2
1016.47260 53587.5
1017.47784 30591.3
1018.47003 13878.3
1022.45221 38931.8
1023.45709 26875.9
1034.49622 33691.9
1035.49854 15552
1040.46179 25206.3
1041.46106 11573.9
1051.40662 10065.1
1058.47327 147807
1059.47705 73367.8
1060.47742 17393.1
1069.41528 29165.7
1070.42212 15084.6
1120.43616 19424.4
1121.43115 20030.6
1156.45471 33582.4
1157.45422 17425.2
1195.53674 33066.1
1196.53455 16805.4
1281.48279 33067.4
1282.47852 20060.2
1283.47913 10421.2
1355.56091 14370.7
1356.57422 14178.5
1379.44995 10095.8
1418.53149 35082.8
1419.53735 20150
1483.64856 9711.38
