2044.91396 4
110.07097 33146.3
117.06547 5326.29
120.08035 7567.17
129.10181 8136.39
130.06480 54253.5
131.06793 5497.89
136.07541 8618.21
143.11752 15755.4
145.06038 7048.33
159.09148 4134.1
170.06004 1870.8
171.11258 4889.02
175.11862 18596.4
184.07072 2263.71
193.09688 2531.77
195.08734 29343.7
196.09177 2685.13
199.08604 2868.17
211.08530 2308.69
211.59993 20859.3
212.10149 6730.68
217.59995 18305.5
218.10155 4919.34
218.14958 1719.36
218.60721 3721.75
225.59718 7264.03
229.11870 2487.54
230.14999 4793.91
231.59749 41290.3
232.09892 10111.7
233.16418 5292.75
234.09792 3521.62
239.11308 5895.73
240.11142 4569.11
241.11031 2051.31
246.09828 4887.58
254.10832 2588.47
258.14487 1843.4
260.58832 11768.1
261.09006 4339.24
261.15820 2161.81
264.10837 13412.3
266.58820 11183.3
267.08997 2248.97
267.59564 6440.14
269.10590 12587.1
270.12543 1664.76
274.58768 1683.79
274.62103 12241.5
275.12357 3312.27
280.58569 11948.7
281.08615 2650.78
283.62689 5086.64
285.13403 2306.07
286.13980 9741.17
286.17032 19582.8
286.67252 5892.38
288.20248 5800.31
288.61844 10285.8
289.11752 3849.99
294.61923 2358.6
297.62360 11321.6
298.12164 2364.38
303.09634 12639.3
303.13214 8405.02
303.59702 3073.52
303.63440 1946.9
313.12897 4959.21
313.18307 10454.8
313.51767 5909.97
317.12915 10130.7
317.63138 3189.15
321.12906 1767.95
323.61005 8057.23
324.11374 1956.66
326.13373 2079.72
332.61511 7255.57
337.60709 6834.72
338.10803 2032.72
346.61179 8822.91
347.11462 1876.47
349.19846 3740.91
350.15759 2248.94
350.21927 3568.03
350.85907 2787.53
352.11884 4660.89
356.86331 18357.6
357.19678 11368.7
357.53128 4202.84
357.86514 2093.28
359.67261 2790.89
362.08423 5026.85
366.11862 10211.1
366.61868 1863.84
367.20795 3774.68
370.15161 4308.19
373.17068 4493.22
378.15118 21876.6
379.15356 4259.66
384.13333 10798.5
395.20566 15057.4
395.53873 8814.18
395.87317 3950.27
396.16187 1791.48
400.74225 7515.23
401.24155 3111.09
408.66238 5218.99
420.17615 2513.01
422.19162 4582.32
423.19705 1819.84
426.89633 2004.3
428.28571 3324.64
431.18478 3610.15
432.17590 1817.78
432.90033 11330.7
433.23441 12454.2
433.56750 4786.13
433.90546 1987.85
450.18704 20024.7
451.18906 4744.49
451.90701 12520.1
452.24115 12331.6
452.57593 5664.36
453.86911 1901.93
457.18591 2088.96
460.26590 22759.2
460.76550 12494.3
461.26691 4151.44
462.18637 2331.26
463.80081 2150.75
469.27112 60528
469.77228 34502.2
470.27454 10527.2
470.77444 2456.35
474.28140 11608.8
474.91418 6404.69
475.24429 1802.32
475.29175 2177.64
476.12784 29912
477.13068 5067.15
477.19623 2669.79
478.48611 12094.5
478.73615 10176.1
478.98523 7189.9
479.24329 3154.14
480.17224 4364.92
480.91818 13654.2
481.25159 10428.6
481.58487 4739.22
482.98776 45988.6
483.23862 46441.8
483.48856 26477.7
483.73843 10901.9
483.98840 3670.38
485.17874 6826.45
486.18936 2298.79
487.49078 15631.2
487.74048 16940.8
487.99207 11085.1
488.24362 8073.2
488.58319 1887.14
489.19696 2380.31
493.91922 2917.48
494.25504 2379.64
494.59399 1998.4
497.21710 2410.59
498.25259 2297.1
502.97842 7133
503.23260 4647.65
503.48398 2985.44
507.20883 50371.2
507.48166 19735.1
507.73239 24071.8
507.98264 18504.6
508.20905 12394.4
508.48480 3698.56
509.21579 3099.9
512.23364 3620.1
512.29572 3165.16
512.79120 9124.55
525.21313 1892.57
525.78503 13701.1
526.28912 7770.65
526.78687 4609.47
534.79077 54387
535.29205 34641.1
535.79285 13216.3
536.29132 4294.38
550.61047 2511.85
554.24200 7245.23
555.23944 2191.09
562.28436 2543.01
562.78119 3293.22
567.29584 2305.97
571.33398 100274
571.77972 3754.05
572.33698 34250.8
573.34155 5355.72
574.78979 2980.44
575.29126 1782.81
576.22913 6140.56
583.29919 18546.2
583.79803 17429
584.29626 8203.9
584.78668 1994.66
585.28687 1842.67
587.35938 2887.02
592.30377 132136
592.80536 84631
593.30652 35755
593.80896 8555.61
594.24030 7288.03
595.25653 4608.87
597.29779 2975.28
597.79474 1934.91
597.96216 3239.96
598.30811 4175.55
598.62866 3375.45
600.63055 2058.45
603.96246 4377.38
604.29785 3257.87
605.18567 36439.9
606.18799 10335.9
606.63330 2428.52
607.19250 2348
613.27618 9297.69
614.28119 3411.13
623.26453 3601.41
626.30853 4037.55
626.80469 14093
627.30347 16162.7
627.80493 7025.82
633.24902 16378.3
634.25092 4532.03
635.31641 6446.72
635.81403 14161.1
636.31628 4707.26
639.29156 1992.35
639.62708 2104.28
639.84210 6211.39
640.34167 3493.27
641.27313 3973.11
648.84644 42819.3
649.34735 29762
649.84863 15817.4
650.34943 4547.67
651.26196 26171.5
652.26385 8340.93
655.28625 4142.32
659.83844 2385.84
660.34790 2413.15
668.35266 16746.1
668.85327 15642.4
669.35236 6667.05
669.85168 2508.7
674.20728 10456.5
675.20984 3350.85
677.35663 140346
677.85822 99191.5
678.35901 47976.3
678.85864 17453.4
679.36047 2518.52
692.21594 3758.02
692.35272 2881.1
699.42865 32021.6
700.43213 12377.6
702.38538 1970.29
703.35199 4202.91
703.85681 2832.63
711.86841 14381.2
712.36871 12501.8
712.86871 5017.64
713.36896 2291.01
720.87201 79580.7
721.37402 59368.3
721.87506 32708.3
722.37878 11132.6
722.87976 2904.11
724.30438 2131.85
726.35962 1865.54
731.22815 17573.2
731.36908 2390.49
732.22943 5736.19
740.37872 7711.06
740.87775 7040.05
741.38367 3319.63
742.31555 3703.19
746.33466 2397.31
749.23761 19480.2
749.38434 20841.6
749.88403 16499
750.24036 6551.53
750.38568 10779.8
750.88391 2920.12
764.34491 2357.28
782.46735 2492.68
783.38635 3136.42
783.46802 2315.32
800.47632 64659
801.47791 27666.5
802.48004 8808.08
803.90808 1894.25
849.45306 2586.84
861.35803 5246.91
870.41431 4387.23
879.37286 7551.19
880.37805 3115.92
919.52106 2563.01
937.53394 23032.1
938.53503 10349.8
939.54315 2685.91
959.33929 3702.96
977.35333 5076.94
978.35815 2536.86
1068.57861 3139.8
1179.58691 2033.63
1183.60522 3806.13
1184.60266 1933.35
