2466.11094 3
110.07098 15636.9
116.01644 4034.95
120.08050 18474.6
129.06567 11284.1
129.10205 13305.5
130.04977 6978.31
130.08604 14427.5
133.04272 40929.4
147.07616 7528.15
147.11246 29023.8
148.05988 3788.35
159.07607 21610.9
170.04404 7889.91
171.07690 2838.76
171.11276 6685.02
181.06013 7186.65
185.16460 9323.19
187.07088 67583.2
187.14397 12529.7
188.07550 3921.51
197.12801 8241.82
199.07100 21503.3
205.09981 3877.93
209.14047 3897.1
213.08638 7357.37
213.15906 3643.07
215.13853 19729.6
225.12364 3015.16
231.09763 7940.82
233.09474 8482.74
240.13370 3813.41
241.08160 12126.6
243.13339 15031.3
244.07625 10712.5
249.12279 3136.13
251.15196 4144.76
252.10896 15014.4
258.14441 11151
259.09189 16250.9
262.08530 20134.9
270.10773 4243.59
272.06940 25863.2
272.15823 5148.47
273.05322 3199.78
276.15472 10536
281.07660 3311.9
288.11801 10797.8
290.07993 60335.3
291.08267 6638.09
298.10220 10760
300.15457 15684.6
310.10275 11734.4
315.12991 3486.01
315.16443 4128.56
316.11258 30296.7
326.17099 6473.92
328.11371 7612.7
332.20807 4543.96
333.17590 73958.2
334.17801 12092.1
344.12677 4783.28
344.17715 5930.66
350.21786 42215.6
351.22076 8517.13
356.69159 11439.7
363.13977 3977.66
373.12888 3534.51
381.15054 17034.2
391.16068 8148.91
401.11221 33207
401.20047 5148.13
402.11279 3552.24
403.16315 16385.8
404.16626 3283.75
412.20850 8896.04
412.70792 6887.94
416.21307 10356.5
419.12335 15730.6
420.12717 3243.3
421.21469 7152.17
421.71460 4749.41
429.19571 10409.6
434.22345 109550
435.22687 20147.2
436.23041 3484.42
436.27036 3159.47
437.19879 3884.52
445.17264 4142.1
454.75266 6227.85
455.21143 6674.72
458.13327 5555.45
463.75842 2993.71
464.26041 24322.4
465.26331 4862.6
468.18918 2943.28
468.75113 7191.9
473.22598 3012.5
474.19986 3768.03
476.14502 6733.68
484.18369 4679.02
486.19656 3998.46
492.20731 4013.07
494.23431 7817.37
497.25970 6519.2
497.75974 4546.18
502.19772 6212.51
506.26904 10168.6
506.76797 6271.38
514.19501 10513
520.20691 3514.42
522.22803 3191.54
528.21851 14836
529.22168 5239.52
530.15179 5505.8
530.23920 3961.7
532.20557 9546.99
547.25391 4794.66
548.28003 4433.11
556.79504 3249.81
558.25464 3577.11
561.78070 7354.09
562.28040 5116.89
565.26172 69792.3
565.33746 5321.47
566.26465 18459.3
567.26453 4959.19
570.78796 10485.8
571.28796 7537.03
576.27631 4456.87
587.17389 5491.37
590.25262 8951.01
590.75201 5737.94
593.30292 70304.8
594.30518 21113.5
595.31335 3355.16
599.25964 8342.89
599.75586 6001.57
605.18445 7315.45
609.69586 3509.03
611.25653 20030.3
612.25500 5695.94
626.30176 4746.19
629.26416 9037.07
630.27112 3707.21
635.30676 9627.73
635.81042 3050.39
641.30585 6902.11
643.22974 3546.7
648.29993 14535.3
664.41034 3781.67
666.31067 165683
667.31500 52810.9
668.31451 17467
669.30170 4869.1
669.81598 3948.16
670.31512 4042.18
676.34784 3062.9
695.36096 3743.84
696.35327 3696.2
700.25635 3304.43
706.30811 3177.28
706.80170 3113.69
710.32037 3122.49
712.37494 15640.2
713.37543 5212.91
718.26874 6232.51
722.36224 3963.59
723.34991 6236.83
724.34137 19470.3
725.33716 9736.84
734.32556 4109.36
735.33051 3650.22
740.37134 75511.9
741.37494 25886.9
742.35498 17514
743.35797 5694.56
744.31909 3448.01
759.32813 6055.53
762.32355 3418.81
777.34283 47899.4
778.34631 14424.6
779.34875 6392.87
780.34204 5891.02
791.37439 6636.43
795.35248 195464
796.35461 69881.3
797.35785 19389.2
798.36102 5348.44
799.37421 5970.18
800.36548 3913.84
806.38031 7303.76
813.42944 8531.01
823.40839 100882
824.04297 4030.97
824.40918 48765.8
825.40863 13666.7
837.43158 5670.28
838.41479 3552.55
841.41925 94448.6
842.42169 44093.7
843.42090 11938.9
855.43719 7324.49
872.41150 7066.83
880.42883 5874.55
890.42749 13273.3
891.44446 6218.14
898.43927 6411.79
900.42426 3823.9
908.43671 165233
909.43866 69786.6
910.44250 24815.3
911.45514 4936.14
912.45300 5216.9
919.47034 4899.89
926.51508 10663
927.51453 5496.02
928.40448 8890.51
929.41736 4813.64
936.49091 57569.3
937.49158 39443.2
938.50262 11091.7
954.50250 60834.5
955.50500 35278.4
956.50793 7236.06
983.54688 4634.28
993.51196 8477.12
994.51019 7529.08
995.51483 3197.44
1001.45618 4005.13
1002.44934 3367.24
1011.52563 66581.8
1012.52679 36557
1013.53107 9599.69
1019.47009 31224.3
1020.47144 15208.5
1021.47229 5775.34
1027.48926 4098.56
1035.99731 4115.17
1037.47949 89174.3
1038.48120 49672
1039.47961 20829.4
1040.46765 5733.07
1057.45410 5824.17
1058.44470 3866.39
1112.57336 10356.5
1113.57666 4827.86
1122.54993 5238.07
1123.55115 6955.39
1140.56653 65483.8
1141.56995 41382.1
1142.57507 15365.4
1161.47644 3318.8
1162.45581 4057.95
1179.49792 12741.8
1180.49097 12577.5
1181.49219 8404.53
1197.51062 86309.9
1198.51367 63550.3
1199.51196 22904.5
1200.51343 8669.58
1241.61475 3723.78
1251.60193 4520.88
1252.59485 5070.22
1253.58069 3512.1
1269.60767 46555.9
1270.61230 31936.2
1271.61243 9178.15
1308.53784 16812.8
1309.54395 11261
1310.54773 5725.07
1326.55310 36189.7
1327.55591 21304.4
1328.55347 11692.7
1338.63965 4089.66
1339.62451 4965.51
1429.65845 5456.52
1430.63721 4540.51
1455.60571 6409.79
1456.61230 4192.37
1494.60962 6484.33
1495.61499 5474.93
1496.61584 3837.09
1512.61450 20256.7
1513.62073 16698.7
1514.62512 8505.36
1541.68042 3737.92
1558.68750 13141.9
1559.69141 9296.68
1560.67358 5420.61
