1746.97464 3
110.07097 651.939
119.08133 702.843
120.08046 30565.1
121.08385 2604.27
129.06618 585.692
129.10202 14141.7
130.06480 13282.2
130.08609 2633.21
130.10463 920.105
131.06825 874.386
132.08035 2115.42
133.08546 926.355
136.07549 2083.09
147.11249 6108.68
155.11745 723.352
157.13336 634.768
159.09135 34768.7
160.09476 3837.36
169.07568 426.295
170.05966 1827.43
171.11221 793.714
173.09209 1164.67
175.08618 3507.35
175.11839 901.18
176.09004 427.934
183.11238 752.185
185.12744 485.259
185.16449 585.15
187.08614 3938.78
188.09007 380.712
191.11749 2361.35
197.12685 417.032
197.16437 591.763
199.18021 2283.72
200.13895 1818.68
201.08672 3845.91
201.12305 1392.52
210.12354 590.652
212.10292 639.77
213.16142 427.295
214.15456 865.676
218.14943 9601.73
219.11288 986.578
219.15335 820.765
221.12790 687.418
227.17517 2105.62
228.13342 2129.74
229.11836 1210.85
230.11299 7523.66
231.11653 800.234
242.14922 2070.05
242.18597 3682.11
243.13319 975.446
246.18080 409.788
249.12215 487.504
256.16446 479.905
259.09149 1024.19
260.13931 754.382
265.11664 506.188
270.12671 596.847
271.10696 498.291
277.68692 593.2
286.16077 493.977
288.13336 1277.16
295.21185 767.834
296.19577 616.262
298.17529 987.135
298.21158 547.888
300.15247 790.653
304.16467 412.357
306.15994 3195.91
307.16351 506.31
312.11835 397.07
312.15326 402.434
312.69040 444.833
313.18204 762.174
313.22272 2201.25
318.17993 429.27
321.69452 1672.16
322.19464 533.086
325.18631 1138.38
327.20386 647.88
328.20999 612.314
329.17874 709.045
330.12915 5595.99
331.13086 670.622
331.23303 8060.21
332.23700 1263.9
334.15402 3152.7
335.15637 556.918
335.69196 741.397
337.21820 920.033
338.20630 1206.49
339.16489 467.955
340.14774 1296.02
343.19678 9584.12
344.20068 1483.63
353.18665 593.682
355.23355 1713.52
357.17615 1442.78
358.15851 1259.57
375.20035 1465.64
383.19049 396.651
384.26117 683.553
398.18130 1965.59
399.15915 715.124
401.17059 1433.17
405.19144 452.234
407.74530 500.902
411.18768 1412.41
412.29196 588.366
412.73569 1226.72
413.23288 587.593
414.23666 861.998
416.19229 3091.91
417.19440 822.501
421.24548 567.441
421.74185 4412.43
422.24261 2318.29
422.74634 445.561
424.25345 663.902
426.27179 1059.42
428.20850 433.316
428.28583 962.342
429.19699 4628.89
430.19873 948.875
430.25476 1279.14
430.75293 651.464
435.20102 419.118
438.27118 647.99
440.21448 512.161
442.26593 1383.16
443.20975 492.448
444.31717 8687.37
445.31979 2135.34
455.20969 426.932
456.28067 3159.3
457.28625 643.034
458.22360 1341.16
460.28513 566.78
468.20081 453.555
472.23862 1047.74
482.22214 519.218
484.25348 523.716
486.21634 2354.95
487.22192 639.592
494.78415 992.424
495.28793 630.278
500.23303 3533.19
501.23865 717.252
501.27841 773.898
509.31018 722.857
511.25455 469.223
512.25061 875.273
513.29962 812.053
523.33136 436.184
527.31952 1454.79
529.27435 3401.59
530.27686 1032.57
531.32849 588.207
541.33282 512.935
542.28656 554.097
543.32031 456.158
545.25110 546.658
553.29700 1738.55
554.36194 1992.41
555.34930 4004.82
556.35217 1062.91
557.29919 1773.12
558.30676 505.173
563.25586 475.729
567.27167 790.01
571.30695 7916.91
572.37372 8615.12
573.37665 2596.17
574.37732 492.732
581.30353 1092.02
582.30627 1470.52
583.37543 577.592
584.34570 476.505
585.28418 2008.51
586.28931 587.721
594.35895 461.929
597.33325 1144.01
600.31207 784.406
610.32141 542.704
612.36780 742.711
613.32135 480.4
614.36755 870.172
624.33734 1102.72
625.33997 938.031
628.32867 2540.82
629.33765 803.532
638.31830 574.36
639.78381 427.197
642.34583 3864.6
643.35382 1283.18
647.30145 1285.69
648.36578 573.243
652.36371 1463.51
653.36206 570.59
655.41461 1340.23
656.32727 1932.15
657.33118 570.675
658.33643 596.259
668.37549 459.165
670.37567 10417
671.37909 3148.71
672.37402 599.416
673.42291 34830.2
674.42670 11978.9
675.43176 1947.95
676.34796 1264.69
677.36066 493.884
683.40710 1058.29
695.38910 666.034
696.38544 1151.89
712.43365 1553.25
713.41620 3362.02
714.41998 1293.29
718.37805 738.411
720.43378 511.836
723.40027 1892.31
724.43378 701.45
741.41302 14483.2
742.41589 5898.38
743.41833 1433.18
744.41089 821.06
747.38361 771.386
771.42267 648.498
772.41644 1053.35
775.39471 1599.34
776.39923 545.399
789.41309 1801.03
790.42554 730.675
800.96277 504.986
803.39069 1039.45
817.44537 767.481
818.45148 548.348
833.37836 517.89
841.49127 2583.55
842.48413 2021.68
843.46613 1182.58
859.50098 21520.1
860.50256 10788
861.50421 3019.89
870.47278 1012.38
882.47467 472.219
888.47974 9266.58
889.48346 4607.89
890.48688 1106.39
898.42743 586.508
930.54285 986.389
931.54846 574.194
988.55957 1132.12
989.57019 704.619
1006.56860 6344.83
1007.57141 3883.71
1008.58350 986.615
1013.44922 782.735
1028.54395 550.178
1046.54858 569.134
1059.58972 904.019
1060.58862 559.579
1074.56970 1008.04
1075.56848 503.055
1077.60645 1734.84
1078.61121 956.754
1114.48804 610.103
1158.63452 473.884
1277.56140 521.117
1358.73267 685.279
1359.72778 689.551
