3275.30600 3
110.07117 759.85
120.08052 8445.01
121.08376 807.792
129.10217 1205.5
130.08598 420.682
136.07530 680.11
147.11247 740.935
157.09676 583.476
169.09673 581.429
175.11862 418.855
187.14360 381.139
195.08765 1104.67
197.12785 931.23
199.10738 3745.76
199.17996 972.673
205.09969 716.869
215.13837 995.926
227.10239 16174.7
227.17400 728.323
228.10641 1696.19
233.16513 467.963
243.13245 535.034
244.09184 1256.42
245.07689 624.018
261.15976 384.996
263.10223 1876.6
266.16071 1069.04
267.14804 473.195
284.12491 519.804
284.17169 1848.78
294.18008 504.529
295.14301 544.432
298.13934 1936.49
310.21286 609.953
312.19119 1743.07
316.09491 784.419
323.18362 429.921
328.22418 840.659
334.13879 1250.28
340.18582 9278.24
341.14539 1117.33
341.19156 4623.08
342.19394 665.121
373.11047 481.629
383.22708 575.107
389.21875 845.115
391.16019 822.899
397.71060 2977.41
398.21228 1503.7
410.16983 2667.19
411.17871 447.071
411.22360 952.631
413.16547 1003.65
425.27493 1216.41
445.12973 406.079
453.27075 2258.72
454.27328 2378.98
455.27710 491.311
463.23117 745.679
463.73233 529.442
470.13223 683.488
481.20737 620.867
488.14462 1718.19
489.14691 461.98
498.25732 469.29
511.25064 550.302
526.25098 772.887
536.30719 2144.17
537.31207 652.104
551.29626 534.255
554.31702 1331.27
555.32587 462.778
560.22815 890.669
568.31866 3163
569.32074 642.362
570.29395 481.128
599.17505 1402.17
600.18011 450.085
601.68475 565.029
603.18896 779.063
610.18884 546.285
617.18469 3192.95
618.18921 1023.79
620.31622 1010.83
635.24030 474.911
648.30829 2741.28
649.31201 838.679
653.25684 511.046
666.32153 1519.53
667.34027 990.087
675.19531 976.401
685.35919 769.196
697.36279 1473.29
698.36169 436.9
705.23132 439.995
714.20959 1358.22
730.87891 592.231
731.38287 441.633
732.21735 1984.57
733.21704 928.88
739.88690 3799.89
740.38654 2810.44
740.89160 1039.16
775.40833 750.16
775.89880 418.379
776.40533 2524.61
777.39404 1515.43
778.38385 442.155
779.34351 584.259
794.41479 35239
795.41595 14311.7
796.41919 2929.44
804.23322 462.391
806.26489 577.654
814.76526 593.734
829.23346 1495.34
830.20770 556.16
847.23932 2117.93
848.24579 648.64
880.40442 1002.07
881.40265 453.371
898.40619 743.902
906.93750 425.337
907.45184 903.813
908.42896 528.544
916.27771 533.943
925.45496 9819.44
926.45905 4937.79
927.45526 1659.24
940.27075 497.652
958.26703 1777.93
959.26642 768.388
976.28546 2163.71
977.28174 1127.26
978.29242 493.697
991.46161 502.269
993.47278 472.666
1008.49133 1776.07
1009.48657 925.983
1010.49152 581.075
1011.46460 430.687
1026.50171 22471.6
1027.50317 10867.1
1028.50378 3914.83
1029.50903 740.277
1044.50903 500.947
1047.31506 859.074
1072.30945 734.044
1073.29944 1092.4
1074.29102 623.125
1090.32397 1409.59
1091.36670 793.359
1091.55859 1258.52
1092.55371 1793.61
1093.07275 783.258
1093.49011 1115.18
1094.52039 660.268
1121.57202 1010.19
1122.57227 1150.54
1124.56934 457.602
1139.58618 13069.4
1140.58911 7565.83
1141.58801 3587.9
1142.60706 813.753
1171.54443 461.462
1183.34888 553.636
1184.33533 826.881
1201.35864 1936.32
1202.35266 2706.24
1203.34399 1321.08
1219.36792 3765.07
1220.36841 2229.4
1221.36328 712.033
1252.66882 4122.84
1253.67761 2434.67
1254.67200 1141.6
1272.64526 728.918
1273.14734 812.43
1317.33813 1564.63
1318.33130 740.092
1331.41138 793.951
1332.43945 500.919
1332.61719 476.307
1333.65198 447.736
1348.42712 957.745
1349.41382 1505.47
1350.43457 733.232
1363.70068 493.728
1366.43848 1827.64
1367.43250 1422.18
1381.71753 1812.61
1382.72351 1322.36
1383.71497 668.121
1386.70398 683.761
1460.77441 626.747
1461.74304 692.697
1464.39465 460.957
1478.76526 7917.54
1479.76843 5820.68
1480.76843 2873.02
1481.77527 832.197
1513.51135 497.854
1514.51672 543.547
1549.81030 1189.29
1550.79993 885.113
1612.51074 599.917
1628.52197 756.781
1629.53760 499.334
1664.83667 876.501
1665.82251 818.371
1681.56104 780.677
1682.54150 857.003
1683.55054 660.125
1699.57434 1524.14
1700.56445 1657.97
1798.54700 440.257
1812.92188 451.597
