2113.13504 3
117.09064 592.146
120.08017 550.682
129.10161 358.675
131.06964 198.22
133.08559 1526.6
136.07544 280.216
143.11745 440.793
147.11208 280.763
157.13307 880.625
171.11232 430.355
175.13214 312.19
177.11208 589.465
185.12801 1416.78
187.07051 499.107
201.12288 448.061
217.13614 272.397
226.15419 185.028
229.11816 346.204
242.14952 199.399
244.16481 894.485
245.13248 298.205
258.10696 384.241
271.14694 395.314
272.12320 243.752
300.15366 614.929
301.18594 1673.14
311.16998 218.338
313.02347 280.261
316.16821 1437.02
317.17096 229.198
342.20020 271.412
357.17734 286.315
383.15170 253.546
385.20752 201.409
400.18103 352.895
413.23602 213.294
414.09137 387.104
429.25040 468.453
432.22629 1056.91
496.23608 205.022
498.29056 208.168
523.09100 297.94
528.25909 224.473
533.27374 1731.78
534.17200 2190.27
534.27936 495.153
535.17596 490.66
557.30884 362.59
569.33246 206.512
600.31378 191.176
614.33057 324.225
632.34186 2291.03
633.34515 596.766
684.35480 227.326
703.37775 5111.57
703.92218 272.322
704.38226 2300.83
705.19672 277.872
705.42175 7291.08
705.54413 225.779
705.91980 5948.83
706.43115 2394.86
706.91907 402.99
713.40222 490.19
714.39465 200.528
757.38568 277.362
802.44714 2372.68
803.44904 983.304
812.41516 195.504
828.42676 1564.49
829.42743 678.843
873.48584 870.678
874.49274 378.477
941.51105 1438.81
942.51416 633.716
988.50922 1876.68
989.51593 877.301
1054.59680 267.138
1059.54846 1594.85
1060.55396 843.822
1061.55164 335.503
1172.62854 422.241
1173.61133 237.979
