2024.97489 3
110.07104 3195.21
120.08054 8947
121.08399 646.564
129.10208 7488
130.06453 359.316
130.08614 1269.21
130.10481 435.49
131.08141 413.867
133.04283 430.836
136.07550 3480.93
137.07841 287.764
143.11778 419.982
147.11259 2739.09
156.07672 277.096
157.13350 421.861
158.10005 307.931
159.07610 703.238
159.09137 1419.68
169.13283 275.625
171.07640 706.758
171.11322 358.581
173.12810 1097.02
175.11880 1235.59
182.05914 456.916
183.11292 298.278
183.14908 522.292
185.12816 467.531
185.16486 420.344
186.08685 303.189
186.12320 397.192
187.10715 964.815
187.14368 1335.17
189.10167 1149.52
197.12816 322.56
199.07130 414.011
199.10765 476.688
199.18025 560.067
200.13802 280.682
201.12299 895.645
203.12082 1599.4
204.07303 290.667
210.02505 397.918
210.08717 699.098
211.14326 286.997
213.08708 323.828
213.15852 396.406
215.10187 862.51
215.13838 1294.81
217.08232 1315.07
219.07945 1384.79
219.14842 1327.42
225.09801 1109.5
229.11798 1498.24
231.11368 719.369
233.16428 1724.39
240.11548 324.73
242.14874 348.973
243.13249 499.267
244.16458 611.198
247.07452 1254.58
247.14346 1573.55
253.09299 2344.97
254.09482 327.697
258.14157 327.72
260.10593 515.643
260.19626 934.592
261.15887 773.065
274.15738 311.796
275.13748 286.556
279.09677 1333.4
288.13373 891.689
288.16980 569.46
292.16577 688.007
296.14948 1115.06
298.16199 367.41
312.15482 896.078
316.14224 503.203
316.17197 333.487
324.14502 2887.22
325.14719 536.186
330.16467 1303.62
333.19165 5725.12
334.19464 1036.56
338.66782 378.976
342.15622 478.866
346.14365 764.935
347.17145 309.887
348.16455 451.11
349.68298 674.864
352.66663 394.062
360.15918 395.565
361.18610 499.24
361.67245 356.518
366.17688 2484.18
367.17813 322.539
375.16449 520.718
376.18878 818.807
378.16101 516.972
389.18045 777.56
390.16171 394.989
394.17273 609.88
395.20868 588.803
395.71094 320.355
403.16190 298.612
407.19180 1957.49
408.19263 480.332
409.20676 559.061
413.16611 750.897
418.21338 460.516
423.21860 2894.47
423.72003 1157.67
424.22168 414.098
427.18085 440.982
428.18466 293.467
430.30215 678.698
431.17685 1306.6
439.17065 1735.93
440.17361 407.333
445.19113 1568.64
452.24005 448.263
466.71796 608.775
470.24997 8312.41
471.25363 2092.63
472.25858 329.031
472.75363 877.014
473.25128 339.37
475.72681 755.102
478.26721 1068.04
485.25043 2868.66
486.25388 752.697
493.19141 538.513
506.25943 2968.62
507.26108 827.1
513.24463 4246.92
514.24719 1684.97
524.26202 904.669
526.24951 843.519
527.24811 306.377
539.25934 410.191
539.75891 319.807
541.24500 394.418
544.26306 832.318
545.26172 301.809
547.77142 1143.3
548.27319 666.407
552.25543 1500.86
561.34192 603.699
563.26764 433.597
567.26245 735.527
568.26428 344.022
570.26941 405.76
576.22852 464.671
577.23212 342.147
584.31940 1280.66
585.27637 7041.07
586.28204 1906.81
587.28339 423.454
590.33252 364.269
594.23877 587.966
603.27295 802.093
604.27136 629.491
605.25391 339.144
606.28613 321.766
612.31342 1666.8
613.32861 377.75
621.28552 5333.73
622.28925 1632.06
653.30579 356.506
659.28436 1001.1
660.28369 314.393
671.32843 3326.41
672.33728 1054.1
673.33478 445.678
674.33905 414.234
674.42822 1072.07
675.29688 699.496
675.43884 746.438
675.84503 421.879
676.37183 2102.96
676.88092 1089.58
677.33966 1118.08
680.35150 1062.17
687.29395 616.53
692.38464 802.891
694.33618 762.146
698.36029 8726.59
699.31177 2875.01
700.32245 1325.46
704.32367 3687.76
705.32239 1532.6
706.30865 398.73
707.31390 352.762
715.36218 593.416
717.33478 886.349
718.33215 501.182
722.33392 7624.18
723.33777 2773.24
724.34070 644.363
743.34930 518.749
744.35907 324.379
752.31354 381.667
753.82587 566.157
754.31079 529.119
764.90515 316.074
770.39789 488.723
786.41138 476.951
789.39465 509.777
798.38788 1145.63
799.39911 926.948
807.41364 2821.22
808.41675 1388.74
809.40948 475.604
817.40607 1029.25
818.40637 704.405
820.39624 333.53
822.34875 593.793
827.41858 2103.13
828.42114 1191.15
829.42108 334.703
830.35809 403.718
835.41858 2908.47
836.42188 1422.07
837.43030 416.856
845.42834 22654.6
846.43170 11093.5
847.43433 2998.46
848.43628 583.713
851.36121 326.567
855.42450 328.134
858.37720 807.888
859.38916 479.087
866.40149 319.979
878.44830 2812.48
879.45544 1194.46
904.43402 346.444
922.45129 568.502
926.49121 813.278
927.49353 397.35
932.43207 1706.25
933.42609 2094.65
934.43384 927.29
944.49811 7570.79
945.50079 3529.91
946.50995 907.09
949.43335 394.157
950.44519 20506.5
951.44702 10242.3
952.45020 3118.17
953.44873 917.513
954.46338 349.833
975.47418 995.598
976.48761 362.71
982.39923 405.81
1005.48730 949.435
1006.49707 601.737
1025.51746 785.206
1036.47473 338.202
1044.46021 562.783
1045.45679 412.383
1053.48914 660.18
1054.49524 566.724
1057.52405 374.483
1063.47424 1155.4
1064.46887 814.719
1065.47168 358.44
1075.53870 3039.79
1076.53906 1667.48
1077.53772 634.959
1081.48499 7705.79
1082.48608 4321.07
1083.48730 1735.1
1084.46802 428.364
1094.52173 493.387
1152.55823 524.037
1162.54126 429.631
1172.55640 475.334
1173.56091 447.524
1180.55212 2280.59
1181.54871 1409.33
1182.56116 657.318
1190.56116 3756.86
1191.56458 2540.91
1192.57312 1269.6
1193.55249 415.948
1303.65161 875.751
1304.65930 473.585
1519.71838 352.69
1520.73315 309.534
