2187.87710 4
110.07136 1488.76
113.07082 1234.03
115.08659 3604.19
127.05027 15397
128.05362 853.209
129.06619 1105.12
129.10239 8109.26
130.08635 2018.27
131.08160 5185.01
136.06174 1007.22
136.07581 1008.48
141.06590 893.072
141.10237 961.77
145.06091 8117.85
147.11288 4382.31
157.06088 2088.21
159.07660 4125.78
166.06146 676.528
169.09758 975.387
173.05571 15315.8
174.05916 668.363
175.07126 1481.68
185.05582 2068.05
187.10745 493.727
198.12396 3791.43
199.07138 1337.64
200.10321 1059.58
201.12346 1585.7
203.06644 2532.04
207.12436 711.182
209.09090 469.075
210.08711 1474.11
214.08250 1558.33
215.06636 501.643
215.13921 959.547
223.10681 759.818
224.06673 1305.84
226.11887 21442.3
226.15288 965.314
227.06561 1036.11
227.12233 2278.63
228.09740 863.186
229.11830 820.726
230.14975 1143.21
231.06203 563.327
232.09293 953.124
235.11888 2818.31
238.11833 815.976
239.11397 1394.69
240.09862 661.37
240.13425 780.336
241.09369 1632.11
242.07735 18062.1
243.08055 1566.34
243.13045 957.134
243.15059 622.304
244.16473 602.031
245.07684 653.645
248.16052 6147.64
249.16382 675.245
251.10240 1628.53
252.13472 578.919
254.07794 1758.44
255.14468 512.093
256.09311 1105.2
260.08780 10447.2
261.09027 1019.23
264.62415 1140.78
267.10941 1722.69
268.09274 2932.65
269.15915 543.064
269.61719 1796.35
270.10785 1453.1
270.14532 792.563
272.08813 1713.87
272.17154 585.761
278.62207 1706.48
279.12381 654.754
280.12805 1238.74
285.11935 14684.2
286.12314 1840.6
295.10358 2066.2
297.15585 10721.3
298.13828 2244.3
303.13068 2575.09
305.13553 552.855
312.04962 645.152
312.16678 4659.71
312.66861 1232.33
313.11426 15256.1
314.11746 1910.34
315.16452 554.337
318.16437 537.326
325.11496 531.303
331.12463 5399
332.12723 591.025
336.16791 623.959
338.67896 490.311
339.16428 1135.81
342.09375 1741.71
342.68262 1664.68
343.12442 699.012
343.18314 835.4
347.22833 560.128
351.16690 474.634
351.68817 14975.2
352.18915 5890.73
352.69016 958.129
354.49301 654.573
357.17072 684.996
358.16196 638.727
360.10364 1807.74
360.69302 69604.3
361.19449 26979
361.69568 6655.55
362.19620 771.384
366.17691 1522.83
367.15918 2005.84
367.20801 884.149
368.19022 1053.32
370.06305 477.773
382.17294 602.759
384.18698 2532.45
385.16907 511.752
385.22000 3553.16
396.68304 761.499
397.70599 4123.7
398.16843 1228.8
398.20145 1109.61
398.52557 750.636
398.71255 565.282
400.18359 562.621
409.20273 836.843
410.16812 1933.77
418.20688 5880.4
418.70810 2364.55
423.72681 1379.06
427.18942 1809.76
428.17538 1283.22
431.94699 544.321
436.14551 653.306
437.21542 1204.9
438.20032 788.225
445.20160 1391.48
450.19958 816.414
450.70209 597.297
451.02557 1881.18
451.19803 609.45
453.53549 553.664
454.19916 686.099
455.22156 3060.23
455.72079 691.378
459.21234 725.963
459.54089 2930.38
459.87720 1219.5
460.20734 580.895
463.94055 512.838
466.71582 1347.73
467.21484 966.653
468.25357 1790.16
469.20383 1936.81
470.21289 526.516
473.18304 1243.88
473.23428 862.756
475.72018 8778.08
476.22137 4226.23
476.54538 879.719
476.72491 1022.42
476.87656 1411.59
477.21793 670.695
481.20612 566.661
481.92889 894.024
482.25787 835.263
482.54739 4946.63
482.88168 3176.67
483.21500 1528.67
486.26736 6601.36
487.26898 1963.46
488.55112 7782.77
488.88516 6003.52
489.21933 2511.74
489.55157 573.498
489.73248 746.523
490.21896 1185.67
490.72784 821.741
495.23087 659.789
496.20410 2109.39
497.20126 517.027
498.25977 616.639
498.73227 1866.08
499.23441 1708.54
499.50006 565.056
499.74274 8575.49
500.24811 1391.63
506.22250 604.778
506.56412 538.055
510.22311 1300.38
510.46884 676.775
513.22656 503.188
514.21521 612.481
514.47516 726.288
514.58344 1264.14
514.91321 1953.21
515.24762 1735.52
515.50305 986.559
515.57141 905.094
515.96808 684.104
516.26324 1178.81
516.59692 568.688
516.92004 1084.02
520.21161 642.763
521.19806 1168.97
522.23285 2330.1
522.73334 945.54
523.03821 577.477
523.73914 1236.73
523.99286 1529.21
524.24609 849.057
528.23755 698.481
531.23615 10479.3
531.73700 5251.86
532.24084 1810.52
533.19556 1075.92
537.23657 555.113
537.57410 664.696
538.22607 4630.46
538.55914 605.765
539.22034 1983.67
540.24219 13824.2
540.74329 7125.46
541.24524 2184.13
541.40942 567.376
541.57556 686.263
541.74219 734.626
542.20282 802.79
542.61365 567.587
542.90875 1614.7
543.00104 1889.61
543.24481 4209.61
543.51331 1574.27
543.56122 1646
543.90863 733.977
544.24280 1035.68
544.40936 1580.26
544.57782 1630.5
544.73792 531.797
544.88483 1201.77
546.90796 567.761
547.23712 1943.97
547.31482 1288.7
547.41174 1940.1
547.50616 4460.29
547.63348 3355.6
547.75409 6084.64
547.95782 2952.85
548.01385 2981.27
548.23218 1180.38
548.30554 2438.4
548.50372 879.496
548.63403 1497.61
548.72577 1954.71
548.90900 2379.18
548.99213 685.342
549.23572 2222.46
549.31708 563.015
549.58179 1830.26
550.22479 5034.73
551.22827 1277.6
556.23315 2808.15
557.23560 1126.82
562.32074 2021.09
567.23969 850.649
568.23816 2198.05
569.24890 1520.31
569.58661 3302.1
569.91931 2594.94
570.25159 1258.59
570.31299 801.49
570.58142 565.062
574.27570 1339.08
575.26202 7471.8
575.59174 14334.8
575.76147 659.004
575.92487 10954.5
576.25897 4857.22
576.59192 1331.4
579.76636 930.709
580.01471 759.498
580.26361 634.244
581.26398 44587.1
581.59772 40618.8
581.93195 22248.1
582.26587 7529.6
582.59857 1875.81
587.26733 15794.4
587.60168 13047.3
587.77655 1568.16
587.93646 7546.35
588.27368 2857.85
592.21234 627.927
592.29169 1651.39
595.27094 1282.54
595.60114 1051.57
595.93152 705.765
596.78345 10615.6
597.28412 6723.69
597.78595 2717.76
598.28589 670.507
599.28088 1122.84
601.27441 1152.59
604.94171 2201.98
605.26642 1661.37
605.61334 1549.06
605.95197 952.128
606.95313 540.893
607.27698 594.75
607.92163 1088.89
608.24994 1319.37
608.58765 1894.72
609.26202 3700.53
610.26068 1325.67
611.22815 1645.02
611.62164 2600.88
611.95691 1746.34
612.29187 641.593
613.92340 6936.83
614.25653 6308.98
614.58807 3051.41
614.91980 1880.62
619.92645 17024.3
620.26025 16292.1
620.59442 7961.06
620.92816 2900.99
621.26312 793.074
621.54468 903.667
621.79773 774.479
622.05304 651.532
623.32642 4433.91
624.33240 1198.25
625.26770 658.099
627.27252 3348.06
628.27399 1398.05
628.76514 595.131
629.25140 652.399
635.32074 677.616
637.93567 1053.98
642.81006 535.462
643.59943 747.801
645.28937 1552.93
645.78979 1036.82
646.29016 1226.74
654.00446 1152.5
654.29358 5710.21
654.79877 3444.83
655.29993 1405.44
657.23010 2322.16
658.23407 810.864
663.31061 2966.72
664.31616 968.071
666.21167 3845.14
667.21692 1408.38
670.79663 751.462
671.28076 627.87
678.28516 699.235
679.32123 726.419
679.80365 4413.15
680.30310 3320.13
680.80219 1580.89
681.30914 544.959
682.25989 602.36
684.36426 657.958
685.36115 533.052
688.80731 16357.9
689.30945 10369.6
689.81104 4807.56
690.31024 1009.96
691.29022 536.317
693.79926 1382.18
694.29858 592.028
694.79688 651.945
696.29883 568.558
702.36975 3926.49
702.80487 3746.1
703.29706 1964.96
703.80786 991.973
705.30438 745.258
705.79993 5191.61
706.29999 3525.63
706.79852 1308.75
707.30493 661.278
708.23718 745.897
714.30927 2250.54
714.80597 19405.3
715.30695 14693.1
715.80804 5916.23
716.31158 2039.14
716.80920 528.904
717.31830 741.11
717.81433 674.856
720.37872 21529.8
721.38324 8593.03
722.38898 1831.96
723.31818 8682.97
723.81946 6528.31
724.32208 2840.19
724.81396 622.573
725.39014 1159.32
726.25446 3749
727.26367 1515.5
727.80292 568.815
728.31409 1154.41
728.79559 617.609
732.32312 9432.48
732.82391 6145.09
733.32477 2362.08
733.82794 982.218
737.79663 2079.99
738.29480 1129.77
738.79993 930.755
744.26013 1487.05
745.26703 806.433
747.81140 915.312
748.32056 563.13
748.82349 698.735
749.82513 1995.41
750.32996 2147.7
750.83228 886.696
756.81891 530.824
758.83685 13208.5
759.33795 9186.89
759.83893 4380.17
760.33691 969.034
767.84259 3847.35
768.34424 2697.2
768.84705 867.217
769.35034 540.565
776.33636 537.72
779.28534 1162.51
781.31299 1072.19
792.35529 1312.98
793.35034 603.462
794.40625 1545.45
797.29572 2123.58
798.34827 723.076
798.83307 1045.01
805.35004 1885.14
805.85345 1135.69
807.35059 920.71
807.83417 2026.46
808.33038 1374.98
808.83875 574.114
813.86292 1839.76
814.35669 6452.54
814.85425 4994.29
815.36328 1394.85
815.85266 822.751
816.25171 749.012
816.35785 578.308
816.82947 3176.63
817.32611 2334.06
817.83197 1229.76
822.86798 2888.65
823.36505 3629.5
823.86218 2023.64
824.36780 904.965
835.40778 4650.41
836.40967 1716.88
853.88062 582.287
854.37823 541.968
863.34210 536.375
871.39294 2734.99
871.89459 2342.91
872.34131 1765.66
872.84991 1187.27
880.41064 960.93
880.89197 817.973
891.34283 592.229
892.37769 1148.02
893.38184 573.076
907.38049 1518.9
908.37018 925.123
909.42743 634.093
913.28314 682.481
925.37360 727.369
929.38159 926.785
929.89142 1086.12
932.42914 960.763
933.36627 536.131
950.43140 7440.11
951.43658 3671.38
952.44238 1091.53
996.33453 594.141
1005.38635 1387.47
1022.40808 5810.1
1023.40814 3823.95
1024.40210 1187.37
1040.41577 1973.98
1041.42175 1047.48
1061.45691 1847.04
1062.46375 834.88
1079.47424 5107.96
1080.47510 2413.88
1081.48376 1218.26
1120.37903 574.88
1121.37207 599.643
1138.39075 3162.63
1139.39697 1556.96
1192.56519 1058.44
1193.55957 626.4
1307.57996 1161.41
1308.60461 519.801
1428.61438 752.168
