1126.50456 2
110.07114 3642.74
111.07435 354.679
112.08668 2082.56
113.07061 427.742
115.08638 1373.08
116.07025 1419.14
120.08055 9351.88
121.08403 627.343
125.07085 882.975
126.05467 1003.02
127.08647 485.585
129.06575 529.472
129.10216 3880.45
130.06497 1210.14
130.08623 1670.45
132.08075 541.06
133.08568 3010.43
136.06111 464.944
136.07553 6125.21
137.07813 371.355
147.11282 2120.41
153.10210 17372.2
154.02611 1977.12
154.10559 942.636
155.08211 614.404
157.10812 1059.5
158.09224 5296.14
159.09131 5073.07
160.09558 417.901
163.08638 780.839
167.11754 1049.44
169.13339 5229.35
170.05957 627.675
170.13626 389.512
171.11327 428.797
172.07176 510.207
172.10785 1852.89
173.09251 904.84
173.12746 430.023
175.11876 12744.8
177.10269 612.028
181.09698 23106.4
182.10065 1789.25
183.14870 406.908
185.09300 509.244
185.12834 573.137
185.16434 640.61
187.14352 658.67
191.08134 5893.17
192.08469 543.838
192.11247 463.126
193.09700 793.388
195.11250 1483.54
197.10275 630.387
197.12791 1022.61
198.08751 541.092
198.12283 846.142
199.10809 469.819
205.09703 1018.45
206.09218 4077.08
207.09998 1608.74
208.10779 18370.1
209.09175 14422.4
210.09567 1271.63
213.08636 527.091
215.11380 4052.59
215.13875 842.831
216.11778 503.573
217.13347 5137.23
218.13655 582.132
220.10776 1185.92
222.12350 683.542
225.10059 394.992
226.11812 1907.39
227.10284 384.999
232.14024 11150.8
233.14409 774.354
234.12317 1763.24
235.10579 771.673
243.12839 738.577
245.12784 7384.49
246.12192 2315.97
248.10255 2225.12
248.13882 1044.16
249.15956 801.624
250.15392 684.823
251.14954 436.735
255.14537 644.773
262.11798 652.802
263.10123 380.754
263.15128 950.426
264.13416 2871.75
265.13058 821.226
265.16495 507.259
267.14886 1971.16
273.13477 1110.24
274.11868 1931.2
278.14951 4314.85
279.07327 674.785
279.15393 702.982
281.16092 1584.52
288.17017 683.88
288.20212 630.379
291.14462 16509.9
292.12836 7120.46
293.13251 900.11
295.14334 1165.79
298.15463 404.794
306.14447 459.502
309.15515 3555.26
312.16928 8578.75
312.66959 2896.42
314.18686 1744.9
315.18845 382.145
316.16449 665.789
317.16199 506.426
319.17596 955.979
322.15552 445.531
333.19193 2043.8
336.11856 506.098
337.18744 512.155
342.18079 3080.08
343.18283 681.153
345.15295 486.672
351.68893 1347.79
352.16873 618.761
352.18594 631.385
360.20230 641.556
360.69446 10178.9
361.12729 2597.69
361.18811 9733.16
361.69843 461.801
362.18262 6661.98
363.18616 982.437
373.70825 497.269
379.20819 12877.8
380.21130 2057.37
388.19669 1747.11
389.12161 8476.6
389.18005 3256.5
390.10306 4620.2
390.17950 435.579
391.10638 777.336
392.19611 3068.39
393.20337 1006.41
397.22266 1337.92
399.19971 388.603
402.21326 2067.1
402.71402 1329.31
407.13181 2173.71
425.21680 1386.98
426.22260 385.925
434.16370 776.961
449.21768 1366.94
458.23941 1033.27
459.23880 758.426
461.25439 1940.2
462.25793 507.751
466.24435 1761.47
467.22620 582.152
489.24991 2202.55
490.25079 601.437
491.24191 926.253
492.75800 649.397
496.25546 514.671
496.75482 468.377
497.25745 721.891
505.76288 19286.3
506.26453 11272.8
506.76587 2947.65
509.24939 1845.02
510.25125 422.04
514.76794 3707.77
515.07513 475.598
515.27075 2033.79
515.77258 642.83
518.27594 420.989
526.27625 16388.2
527.27942 5024.89
528.28741 446.523
536.26080 1868.82
537.26465 630.462
545.29425 478.278
546.27081 1294.67
547.27435 410.363
553.27551 880.512
556.21405 572.266
558.33795 1038.54
563.29883 5014.51
564.28241 4881.21
565.28290 1567.11
572.28912 976.377
589.27301 1121.9
604.32501 2340.23
605.31451 3521.09
606.30371 7021.39
607.30725 1835.55
608.31299 466.938
623.32855 69534.9
624.33148 23510.7
625.33496 3340.38
632.31561 2481.15
633.32233 1237.86
650.33142 410.866
660.34882 5298.5
661.35229 2167.29
662.32727 824.403
668.30145 618.775
685.34906 574.11
686.33057 816.088
702.37213 2651.6
703.35699 7898.12
704.36029 3224.42
705.36584 840.795
718.37250 738.957
719.36731 403.952
720.38129 49332.6
721.38525 21074.1
722.38898 3355.36
751.39160 2488.45
752.39398 1479.79
760.37396 573.086
770.41608 1389.98
777.40466 2532.86
778.40607 1160.17
779.38916 1563.18
780.38934 433.727
785.41278 1041.66
786.39648 1625.14
787.39130 1398.89
788.40466 1810.89
789.40173 464.127
803.41907 14077.6
804.42151 7343.38
805.42224 1466.13
808.41406 556.344
813.39532 703.615
814.39569 419.003
821.42877 5031.76
822.43219 1998.2
831.41412 6622.97
832.41425 3072.89
833.41516 530.094
836.40997 1078.79
837.41302 841.153
853.43848 416.936
854.42072 1780.89
855.42218 1130.38
900.46979 1171.82
