1428.57822 3
112.08668 18651.7
115.08630 2896.7
116.07086 3688.23
129.10184 4522.57
129.11349 4427.16
130.06169 2121.14
136.07564 13641
139.08633 4189.5
139.09785 2389.78
143.11076 6284.73
148.59494 6265.39
157.10812 32965.4
157.60989 4702.74
158.09229 7923.49
166.11330 9911.78
167.08130 14307.4
174.13496 3751.08
175.11870 34179.1
177.62140 9597.35
183.10481 2703.6
185.09224 4373.08
186.62675 7430.31
191.61877 107426
192.12048 19898.7
195.07605 4712.98
200.62416 9859.85
217.63370 2591.77
218.15012 20735.2
218.65137 3980.9
226.60973 43730.3
227.11179 9549.97
231.60223 3846.37
231.63300 2075.85
232.09366 5237.17
233.12823 18853.5
234.14571 3726.39
236.10234 3539.72
236.15134 2294.28
237.06325 2937.51
240.14505 33427.1
240.60709 120387
240.64604 7298.61
241.10844 22974.6
241.60873 4857.18
245.12396 11823.1
249.14940 2584.08
251.10271 2823.82
253.17693 9358.08
254.16083 4719.85
259.64990 3099.23
260.65961 4027.72
261.12280 17557
262.15021 15275.5
265.05820 8204.05
265.65039 8418.23
266.14105 7445.21
269.66440 3436.59
270.20157 3869.1
271.18747 6310.6
274.65570 110215
275.15771 28603.7
275.65945 4523.89
283.19846 6992.93
283.66095 111504
284.16187 28342.8
284.66299 4801.31
289.13165 2371.55
292.66641 4383.06
294.12003 3874.3
296.18301 8886.43
298.13992 2321.63
300.67148 12673
301.17261 3767.74
306.12488 5861.99
309.64789 11552.3
313.20865 8573.01
314.64148 12657.5
315.13083 20635.3
315.63220 5641.46
318.65259 9327.9
322.19720 2745.21
323.18552 6773.53
323.56802 2153.07
323.64423 456960
323.69177 2197.86
323.70859 2076.53
323.72656 2554.78
323.74335 2769.09
323.76096 2508.95
324.14532 131836
324.64667 24113.7
330.23511 3148.47
332.64926 23330.5
333.15091 6305.73
334.09332 2621.66
338.24048 2056.88
340.20923 3196.53
343.16824 40857.9
343.67029 16238.4
344.16949 3154.93
349.17014 2163.05
349.65979 10132.7
350.15741 2286.52
352.09735 2259.06
358.14206 3986.49
358.63541 6314.42
359.13754 2261.81
363.62888 3110.38
364.22034 6015.14
365.20419 12690.6
372.17117 2438.4
372.63495 3665.97
377.67725 3246.58
382.23062 59379.9
383.23529 9799.94
390.17462 2470.38
390.71539 3473.02
391.21494 3097.08
391.67648 6244.71
391.86234 2177.49
392.20926 2522.15
396.20309 2884.46
397.86966 3322.53
399.72235 3688.45
399.86804 6180.37
400.19629 3415.84
400.53577 2388.19
401.54279 10385.6
401.87814 5220.3
402.21561 2186.51
404.71500 4032
405.20990 2341.97
405.54352 26266.2
405.87271 55695.8
406.20618 35940.9
406.53952 14460.6
406.87366 3599.29
407.20181 2991.44
407.54694 3905.1
407.88181 3694.48
408.18555 12248.8
409.19489 3156.47
411.23300 3774.27
411.54712 197803
411.88049 160054
412.21387 60213.9
412.54730 15327.1
417.55020 262228
417.69214 2695.09
417.88428 184007
418.21841 64659.2
418.55338 13846.6
420.19812 3716.98
423.55411 28282.2
423.88828 23645.5
424.18701 9040.67
424.52103 4198.22
424.56113 3565.86
424.85498 2368.13
425.21402 62717.2
426.21426 12451.7
426.70111 2506.13
430.19965 2678.89
430.53299 2337.43
432.52725 3143.92
432.85770 3248.93
433.19904 2122.79
435.20776 2537.95
438.20212 24784.2
438.53214 33822.6
438.86642 19940.5
439.19897 8468.35
439.70413 12897.2
440.20599 8659.67
444.20581 259745
444.53992 189120
444.87360 69293
445.20911 18330.9
448.71167 2962.58
450.20895 111627
450.54303 82410.7
450.87747 29597.2
451.21124 7065.01
452.20322 13127.9
452.70364 6106.65
453.20554 2281.06
453.70227 8184.39
454.19519 2452.22
460.71536 5372.59
462.25385 3518.76
463.17462 2387.44
470.86142 3455.86
472.24683 4333.79
472.75009 2145.34
475.19345 12626.9
475.69446 6682.6
476.19748 2224.68
476.86490 49795.3
477.19833 30703.8
477.53333 13566.8
477.86447 4320.27
480.20944 4253.12
483.22260 2511.23
486.24741 2807.93
488.69318 10566.4
489.19510 4782.69
493.20071 2644.69
495.25168 3233.89
500.16589 4290.23
502.69086 3282.45
511.21527 3090.69
518.17828 3290.05
520.76306 2935.35
521.23773 6677.46
521.73682 2839.48
524.77124 2530.01
529.75989 6710.32
530.25824 4927.69
531.27850 6799.37
535.23157 4919.67
535.73608 2826.89
538.76617 12879.6
539.26990 7540.17
543.75708 3659.8
544.25311 3041.97
544.74023 2701.45
547.77362 4791.38
548.31323 4543.23
549.29205 4150.57
552.76343 9619.05
553.26758 6683.12
553.76270 2146.95
566.31927 4302.28
569.74286 5663.95
570.22784 2913.44
571.24994 4875.49
578.74561 5143.25
587.29352 11119.9
587.73712 4506.1
587.81348 4636.74
588.27686 65847.2
589.27911 24181.3
590.28418 4338.53
592.74817 8994.66
593.24335 4055.09
596.29773 8178.89
596.80426 5311.1
598.26019 8113.86
599.26831 3018.24
601.75348 4952.47
602.25140 3677.53
608.30310 2281.98
625.29895 3009.3
629.25507 6524.98
636.28217 5002.9
646.28101 30858.8
647.28619 8056.46
667.31885 15137.9
668.30646 20881
669.30841 7533.71
685.08087 2520.67
685.32898 421521
685.63312 2436.37
686.33167 157618
687.33447 33717.9
688.34290 3850.9
736.33887 3028.24
737.32758 2597.03
754.35016 32745.5
755.35358 14771.9
756.34735 2514.66
764.33496 15258.9
765.34314 6233.44
772.36188 2886.33
782.34521 55178.8
783.34839 22754.1
784.35291 4364.24
833.39429 2976.7
834.29620 3326.5
851.40234 81927.8
852.40942 36358.9
853.41010 9642.82
869.41400 14065.7
870.41736 7355.7
920.41968 5355.86
921.43109 4430.04
1018.39813 2422.75
