3171.67153 4
120.08042 634.694
129.10213 281.985
131.07021 252.233
133.04280 551.428
133.08566 1810.81
136.07527 600.582
143.11746 299.779
147.11220 276.998
166.11298 526.856
171.11273 214.282
171.14844 222.984
173.09209 265.136
175.09601 250.615
175.11824 202.633
177.11223 708.188
184.07248 196.083
197.12791 541.536
199.14388 329.302
201.08612 288.434
213.15942 199.345
214.15454 1788.02
224.13870 213.627
229.11742 235.3
232.11049 556.061
242.14949 975.575
245.07619 339.721
247.20633 305.575
258.10791 452.978
260.10699 280.739
260.19702 204.737
261.08890 201.542
270.18103 958.842
274.12082 627.095
278.11316 623.336
282.18109 234.693
291.23154 1018.64
292.23581 218.318
317.12802 413.28
328.18552 369.339
331.21960 523.954
335.25760 190.361
338.20642 318.719
343.19708 257.405
355.23340 640.108
358.16275 209.115
361.15359 230.183
369.25034 399.472
374.23877 285.068
379.16025 429.59
407.22958 511.756
411.18610 381.123
429.19751 322.532
430.21057 510.059
442.25421 260.67
442.75769 219.879
445.27606 713.536
446.27829 195.701
470.24408 216.02
498.23752 361.619
506.29831 250.181
509.23315 221.777
529.27966 225.425
558.36066 716.201
559.36340 252.006
560.23560 334.591
577.36768 260.818
602.36432 222.239
614.86707 416.624
617.30713 247.251
654.32568 294.863
654.67102 252.891
654.81055 1349.67
655.01129 216.595
655.31268 730.078
655.81592 238.611
657.42908 1145.45
658.43262 646.277
676.43488 377.186
705.36438 260.936
712.32214 420.841
712.82275 265.383
715.45050 211.069
730.70221 480.89
731.03986 534.803
731.38367 208.397
736.92029 402.723
737.42480 325.724
746.31818 353.649
747.31024 225.99
756.49646 1511.9
757.49860 1103.27
758.50360 228.921
761.85748 1083.25
762.35822 843.937
762.86108 240.232
763.72723 603.002
764.06012 838.538
764.39679 498.946
766.42670 454.006
767.41595 202.155
775.50037 386.082
784.44556 355.154
785.41980 223.488
788.44202 243.593
789.16943 870.147
789.41974 2149.68
789.67059 1910.42
789.92133 972.871
790.17059 413.086
792.38708 271.664
792.52405 222.473
792.77820 257.716
792.95868 420.218
793.09076 237.388
793.36847 644.649
793.54260 2051.92
793.76312 281.068
793.84869 346.554
793.98480 737.989
794.38239 764.816
794.54047 913.286
794.94714 413.605
795.54150 9081.73
796.75311 655.59
797.08490 702.271
797.41711 392.953
797.74695 215.796
811.39417 693.868
811.89337 525.285
812.40051 200.763
835.01465 275.728
846.54248 834.005
847.55005 245.06
848.91046 208.066
849.41602 294.37
853.45404 1100.61
853.78534 1806.26
854.11682 1126.17
854.44897 369.734
855.55731 261.05
856.57257 313.942
859.90308 379.815
860.39777 239.055
865.49567 651.577
866.49976 320.395
868.41302 2468.32
868.91528 1908.26
869.41132 986.854
869.91522 281.726
875.47754 306.039
883.50446 488.538
884.51624 265.917
886.47046 570.45
886.80536 672.245
887.13776 466.015
887.47510 203.354
912.46289 264.629
912.97723 208.645
916.94574 214.644
924.95593 1983.82
925.45819 1944.29
925.95636 987.392
926.45752 263.487
928.03210 767.874
928.53693 789.443
939.81213 263.629
940.14520 310.243
940.49536 312.257
941.96552 314.949
942.58838 801.351
943.59692 605.3
964.56805 387.345
965.56665 211.233
977.52118 256.044
977.84448 446.708
978.17822 287.743
981.49902 1048.37
981.99603 1202.55
982.48309 432.439
983.00098 278.871
1001.57556 563.653
1002.07111 598.183
1005.52325 703.891
1006.02417 923.528
1006.50830 205.873
1022.47699 420.62
1030.50208 309.262
1031.00818 308.499
1031.49414 210.853
1039.01257 3101.36
1039.51208 3331.96
1040.01147 1491.32
1040.51147 537.382
1052.09485 598.759
1052.59326 767.365
1087.54468 254.385
1089.67407 519.106
1090.70154 448.189
1091.09009 440.459
1091.68982 204.268
1095.55322 3218.93
1096.05322 3489.03
1096.55469 2004.41
1097.05090 666.899
1136.57214 345.051
1137.07751 249.192
1145.08655 2609.05
1145.58948 2947.31
1146.08911 1727.66
1146.59399 736.88
1192.67773 476.19
1193.67969 369.443
1194.62549 1215.99
1195.12036 1682.77
1195.62476 1012.43
1196.12012 444.276
1218.51282 250.618
1228.73083 874.906
1229.73413 635.279
1251.14819 304.192
1251.66663 339.688
1252.64844 297.215
1279.67188 1166.76
1280.17395 1571.52
1280.67517 1191.33
1281.17444 561.197
1288.53467 210.618
1329.21545 375.419
1329.70972 672.585
1330.21460 721.586
1330.72803 300.59
1365.73474 303.524
1464.79260 277.418
1505.61621 220.604
