2318.15091 3
110.07113 7520.9
111.07453 485.404
120.08062 3405.35
129.06659 432.698
129.10219 5398.26
130.06493 1755.86
130.08627 2244.24
133.04254 379.758
136.07564 7379.02
137.07883 663.295
143.11780 362.317
147.11278 5074.46
155.11745 327.542
157.09792 331.392
159.09161 2810.89
167.08162 594.196
169.13335 1871.13
171.14905 811.244
173.12814 655.806
175.08647 613.039
175.11885 1430.22
183.11288 820.894
183.14967 331.77
185.09198 817.806
187.14455 854.659
197.12892 996.021
199.14331 343.689
200.13921 1575.63
201.12323 1394.69
210.02600 451.003
213.08725 369.929
215.13870 705.55
216.09792 431.391
216.13280 726.468
217.09593 765.561
217.13724 547.696
226.11801 607.316
227.10254 388.84
228.13408 2264.87
232.14003 329.144
233.16507 368.104
234.12350 3959.45
235.14165 709.338
238.11900 567.617
239.11255 474.578
240.09869 338.699
240.13321 529.026
241.13000 455.79
242.18578 559.685
244.12886 509.325
244.16679 372.472
249.09993 381.951
249.15962 7162.71
250.16232 712.896
251.10138 452.791
253.09312 406.567
254.14938 548.885
256.12775 369.821
258.10773 369.439
258.14026 439.338
260.19666 3472.29
261.08966 448.693
261.15851 381.658
261.20050 336.41
262.11917 2356.72
263.13962 464.049
267.10825 1508.78
271.13983 502.804
272.17307 882.417
277.15433 7240.25
278.15710 764.758
301.13412 483.921
304.12766 565.96
312.19177 384.65
322.14139 335.698
327.20383 376.989
329.21701 433.588
337.14978 515.646
339.20197 690.84
341.21854 493.779
342.17862 432.876
345.15469 2752.19
350.14517 412.437
355.16226 542.872
357.21286 2147.96
358.21378 340.32
363.16605 968.481
373.17355 465.567
374.17380 662.242
374.23969 4646.91
375.24304 783.223
376.22107 768.389
379.69305 445.337
380.13571 374.13
385.20560 434.238
386.20474 519.599
387.18832 400.252
395.20084 393.428
398.14713 450.885
399.20142 559.648
404.21518 487.584
407.26535 544.292
448.21936 1290.97
458.23428 545.507
465.17261 974.018
470.29547 689.421
473.27582 619.617
474.27481 433.71
486.25742 460.382
487.32309 2729.21
488.32617 638.142
494.30121 385.517
517.29742 1046.96
519.25757 1102.21
522.26050 517.244
524.28235 1143.85
529.75378 3485.66
530.25494 1794.76
530.75677 760.601
535.24927 458.605
539.28259 797.088
539.78217 451.766
543.75159 7511.33
544.25250 4429.05
544.75208 1698.91
579.21680 1166.3
581.32758 1210.76
582.34033 396.767
588.33331 921.012
594.27429 2755.55
594.77765 1450.08
595.27252 560.854
596.23792 438.228
598.27441 359.694
599.26752 453.452
599.76086 364.595
600.31927 806.356
600.81744 526.467
604.23962 436.819
606.28876 2120.06
607.28845 574.352
608.27295 17954.1
608.77380 11575.4
609.27496 3805.19
609.77710 1095.74
611.31305 529.817
617.29388 560.432
618.31879 583.817
639.27069 402.606
640.27020 450.677
643.41339 1417.59
644.41400 385.667
658.39148 1748.88
659.79352 1218.01
660.29633 1065.54
660.80383 377.031
664.34686 424.438
665.26807 374.836
673.29016 6658.08
673.79303 9603.25
674.29340 8179.13
674.79565 2898.85
675.29419 1406.36
682.35516 753.342
683.34296 573.738
685.36151 1976.13
685.86157 1381.57
686.37006 916.065
696.36481 570.862
699.37030 409.171
707.32361 415.309
708.33582 396.405
713.45581 451.479
716.32434 1441.87
716.83838 1047.51
717.32745 665.057
730.33972 4713.42
730.83624 3222.6
731.34119 1797.12
731.83350 451.94
735.30872 364.744
737.29327 998.914
738.29767 554.68
742.05426 478.762
742.43219 878.295
748.27356 491.668
748.62335 747.614
748.86957 794.962
749.13043 410.097
749.37170 609.588
753.12610 585.668
753.37512 1806.01
754.38336 1073.46
765.29565 1997.18
766.30090 902.898
767.38654 649.967
767.71649 1246.38
768.04614 833.025
768.38031 832.158
769.34814 2151.7
770.34863 896.045
772.38586 643.58
773.38281 6259.94
773.71991 7210.84
774.05139 5339.65
774.39148 3339.18
774.73267 1709.15
775.06573 936.092
775.36285 3890.78
781.36676 500.875
784.43677 472.752
785.45770 467.686
786.37109 5496.1
787.37726 2534.54
788.37848 443.266
794.85571 3873.2
795.35254 3475.8
795.85541 1618.81
796.34644 656.84
824.41376 970.716
825.42786 389.691
827.42590 448.899
828.42084 457.852
829.35925 1205.6
829.86768 756.037
830.35858 476.915
830.87836 374.352
831.38287 847.711
832.37982 398.406
833.41266 403.935
835.51227 1143.56
836.00824 842.277
838.37299 1498.4
838.87537 1422.42
839.36902 602.132
842.48016 608.45
845.43549 2661.65
846.44141 770.935
852.88129 514.322
857.87714 5589.02
858.37805 5060.34
858.88104 2689.62
859.48950 4441.01
860.49371 1851.79
866.88324 7421.5
867.38367 6962.98
867.88361 3743.07
868.38159 1453.18
868.88715 385.962
878.37793 541.75
881.43475 5422.96
882.43811 4412.07
883.43768 1422.62
893.41577 683.403
894.40869 428.649
902.41833 2708.91
902.92090 2207.01
903.42261 1505.57
903.91650 620.133
904.42737 615.231
907.41089 751.026
907.91492 485.807
908.41217 477.16
913.43005 385.738
916.41602 6513.81
916.91632 4537.16
917.41742 3382.11
917.92194 1146.88
921.43860 4517.97
921.92987 1309.28
922.43762 2338.13
923.44629 837.976
931.43713 509.958
944.50562 1892.34
945.51495 603.324
947.54370 844.137
948.54425 549.364
949.43585 13742.7
950.44019 7023.9
951.44208 2641.1
952.43292 688.719
954.53125 412.685
961.41077 534.292
968.44684 493.294
969.46625 2810.32
970.46765 1478.08
972.57281 3551.87
972.95410 1160.43
973.45801 1362.75
973.58362 1613.13
973.96222 771.082
974.44226 407.092
974.59418 399.116
979.42389 437.414
980.50311 1609.28
981.50690 957.119
1007.46069 610.051
1015.54944 999.642
1016.56488 519.132
1024.50195 737.302
1029.98071 1437.58
1030.48083 1829.25
1030.98328 1325.87
1031.47327 592.212
1054.45203 874.126
1055.46423 531.697
1070.51392 2878.24
1071.52185 1462.03
1072.51843 490.303
1077.55798 3971.39
1078.56177 2778.07
1079.56335 845.358
1086.49438 1988.83
1087.49390 1036.97
1093.54565 434.878
1102.57080 1078.98
1103.61218 3784.15
1104.61621 2365.65
1105.62158 983.809
1112.56201 592.257
1122.49036 404.006
1153.56604 404.856
1171.56360 5572.5
1172.56677 3022.92
1173.56396 598.209
1199.62671 1122.43
1200.62756 668.292
1212.53015 404.071
1213.54504 566.369
1215.50452 660.123
1216.52039 575.936
1232.65918 3027.72
1233.66040 1752.38
1234.67334 604.856
1240.53540 925.475
1241.53882 539.478
1264.65527 404.238
1270.63135 3490.31
1271.63318 1641.62
1272.63818 516.019
1346.59680 585.15
1369.70251 647.482
1370.72253 512.483
