1316.73833 2
110.07096 6827.98
111.07445 474.581
112.08627 376.03
114.09053 377.308
115.08617 502.5
116.07024 1140.39
120.08040 5395.35
121.08378 691.757
127.05019 654.43
129.06619 767.124
129.10194 6171.13
130.06476 693.351
130.08606 1947.09
132.07576 729.187
136.07539 4223.15
137.07872 438.971
141.10168 1076.56
143.08122 1103.72
143.11722 414.489
145.05986 386.227
147.11249 3665.47
155.08107 488.722
155.11693 539.153
156.07635 469.821
157.09717 372.009
157.13316 3726.31
158.09184 1078.24
159.09132 2145.18
159.11240 5831.14
161.09163 5033.56
166.06131 442.347
167.08200 601.246
169.09706 400.96
169.13394 690.51
171.07600 2918.6
171.11293 457.933
172.07109 1031.28
173.09137 539.023
173.12796 3843.89
175.11856 3846.32
181.09947 472.252
181.10373 462.69
183.11186 714.026
183.14896 445.766
185.09213 588.945
185.12801 4502.43
185.16489 635.647
187.10741 1584.84
187.14377 1161.48
189.08653 7873.49
197.12808 770.502
199.07088 833.416
199.10728 591.27
199.18010 1055.7
201.12296 3287.66
209.10295 444.715
211.10683 433.779
212.10228 723.512
212.13873 739.129
213.08621 374.501
215.13847 2290.63
216.09698 607.654
217.08180 2275.38
221.10283 1242.74
222.12311 408.957
223.15427 870.497
224.10254 438.322
226.08142 1217.69
227.10014 409.337
227.17494 1212.81
228.13348 1780.95
229.11761 1657.13
231.09792 499.659
239.15227 565.722
240.09795 1056.59
240.13356 2468.43
241.07997 432.347
242.11241 664.531
243.10823 2638.68
243.13326 881.714
244.09433 489.195
244.12790 433.4
249.09802 1635.03
250.08087 424.982
251.14975 523.961
253.09230 479.587
253.19136 462.335
254.14909 442.888
256.12860 882.952
256.16595 667.273
257.16107 2230.42
258.10843 572.997
258.14413 4675.66
260.19620 487.121
266.14499 476.91
267.10846 2023.09
268.12759 470.678
268.16220 382.211
270.14310 411.006
272.15744 1521.35
274.17261 393.18
275.17056 2297.4
284.15976 10904.1
285.16217 836.438
286.13828 617.923
298.21198 1070.81
300.15439 1676.27
302.17017 5185.07
303.18781 562.784
310.13803 463.04
311.16986 522.553
312.15445 7186.6
313.15591 476.313
317.21570 622.639
320.13641 700.213
327.16876 714.968
327.19925 740.189
328.21945 380.711
329.18253 396.157
330.16504 6216.98
337.15155 1409.8
338.14685 1137.52
339.17090 433.256
341.21765 551.777
350.14493 694.055
354.17657 1683.67
355.16235 2835.52
356.19382 964.961
357.17554 557.588
359.23727 388.679
369.14026 748.609
371.22775 482.017
372.18707 4611.4
373.20767 2794.26
383.19135 3735.55
387.15262 376.246
389.21307 9816.56
390.21631 650.955
397.24362 1149.63
399.18848 434.324
401.20227 4495.18
402.20679 390.033
414.13983 753.913
415.14618 534.827
415.25424 866.462
416.28818 421.575
418.26404 1419.27
424.25473 386.439
425.23840 1765.29
439.22568 466.999
442.26648 540.416
443.24896 2442.72
459.25586 636.689
468.28467 1099.47
482.22705 426.597
485.27249 2028.71
486.29498 1386.49
496.27631 2985.15
497.27350 406.51
499.23584 412.633
502.29712 6090.69
503.28571 394.873
504.29333 556.934
514.28705 1967.91
515.33710 498.311
517.33276 939.002
521.19159 383.978
557.29022 472.555
586.29108 392.333
602.36200 866.641
615.38306 1290
627.36908 714.099
630.41925 713.524
632.37323 468.704
633.37061 524.393
657.36884 1467.66
658.37701 456.471
659.36652 441.337
662.32025 934.51
716.42993 2362.31
743.49725 390.599
749.38452 444.865
750.39374 482.007
794.38208 434.594
813.43896 469.499
814.42224 656.513
831.45380 3277.52
832.46838 592.366
865.41266 429.829
885.42139 740.127
930.49591 545.14
944.53943 1446.11
997.57825 394.88
1015.57788 1497.93
1032.48743 573.016
