2314.19162 3
110.07108 8413.79
120.08037 3250.46
129.10207 8030.49
130.06462 1635.06
130.08600 3564.1
136.07544 10092.7
143.11761 60194.3
144.12094 4511.74
147.11241 9000.4
159.09146 10954.7
171.11249 56711.6
172.11617 4332.12
183.11279 1810.75
185.16447 13529.9
197.12718 1911.83
199.17989 2416.12
200.10220 2092.61
200.13918 1763.87
213.15944 15952
214.15251 2444.85
225.09851 2259.92
227.17480 4370.05
228.13370 85429.6
229.13676 8737.17
230.15074 3050.81
234.14474 2571.3
239.17497 7550.09
241.07996 1574.46
242.14948 27787.7
243.15245 2502.21
248.15985 16472.2
249.16182 1732.35
250.11815 3526.18
251.14885 1672.06
253.09300 1558.54
259.09244 2443.87
270.18140 2024.4
274.18661 1985.91
278.11258 3351.84
281.22137 2340.79
284.19623 27373.8
285.19937 3571.43
292.12723 1808.21
296.19571 7059.29
300.17139 1596.86
301.18683 3092.45
310.21234 1678.02
313.22253 41587.1
314.22644 6436.61
319.19684 29663.5
320.19965 4479.67
326.24277 5356.33
327.20361 8513.83
327.23795 9796.95
339.66135 2081.23
340.12271 1631.38
341.21756 25115.1
342.22116 3586.11
344.18991 1647.35
345.17404 2093.84
355.23370 25466.8
356.23685 5292.2
362.20117 2567.06
381.28848 1681.07
383.26456 12579.8
384.26447 2703.77
391.19705 3321.37
395.26453 2988.31
397.27979 2088.91
409.28018 6060.42
410.27988 2009.69
426.30688 13863.4
427.31097 2847.85
430.19940 2417.09
432.28098 25972
433.28448 5410.97
440.28479 5283.95
454.30124 16991.6
455.30426 4952.61
475.28464 2548.15
490.26474 2368.97
508.34903 2127.07
525.37329 2532.79
530.19629 1858.63
546.32611 2828.07
553.37103 3374.1
558.32947 1677.54
572.73853 2880.26
573.24609 1707.74
587.28998 1559.58
608.28204 3039.22
609.23865 2603.39
615.28461 1671.82
617.23199 2916.21
618.35992 16600.1
619.36456 7486.66
620.35590 1548.64
622.27289 4333.21
622.77716 3191.93
625.28906 1961.99
642.80829 8297.57
643.31085 6619.07
643.81323 3790.43
651.78192 2926.51
652.28741 2761.12
652.79285 2395.34
664.82263 2557.63
665.32190 2907.02
665.78021 6376.19
666.27667 3582.41
666.78619 2254.65
667.25641 1850.27
678.31866 3887.02
678.81976 5081.45
679.32153 3829.88
686.32214 9795.51
686.82465 7768.4
687.32391 2783.9
696.33020 8926.81
697.32935 1753.91
701.31140 5178.22
701.80988 3688.73
714.34912 1696.61
715.31458 5182.57
715.81885 2995.08
716.26373 2183.82
722.32330 3743.95
722.82391 4196.26
723.32446 3042.65
730.31622 3877.36
731.40222 8912.94
749.86713 2700.15
754.28656 1980.51
755.41907 9105.46
756.42719 4405.53
757.85272 7105.47
758.35004 6720.96
758.84955 4782.79
759.35583 3073.01
763.35181 2078.93
763.87067 4875.63
764.36914 3985.97
764.87091 2377.6
767.85602 10607.8
768.35620 8975.23
768.86188 4576.71
769.36322 1773.56
771.85529 8960.69
772.35504 9435.57
772.85944 5898.81
773.34845 3916.01
785.38031 2909.17
799.36438 3469.57
799.87164 4159.03
807.37305 5478.72
807.87317 5136.74
808.36957 4005.12
808.87421 2177.46
813.39465 2462.8
815.86316 2222.2
816.36603 6703.52
816.87018 5586.19
817.37640 2827.92
824.87817 22822.2
825.37927 20249.1
825.88068 10811.2
826.37793 2397.28
828.40015 4335.88
828.90314 5587.84
829.38379 5604.69
830.36481 4321.32
831.37146 2315.06
842.92316 2240.35
843.40833 2027.06
844.49371 2627.41
848.90765 2204.94
849.40710 2141.56
853.32776 2021.87
856.90570 3005.78
857.41553 3351.22
857.90643 3171.83
858.41602 2410.76
859.38574 5149.97
863.91449 4565.11
864.41577 5855.83
864.91644 2491.57
869.46155 7147.22
870.46631 3250.73
872.41266 4216.72
872.91016 6964.95
873.40625 6332.68
873.90228 2055.57
881.42004 42227
881.92059 38528.1
882.42059 23992.5
882.92456 7823.33
883.42877 2340.19
886.90424 3176.62
887.40210 3475.68
892.92493 1647.21
905.43408 3473.35
905.92932 1901.63
913.45502 3439.61
913.95233 4528.81
914.45007 4309.68
914.94299 2045
917.35663 1756.38
921.94672 5402.82
922.45062 7098.15
922.94269 7711.68
923.44470 3909.91
930.95355 30314.3
931.45428 36473.8
931.95520 21234.9
932.45697 8246.81
932.95880 1986.53
936.43457 1808.03
942.46423 1827.91
948.96472 3982.46
949.47632 4891.37
949.97272 2947.77
966.42651 2689.07
969.98914 1799.46
970.46594 1737.2
978.49982 3177.25
978.98706 6661.4
979.48889 4696.48
979.98242 2588.79
980.47156 1700.49
984.48920 1717.05
987.49219 24994.7
987.99445 29143.1
988.49890 17232.9
988.99841 5676.9
989.50128 2137.7
1007.42145 2388.74
1031.38635 2531.88
1032.52673 12318.4
1033.53125 5259
1034.53137 2893.98
1037.43384 2009.58
1044.03918 2761.05
1044.53528 3463.05
1045.04541 2038.21
1053.45471 3533.19
1054.45972 1780.46
1055.53516 2484.3
1064.03577 4040.51
1064.54565 5456.31
1065.03979 1788.62
1072.54907 13543.5
1073.04980 17946.9
1073.55176 10325.3
1074.04895 4587.37
1074.54858 2203.77
1086.51880 2335.49
1099.55884 3353.85
1100.05750 2597.49
1102.58142 1725.93
1103.43066 1988.55
1106.48828 2719.66
1107.47949 1944.91
1108.06543 8727.85
1108.56934 10342.7
1109.06873 7313.26
1109.57312 4053.54
1112.55420 1910.54
1124.48535 3835.01
1125.49451 2099.4
1130.52869 2117.75
1144.47559 6479.96
1145.48193 3691
1147.54919 15467.3
1148.55396 10667.6
1149.56055 3881.71
1216.54395 2342.75
1217.47351 2952.82
1218.49353 2338.55
1219.57654 3286.89
1220.57556 1714.7
1231.61755 2241.86
1243.54932 6027.06
1244.54358 4607.68
1266.60156 1783.09
1267.59827 2822.52
1268.59265 1743.65
1284.61328 16644.3
1285.61279 12547.1
1286.60742 5201.49
1287.57690 2302.79
1330.53357 5484.35
1331.55603 3642.71
1342.63049 3091.81
1353.62512 1982.67
1354.62939 2902.54
1355.62610 1827.5
1356.63147 4364.08
1357.63538 2464.18
1371.64368 20413.6
1372.64478 16758.7
1373.64307 7391.41
1374.64771 2382.8
1389.68713 2279.31
1390.68665 1752.47
1401.60645 3571.63
1402.60583 2710.16
1429.62073 2246.95
1430.63733 2146.77
1443.64648 4190.11
1444.64490 4161.23
1445.61584 1936.58
1473.64539 1986.82
1514.69751 3583.11
1515.69263 2770.87
1516.69287 2265.14
1517.68225 2079.2
1526.71826 2710.09
1527.73828 2105.44
1534.70728 9927.84
1535.70142 6816.95
1536.72034 3408.71
1542.72791 3974.12
1543.72290 3465.37
1613.74646 1648.04
1631.74072 2610.91
1632.73657 2349.88
1633.73438 1832.22
1648.74561 10164.3
1649.75488 9654.49
1650.75586 5053.99
1655.81433 1945.22
1744.81201 1748.22
1761.83691 7340.47
1762.83093 6272.36
1763.84399 3722.54
1860.91272 1873.86
