3713.67592 4
129.10210 4411.31
130.06490 5808.86
132.08081 1099.14
159.09151 20743.6
160.09491 1841.19
169.13324 936.662
175.11884 874.862
187.07190 1482.48
187.08391 1012.05
245.07791 961.628
247.07344 861.305
248.16087 1072.45
272.17200 2153.01
288.13412 806.894
294.18140 1373.82
299.10245 3324.1
300.15402 1231.08
302.09735 1557.36
316.12885 6144.22
317.13358 1120.84
349.20853 1109.88
374.11908 797.458
405.21341 885.48
407.26227 1607.88
433.13794 982.819
470.22263 1431.54
518.30225 783.748
532.28619 1954.07
532.79236 1115.26
535.32458 1448.58
586.34558 2235.03
614.32819 4365.68
614.66125 5008.28
614.99579 2200.56
615.33240 1146.02
617.22223 845.286
638.23737 1018.91
638.75348 1259.6
641.00171 1406.87
641.33435 977.144
643.23608 1295.82
645.35071 849.609
645.81696 849.89
646.34821 809.388
646.45386 806.684
646.67816 81666.7
647.01239 86598.8
647.21802 850.902
647.34711 53520.4
647.68134 18014
648.01709 6295.85
648.34753 1287.66
649.36353 2182.89
656.29889 1403.32
666.75519 2137.24
667.25122 864.789
683.69012 1719.88
684.02600 1470
684.35675 1303.85
702.35474 1254.17
702.85364 1345.25
717.27625 1639.03
717.78113 903.399
722.26996 1299.04
722.76721 951.184
730.33704 1718.44
731.27283 4606.07
731.77765 3965.41
732.27948 1673.51
740.04749 931.592
758.37408 953.034
759.80627 840.973
766.38477 3019.42
766.88434 2756.42
767.37482 1129.58
771.33002 2275.56
772.41473 3401.54
773.41754 1252.04
789.36798 1468.66
789.87140 917.848
801.83057 1092.41
802.31403 921.025
810.31042 1175.01
810.81396 883.106
814.91016 1185.45
815.39703 1392.52
815.80878 1313.56
822.92603 4205.64
823.42487 3506.89
823.92853 2397.08
824.31665 6311.4
824.81830 5732.83
825.31616 2629.56
825.81470 850.946
843.41687 840.933
845.43512 1073.03
845.92523 1967.08
846.41742 1905.24
846.91254 1468.29
860.05005 925.111
872.46729 1878.66
872.96924 1503.95
873.48102 1093.21
875.45776 1403.39
876.46967 899.198
879.82813 1722.19
880.32263 1548.21
880.82239 1136.62
888.83612 6302.74
889.33820 5154.7
889.83826 2265.91
890.33044 1319.83
896.41040 1042.5
900.37683 3365.75
901.39709 1322.52
905.94086 1110.4
910.44226 1308.51
911.91498 941.407
919.43225 1018.23
919.94836 1360.54
920.44495 1811.28
920.99341 19707.2
921.49292 20022.4
921.99170 11104.2
922.49146 4494.47
923.12073 4320.58
923.45441 4010.45
923.78613 3619.81
924.12585 1793.96
925.45422 3760.47
925.95172 3008.81
926.44519 1214.82
927.96039 3006.99
928.45050 22654.1
928.80676 38263.3
928.92859 32625.5
929.12360 59925
929.46045 75707.5
929.80109 27931.9
930.11847 13376.1
930.45642 12179.2
930.77679 1471.13
930.94226 1102.39
961.00287 4015.59
961.50446 3388.43
962.00098 1484.55
969.28925 855.854
969.51428 125344
970.01520 141622
970.51587 84731
971.01630 31306
971.51965 8726.96
972.03052 1532.29
974.97614 1716.03
975.48828 2078.58
975.98859 1003.64
1013.52777 1372.14
1014.51147 1191.19
1018.50104 3369.69
1019.00342 3333.36
1019.49768 2295.64
1025.02979 7239.16
1025.53259 9413.32
1026.02783 5372.39
1026.53247 1886.86
1029.41602 7273.54
1030.41284 3970.61
1031.43176 1243.6
1034.03516 14508.4
1034.53723 15695.6
1035.03870 9878.53
1035.54077 2668.06
1036.05518 1273.09
1038.52454 1044.65
1063.57214 1394.01
1074.01477 1734.59
1082.53162 3727.81
1083.03735 3701.59
1083.52771 1708.48
1094.55505 2347.8
1095.56152 1139.49
1109.56824 1132.5
1111.33838 1479.97
1127.07654 7478.23
1127.57874 10910.2
1128.07825 7369.38
1128.57715 3266.77
1129.08215 1453.84
1139.05347 980.236
1139.58508 861.227
1142.58936 1176.04
1160.45178 5419.25
1161.45020 2185.35
1162.44116 969.062
1207.63428 1158.68
1213.60583 1539.9
1214.60962 1082.82
1220.10571 2185.75
1220.60986 2107.97
1221.10876 1899.12
1224.41101 879.753
1275.48376 7094.54
1276.48291 3884.4
1277.43494 985.863
1277.68311 1014.53
1278.12842 2128.73
1289.66455 4541.13
1290.66687 2990.43
1291.66614 1513.67
1332.50049 3110.27
1333.49988 3174.8
1334.49463 1736.02
1403.71411 2078.25
1404.69421 1067.85
1443.53186 2643
1444.53308 2222.17
1445.55334 978.417
1458.69299 1027.04
1459.70508 1235.09
1461.54565 22572.9
1462.54932 17931.9
1463.54932 8376.38
1464.54443 2622.65
1531.77100 1487.79
1532.78418 1896.17
1647.61426 4734.31
1648.61890 3997.54
1649.60608 1982.46
1758.65881 1479.74
1759.65381 1206.24
1776.66870 11962
1777.66846 11166.1
1778.67261 5563.48
1779.65588 2232.7
