2458.97661 2
112.08635 3021.03
115.08595 1703.02
116.06987 985.96
129.10210 835.653
140.08131 3141.14
157.10773 2348.94
158.09198 2828.41
175.11835 22136
176.12344 819.428
195.11182 791.089
211.15428 2697.56
212.13890 1610.12
213.08614 829.714
213.12283 967.743
228.18103 2634.01
230.14854 851.49
239.14796 844.622
254.16046 4288.46
255.14449 12445.9
256.14719 1329.32
256.17538 2653.33
272.08359 774.759
272.17090 127653
273.17398 12088
308.17020 771.934
325.19720 5989.41
326.20337 793.878
342.12906 752.633
370.17096 1093.49
396.27069 3595.89
407.23596 934.634
424.26526 4923.38
471.17349 710.363
501.24213 2519.66
556.29645 829.649
584.29742 1020.94
616.26721 923.122
627.33752 1129.99
655.33850 853.475
756.37427 1783
767.34644 807.997
784.37366 2597.08
785.37006 1557.22
802.38080 1111.85
885.41730 858.523
944.30920 1397.52
987.47290 754.104
1003.39410 2390.32
1004.52039 921.445
1005.50000 774.538
1032.48584 745.055
1049.51038 793.994
1050.51233 729.754
1101.52246 835.922
1118.53943 1355.84
1129.51184 2055.07
1130.50562 1111.53
1146.53345 3673.87
1147.52576 2389.26
1148.53430 912.808
1164.54358 904.264
1165.54041 785.472
1172.50208 1186.48
1172.98547 874.611
1181.00427 2016.12
1181.50244 2285.11
1181.99548 2637.34
1189.99622 1027.08
1190.50549 756.084
1215.45618 855.524
1216.46936 826.806
1261.62732 738.818
1341.59009 2724.29
1342.59277 1170.08
1358.61145 5768.66
1359.61365 4300.82
1360.62598 1443.28
1376.62146 1912.1
1377.63708 1186.58
1487.65076 951.383
1843.77197 858.704
1860.75977 2140.8
1861.77637 1702.13
1862.74097 886.688
