1639.72647 3
110.07113 1970.49
111.09132 470.551
112.08659 481.216
115.08630 600.595
127.08668 405.981
129.08687 415.361
129.10219 81762.7
129.11858 501.483
129.12291 532.64
129.12744 373.424
129.13162 400.01
129.13597 412.834
130.08650 507.833
130.10532 5204.33
136.06163 1113.87
136.07553 2608.44
139.08649 9945.24
140.08975 747.251
141.10213 3757.88
147.11281 951.438
155.08147 397.857
157.09715 2759.4
158.09229 999.13
159.07571 340.507
167.08153 1375.6
168.11290 1036.57
169.09706 6721.99
170.10098 427.018
171.07622 449.346
175.11891 6438.39
183.07695 646.801
185.09200 3025.92
185.16478 613.193
186.09117 334.207
186.12363 22847.1
187.12752 1883.85
189.08704 389.564
195.11322 684.741
199.07114 1328.14
201.12279 371.62
202.11780 480.717
217.08133 449.347
221.09096 483.784
222.12256 714.892
236.10262 820.044
240.13411 4064.26
241.13531 348.703
245.07808 586.662
251.10239 2829.47
254.11371 939.664
254.14874 574.202
255.64749 400.419
258.14514 900.854
266.15002 1019.43
268.09348 411.048
271.17639 660.937
272.17163 1261.4
274.18628 401.461
277.10092 395.592
283.17639 782.548
286.10239 401.828
288.20392 717.263
296.08688 865.877
312.17581 412.962
314.09802 3428.68
315.10040 481.324
320.68619 357.617
334.07861 480.78
337.15009 663.683
345.22415 2222.83
346.22849 431.908
350.21823 460.562
351.16885 377.42
352.09021 1538.72
355.16019 503.708
357.20477 614
365.14514 926.682
365.71344 3834.64
366.21509 1624.78
366.71402 452.059
368.12521 394.945
369.17337 689.16
370.20621 356.201
380.17465 418.98
383.15417 2628.21
384.15823 607.155
385.21866 673.572
387.18768 629.202
401.13000 926.299
401.83661 570.792
402.16504 488.606
402.24619 13283.6
403.24988 2313.92
412.22086 433.64
412.71994 518.434
419.26202 379.333
421.22949 8124.25
421.73074 3725.8
422.23264 883.303
430.23492 5948.48
430.73672 2780.93
431.16800 469.513
431.23889 793.833
433.67850 590.431
439.22772 415.21
439.56891 386.159
442.68250 368.901
443.13983 1448.02
446.88058 3335.97
447.21518 2229.37
447.54767 899.046
452.88217 1767.36
453.21866 1441.49
453.55307 382.455
456.26083 506.926
458.89011 556.621
459.21863 612.805
462.16309 693.636
467.22995 419.012
469.96521 934.696
472.25128 430.654
473.28262 23710.9
474.28552 5661.7
475.28787 842.015
479.23953 493.157
479.53839 1363.3
479.87354 852.45
480.17068 3386
481.17157 719.375
482.26086 832.645
482.59332 465.605
482.66641 826.793
482.93442 1140.85
483.17123 553.825
483.24628 733.441
483.74506 728.272
485.54306 9232.45
485.87726 6862.52
486.21106 2476.2
486.54330 748.991
487.74908 2751.13
488.25134 1199.58
488.75299 1256.16
489.25186 923.963
491.67200 1530.86
492.17429 504.455
493.74948 631.756
494.24783 392.538
495.58322 443.94
496.25421 436.808
497.75626 4560.48
498.18344 1642.22
498.25827 4273.13
498.76141 1297.74
499.74442 429.533
508.58887 752.177
508.92584 746.451
509.26563 417.388
509.60931 699.401
510.25235 424.745
510.58084 917.159
512.15973 609.608
514.60120 2087.9
514.93195 1729.18
515.27917 2299.31
515.61407 2146.56
515.94739 945.928
516.25537 2356.69
517.30865 876.54
520.59833 437.886
521.28174 599.097
522.25842 512.376
527.18817 588.622
527.69489 393.598
534.29541 438.881
539.23938 825.61
543.26312 1692.57
543.77094 416.338
546.26331 503.817
547.24908 1541.31
547.58496 755.86
547.93951 567.535
548.25623 736.277
548.31000 713.998
548.63293 403.893
549.26923 608.876
552.26788 1544.48
552.77191 970.853
553.22302 493.015
557.25916 809.168
557.75702 391.818
558.26605 378.596
564.26898 679.305
568.77228 791.059
569.26459 989.15
569.75726 404.032
571.23157 679.826
577.77533 4687.1
578.27295 3492.85
578.77307 1680.1
579.27014 598.555
584.31549 2010.14
585.31561 786.112
586.29675 448.68
586.32727 566.211
586.78033 64835.9
586.93616 390.136
586.97504 547.509
587.02069 411.212
587.10132 447.148
587.28101 39014.5
587.78210 13200.4
588.28400 3179.89
591.20313 787.052
591.76233 538.572
595.23004 421.046
595.78290 1043.51
596.15930 6744.75
596.29858 417.23
597.16168 1713.67
600.77783 1551.99
601.27667 1093.5
602.32465 29655.8
603.32800 9318.97
603.77313 1059.32
604.33276 1847.26
606.28748 498.585
609.21368 2695.21
610.21765 736.927
612.30151 946.354
612.77881 7629.79
613.27863 4131.24
613.78149 1595.86
614.27966 428.439
615.28986 3336.48
615.79108 2008.05
616.29962 772.859
621.29181 6151.17
621.79175 3884.36
622.29480 1616.09
622.79681 484.995
623.22449 410.05
626.28754 1232.39
626.61597 741.643
626.78204 666.898
627.21600 701.216
630.29547 15058.2
630.79724 8671.15
631.30017 3262.82
631.80255 753.347
635.28918 3760.16
635.78723 2222.9
636.28351 914.306
639.30536 466.081
639.80304 558.633
644.29584 1547.48
644.79108 775.86
645.31598 616.102
646.35919 473.536
651.28772 1046.62
651.80164 442.093
652.31262 553.041
654.28351 740.764
654.81354 1539.09
655.31592 1210.2
655.81702 747.706
660.30524 966.74
660.81165 5458.51
661.31226 5063.08
661.81244 2122.47
662.31787 551.364
663.33081 1198.16
663.81738 2426.94
664.31812 2007.89
664.81836 694.005
665.28577 1449.65
666.29810 456.679
667.36737 434.082
668.36011 592.844
669.81744 41748
670.31909 28460.2
670.82092 12396
671.32306 3132.25
671.82324 652.052
678.82245 26032.5
679.32452 17718.1
679.82611 6615.91
680.32507 1574.73
682.26788 554.906
683.30090 843.069
684.28101 552.658
687.38617 474.958
687.82678 2738.93
688.32855 1985.8
688.82947 812.719
697.21259 464.399
700.27594 1506.36
700.83795 433.458
701.28351 441.295
709.83698 1183.23
718.28235 1129.35
718.80664 1172.41
719.30005 1461.39
725.20331 1650.89
726.20874 582.001
727.81140 12555
728.31195 8804.58
728.81415 3337.04
729.31543 1088.87
730.41974 7188.82
731.42371 2705.32
732.42505 668.108
737.30420 1058.64
738.30194 465.789
749.32629 391.888
752.27405 779.869
755.30847 730.317
769.29449 394.646
771.31281 661.472
781.27515 1594.41
782.27649 627.228
788.42188 538.15
792.36731 719.095
794.33154 1291.31
795.32898 668.044
812.33856 544.938
813.33942 512.765
816.25970 651.435
834.37421 573.824
841.45319 1352.39
842.45245 928.57
848.33789 817.859
853.29456 911.552
859.46173 6814.19
860.46680 3025.34
861.47583 699.724
866.34912 1321.77
867.36182 501.891
870.38342 536.764
877.38232 622.096
879.40778 742.771
884.34973 718.136
885.35938 510.019
910.31769 688.364
937.38129 581.577
940.44281 399.174
955.40735 461.706
956.49261 902.881
957.47357 667.042
964.32452 526.892
974.49017 5358.26
975.49017 2752.04
976.49731 681.438
998.46295 450.707
1085.52148 826.991
1086.51489 439.919
1103.53369 2161.06
1104.53162 1133.89
1154.53162 429.607
1155.52881 1478.43
1156.52917 879.951
1157.54358 534.954
1172.55444 3547.25
1173.55090 1718.61
1174.55701 795.321
1182.52417 724.415
1183.52954 598.527
1190.55383 505.347
1200.54810 7377.73
1201.55029 4146.56
1202.55176 1620.95
1203.55212 374.159
1224.54675 1206.44
1225.55139 617.015
1241.57312 1673.08
1242.57471 889.53
1259.58423 2372.21
1260.58484 1381.48
1261.59802 556.943
1269.57507 472.75
1270.54810 513.235
1287.57434 538.084
