3569.69716 4
110.07117 892.144
120.08076 617.695
129.10194 1026.96
136.07547 9012.58
137.07852 674.663
143.08150 624.755
147.11261 616.219
157.09705 915.776
167.08127 652.668
175.11908 1020.46
185.09216 1917.36
191.08461 1012.6
216.09741 1070.5
241.08112 1510.79
245.07680 952.919
259.09103 1843.79
263.13705 718.479
265.11749 1390.67
266.12433 2442.1
280.16467 1394.33
293.11255 6689.97
294.11578 1091.23
298.10223 854.279
298.17596 687.974
315.16580 993.476
316.11362 1515.75
356.10809 4186.18
357.11249 607.415
374.11884 3142.82
381.21170 704.191
392.18094 1178.7
399.22308 1448.48
406.70764 980.481
415.17538 1438.23
415.71204 19193.5
416.21350 7931.23
416.71320 2425.3
417.21469 801.749
422.15500 2792.99
423.15836 679.117
427.14423 811.204
432.20151 6792.91
433.20483 1336.42
445.15430 1317.95
465.24551 1201.43
465.74606 1301.9
507.27142 987.204
519.17072 1520.46
521.22717 674.975
533.24896 8673.7
534.25153 2465.8
535.25317 743.792
537.18182 9216.71
538.18353 2412.09
542.82068 2761.24
543.32117 1505.54
568.61688 624.433
573.95190 615.788
574.28571 617.655
596.96002 1140.59
597.29675 1543.69
602.96405 1049.09
603.29352 812.644
603.63220 835.921
607.27209 916.124
608.21625 2702.93
609.22534 749.045
620.35175 1328.56
636.25262 1828.03
637.25159 687.039
639.64642 1849.19
639.97791 1791.26
640.31262 1161.37
646.33160 3342.26
647.33954 789.019
669.27612 608.391
673.33496 815.979
678.67261 4448.66
679.00513 6725.6
679.34216 3239.85
679.67328 1706.16
704.39642 968.532
707.28528 1052.86
723.85999 1189.91
724.36475 791.783
733.02643 1306.26
733.36322 7280.28
733.69244 915.338
734.02271 910.577
734.36560 2019.14
735.37616 3202.6
736.38580 1280.1
758.39624 805.615
758.71808 619.329
764.73541 651.27
767.37549 2443.28
767.87659 1971.14
768.37042 1357.62
776.04297 923.202
776.37506 1358.8
786.38708 802.607
801.88324 2560.31
802.38947 2955.67
802.88867 1113.61
810.89166 4120.39
811.39044 3495.3
811.89246 1857.6
812.40314 1532.86
813.39850 1407.45
814.42920 689.046
817.47540 1239.56
819.39136 782.129
830.41754 90848.8
830.82147 900.112
831.41882 40803
832.41937 14420.4
833.41711 2849.34
834.42944 634.816
842.90869 660.675
846.42944 1155.83
846.92578 877.204
847.43280 856.869
848.46649 1221.82
849.47827 671.404
851.42426 6025.61
851.92169 6964.46
852.42499 3102.56
852.93268 1203.69
857.72522 825.413
860.42627 9850.47
860.92627 9263.95
861.42987 5283.85
861.93164 1841.72
868.18793 1447.11
868.43610 1098.85
875.04376 755.163
875.41565 774.638
877.70679 890.76
877.88922 731.078
881.42590 705.36
882.08087 676.109
886.42346 640.298
888.43085 807.172
888.67896 805.889
888.93213 906.263
889.17950 718.479
892.44269 2967.23
892.66254 2171.47
892.94049 4567.67
893.22449 1340.35
893.44122 4933.33
893.62634 761.847
893.89374 1381.86
894.09064 976.434
894.43713 3533.98
894.93500 4089.7
895.43719 3409.31
895.93823 1966.43
896.44391 872.369
903.45361 640.353
903.94385 4411.58
904.44293 4322.18
904.94012 1856.39
905.43683 788.68
911.46783 1138.83
912.45355 1371.33
912.94879 1381.64
913.45935 1081.56
919.49933 811.885
929.48560 6607.73
930.48950 3093.55
931.49365 1225.94
944.96246 651.106
950.02405 910.655
950.53833 975.383
951.03955 659.182
953.97363 2085.75
954.47595 2032.29
958.96387 9569.7
959.46545 10246.3
959.96442 6377.8
960.46643 2517.06
967.50812 1057.23
967.97015 22010.3
968.47089 23726.2
968.97095 13467.2
969.46954 4779.54
969.97430 1003.09
1000.52344 2624.27
1001.53369 1525.67
1003.50665 3006.19
1004.01093 3217.28
1004.50983 2513.9
1005.00458 778.668
1008.50531 1626.17
1008.99506 4160.05
1009.49579 2960.4
1009.99023 1865.88
1017.50348 37732.9
1018.00372 43025.4
1018.50458 27393.6
1019.00739 12017.3
1019.50958 3120.67
1032.03308 746.806
1041.52417 914.644
1042.20532 833.128
1074.53113 765.948
1075.18140 911.431
1084.63977 1488.06
1085.04614 1348.27
1085.50586 1257.06
1086.04065 1079.45
1086.51794 766.528
1090.53174 1372
1091.02063 981.23
1091.53577 726.847
1099.03687 10070.9
1099.53650 15029.5
1100.03857 9068.42
1100.53418 3980.08
1101.03564 1284.3
1111.55396 1315.46
1111.88538 645.376
1115.55298 2747.85
1116.56030 2275.59
1117.54565 1190.99
1154.54675 676.423
1155.04492 688.926
1162.60181 766.962
1163.55933 4684.56
1164.05737 7440.78
1164.55615 4962.39
1165.05554 1750.71
1165.56885 716.482
1228.07959 1617.15
1228.57190 1936.41
1229.08643 1632.84
1229.57861 912.061
1242.55237 950.228
1243.04285 752.725
1244.58838 1992.29
1245.59680 1222.07
1277.07751 839.316
1277.58740 855.514
1278.08948 698.26
1285.59204 5354.78
1286.09460 7750.07
1286.59387 5266.15
1287.09338 3390.14
1287.58948 667.721
1299.62695 1144.85
1300.65845 1031.06
1307.11768 767.658
1307.62305 1401.87
1308.10303 763.199
1308.60400 745.442
1312.12817 900.95
1312.60266 2005.78
1313.10059 1825.53
1313.59595 986.11
1314.09802 725.869
1321.10974 9752.16
1321.61047 16081.4
1322.11230 12478.1
1322.61475 7304.62
1323.10779 2475.47
1323.61328 663.074
1356.62646 827.739
1357.13867 1576.61
1357.64465 1437.41
1358.14941 728.528
1361.61353 708.158
1362.12781 1131.95
1362.63416 1300.92
1363.13464 758.491
1370.64697 5603.49
1371.14380 8587
1371.64612 8042.24
1372.14758 4405.2
1372.64941 1640.26
1373.13660 744.897
1373.62439 1149.58
1374.64282 923.328
1446.72424 700.592
