2250.01626 4
110.07089 1394.98
116.01631 1819.04
120.08046 45120.2
121.08382 3916.51
129.10207 4419.78
133.04269 10255
133.08580 710.586
136.07547 1532.03
141.10214 1164.93
157.09726 545.955
159.09180 1312.84
169.09676 1227.98
175.11850 4341.75
177.11185 787.221
185.09224 755.141
186.12329 4968.5
202.11815 746.093
207.11263 665.904
217.13451 596.704
233.16444 1553.42
236.10222 1566.04
245.12692 849.13
246.12756 1333.64
252.12285 24140.7
252.62437 6160.22
253.12241 1012.16
254.11261 1524.24
274.12048 647.622
275.11749 696.953
297.15613 1213.49
315.16425 1474.56
317.12418 618.338
318.12241 2459.6
325.65659 3644.92
326.15891 2073.02
327.11197 1854.58
329.12625 1063.63
335.14923 2100.93
343.19327 745.61
345.12170 2221.95
346.15271 680.385
357.17722 934.96
359.17218 706.818
362.15063 725.376
368.18890 628.376
386.20230 5684.69
387.20569 783.7
389.16003 825.425
394.21881 636.907
400.15744 668.223
402.20972 584.471
406.18579 7837.23
407.18924 1433.38
412.22964 1555.88
426.24213 586.627
427.87109 1677
428.20145 2054.07
428.53189 1166.12
430.21338 756.358
437.20221 3413.37
437.53677 2031
437.87085 1133.69
441.21786 593.815
442.87863 1540.18
443.21027 2271.65
458.20670 1007.49
460.20886 2707.22
460.54428 2019.49
460.87735 723.387
485.22720 818.608
486.21228 6046.73
487.21262 1281.63
496.22726 646.75
503.23834 121598
504.24115 28773.3
505.23862 7793.99
505.75894 824.108
506.24292 1173.19
514.19739 607.926
530.91852 604.706
547.33392 1283.63
554.75061 2176.27
555.25262 1365.27
562.29773 922.406
562.81738 676.06
563.04987 973.985
563.24878 2240.48
563.33563 1336.32
563.75610 1441.6
563.96771 650.396
564.24048 1972.65
564.31659 1497.88
572.26245 18723.2
572.76495 13018.1
573.26599 4160.38
573.76727 1050.49
612.27301 665.774
620.78992 3625.45
621.29041 2187.73
621.78778 632.784
633.27802 842.192
643.30444 940.549
644.29425 670.244
646.79016 729.77
650.30585 20379.6
651.30945 8010.43
652.31140 2254.12
652.78589 774.303
655.30011 14157
655.80084 10775.5
656.30261 4817.18
656.80060 1050.98
663.81305 2527.09
664.30652 11609.1
664.80811 7632.57
665.30878 3176.79
665.80920 671.191
672.81897 4727.91
673.31873 3342.94
673.82245 743.624
689.81122 6146.96
690.31042 5367.89
690.81128 2903.2
691.31158 712.308
698.81677 12238.9
699.31757 11003.6
699.81732 5169.99
700.31726 1625.02
708.80231 1754.6
709.30365 740.521
713.31787 803.457
720.38184 962.765
721.30981 1595.46
721.81750 1281.29
722.31689 1064.15
726.80182 1771.32
727.31305 1135.41
730.32153 6120.66
730.82275 3879.02
731.32446 1699.94
735.31555 5976.8
735.81335 7980.18
736.31488 5225.91
736.81415 1722.82
737.32117 1022.42
741.36902 811.071
744.32092 25943
744.82141 22255.1
745.32141 10879.6
745.82281 3427.01
746.33862 661.552
755.35883 3884.26
755.85925 2993.03
756.36389 1799.67
758.32495 7413.23
759.32874 2921.07
760.33417 763.082
761.40039 1187.91
763.39081 5377.34
764.39508 2412.2
765.32715 1033.34
765.84613 900.579
778.35236 753.328
786.86371 5471.44
787.36548 5099.48
787.86719 2787.62
788.36859 1005.7
791.85779 1708.86
792.35199 2025.66
792.85577 2287.75
793.36945 1333.44
800.86243 14366.8
801.36340 14261.7
801.86292 7592.59
802.36682 2695.8
829.35999 2548.48
830.36493 984.63
843.38855 749.648
874.38373 702.762
874.89728 1596.94
875.40247 720.143
881.42560 1243.41
923.42847 944.357
924.39594 1117.23
925.40430 920.738
941.40149 907.349
942.40369 1377.32
943.40759 974.24
958.40118 2000.57
959.41492 855.279
995.42480 604.642
1011.42969 1310.25
1012.44342 711.826
1013.44940 989.445
1028.48438 1108.24
1029.49951 1168.97
1074.43909 1063.61
1102.43457 1318.64
1103.43616 899.689
1124.48352 1003.05
1125.50208 1920.5
1126.49866 1269.81
1143.51672 9672.85
1144.52271 6363.76
1145.52698 1673.67
1215.52661 1342.2
1216.51758 1132.05
1302.51416 632.346
1309.60754 815.651
1327.59875 1065.06
1328.61975 716.259
1487.63770 669.303
