1866.96952 3
110.07124 2688.67
116.07046 608.558
120.08075 4131.68
121.08385 274.413
127.08664 247.59
129.10229 6008.18
130.04987 275.497
130.06496 333.758
130.08618 1231.84
130.10506 423.063
133.04291 1413.1
136.06235 277.32
136.07570 3150.88
141.10219 467.602
143.08144 461.217
143.11794 2371.31
147.11281 2784.66
148.11604 245.87
155.08189 686.533
157.09726 1279.32
157.13344 2089.9
159.07610 333.61
159.09166 1351.55
161.09218 765.38
169.09729 517.008
171.07634 1423.84
171.11272 1378.99
173.12851 853.383
175.11890 2014.28
181.10695 251.316
183.11240 365.306
183.14909 583.538
185.09206 311.636
185.12846 1544.4
185.16486 1878.56
187.07210 741.391
187.10759 271.483
187.14409 619.3
189.08658 1085.13
197.12859 389.023
199.07121 658.011
199.10809 296.239
199.18076 489.983
201.12317 734.532
203.10345 269.439
204.08182 279.679
204.13364 278.056
207.11169 252.623
209.10327 1295.81
210.02469 341.893
211.14503 318.443
213.08711 386.863
213.15961 921.87
214.15369 419.303
215.04797 262.472
215.13905 640.151
217.08186 1101.15
221.12849 1848
223.15599 340.698
225.16014 348.955
226.11847 406.231
228.13348 786.113
229.11354 306.438
232.07484 2232.63
233.16615 264.281
240.13489 529.165
242.14854 489.331
243.13510 270.417
244.09286 606.778
246.12636 1575.86
247.12738 393.682
249.12273 660.779
251.15091 553.357
252.10951 474.503
254.14948 1558.94
256.09253 282.358
258.14474 1043.65
262.08545 349.345
265.11798 557.454
268.16556 516.33
270.18085 946.856
274.10364 1051.91
274.12091 1111.46
276.15482 1386.78
277.15475 300.411
280.10541 272.888
288.20108 289.05
290.07922 299.943
293.11288 615.342
299.20804 367.651
300.11743 531.001
300.15396 575.478
313.18906 312.367
315.16745 299.883
317.16403 297.488
322.18704 590.219
323.14697 655.126
331.14407 849.652
333.17685 7360.48
334.17923 1145.09
339.17157 419.949
339.19696 308.874
341.21793 812.799
343.16360 387.341
345.15906 3463.58
346.16199 599.536
350.14999 285.003
351.17654 3835.71
352.17816 677.437
353.22348 329.738
361.11774 616.948
367.23431 450.943
375.23419 534.32
381.24667 282.766
387.18430 390.551
390.70450 576.344
391.20703 295.437
394.21921 823.333
395.71133 1822.03
396.21155 464.586
396.70593 263.856
399.21494 299.4
402.18021 987.314
404.20587 271.299
404.70068 923.964
405.18903 622.779
408.18991 262.058
410.24460 407.912
414.14307 728.506
417.21512 316.042
418.13745 300.067
422.21463 6915.11
423.21689 1357.8
424.22482 328.727
428.25339 369.729
432.19107 372.481
433.20935 412.254
436.23285 937.875
438.23920 556.187
438.73822 352.6
440.21243 573.129
443.19879 265.526
446.26132 5728.03
447.24207 1439.36
447.74805 539.922
452.24283 428.58
456.25070 345.556
458.24265 306.04
460.18646 848.588
460.26413 350.358
461.24152 412.461
462.22748 324.597
463.23029 319.166
464.22565 457.544
467.25607 266.993
473.25082 361.507
475.75626 992.078
476.25986 458.666
479.23328 308.776
480.31876 363.297
480.74728 703.802
481.24658 620.087
489.75412 1582
490.25369 580.913
499.23346 586.401
501.25082 798.643
503.22842 352.812
504.27798 1449.76
507.30334 745.968
515.26904 334.16
516.78119 342.827
517.28912 360.659
518.27014 824.631
520.25031 289.654
521.77527 447.498
523.25836 316.325
525.29504 524.745
527.22809 584.886
528.25403 479.774
531.22516 1008.81
535.29889 7077.35
536.30304 1787.43
537.30603 364.63
539.29706 375.699
546.25555 611.846
553.29584 290.341
557.30707 275.987
569.24347 372.794
571.76978 377.783
573.81879 321.993
577.26880 283.888
582.23523 338.724
586.32697 371.576
588.28418 431.247
589.25897 371.212
590.25659 313.015
592.32849 737.334
593.32379 319.991
594.33594 748.154
595.28156 690.362
603.36450 282.685
604.32098 1251.98
605.31268 729.847
606.29102 10476.8
607.29431 3109.33
608.29169 764.773
609.29736 312.326
614.32886 643.605
614.82092 526.491
617.28583 365.077
617.36890 681.796
622.33240 5295.87
622.83026 921.817
623.33466 2927.06
623.82599 703.713
624.35223 857.762
629.27863 495.145
638.31842 454.641
638.82068 313.223
644.30505 468.549
652.30914 332.115
654.33966 613.6
654.84857 285.983
659.31616 314.779
661.34857 313.78
668.30969 425.95
677.32831 26140.2
678.33118 8803.92
679.33160 2891.78
679.80170 551.148
680.30847 601.553
687.31848 340.238
695.31488 502.371
704.39404 1413.33
705.31781 629.459
705.41724 548.115
708.36469 306.898
709.31982 976.223
710.32935 630.321
711.80365 651.347
716.32739 380.358
718.34094 334.255
723.40198 691.214
728.35590 310.424
731.34113 355.913
732.34473 362.514
733.36371 2089.08
734.36414 565.722
737.31104 418.09
744.34192 283.336
749.39276 346.726
751.37396 2586.55
752.37891 930.798
753.33862 1496.93
753.84027 1037.85
754.33167 441.272
755.35315 386.938
757.33569 292.411
762.42737 394.201
765.39093 817.372
766.40179 280.35
772.39948 378.418
773.35675 468.524
775.36481 1141.45
776.36877 282.077
777.34149 544.263
777.84644 497.311
780.40051 868.113
781.40308 528.105
782.35175 280.71
785.33960 1008.74
785.84204 843.508
786.32965 293.799
787.46918 459.812
790.41168 25069
791.41663 9701.68
792.41901 3170.44
793.41833 739.45
795.37512 294.5
796.35614 341.287
801.39844 332.487
802.87396 696.141
803.37415 581.688
803.86951 324.467
808.39355 12444.3
809.39728 5339.46
810.40051 1492.96
820.39087 426.393
822.39825 510.415
823.37781 442.815
830.41162 282.451
834.86914 472.525
851.46466 662.903
861.47308 439.15
862.45221 299.179
864.46173 311.472
865.41498 1743.6
866.41919 770.006
868.42908 1097.7
869.41168 304.361
874.43610 702.431
876.45892 390.599
879.42938 811.506
880.43927 313.75
889.48206 3152.95
890.49091 1152.25
891.39447 671.345
892.40228 340.746
893.48712 1664.74
894.49487 702.437
903.46069 562.566
904.46265 500.333
907.43372 401.9
921.47839 3368.51
922.48352 1823.3
923.48816 485.241
929.48315 399.976
931.49005 371.077
932.50342 615.06
933.48651 505.977
943.47546 328.9
946.50134 9423.75
947.50488 4552.01
948.50854 1538.12
949.52167 380.5
950.50635 1006.81
951.51324 357.153
957.56665 513.637
960.49255 1430.61
961.48431 1547.11
962.47351 662.103
964.48352 523.23
978.49976 15483.3
979.50140 7660.52
980.50580 2184.08
981.50934 698.287
997.46252 600.362
998.46857 387.526
1004.48859 633.69
1005.49951 366.722
1031.57495 317.649
1033.53711 318.007
1049.57739 908.531
1050.57800 585.566
1059.57397 656.675
1060.55945 660.851
1061.56287 355.634
1077.56885 3789.34
1078.56873 2272.14
1079.57959 706.102
1139.58069 419.919
1210.60522 348.741
