1446.75823 2
110.07097 3054.18
112.08668 967.364
113.07033 342.041
115.05009 358.992
115.08616 565.017
120.08037 4139.62
121.08324 391.476
129.06596 377.551
129.10185 7847.33
130.06429 354.448
130.08577 1281.43
130.10513 430.136
131.08136 454.02
133.04243 417.934
133.08629 470.291
136.07530 4141.36
141.06529 603.864
143.11739 1338.17
144.07677 509.735
147.11249 2039.95
155.11703 389.991
157.06018 1814.02
157.10529 548.227
158.09193 1874.77
159.07573 1148.88
159.09079 1309.27
169.09697 513.061
171.11244 3393.35
173.12787 648.563
175.07089 2189.46
175.11842 8831.33
176.12236 473.901
183.11206 1221.24
183.14859 561.778
185.05536 371.379
185.09248 370.894
185.12672 426.351
185.16443 2449.42
187.07080 5382.96
187.10728 741.4
189.06935 406.68
197.12852 526.957
199.10728 462.638
199.18004 1741.98
200.13898 454.178
201.12292 3968.86
203.06580 4659.88
210.02429 456.057
211.10677 777.279
213.15910 3498.49
214.11806 1073.8
215.11375 415.031
215.13779 839.908
216.09697 451.709
216.13297 751.194
217.08273 535.531
225.09953 499.001
226.11896 753.171
226.15439 418.709
227.13911 499.07
227.17480 2683.41
228.13358 1103.54
229.11768 3916.75
233.09401 593.866
240.13275 800.351
241.08031 396.553
241.13063 498.882
242.07607 366.239
243.13138 674.671
244.12703 457
244.16518 769.304
245.07719 508.962
246.09039 904.172
255.13225 1001.5
257.11246 1709.54
258.10547 461.695
258.14063 1056.69
259.13943 5698.65
260.08688 574.697
260.14276 733.396
261.15765 446.883
262.13739 963.703
268.12759 802.018
269.16071 963.435
270.14389 1043.8
270.17923 394.248
271.12598 468.395
272.12323 375.04
272.15723 622.912
274.10187 518.312
276.13354 1238.84
276.16644 1864.77
282.14319 524.556
284.12329 775.325
286.13885 8382.68
287.08603 1532.55
287.14200 849.295
288.15546 640.391
298.13864 1546.48
300.15454 5525.14
301.15683 802.03
302.13547 764.99
314.09641 382.639
314.13278 716.223
316.14902 2776.13
326.24277 1616.26
327.17010 576.754
327.20047 777.443
327.24692 371.152
328.14828 645.121
329.12820 818.641
342.20193 1107.62
347.13672 1804.68
353.21484 572.074
354.19876 886.277
355.16168 1499.69
359.17599 386.613
370.19879 608.225
371.11789 1372.1
371.22754 1894.32
372.16837 621.113
373.17065 3422.43
374.17380 535.352
382.24475 706.184
389.12875 1997.52
390.18045 1357.85
391.19824 769.996
399.22229 4871.8
400.17218 524.994
400.22607 627.095
405.17581 962.447
407.20422 593.638
413.23856 488.151
415.18280 1205.32
425.20273 1135.72
427.21588 690.164
428.19235 507.041
429.19250 706.943
440.29105 419.297
441.23334 476.607
447.19876 1053.14
456.20886 1025.44
457.19049 504.279
458.23856 470.915
464.22672 3033.41
465.23117 569.368
466.18951 737.513
467.28476 499.876
470.18533 825.727
474.21954 1820.99
479.22842 487.745
484.20267 2260.85
484.31424 705.05
485.20432 491.182
486.20972 1117.79
488.19458 746.874
502.21307 4204.27
503.21252 625.44
504.22211 3401.34
505.22147 579.607
512.30652 1284.16
514.24384 413.285
521.24854 15790.9
522.25128 3207.48
523.25238 490.873
533.28503 430.017
555.27203 433.468
556.25983 863.187
565.25537 449.033
570.27582 752.098
573.28662 1076.48
583.26923 1370.98
601.28223 1693.01
602.29205 593.184
603.28979 1951.13
604.29028 476.088
620.31647 13411.9
621.32043 3126.25
622.31940 619.188
633.28418 503.732
698.36871 735.678
715.39307 535.06
716.37817 1376.04
717.37164 429.38
733.40051 17851.2
734.40271 5527.06
735.40503 1091.68
802.46411 415.402
828.47577 539.933
829.45966 938.948
846.48401 20905.2
847.48718 8792.37
848.48529 1894.05
875.43384 713.576
945.55255 12317.4
946.55719 5556.97
947.55591 1236.77
1074.59570 3560.86
1075.59778 1758.77
1113.59998 718.295
1114.60107 551.041
1131.61572 13211.1
1132.61719 7089.42
1133.62097 1785.22
1244.69653 601.339
